BlockUplift_2Ma_1kryTimeStep_2mmyr_k_1e-05_m_0.5_n_1.0_LinDiffusion_0.25_3x6km_30mRes_topographic__elevation.txt
nrows 200
cellsize 30.0
xllcorner 0.0
ncols 100
yllcorner 0.0
[rows 17 to 33 of 200, columns 0 to 36 of 100]
3.929906607532629258e-05 2.719706308264886502e+03 2.718589363293624046e+03 2.716202467428194268e+03 2.712285851352693953e+03 2.706559490731180631e+03 2.698822523438837834e+03 2.689020177636818516e+03 2.677248292765840688e+03 2.663707175637359796e+03 2.648643483711618501e+03 2.632310163694196490e+03 2.614949495836513051e+03 2.596789189117741898e+03 2.578041373821399702e+03 2.558900058657251066e+03 2.539536887805112201e+03 2.520096691588600152e+03 2.500694525470243661e+03 2.481415381590421930e+03 2.462316827332604134e+03 2.443433839867514962e+03 2.424784508897570049e+03 2.406375309734974508e+03 2.388205180816339180e+03 2.370268301810313460e+03 2.352555903343288264e+03 2.335057509747673066e+03 2.317761830334815841e+03 2.300657296457890880e+03 2.283732167708025372e+03 2.266974234101993261e+03 2.250370282635944022e+03 2.233905408476320190e+03 2.217561935574539348e+03 2.201318549778171018e+03 2.185155555987430944e+03
7.787551324404251704e-05 2.702447105873479359e+03 2.701387251473309789e+03 2.699111029659160977e+03 2.695347741378976480e+03 2.689795862567294989e+03 2.682225005384685574e+03 2.672550920827078698e+03 2.660848048973458390e+03 2.647306066207924232e+03 2.632169001021937675e+03 2.615690705890602658e+03 2.598115018698403674e+03 2.579671361687931949e+03 2.560574849579234979e+03 2.541025408227006210e+03 2.521204815591762326e+03 2.501272436891542384e+03 2.481361025208609590e+03 2.461574059782117729e+03 2.441985698391985352e+03 2.422643561345901617e+03 2.403573612188965853e+03 2.384785826636601996e+03 2.366279384356650553e+03 2.348046648451804231e+03 2.330075846732663649e+03 2.312352789884268532e+03 2.294862025624013768e+03 2.277587646930083793e+03 2.260513769775033325e+03 2.243624632476331044e+03 2.226904313971081137e+03 2.210335985653634452e+03 2.193900306040110081e+03 2.177573163807752735e+03 2.161327729072628244e+03
5.866571410753084219e-04 2.684972953170962683e+03 2.683969435269304086e+03 2.681803675650969126e+03 2.678196433235944824e+03 2.672827382846413002e+03 2.665438413544934065e+03 2.655915988952383941e+03 2.644312138922986378e+03 2.630804756285197072e+03 2.615634671761522895e+03 2.599056640043404968e+03 2.581316093252527480e+03 2.562643560423694908e+03 2.543255281117850245e+03 2.523353700991192454e+03 2.503126120002350490e+03 2.482741619170737067e+03 2.462346994065208492e+03 2.442062848063628735e+03 2.421981202863770250e+03 2.402165652296837834e+03 2.382654251602315526e+03 2.363464405518197054e+03 2.344598469428693079e+03 2.326048833830812328e+03 2.307801788518700505e+03 2.289840097128045727e+03 2.272144619315592990e+03 2.254695378309328589e+03 2.237472302934948402e+03 2.220455688428539361e+03 2.203626322483879903e+03 2.186965068341609822e+03 2.170451314700257626e+03 2.154059919267019268e+03 2.137760207680337317e+03
2.836777571139514767e-04 2.667335534642834773e+03 2.666387359904894311e+03 2.664331364320319153e+03 2.660882134692924410e+03 2.655703204544349774e+03 2.648510461416777162e+03 2.639161143217323570e+03 2.627683727768554945e+03 2.614243107589385090e+03 2.599076387765613163e+03 2.582439384104492092e+03 2.564579531545216469e+03 2.545728618201653262e+03 2.526103397133314047e+03 2.505906969368310456e+03 2.485328793409013997e+03 2.464543124602281296e+03 2.443706070006672689e+03 2.422951780179599609e+03 2.402388817665789702e+03 2.382098008539275725e+03 2.362132764567975755e+03 2.342522042854548090e+03 2.323275207411600604e+03 2.304387534060783764e+03 2.285845167302462414e+03 2.267628857125113427e+03 2.249716421189745688e+03 2.232084271408446966e+03 2.214708407407698814e+03 2.197565128339163039e+03 2.180631514742500713e+03 2.163885468893559391e+03 2.147304610850857443e+03 2.130863147877756546e+03 2.114528764777206561e+03
3.050046558999352988e-05 2.649580438218690233e+03 2.648686399919781707e+03 2.646738995466238521e+03 2.643448947549536115e+03 2.638466283475037471e+03 2.631482635390088944e+03 2.622326087537141575e+03 2.611000346783558143e+03 2.597655940859579459e+03 2.582525598720466405e+03 2.565866335402610730e+03 2.547928117620708235e+03 2.528944496871871706e+03 2.509132880627369104e+03 2.488696404852522846e+03 2.467824848059040960e+03 2.446694339115530056e+03 2.425465847647705687e+03 2.404282445658608594e+03 2.383265749179679005e+03 2.362512537913887172e+03 2.342092822359813908e+03 2.322050305593133999e+03 2.302405382234516765e+03 2.283159944450774674e+03 2.264302767600218431e+03 2.245814324281874633e+03 2.227670385582496692e+03 2.209844368833504177e+03 2.192308776722035873e+03 2.175036146014238057e+03 2.157999770244430692e+03 2.141174136060077672e+03 2.124534420305556978e+03 2.108053864839152084e+03 2.091699711755356020e+03
9.127468955681127026e-04 2.631748095202299282e+03 2.630906860075465829e+03 2.629066442676328279e+03 2.625935777371207223e+03 2.621153936433543549e+03 2.614390227478800171e+03 2.605443980696179096e+03 2.594293090305612623e+03 2.581072215962995415e+03 2.566008724505939881e+03 2.549360682189554609e+03 2.531381020936117693e+03 2.512305673193083749e+03 2.492353211030272632e+03 2.471726950853842936e+03 2.450616396506899491e+03 2.429197762239864460e+03 2.407633658557807394e+03 2.386071736406485343e+03 2.364642156616486318e+03 2.343454262395762271e+03 2.322593430855898532e+03 2.302119333602213828e+03 2.282066511859079583e+03 2.262447387299305774e+03 2.243256988118004301e+03 2.224478197225500935e+03 2.206086412101305541e+03 2.188053005378800663e+03 2.170347562072321580e+03 2.152939254379735758e+03 2.135797789067233225e+03 2.118894122190333746e+03 2.102200520762202359e+03 2.085688754556100321e+03 2.069326047576373185e+03
8.292865108206092699e-04 2.613874177069111738e+03 2.613084431550943009e+03 2.611349127637097808e+03 2.608377053206495475e+03 2.603798647558321591e+03 2.597263060240475170e+03 2.588541869611311085e+03 2.577586641754403900e+03 2.564514721087707585e+03 2.549546718591309400e+03 2.532941065746818367e+03 2.514953741230429387e+03 2.495823599612158432e+03 2.475771037599904048e+03 2.455000089529872184e+03 2.433700159791341321e+03 2.412046991445193726e+03 2.390203104189625265e+03 2.368317591852547594e+03 2.346524932126864314e+03 2.324942647687183580e+03 2.303668193816307394e+03 2.282776024986963876e+03 2.262316027810592914e+03 2.242314185210103005e+03 2.222775575127848242e+03 2.203688996514338214e+03 2.185032065629304725e+03 2.166775713283842379e+03 2.148887504378973063e+03 2.131333781290807565e+03 2.114081016316870773e+03 2.097096775942024124e+03 2.080350222346795817e+03 2.063811164160748376e+03 2.047446643248051714e+03
1.345649772685641901e-04 2.595989535237919881e+03 2.595250122607182220e+03 2.593618024239298848e+03 2.590802990120817412e+03 2.586428767037646139e+03 2.580126621823005280e+03 2.571642004701658607e+03 2.560900378944491877e+03 2.548000689014548698e+03 2.533155187163084975e+03 2.516621413499871778e+03 2.498657916181532528e+03 2.479506708431938023e+03 2.459390639854723759e+03 2.438515169674102253e+03 2.417070170319532281e+03 2.395231114701774004e+03 2.373159908212265691e+03 2.351005410657792709e+03 2.328903368653031521e+03 2.306975375862339206e+03 2.285326710966252449e+03 2.264043426621673916e+03 2.243189614176681062e+03 2.222805988304760831e+03 2.202910617940211523e+03 2.183501892071698421e+03 2.164563028844590917e+03 2.146067008328026532e+03 2.127980902399503975e+03 2.110269062809650222e+03 2.092895206182340189e+03 2.075823782041095455e+03 2.059020844528166435e+03 2.042453838161956810e+03 2.026089080004956259e+03
5.810741496071486099e-04 2.578120063604779716e+03 2.577430028251201293e+03 2.575899362985739117e+03 2.573239433618528437e+03 2.569068807229951744e+03 2.563003032115110273e+03 2.554763399936681708e+03 2.544250135633994887e+03 2.531543262874788070e+03 2.516845246580108778e+03 2.500411200266295054e+03 2.482501230095712344e+03 2.463360250069871199e+03 2.443213926909335896e+03 2.422269829901060803e+03 2.400719029286416571e+03 2.378737307151565801e+03 2.356486168608810203e+03 2.334113741449451481e+03 2.311755416443138074e+03 2.289533899541075243e+03 2.267558306742173500e+03 2.245922165927035621e+03 2.224700692729437378e+03 2.203948235764777564e+03 2.183696992920759385e+03 2.163957788753190925e+03 2.144722989177188083e+03 2.125970879288557626e+03 2.107670423673454025e+03 2.089785431228686775e+03 2.072277637196531941e+03 2.055108772063203105e+03 2.038241899892823994e+03 2.021641820287163227e+03 2.005273461658003043e+03
7.582228846022284014e-04 2.560286809883812566e+03 2.559645314114936355e+03 2.558214435502762626e+03 2.555707579614067981e+03 2.551739336690881373e+03 2.545911433392313938e+03 2.537922905850057759e+03 2.527649836051635248e+03 2.515153279366089919e+03 2.500624971212139371e+03 2.484316275730583584e+03 2.466487651190380802e+03 2.447386184321665496e+03 2.427240254975388780e+03 2.406259963403237634e+03 2.384638273605311497e+03 2.362552003309097472e+03 2.340162833031395166e+03 2.317618375855978684e+03 2.295053188696029792e+03 2.272589515176951863e+03 2.250337439751030615e+03 2.228394103520793578e+03 2.206841856392747104e+03 2.185745704199358897e+03 2.165150916513021457e+03 2.145081855450540388e+03 2.125542780913684510e+03 2.106520697787659174e+03 2.087989589945209900e+03 2.069915003730982789e+03 2.052258062166687068e+03 2.034978478065011814e+03 2.018036600534122499e+03 2.001394459403507653e+03 1.985015024078265924e+03
2.731506685667756161e-04 2.542506433417418066e+03 2.541912587105356124e+03 2.540579787290678269e+03 2.538223935008788430e+03 2.534456770544629308e+03 2.528867837952981972e+03 2.521135437366430324e+03 2.511112326701648726e+03 2.498840640397797415e+03 2.484500941774952935e+03 2.468340133330224035e+03 2.450618140781686179e+03 2.431583347333357779e+03 2.411466275076387319e+03 2.390479498086772765e+03 2.368818294689124741e+03 2.346661199250130267e+03 2.324170777907964748e+03 2.301494692837830371e+03 2.278766882012684164e+03 2.256108665337876573e+03 2.233629570053982661e+03 2.211427571789667127e+03 2.189588417596838553e+03 2.168183913641598338e+03 2.147269527197935076e+03 2.126882139284650748e+03 2.107038967719872289e+03 2.087738382727310182e+03 2.068962671390246669e+03 2.050682118041600461e+03 2.032859415395080532e+03 2.015453555970308116e+03 1.998422791606465353e+03 1.981726491309135781e+03 1.965325309389194217e+03
4.212644242509694490e-04 2.524791943600688683e+03 2.524244637725795201e+03 2.523007897436068561e+03 2.520800780070534529e+03 2.517233450781318425e+03 2.511884806156938794e+03 2.504413484901006541e+03 2.494649138465930719e+03 2.482614670306650169e+03 2.468479217216297457e+03 2.452485163209179063e+03 2.434891724528441046e+03 2.415948039495255671e+03 2.395886029447979126e+03 2.374920199237342786e+03 2.353248078514434837e+03 2.331050322405588304e+03 2.308491042823231055e+03 2.285718640825659804e+03 2.262866983641149091e+03 2.240056676989482639e+03 2.217396244233807010e+03 2.194983018108754095e+03 2.172903454374001740e+03 2.151232547426601741e+03 2.130032238076545582e+03 2.109349153941850545e+03 2.089212489543321681e+03 2.069633005977715584e+03 2.050603840041245348e+03 2.032103172267487480e+03 2.014098150232393891e+03 1.996549145226228120e+03 1.979413546261431520e+03 1.962648579129064728e+03 1.946212529824000057e+03
7.072251649383355784e-04 2.507153585510711309e+03 2.506651420123729622e+03 2.505508249595106918e+03 2.503447160869558957e+03 2.500078251949168589e+03 2.494971387069912907e+03 2.487766375859713662e+03 2.478269427323275067e+03 2.466483309686837401e+03 2.452565228004422352e+03 2.436753289776774182e+03 2.419306520266032749e+03 2.400474951493526532e+03 2.380491450145175349e+03 2.359571711928840614e+03 2.337914970235038709e+03 2.315703933564013823e+03 2.293104651285471846e+03 2.270266903468136206e+03 2.247325154927926633e+03 2.224399828144403727e+03 2.201598645165426205e+03 2.179017862809664166e+03 2.156743215914053962e+03 2.134850288799614191e+03 2.113404008434334173e+03 2.092457156851091440e+03 2.072048233768288355e+03 2.052199447196110214e+03 2.032915772485036996e+03 2.014185739061297454e+03 1.995983992899881741e+03 1.978275071597150145e+03 1.961017534047652589e+03 1.944167628535412177e+03 1.927681671442671131e+03
4.178817247159317895e-04 2.489599682985194704e+03 2.489141029413980959e+03 2.488088499962472724e+03 2.486170145254830913e+03 2.482997630508593375e+03 2.478133569182881274e+03 2.471199864060943128e+03 2.461978794714842934e+03 2.450451648373405078e+03 2.436762663844847793e+03 2.421145659449767663e+03 2.403860235866207404e+03 2.385158088926756591e+03 2.365273206859870697e+03 2.344422003600119751e+03 2.322804677407527379e+03 2.300605458958034887e+03 2.277992276152854629e+03 2.255116671603581381e+03 2.232114328469482189e+03 2.209106132336562496e+03 2.186199516681678233e+03 2.163489857044551627e+03 2.141061747328045840e+03 2.118989979636651242e+03 2.097339958638133794e+03 2.076167257508468538e+03 2.055516220011718815e+03 2.035417929666446980e+03 2.015888294329907012e+03 1.996927148061309708e+03 1.978519002781259587e+03 1.960635506432908187e+03 1.943239093912498220e+03 1.926286998549840291e+03 1.909734624385320330e+03
7.341330560963944428e-04 2.472137225541909174e+03 2.471720388043455387e+03 2.470755342865132206e+03 2.468975879308165077e+03 2.465996748220464269e+03 2.461375186238774404e+03 2.454716462143883291e+03 2.445778822232648508e+03 2.434520767173694367e+03 2.421072080565963915e+03 2.405661609974241856e+03 2.388549907012269614e+03 2.369991273969846588e+03 2.350221599702866115e+03 2.329458166306503699e+03 2.307901670401563024e+03 2.285737159358824101e+03 2.263133940389402596e+03 2.240245272126855980e+03 2.217208431499643211e+03 2.194145367975420868e+03 2.171163850144969274e+03 2.148358866129414764e+03 2.125814055084000756e+03 2.103603009636925890e+03 2.081790277353426063e+03 2.060431803527516877e+03 2.039574535857849241e+03 2.019255101961604851e+03 1.999497870046531716e+03 1.980313111621676853e+03 1.961696131883081534e+03 1.943627981633880836e+03 1.926077828441094880e+03 1.909006510681299687e+03 1.892370360207910380e+03
8.924788801625239618e-04 2.454772094952888438e+03 2.454395482356078446e+03 2.453514812368262483e+03 2.451870064996334349e+03 2.449080234693371494e+03 2.444698949397641172e+03 2.438316506786498849e+03 2.429667766558829953e+03 2.418687725980392770e+03 2.405490172619236091e+03 2.390297613743445709e+03 2.373371083911728419e+03 2.354967989542829400e+03 2.335327083012668027e+03 2.314667282081999929e+03 2.293189939570882871e+03 2.271080487742359765e+03 2.248508951052345310e+03 2.225629836524417442e+03 2.202581977964015095e+03 2.179488753954940876e+03 2.156458847850156872e+03 2.133587460757145436e+03 2.110957751740512322e+03 2.088642291629834290e+03 2.066704376484708064e+03 2.045199036202882780e+03 2.024173492185036594e+03 2.003666797730583539e+03 1.983708577716015952e+03 1.964317166577552371e+03 1.945497834919229035e+03 1.927241939740874386e+03 1.909527605714248011e+03 1.892322040051300519e+03 1.875584981775306687e+03
6.315949542448928450e-05 2.437509034353817242e+03 2.437171252770899628e+03 2.436372090855858460e+03 2.434857821437345592e+03 2.432252362156847539e+03 2.428107186176439427e+03 2.421999484454729100e+03 2.413642138909727691e+03 2.402946828853571333e+03 2.390010253660299441e+03 2.375046910242705962e+03 2.358317006489921823e+03 2.340080693680995410e+03 2.320580156021375387e+03 2.300036934865912826e+03 2.278653815962218687e+03 2.256616793267502999e+03 2.234096210433683609e+03 2.211247197966846670e+03 2.188209704269399481e+03 2.165108505548002540e+03 2.142053552725644295e+03 2.119140817513807633e+03 2.096453555834770668e+03 2.074063772387464724e+03 2.052033681323998735e+03 2.030417015994884196e+03 2.009260031194049816e+03 1.988601963392850621e+03 1.968474695106492618e+03 1.948901544554438715e+03 1.929895468024823685e+03 1.911457339720268692e+03 1.893575123260679447e+03 1.876224546865841148e+03 1.859371383673278842e+03
