BlockUplift_7Myr_200yrTimeStep_halfmmyr_to_mmyrk_1e-05_m_0.5_n_1.0_LinDiffusion_0.05_15x7km_30mRes0.txt
nrows 250
cellsize 30.0
xllcorner 0.0
ncols 500
yllcorner 0.0
[rows 170 to 186 of 250, columns 37 to 73 of 500]
1.003555586718189174e-01 1.007549760696335728e-01 1.005823209075346614e-01 1.008293579676638324e-01 1.004004056655140309e-01 1.000276505792369042e-01 1.000524031780039153e-01 1.000417872475882486e-01 1.003046829491844871e-01 1.007903213311915763e-01 1.005121276719646989e-01 1.000890893042281210e-01 1.007508068568494786e-01 1.009153535812949698e-01 1.002789905682436172e-01 1.006293874566917823e-01 1.009180474107800041e-01 1.006110925635483183e-01 1.002688609347828774e-01 1.001357355710080360e-01 1.000664093865561710e-01 1.003321756957248068e-01 1.007807200238083900e-01 1.004871400025673100e-01 1.005971325924722576e-01 1.008286072217804558e-01 1.004731092574090018e-01 1.003867601632823098e-01 1.005789567816153390e-01 1.004804326412858245e-01 1.001986622832687912e-01 1.007812112905818042e-01 1.000962805408900924e-01 1.006485333435001156e-01 1.005500292232806014e-01 1.001526547486123186e-01 1.004931233326830098e-01
1.008191301528959805e-01 1.005778266444906227e-01 1.004042543417359851e-01 1.001918967634033708e-01 1.008933335921486374e-01 1.000943767493183284e-01 1.004714850980278629e-01 1.007020694752357309e-01 1.000691285631999106e-01 1.006471811033348152e-01 1.000852688215257413e-01 1.006852969224500266e-01 1.004158681402726599e-01 1.005725490100049524e-01 1.009513903561084641e-01 1.001476288155252470e-01 1.004628148821944955e-01 1.009806886442531915e-01 1.006527484587147053e-01 1.007875960987719560e-01 1.001723364255118764e-01 1.003229044770699852e-01 1.009435290386409417e-01 1.009585600694001273e-01 1.009026152529558934e-01 1.005511788283782321e-01 1.009708014228202499e-01 1.009025039237253507e-01 1.002686711172657563e-01 1.008549668391441612e-01 1.004935952249855213e-01 1.006310060374606963e-01 1.004910027986292698e-01 1.001327495522838645e-01 1.009638395350518081e-01 1.008665727185573263e-01 1.002052125851681796e-01
1.007513305252205477e-01 1.004435432846967624e-01 1.000810968944420426e-01 1.004215772017786612e-01 1.009108089775020978e-01 1.006608254620097037e-01 1.007870781270452237e-01 1.009018251490246959e-01 1.000908134399489946e-01 1.008057923808819561e-01 1.006081963091032816e-01 1.005995448897122474e-01 1.001500123295547828e-01 1.000698398306739401e-01 1.003189956910597314e-01 1.006076046104320554e-01 1.002426149234794256e-01 1.008835547818431877e-01 1.006423258385081704e-01 1.006205360019286760e-01 1.001938709685386703e-01 1.008956838282952656e-01 1.009446790230939112e-01 1.001241727695836858e-01 1.006298258100522675e-01 1.001413138616330245e-01 1.001674425607143454e-01 1.002367637278563928e-01 1.005106106103034191e-01 1.009554813664193529e-01 1.006563564166846891e-01 1.002337071018416792e-01 1.007505721743752747e-01 1.007777650798450803e-01 1.002500262581781931e-01 1.005689884496956538e-01 1.006130355683593075e-01
1.008986370635953783e-01 1.003924357905994630e-01 1.002009960916074305e-01 1.001791759491516415e-01 1.001668704494887568e-01 1.000895975042372377e-01 1.008806676566971483e-01 1.004410876998307889e-01 1.004356148804112087e-01 1.005018645168987146e-01 1.007442813260715081e-01 1.003806653070345861e-01 1.006669072305383522e-01 1.001819230797945798e-01 1.002628776352028211e-01 1.004332103640872276e-01 1.008198825744903993e-01 1.005860829797369099e-01 1.004404876202958513e-01 1.008801354215082685e-01 1.001078581739585360e-01 1.003516555831096835e-01 1.005238045845930628e-01 1.003725820800254048e-01 1.003042187926308226e-01 1.005424075548101009e-01 1.004844349340082710e-01 1.004597421731513313e-01 1.002192792523492609e-01 1.001973849871685418e-01 1.002266115519508671e-01 1.001642970729867271e-01 1.002070313120715372e-01 1.006822849816327164e-01 1.004827826117839912e-01 1.006613855810733482e-01 1.001118834091302839e-01
1.008046226914983134e-01 1.006879374168501706e-01 1.005142340881983870e-01 1.002087389727638195e-01 1.005680702205981186e-01 1.004671767901006291e-01 1.004114865439258708e-01 1.001739990558296600e-01 1.000908806053689148e-01 1.002233070560483857e-01 1.008889069215887363e-01 1.005059270109564945e-01 1.007414157395594978e-01 1.000740901543046707e-01 1.000439451069217445e-01 1.000985955475652139e-01 1.007116421765951592e-01 1.002596383760483295e-01 1.002171960044243582e-01 1.004696905793933392e-01 1.008669533377540284e-01 1.003825160906327979e-01 1.009665332244229219e-01 1.003596828334016033e-01 1.005182460231575092e-01 1.006888303364981141e-01 1.003299586591357428e-01 1.001636809984575716e-01 1.005755780725012399e-01 1.002220657467363107e-01 1.003816022059375729e-01 1.001041650601911803e-01 1.008001900187662919e-01 1.002172765101719404e-01 1.000223760513136301e-01 1.000822290241868140e-01 1.001687453516648535e-01
1.005767879453572100e-01 1.007313103843426594e-01 1.000930082395802972e-01 1.005038998136251333e-01 1.001066372182852215e-01 1.007199266008301369e-01 1.000768612259058526e-01 1.008418125857308140e-01 1.009626682437152478e-01 1.000462467894912416e-01 1.005502811012098513e-01 1.009424248848773964e-01 1.004570506558539467e-01 1.004673416210039999e-01 1.006189040722520189e-01 1.002254288607465488e-01 1.008335365563633457e-01 1.002754470524375441e-01 1.003303164746033593e-01 1.007639466490709013e-01 1.009255761902705661e-01 1.009165547993901985e-01 1.005334288315641311e-01 1.004785408248266426e-01 1.007461289915330682e-01 1.006106125268754481e-01 1.006665834170958340e-01 1.000601301296063922e-01 1.004656745306685695e-01 1.008663496050307973e-01 1.004423065940037996e-01 1.002956669194627060e-01 1.009527127236502508e-01 1.008640998602735178e-01 1.004255609054343079e-01 1.001157080389843274e-01 1.002510129953005230e-01
1.002151910068832946e-01 1.006777674087297875e-01 1.000523107063366890e-01 1.000858066879524860e-01 1.003931490525754588e-01 1.007953884618332796e-01 1.004811318268616638e-01 1.001150025485734035e-01 1.002254765300874678e-01 1.005387814796844664e-01 1.004659250680873250e-01 1.002006673846672358e-01 1.000702254253545004e-01 1.003949701698609309e-01 1.001629492558395451e-01 1.000436775577213527e-01 1.004046338073285999e-01 1.009667259279277557e-01 1.005144430262957939e-01 1.007631614400700260e-01 1.004825494717823953e-01 1.009812134200335498e-01 1.005767348502223657e-01 1.003490888915447576e-01 1.000807472723404534e-01 1.005461413760408429e-01 1.009577703624650324e-01 1.006221214849232076e-01 1.007876285825479168e-01 1.004129323779318073e-01 1.007439142956350203e-01 1.006619594484809699e-01 1.003075290259517055e-01 1.005446635609092421e-01 1.008011611160050669e-01 1.003413830380280869e-01 1.007478628962158868e-01
1.002019862585766391e-01 1.006571505267869066e-01 1.007988914449754192e-01 1.006067047335182096e-01 1.005490685606473533e-01 1.009309455380927589e-01 1.003206101671661327e-01 1.003309723515802693e-01 1.003587353877836152e-01 1.001063112099606356e-01 1.002497184166065841e-01 1.003624343004619335e-01 1.004152734702544597e-01 1.006520404472279751e-01 1.008247758920070847e-01 1.006730434855820505e-01 1.003466897414565795e-01 1.005439997024536736e-01 1.002358931761888200e-01 1.005089428380271238e-01 1.007840428858636783e-01 1.006982370657536346e-01 1.002175369272747529e-01 1.004798175737090099e-01 1.006396009077666770e-01 1.006304937439127939e-01 1.001865549691232926e-01 1.003756831317402370e-01 1.000776271766666004e-01 1.009442805318562786e-01 1.009082327227965731e-01 1.008948888303568131e-01 1.003734202917420382e-01 1.009666930083223668e-01 1.003956375123973843e-01 1.008377434786882770e-01 1.006573964000993388e-01
1.001538491547836612e-01 1.006259088792350043e-01 1.009193506600939705e-01 1.001417273009628933e-01 1.004331599508684475e-01 1.006921468627252347e-01 1.006606073579486837e-01 1.006040345243344597e-01 1.004311039722918797e-01 1.003540052948674599e-01 1.000910623656638410e-01 1.002135099390051298e-01 1.001868497166932964e-01 1.005451459946463538e-01 1.001531711221652354e-01 1.008516477569749298e-01 1.009567666490202298e-01 1.009368847320151058e-01 1.007440466488217778e-01 1.005821213488678062e-01 1.002065634862487897e-01 1.009521514786026614e-01 1.005472704626338559e-01 1.001441135425903406e-01 1.004252011072638701e-01 1.007636023086442428e-01 1.000663445575586535e-01 1.006164581909818889e-01 1.001961423150054126e-01 1.006711161941827304e-01 1.007965630404640961e-01 1.004893562040944793e-01 1.005154203113557271e-01 1.002097121837838278e-01 1.004015334955107169e-01 1.009557288196251401e-01 1.007236876014089150e-01
1.006944097152408790e-01 1.006938485248471959e-01 1.003829068092795124e-01 1.007822722623050032e-01 1.007039293032150062e-01 1.007754591421949897e-01 1.001141223240845507e-01 1.006207370258983685e-01 1.008053070362961573e-01 1.008756972075545849e-01 1.003926909756059638e-01 1.001018477865887185e-01 1.004228089603402402e-01 1.005071661813448508e-01 1.001101259094614726e-01 1.007579011126882723e-01 1.006592405765982245e-01 1.005555800967212754e-01 1.004001838020057574e-01 1.006195175498801747e-01 1.000291472083014999e-01 1.003237822310972249e-01 1.006419388115634972e-01 1.002240650498630314e-01 1.004828680809487923e-01 1.005789909810117788e-01 1.008856858835373571e-01 1.004519078888433947e-01 1.002030042355798456e-01 1.008276962370568131e-01 1.003838889672145213e-01 1.000947602289601057e-01 1.005860925943293516e-01 1.006548557693115464e-01 1.007309284992225773e-01 1.000865881462550677e-01 1.005186353475501226e-01
1.005980620303726925e-01 1.008561317503659654e-01 1.005125940425354164e-01 1.000497759962763189e-01 1.004847395862596277e-01 1.000951988987899277e-01 1.006113718812958052e-01 1.002474782791474978e-01 1.002183679348510603e-01 1.004727208961081614e-01 1.002441348619775852e-01 1.007835283981563801e-01 1.008201893228802271e-01 1.001078118901510272e-01 1.007318075998530488e-01 1.000648877992078856e-01 1.003942672612881809e-01 1.000409371603188796e-01 1.000912689659472915e-01 1.003704961387455463e-01 1.002516858539618527e-01 1.000502932437738329e-01 1.000236282965635687e-01 1.005419031825983134e-01 1.007381179855522391e-01 1.001305688274358452e-01 1.005713164198321352e-01 1.009697539824012114e-01 1.004989295091880397e-01 1.004636415005470268e-01 1.000264173226516479e-01 1.008413257660072393e-01 1.004372150575797290e-01 1.004605413724293239e-01 1.006310990242721137e-01 1.000984198885844501e-01 1.001317995362200342e-01
1.007015045117436725e-01 1.008031966384344835e-01 1.007812306665864660e-01 1.005356428572971583e-01 1.002075167877390510e-01 1.004445668804152120e-01 1.004782193839497406e-01 1.005581624573411992e-01 1.008762237926817684e-01 1.002234292616690225e-01 1.009067972692984233e-01 1.008619220970268932e-01 1.006598096903459916e-01 1.007498000596773607e-01 1.008754998384185086e-01 1.005727174627772946e-01 1.000719172232357734e-01 1.002123124165100326e-01 1.001970912358406823e-01 1.006460580185908199e-01 1.001521271489508730e-01 1.001247871863315264e-01 1.003201901744086577e-01 1.008265933593655156e-01 1.008741190781815567e-01 1.007489149173957516e-01 1.007605606559489192e-01 1.007675499182247442e-01 1.007368288856967803e-01 1.002511212311955335e-01 1.003501269099214416e-01 1.000471250694231901e-01 1.002217867054669698e-01 1.005190698051981746e-01 1.004942320316092597e-01 1.009481641214213382e-01 1.003219332211507803e-01
1.009279932440816790e-01 1.004153534897701261e-01 1.006404089290419829e-01 1.004764058935787990e-01 1.000314015971402321e-01 1.004638295989366825e-01 1.007752732167525173e-01 1.006360446744355708e-01 1.005965568540278521e-01 1.006583214660569797e-01 1.007848931150290284e-01 1.007657123361475754e-01 1.000558875201533887e-01 1.000243276926396224e-01 1.007800844793417805e-01 1.008616491626071338e-01 1.008610663123887252e-01 1.004578744394444972e-01 1.006891169494434773e-01 1.002122634065710644e-01 1.003151983869405850e-01 1.006243829596308453e-01 1.006047985597739586e-01 1.007611488315922205e-01 1.001889218249992636e-01 1.002708962643939078e-01 1.001705422081983210e-01 1.000243080075062102e-01 1.002835880545180913e-01 1.002812189254724401e-01 1.001441150148530967e-01 1.004492251129635721e-01 1.002125632164987262e-01 1.005855036972280458e-01 1.002279528664913461e-01 1.007191402631334304e-01 1.001022219313737194e-01
1.009475230604171408e-01 1.006011161113534724e-01 1.004894003937313735e-01 1.006065567889218582e-01 1.004886114222181270e-01 1.001871241132134549e-01 1.004171815379949761e-01 1.001066266803741917e-01 1.007954704441641758e-01 1.004616608157118535e-01 1.007838258021609146e-01 1.004704932085456193e-01 1.007496878911484511e-01 1.001022025904452079e-01 1.008438202241967868e-01 1.003554592175768534e-01 1.006172865066870953e-01 1.004534356805332346e-01 1.007643543755221277e-01 1.007021862847448934e-01 1.001399998550410037e-01 1.008698703288269105e-01 1.003508268446818563e-01 1.009330748624447660e-01 1.004375614950830525e-01 1.002685570956210193e-01 1.004280953592186637e-01 1.002627390808805002e-01 1.007065198197869826e-01 1.008280051660965515e-01 1.000497228381086040e-01 1.000074946556357564e-01 1.000802239202195493e-01 1.002908515358273689e-01 1.006422106171456915e-01 1.000480602991805218e-01 1.003253165339171721e-01
1.003116865831012866e-01 1.000163363319558074e-01 1.001638218269832598e-01 1.006720913540124496e-01 1.006745281571740092e-01 1.001121253964664670e-01 1.002365429182843354e-01 1.002226796838006501e-01 1.006682110668369046e-01 1.008605563622787110e-01 1.003550632846683388e-01 1.003615755773361734e-01 1.005835971383870764e-01 1.000754703236569898e-01 1.009445911115231520e-01 1.003182872866887620e-01 1.008127127343452639e-01 1.005838628877532559e-01 1.005004282359070467e-01 1.005167202730833376e-01 1.000725846774446759e-01 1.009133059757103129e-01 1.008735347952386674e-01 1.005669076911044901e-01 1.006585637345111806e-01 1.001617220254506502e-01 1.002868680241810889e-01 1.002003224733944431e-01 1.006467307080170792e-01 1.003566917490811561e-01 1.004815177468964954e-01 1.000492509750326720e-01 1.005552309866910715e-01 1.006287846774247402e-01 1.005005115113689201e-01 1.008823453521339036e-01 1.008456152460438932e-01
1.005539892564788901e-01 1.002634579407509496e-01 1.005491180250689537e-01 1.007168802102363370e-01 1.004068513147781255e-01 1.008877834752403974e-01 1.009488986446867853e-01 1.004505095233816786e-01 1.000639602171291415e-01 1.006854727155052365e-01 1.000456081522513863e-01 1.003050314796354869e-01 1.006305713875203928e-01 1.001216061520303902e-01 1.007984150008701674e-01 1.007211456901714458e-01 1.008655006715413471e-01 1.007411883322725660e-01 1.003687564903397444e-01 1.003643622785433814e-01 1.003263361594739778e-01 1.002124619546527068e-01 1.007186591606443193e-01 1.008010259550087828e-01 1.007585814367219501e-01 1.007039957969397409e-01 1.005521022405189008e-01 1.005276951656609713e-01 1.001168361910869942e-01 1.002853300961174671e-01 1.007544255398073046e-01 1.002935638454832690e-01 1.003774098423818872e-01 1.004319061272935659e-01 1.004991086501439285e-01 1.002723812788044316e-01 1.007735702106486581e-01
1.006553125081221800e-01 1.002078959544424192e-01 1.006429202143873242e-01 1.007245670675719906e-01 1.008109272256953737e-01 1.000722071295015447e-01 1.009198834780302978e-01 1.001370577711081095e-01 1.005303168465924574e-01 1.004790577127103735e-01 1.003398342946058841e-01 1.003743349695893350e-01 1.003574121645780942e-01 1.004639614044316454e-01 1.002237658544186394e-01 1.007097369433676420e-01 1.001603624011027094e-01 1.002390157632032236e-01 1.001577822517556032e-01 1.004126267193774930e-01 1.009573313796313654e-01 1.005802435615673618e-01 1.009636558391417971e-01 1.004804404950428859e-01 1.008718490572883819e-01 1.002654755730062464e-01 1.004896940279038503e-01 1.008519107783700797e-01 1.000416599247052618e-01 1.001641919322435181e-01 1.005290796346079152e-01 1.001949885119565453e-01 1.000423253352033942e-01 1.002685087429263794e-01 1.005620984233467907e-01 1.004362966121906675e-01 1.007253015954291814e-01
