BlockUplift_2Ma_1kryTimeStep_2mmyr_k_1e-05_m_0.5_n_1.0_LinDiffusion_0.5_6x3km_30mRes_topographic__steepest_slope.txt
nrows 100
cellsize 30.0
xllcorner 0.0
ncols 200
yllcorner 0.0
[rows 0 to 16 of 100, columns 37 to 73 of 200]
0.000000000000000000e+00 0.000000000000000000e+00 0.000000000000000000e+00 0.000000000000000000e+00 0.000000000000000000e+00 0.000000000000000000e+00 0.000000000000000000e+00 0.000000000000000000e+00 0.000000000000000000e+00 0.000000000000000000e+00 0.000000000000000000e+00 0.000000000000000000e+00 0.000000000000000000e+00 0.000000000000000000e+00 0.000000000000000000e+00 0.000000000000000000e+00 0.000000000000000000e+00 0.000000000000000000e+00 0.000000000000000000e+00 0.000000000000000000e+00 0.000000000000000000e+00 0.000000000000000000e+00 0.000000000000000000e+00 0.000000000000000000e+00 0.000000000000000000e+00 0.000000000000000000e+00 0.000000000000000000e+00 0.000000000000000000e+00 0.000000000000000000e+00 0.000000000000000000e+00 0.000000000000000000e+00 0.000000000000000000e+00 0.000000000000000000e+00 0.000000000000000000e+00 0.000000000000000000e+00 0.000000000000000000e+00 0.000000000000000000e+00
1.105954727213429578e-01 1.105954726966198592e-01 1.105954726736248089e-01 1.105954726524032566e-01 1.105954726330764942e-01 1.105954726157506174e-01 1.105954726004862720e-01 1.105954725874047084e-01 1.105954725765210811e-01 1.105954725679566819e-01 1.105954725617266377e-01 1.105954725578916081e-01 1.105954725564818886e-01 1.105954725575884340e-01 1.105954725611809353e-01 1.105954725673200245e-01 1.105954725759602242e-01 1.105954725872228123e-01 1.105954726010168060e-01 1.105954726173422331e-01 1.105954726362597257e-01 1.105954726577086517e-01 1.105954726816738287e-01 1.105954727081401301e-01 1.105954727370923735e-01 1.105954727684699407e-01 1.105954728022576633e-01 1.105954728384555552e-01 1.105954728769575068e-01 1.105954729177938134e-01 1.105954729608887022e-01 1.105954730062118502e-01 1.105954730537329483e-01 1.105954731033762101e-01 1.105954731551719306e-01 1.105954732090291687e-01 1.105954732649176292e-01
2.195690241910142615e-01 2.195690241419621658e-01 2.195690240962752116e-01 2.195690240541807725e-01 2.195690240158758855e-01 2.195690239814969968e-01 2.195690239512714526e-01 2.195690239253053622e-01 2.195690239037655089e-01 2.195690238867882838e-01 2.195690238744797684e-01 2.195690238669158190e-01 2.195690238642327985e-01 2.195690238664762262e-01 2.195690238736915378e-01 2.195690238859090981e-01 2.195690239032349611e-01 2.195690239256236909e-01 2.195690239530601329e-01 2.195690239856351866e-01 2.195690240232276436e-01 2.195690240658829395e-01 2.195690241135404563e-01 2.195690241661547304e-01 2.195690242236651157e-01 2.195690242860564578e-01 2.195690243532226194e-01 2.195690244250878831e-01 2.195690245016370112e-01 2.195690245827184583e-01 2.195690246683019153e-01 2.195690247583115817e-01 2.195690248526413202e-01 2.195690249512305681e-01 2.195690250540186239e-01 2.195690251609145605e-01 2.195690252718729141e-01
3.254591834544195428e-01 3.254591833817509494e-01 3.254591833140996759e-01 3.254591832517689798e-01 3.254591831950316982e-01 3.254591831441909222e-01 3.254591830994740809e-01 3.254591830611237580e-01 3.254591830293217525e-01 3.254591830042954936e-01 3.254591829861965269e-01 3.254591829751765086e-01 3.254591829713414652e-01 3.254591829748126885e-01 3.254591829856811613e-01 3.254591830040226563e-01 3.254591830298674271e-01 3.254591830632307392e-01 3.254591831041428462e-01 3.254591831525734391e-01 3.254591832085376724e-01 3.254591832719446187e-01 3.254591833427639136e-01 3.254591834209349943e-01 3.254591835063820326e-01 3.254591835989988913e-01 3.254591836987098530e-01 3.254591838053784159e-01 3.254591839189288072e-01 3.254591840392246360e-01 3.254591841661598206e-01 3.254591842995978590e-01 3.254591844394629785e-01 3.254591845856339427e-01 3.254591847379439407e-01 3.254591848963476197e-01 3.254591850607084780e-01
4.270795129223794451e-01 4.270795128271098751e-01 4.270795127384038326e-01 4.270795126567312194e-01 4.270795125824254912e-01 4.270795125158807770e-01 4.270795124573699697e-01 4.270795124072416793e-01 4.270795123657838421e-01 4.270795123331784793e-01 4.270795123096832180e-01 4.270795122955102219e-01 4.270795122907960484e-01 4.270795122956769774e-01 4.270795123103046653e-01 4.270795123347094768e-01 4.270795123689670736e-01 4.270795124131078757e-01 4.270795124671621923e-01 4.270795125310996587e-01 4.270795126048597123e-01 4.270795126884422421e-01 4.270795127817261227e-01 4.270795128846354149e-01 4.270795129970793025e-01 4.270795131189061289e-01 4.270795132500097568e-01 4.270795133902690055e-01 4.270795135394716002e-01 4.270795136975114592e-01 4.270795138642370370e-01 4.270795140394663125e-01 4.270795142230478514e-01 4.270795144148450961e-01 4.270795146146914023e-01 4.270795148224351689e-01 4.270795150379551042e-01
5.235632484086181204e-01 5.235632482918997077e-01 5.235632481833515373e-01 5.235632480833828373e-01 5.235632479925395044e-01 5.235632479112003468e-01 5.235632478397899137e-01 5.235632477786718031e-01 5.235632477281797481e-01 5.235632476886318276e-01 5.235632476602707364e-01 5.235632476433541571e-01 5.235632476380639444e-01 5.235632476445819528e-01 5.235632476629992205e-01 5.235632476934672930e-01 5.235632477360316894e-01 5.235632477907378179e-01 5.235632478575704685e-01 5.235632479365146530e-01 5.235632480275398404e-01 5.235632481305553254e-01 5.235632482454851688e-01 5.235632483721777142e-01 5.235632485105118361e-01 5.235632486603510882e-01 5.235632488215136160e-01 5.235632489938325529e-01 5.235632491770805252e-01 5.235632493711516178e-01 5.235632495757575056e-01 5.235632497907620753e-01 5.235632500159075331e-01 5.235632502510270125e-01 5.235632504959387701e-01 5.235632507504760502e-01 5.235632510144568874e-01
6.143435547613838033e-01 6.143435546245806789e-01 6.143435544973726570e-01 6.143435543803661414e-01 6.143435542740613986e-01 6.143435541790041032e-01 6.143435540956336816e-01 6.143435540243900039e-01 6.143435539656820765e-01 6.143435539198435213e-01 6.143435538872078494e-01 6.143435538680023233e-01 6.143435538624999470e-01 6.143435538708824639e-01 6.143435538932863205e-01 6.143435539298479631e-01 6.143435539805978118e-01 6.143435540455963739e-01 6.143435541248739584e-01 6.143435542183397491e-01 6.143435543259935239e-01 6.143435544476839594e-01 6.143435545833199063e-01 6.143435547327650292e-01 6.143435548958374737e-01 6.143435550723400640e-01 6.143435552620909457e-01 6.143435554648476460e-01 6.143435556804131004e-01 6.143435559085295150e-01 6.143435561489696273e-01 6.143435564014604333e-01 6.143435566658050906e-01 6.143435569417305953e-01 6.143435572290399938e-01 6.143435575274907023e-01 6.143435578368856564e-01
6.990955326098021727e-01 6.990955324543393079e-01 6.990955323098659857e-01 6.990955321770646602e-01 6.990955320565263031e-01 6.990955319488268982e-01 6.990955318545426511e-01 6.990955317741281982e-01 6.990955317080078668e-01 6.990955316566214162e-01 6.990955316203174563e-01 6.990955315993839791e-01 6.990955315940785564e-01 6.990955316045983636e-01 6.990955316311555645e-01 6.990955316737957892e-01 6.990955317326552620e-01 6.990955318077642922e-01 6.990955318990775824e-01 6.990955320066102319e-01 6.990955321302256831e-01 6.990955322698331198e-01 6.990955324252657865e-01 6.990955325963871259e-01 6.990955327829548871e-01 6.990955329847565736e-01 6.990955332015498236e-01 6.990955334330768434e-01 6.990955336790799501e-01 6.990955339392560530e-01 6.990955342133474693e-01 6.990955345010206878e-01 6.990955348020482241e-01 6.990955351160967890e-01 6.990955354429388979e-01 6.990955357822713490e-01 6.990955361338819785e-01
7.776695985058268423e-01 7.776695983331137763e-01 7.776695981727395068e-01 7.776695980254165752e-01 7.776695978918723995e-01 7.776695977727133835e-01 7.776695976685459311e-01 7.776695975799005067e-01 7.776695975072925870e-01 7.776695974511312892e-01 7.776695974118107424e-01 7.776695973896797787e-01 7.776695973849958587e-01 7.776695973980015664e-01 7.776695974288486690e-01 7.776695974777187992e-01 7.776695975446272779e-01 7.776695976296044144e-01 7.776695977326805176e-01 7.776695978537494502e-01 7.776695979927353841e-01 7.776695981494715637e-01 7.776695983238065546e-01 7.776695985154977731e-01 7.776695987243480435e-01 7.776695989500694850e-01 7.776695991923739948e-01 7.776695994509584819e-01 7.776695997255501647e-01 7.776696000157546917e-01 7.776696003212539843e-01 7.776696006417599394e-01 7.776696009768784279e-01 7.776696013263517671e-01 7.776696016898010377e-01 7.776696020669533471e-01 7.776696024575054933e-01
8.500361037679340370e-01 8.500361035794564701e-01 8.500361034045756936e-01 8.500361032440953979e-01 8.500361030987581001e-01 8.500361029692764525e-01 8.500361028563171439e-01 8.500361027604412811e-01 8.500361026821944277e-01 8.500361026220616401e-01 8.500361025804219484e-01 8.500361025576542717e-01 8.500361025540618121e-01 8.500361025698869311e-01 8.500361026052966062e-01 8.500361026603968639e-01 8.500361027353240395e-01 8.500361028300631450e-01 8.500361029445684391e-01 8.500361030787492167e-01 8.500361032324993404e-01 8.500361034056368448e-01 8.500361035979646651e-01 8.500361038092251187e-01 8.500361040391302136e-01 8.500361042874222672e-01 8.500361045537222493e-01 8.500361048377119699e-01 8.500361051389669909e-01 8.500361054571839992e-01 8.500361057919386676e-01 8.500361061428672871e-01 8.500361065095755064e-01 8.500361068916845175e-01 8.500361072888609204e-01 8.500361077007255739e-01 8.500361081269602881e-01
9.162477406585821660e-01 9.162477404557194394e-01 9.162477402676814098e-01 9.162477400953169537e-01 9.162477399394447497e-01 9.162477398008377349e-01 9.162477396801023133e-01 9.162477395779963230e-01 9.162477394949898324e-01 9.162477394316435042e-01 9.162477393883818877e-01 9.162477393655686919e-01 9.162477393635375389e-01 9.162477393825156913e-01 9.162477394227305227e-01 9.162477394842577505e-01 9.162477395671885239e-01 9.162477396714924227e-01 9.162477397971239279e-01 9.162477399440225323e-01 9.162477401119910603e-01 9.162477403008476573e-01 9.162477405103345296e-01 9.162477407401486973e-01 9.162477409900172676e-01 9.162477412595156911e-01 9.162477415483408771e-01 9.162477418560380782e-01 9.162477421822434742e-01 9.162477425264569098e-01 9.162477428883296637e-01 9.162477432673464817e-01 9.162477436631434324e-01 9.162477440752657687e-01 9.162477445032588541e-01 9.162477449467890667e-01 9.162477454054472892e-01
9.764170223725311404e-01 9.764170221567080032e-01 9.764170219568465425e-01 9.764170217738713520e-01 9.764170216086616172e-01 9.764170214619752874e-01 9.764170213346309302e-01 9.764170212272044180e-01 9.764170211403324640e-01 9.764170210745760636e-01 9.764170210303594333e-01 9.764170210081223322e-01 9.764170210081223322e-01 9.764170210306777342e-01 9.764170210759099966e-01 9.764170211439856528e-01 9.764170212348896039e-01 9.764170213486674799e-01 9.764170214852583296e-01 9.764170216444654216e-01 9.764170218261369882e-01 9.764170220300305569e-01 9.764170222558580248e-01 9.764170225033164119e-01 9.764170227719659589e-01 9.764170230615036861e-01 9.764170233713987956e-01 9.764170237012876896e-01 9.764170240506397924e-01 9.764170244190305548e-01 9.764170248058993140e-01 9.764170252107912118e-01 9.764170256332211917e-01 9.764170260726889872e-01 9.764170265287702710e-01 9.764170270009647767e-01 9.764170274888935852e-01
1.030702976007069172e+00 1.030702975779634878e+00 1.030702975569253388e+00 1.030702975376910580e+00 1.030702975203500182e+00 1.030702975049916814e+00 1.030702974916857695e+00 1.030702974805080885e+00 1.030702974715253184e+00 1.030702974647829340e+00 1.030702974603385336e+00 1.030702974582239584e+00 1.030702974584801312e+00 1.030702974611237277e+00 1.030702974661774851e+00 1.030702974736520172e+00 1.030702974835518537e+00 1.030702974958709772e+00 1.030702975105956876e+00 1.030702975277184352e+00 1.030702975472074012e+00 1.030702975690413359e+00 1.030702975931838683e+00 1.030702976196001375e+00 1.030702976482462008e+00 1.030702976790780712e+00 1.030702977120472541e+00 1.030702977471006809e+00 1.030702977841883694e+00 1.030702978232542089e+00 1.030702978642451306e+00 1.030702979071050684e+00 1.030702979517779339e+00 1.030702979982137002e+00 1.030702980463562790e+00 1.030702980961571757e+00 1.030702981475709157e+00
1.079302156994420558e+00 1.079302156756618114e+00 1.079302156536929624e+00 1.079302156336370944e+00 1.079302156155911963e+00 1.079302155996401780e+00 1.079302155858704371e+00 1.079302155743516733e+00 1.079302155651460815e+00 1.079302155583172773e+00 1.079302155539107799e+00 1.079302155519674900e+00 1.079302155525207807e+00 1.079302155555978970e+00 1.079302155612109848e+00 1.079302155693706800e+00 1.079302155800784702e+00 1.079302155933282936e+00 1.079302156091095366e+00 1.079302156273964419e+00 1.079302156481692920e+00 1.079302156713917382e+00 1.079302156970258331e+00 1.079302157250306982e+00 1.079302157553608366e+00 1.079302157879586277e+00 1.079302158227771313e+00 1.079302158597571726e+00 1.079302158988411975e+00 1.079302159399639915e+00 1.079302159830679786e+00 1.079302160280925182e+00 1.079302160749754602e+00 1.079302161236576740e+00 1.079302161740800736e+00 1.079302162261880360e+00 1.079302162799270492e+00
1.122441311539296382e+00 1.122441311292383670e+00 1.122441311064585445e+00 1.122441310856917562e+00 1.122441310670456049e+00 1.122441310506049783e+00 1.122441310364608036e+00 1.122441310246828472e+00 1.122441310153438510e+00 1.122441310084953736e+00 1.122441310041904172e+00 1.122441310024760330e+00 1.122441310033749140e+00 1.122441310069158815e+00 1.122441310131171210e+00 1.122441310219801425e+00 1.122441310335064779e+00 1.122441310476870013e+00 1.122441310645020396e+00 1.122441310839334072e+00 1.122441311059461988e+00 1.122441311305055978e+00 1.122441311575691270e+00 1.122441311870867819e+00 1.122441312190054941e+00 1.122441312532737268e+00 1.122441312898248222e+00 1.122441313285980957e+00 1.122441313695268672e+00 1.122441314125474765e+00 1.122441314575886917e+00 1.122441315045853205e+00 1.122441315534676187e+00 1.122441316041689285e+00 1.122441316566285652e+00 1.122441317107829128e+00 1.122441317665743510e+00
1.160370735064528480e+00 1.160370734809597071e+00 1.160370734574720064e+00 1.160370734361049427e+00 1.160370734169555273e+00 1.160370734001238135e+00 1.160370733856916470e+00 1.160370733737393856e+00 1.160370733643367291e+00 1.160370733575412761e+00 1.160370733534045851e+00 1.160370733519630493e+00 1.160370733532545273e+00 1.160370733573002688e+00 1.160370733641108654e+00 1.160370733736954207e+00 1.160370733860478731e+00 1.160370734011545890e+00 1.160370734189988706e+00 1.160370734395473891e+00 1.160370734627698130e+00 1.160370734886221999e+00 1.160370735170545231e+00 1.160370735480152460e+00 1.160370735814467480e+00 1.160370736172823491e+00 1.160370736554583893e+00 1.160370736959036142e+00 1.160370737385437723e+00 1.160370737833075871e+00 1.160370738301222948e+00 1.160370738789060940e+00 1.160370739295922160e+00 1.160370739821064534e+00 1.160370740363744879e+00 1.160370740923326593e+00 1.160370741499142877e+00
1.193358195766950347e+00 1.193358195505091590e+00 1.193358195264181632e+00 1.193358195045433057e+00 1.193358194849846177e+00 1.193358194678451945e+00 1.193358194532114114e+00 1.193358194411606066e+00 1.193358194317640120e+00 1.193358194250837778e+00 1.193358194211668888e+00 1.193358194200573097e+00 1.193358194217838397e+00 1.193358194263661742e+00 1.193358194338194789e+00 1.193358194441422437e+00 1.193358194573299169e+00 1.193358194733643129e+00 1.193358194922226723e+00 1.193358195138731981e+00 1.193358195382719034e+00 1.193358195653748455e+00 1.193358195951289780e+00 1.193358196274690863e+00 1.193358196623375944e+00 1.193358196996572085e+00 1.193358197393581621e+00 1.193358197813631616e+00 1.193358198255918934e+00 1.193358198719624896e+00 1.193358199203930825e+00 1.193358199708063783e+00 1.193358200231144473e+00 1.193358200772415056e+00 1.193358201331102375e+00 1.193358201906433713e+00 1.193358202497711407e+00
