BlockTilt_5Ma_1mmyr_m1_n5_k1Minus5_5kyrTimeStep_wLinDiff_30mRes_30kmBy60km.txt
nrows 100
cellsize 30.0
xllcorner 0.0
ncols 200
yllcorner 0.0
[rows 34 to 50 of 100, columns 37 to 73 of 200]
4.201577550940353944e+02 3.200052432746356885e+02 3.095115170571354497e+02 2.094073997404517797e+02 2.054383864996592877e+02 2.762153848330771098e+02 3.763455364520427793e+02 3.342067008182453947e+02 2.341005862514232945e+02 2.788574783288784147e+02 3.366491283911384471e+02 4.368172604405103243e+02 4.499834553068886862e+02 3.498067996287018673e+02 3.851896032521775624e+02 2.850588358880288524e+02 3.851896032521775624e+02 4.092452895942208215e+02 3.090951461779777674e+02 3.384284440477899807e+02 2.943282153409063540e+02 1.942220699949920970e+02 2.943282153409063540e+02 3.166156198942887841e+02 3.335365509924002936e+02 3.509635248566220866e+02 3.396066565763049994e+02 3.588725174884625631e+02 3.698305856799531739e+02 4.134111789714999077e+02 4.842765265726508233e+02 5.421369205756944893e+02 5.682881450799105778e+02 5.010632531789311201e+02 4.010159801329517677e+02 3.302762189889517686e+02 3.637251922693903907e+02
4.289752622723078730e+02 3.487791023588928283e+02 2.486660105062268826e+02 2.994506649854236571e+02 1.993453130550370247e+02 2.929412509059170020e+02 3.344266738137274615e+02 3.211739947805780275e+02 2.210692265019555975e+02 3.211739947805780275e+02 3.877949937495823178e+02 4.378738333577014146e+02 4.574644054995752640e+02 3.572840195356337745e+02 2.864920539178598347e+02 2.600399384499165762e+02 3.601569114111403564e+02 4.212233022564586804e+02 3.384284440477899807e+02 2.383135113438535484e+02 2.849147615509242542e+02 1.902170796516267899e+02 2.032516055283006438e+02 2.165115979637097325e+02 2.334309726179204745e+02 2.508531817606844925e+02 2.688268928622892986e+02 2.880852244531391193e+02 3.148311843814328768e+02 3.425908030478140631e+02 4.004084789958943134e+02 5.006253203190559020e+02 5.513585790812762752e+02 4.513078348973878633e+02 3.935475262988259715e+02 4.303191479688961181e+02 4.051665382205163723e+02
3.288119536424131866e+02 2.934241681045417067e+02 3.487791023588926009e+02 2.810757456387964908e+02 2.929412509059170020e+02 1.928347961093084280e+02 2.864659000668648332e+02 3.084606764961557133e+02 2.083556969821899543e+02 2.461868560074199763e+02 2.962294850366077981e+02 3.963701555196395816e+02 4.504317013142836572e+02 4.089283224469850211e+02 3.365591145802231949e+02 2.364503888388308042e+02 3.365591145802231949e+02 3.744227372160909226e+02 2.795903263232876270e+02 2.795903263232876270e+02 1.848068829153479555e+02 2.849147615509242542e+02 3.033565187329550099e+02 3.166156198942887841e+02 2.489843503034062167e+02 3.490961847855345468e+02 3.689453263413529385e+02 3.882153846592597688e+02 3.458763699924151069e+02 4.427651000037524227e+02 4.059302732995269594e+02 5.061489676742693291e+02 5.928062986490449475e+02 5.350397927143777679e+02 4.416116478832966550e+02 4.001682494045972476e+02 3.788394827863620549e+02
4.289752622723071909e+02 3.935621848931692739e+02 4.227092538123130225e+02 3.812096801427083506e+02 3.344266738126212886e+02 2.864659000668648332e+02 1.863583006048528148e+02 2.800107004200721121e+02 1.964741733629154226e+02 2.965804011382861063e+02 3.877949937502866078e+02 4.378738333577255162e+02 4.089283224469850211e+02 3.087786129074555674e+02 3.179693908992015281e+02 2.178631828578531611e+02 3.179693908992015281e+02 2.742882932658104096e+02 2.742882932658104096e+02 1.794815392489394696e+02 2.795903263232876270e+02 2.256747123803086481e+02 3.257843499459917211e+02 3.905914367143196841e+02 3.490961845361493943e+02 2.855275556342523942e+02 3.433208863388780401e+02 4.434939912364583279e+02 3.959463431703159699e+02 4.875614170448149025e+02 4.767904288909837760e+02 5.476599769947354162e+02 5.113022422207001227e+02 4.698542591991579229e+02 4.001682494045981002e+02 3.001275006601133555e+02 2.788013104472101986e+02
4.147869264414471218e+02 3.858756774381224659e+02 3.591147551942707423e+02 3.398476225788983811e+02 3.212579922626435405e+02 3.056241857569319222e+02 2.800107004200721121e+02 1.799020118817767582e+02 2.800107004200721121e+02 3.333366918824263507e+02 3.333366918824263507e+02 4.334979137975101935e+02 4.089283224469850211e+02 3.087786129074555674e+02 2.379996299455807787e+02 2.001664610538182103e+02 3.002729462629743580e+02 2.690193682565716244e+02 1.741787176664309129e+02 2.742882932658104096e+02 3.210736645306876653e+02 3.257843499461150145e+02 2.728570897326274576e+02 3.729851882413247495e+02 4.158562356494391565e+02 3.157033922197491620e+02 4.158562356638576034e+02 4.850017666319830596e+02 4.667994663039486340e+02 5.376673782305382474e+02 5.770267501764215012e+02 4.905729820925635067e+02 4.198300694120698040e+02 3.698089402985190759e+02 3.344394764988817315e+02 4.001682494045977023e+02 3.788394827863494356e+02
3.146354220733614397e+02 2.857454750475118317e+02 2.589997954639962359e+02 2.397393978384403965e+02 2.211527856315901772e+02 2.055188452417657459e+02 1.904256971146911894e+02 1.756634520493444427e+02 2.700168779286361200e+02 2.332192753263822169e+02 3.333366918824263507e+02 3.875714805296706800e+02 4.394912905529997147e+02 3.424421463117491840e+02 2.423240559288211955e+02 1.845307796188853047e+02 2.637649454995668066e+02 1.689091688596964502e+02 2.690193682565716244e+02 2.449634334281338397e+02 3.450847113906874029e+02 4.144844976540498465e+02 3.436456933877653910e+02 3.436456933877653910e+02 4.438169946299638582e+02 3.865081271713736442e+02 3.735087497675896202e+02 4.313442316516724304e+02 5.315683718678149035e+02 6.085353408148976087e+02 6.321148465331434636e+02 5.613342613343234007e+02 5.113022421746504733e+02 4.344828653977136810e+02 3.752807253604057109e+02 4.444987514549628145e+02 3.444552746465270729e+02
4.039004926227381134e+02 3.037565343714024948e+02 3.591147551942692075e+02 2.683332302067847195e+02 3.212579922626434836e+02 3.056241857569319222e+02 2.905327380266255659e+02 2.700168779286361200e+02 1.699068614114138711e+02 2.643264183955414524e+02 2.459532226735025802e+02 3.460777643029028923e+02 3.393231250842499094e+02 3.839359798591480057e+02 3.261231540052595506e+02 2.637649454995668066e+02 1.636543182358335287e+02 2.637649454995668066e+02 3.105014800663831238e+02 3.450847113906874029e+02 3.865732773157459974e+02 4.057178634703180933e+02 4.438169946299628918e+02 4.438169946299638582e+02 4.853233019270602995e+02 4.867088372421934537e+02 4.737038207409258348e+02 5.152120300525808716e+02 5.730723196448864201e+02 6.639917914328987081e+02 6.224772223458833196e+02 6.224799595884674090e+02 5.759864460673757094e+02 5.167737424954282233e+02 4.253019429361012840e+02 4.859430881362591776e+02 4.022137229844576041e+02
3.745546767496338134e+02 3.538095522485267566e+02 4.038632426658493273e+02 3.037181417515976136e+02 4.038632426658796817e+02 3.856333475918447675e+02 2.854948572441375632e+02 2.277032539326230847e+02 2.643264183955414524e+02 1.642159144396279089e+02 2.586768541126575656e+02 3.001579716195574861e+02 2.685295839843954013e+02 3.523392350903548049e+02 3.517995695915789724e+02 2.601711834333081583e+02 1.600604130594305730e+02 2.601711834333081583e+02 2.851913249034685123e+02 3.010194990731251323e+02 3.174767926505119249e+02 3.055711027830207627e+02 3.763964955460857027e+02 4.014312311181361110e+02 4.316323388497241922e+02 4.650298096405062438e+02 5.065450670063179928e+02 5.566587958423565397e+02 6.469385428994120275e+02 6.224776263036471846e+02 5.221038494002850712e+02 5.221038579014254992e+02 5.930523579941580010e+02 5.668017245964670110e+02 4.960451017300699732e+02 5.437078055203814984e+02 5.022611745454826178e+02
4.747477004233442699e+02 4.116348012578503130e+02 4.453682646922668482e+02 3.615197382181007697e+02 4.453682650247465631e+02 4.271337716726110898e+02 3.693099270152019926e+02 3.278183632333659148e+02 2.459532226735025802e+02 2.586768541126575656e+02 1.585661095253419717e+02 2.530496332088037548e+02 2.107365377677436982e+02 3.108503964940474589e+02 2.516700967127022750e+02 2.516700967127022750e+02 1.564735376234550586e+02 1.706322795394355865e+02 1.850834432830208129e+02 2.009133450069527953e+02 2.173709938053345638e+02 2.347954332109719360e+02 3.349033452662866353e+02 3.012884590824253337e+02 3.314666205094741827e+02 3.648374540206816050e+02 4.149179279353839433e+02 5.151417921893797711e+02 5.465923028052125119e+02 5.465923044643453750e+02 5.515028488846936625e+02 4.511233449591446174e+02 5.515028488846936625e+02 6.114952571808873927e+02 5.961005856423640807e+02 5.619755276353201907e+02 4.619095332946041026e+02
5.533580437493296813e+02 5.118515189837722232e+02 5.032151917986838043e+02 4.617055454268411268e+02 5.009895424915063131e+02 4.301458584027270149e+02 3.886441986991313229e+02 3.875714805296369150e+02 3.460777643029028923e+02 3.001579716195574861e+02 2.237256259939300094e+02 1.529389074568625233e+02 2.474706789375397591e+02 2.882621930615793531e+02 2.467822841822995770e+02 1.515593910209354362e+02 2.516700967127022750e+02 2.707419957190697914e+02 2.259506888270265677e+02 3.010194990731251323e+02 2.881473371199103894e+02 3.349033452662865784e+02 2.620340683909474251e+02 3.120765611290686934e+02 3.828803314521539392e+02 4.650298096403620320e+02 5.065450666142737646e+02 5.566599873583079443e+02 5.465922853119665206e+02 4.462290849307732401e+02 4.831170351102858831e+02 4.194089173578879581e+02 4.695688746790730193e+02 5.405555972813135668e+02 6.409187462612121635e+02 6.034263376060339397e+02 5.456523434489463398e+02
4.736230496944149309e+02 4.631588717974887004e+02 4.216502228235116831e+02 4.169451006670056472e+02 4.020150193381628014e+02 3.593021347010230215e+02 2.885051430019185545e+02 3.253106989878111790e+02 3.668022132143503313e+02 3.653347259727495953e+02 2.945301759833396886e+02 2.474706789375397591e+02 1.473602277102221478e+02 2.419089855773899274e+02 1.466718722776442689e+02 2.467822841822995770e+02 2.223461395113433241e+02 3.224643918906712656e+02 2.837389778387816364e+02 3.260613182037951674e+02 3.882843619695080974e+02 4.000019886187577640e+02 2.998603221391877014e+02 3.621519964217096117e+02 4.537343652209817719e+02 5.245885905358048831e+02 5.517912985272807873e+02 5.408140205377661687e+02 5.390014928989685359e+02 4.831170351102858831e+02 3.828081438805928087e+02 4.831170351102858831e+02 5.298487820564049571e+02 5.714006260722885600e+02 6.293264833184134659e+02 5.957011094948743448e+02 5.379275166477665380e+02
3.734291334587407505e+02 3.827467569454203726e+02 3.214925819628343220e+02 3.167911408564885960e+02 3.018699967795651560e+02 3.170443582033917096e+02 3.032936384673635644e+02 2.252002554377637011e+02 2.775939190779942578e+02 3.182267849960036301e+02 3.597169304053178962e+02 2.889506746363106799e+02 2.419089855773899274e+02 1.417990445752629114e+02 2.419089855773899274e+02 2.882621930615664496e+02 3.224643918906712656e+02 3.639547800665960722e+02 3.838747102900155710e+02 4.253755145372806510e+02 4.677215537236482419e+02 4.415075575065264957e+02 3.576591855848282080e+02 4.415075575086796107e+02 5.038375755848493327e+02 5.517912985275446545e+02 4.514446601358289399e+02 4.404679188990281773e+02 4.386685302708292511e+02 4.386685302708292511e+02 3.623550513130551280e+02 3.940439443165451507e+02 4.294885892575175603e+02 4.874225930160448002e+02 5.878032086707648887e+02 5.542502864246305307e+02 4.541852936988366309e+02
3.026328192040889462e+02 2.826179396552932985e+02 2.637056706675961664e+02 2.460139401409692823e+02 2.310936217336840457e+02 2.169376261572334101e+02 2.031869132575427557e+02 1.898087318184451533e+02 1.774852946299993164e+02 2.181118999218732597e+02 3.019069187893690014e+02 3.332522829601724084e+02 2.393207043427807434e+02 1.392110955502687375e+02 2.393207043427807434e+02 2.696870347935037557e+02 2.873837697384178682e+02 3.082575507766365490e+02 3.301032054764588111e+02 3.602904285639402246e+02 3.936700293577974321e+02 4.351734921776941292e+02 4.578433332305437489e+02 4.993543772675880064e+02 5.363037625078015935e+02 5.253265646592508347e+02 4.698586116028584456e+02 3.695625588583292256e+02 4.162481164446129469e+02 3.384013179650303869e+02 4.386685302708292511e+02 4.943661868865519864e+02 5.298487820564049571e+02 5.714004582743325500e+02 5.369833559091717916e+02 4.951718649863644828e+02 4.900560979018421222e+02
4.027752522327056113e+02 3.827467562521784998e+02 2.931929654095776527e+02 3.461255565233429934e+02 3.018699967801805428e+02 3.170443582033917096e+02 3.032936384674113697e+02 2.899163122577614899e+02 2.604254291485660247e+02 1.603157036307203214e+02 2.447909148848034988e+02 2.331261640000888633e+02 2.331261640000888633e+02 1.366257811779048836e+02 1.526553827628654005e+02 1.695776823709851726e+02 1.872759194745555646e+02 2.081504136788611277e+02 2.299938392262982063e+02 2.601707360764600026e+02 2.935312269353370311e+02 3.643261574388486110e+02 4.645124028766263109e+02 5.363037625077789698e+02 4.359659385160734928e+02 4.249905273504851948e+02 4.871767732945412490e+02 3.868685048164652471e+02 3.159890624433397193e+02 4.162481164446129469e+02 4.569802212727967117e+02 4.904194275057296863e+02 5.319786248592921538e+02 5.821520009557563071e+02 4.951652859432983860e+02 3.950691237472864259e+02 4.243579070731170759e+02
4.641730534834235868e+02 3.639874918120130474e+02 3.509905846267187144e+02 4.348354592458139223e+02 4.020150209333503994e+02 4.091795438636718245e+02 3.090271261177746851e+02 2.512337872912043792e+02 2.103692672430760524e+02 2.447909148848034988e+02 1.446812949423004682e+02 2.295243392671590072e+02 1.330174766661078536e+02 2.331261640000888633e+02 2.104522927158910761e+02 2.696870347935037557e+02 2.580575141088172018e+02 2.505843635950767521e+02 3.301032054764587542e+02 2.834929351952651473e+02 3.836272461448061222e+02 3.643261574388577628e+02 4.645124030093197689e+02 5.123046718170544409e+02 4.119732047175834282e+02 3.540903216335213983e+02 4.095281372867381720e+02 4.023446951171271166e+02 3.020845665667333719e+02 3.277604545636397688e+02 3.566935915396920791e+02 3.901018088095540861e+02 4.402402605970236777e+02 5.405985944176047724e+02 4.821107913525460162e+02 3.820929835508507040e+02 3.244315231331657969e+02
5.056853152886233147e+02 4.641730203556106176e+02 4.511693895180827667e+02 4.926785359132451276e+02 4.575175939711919000e+02 4.506822153936432187e+02 3.928519636703716742e+02 3.513565245610020042e+02 3.104815892038895413e+02 2.862707308556095427e+02 2.295243392671590072e+02 1.294162553418925938e+02 2.295243392671590072e+02 2.746048428916238890e+02 3.105663350627812065e+02 3.520551156383271518e+02 3.581836138130147447e+02 3.083778351474833812e+02 3.922017652043358567e+02 3.412897412642170707e+02 3.836272464821865924e+02 4.645124030131167956e+02 5.060208539622949502e+02 5.538599588679924182e+02 4.959349346594369763e+02 4.095281372867381720e+02 3.092615426496727764e+02 3.716309266844406238e+02 2.884368453936887704e+02 3.887010272435280740e+02 4.569802212727967117e+02 4.904194275057296863e+02 5.319786248593170512e+02 5.821520040307582349e+02 5.235528327539159363e+02 4.658481685928325646e+02 3.744144707968106331e+02
5.495538812752449758e+02 4.994439669841651153e+02 4.579313991002498483e+02 4.200643945924041986e+02 3.573357626913578429e+02 3.577718021652492553e+02 3.310136137753186176e+02 3.067330524461477239e+02 2.843481746466791265e+02 2.634741428268044956e+02 2.270485691117805231e+02 1.269409264137223090e+02 2.270485691117805231e+02 3.238597342446973926e+02 3.483958347528434842e+02 3.593526091697992229e+02 4.008482959554371519e+02 4.085289743036574919e+02 4.500317226564744715e+02 4.414613534504744621e+02 4.829684221079247664e+02 5.253210488528480937e+02 5.503508976852804153e+02 5.079489279474970544e+02 4.663933779026575621e+02 4.510797297390012659e+02 3.716309266844406238e+02 2.713591639024907067e+02 3.716309266844406238e+02 4.045961473984966688e+02 4.304870264791871932e+02 4.583027783039838141e+02 4.962217100488505821e+02 5.377805026600292422e+02 5.957154603864890987e+02 5.158875739313918984e+02 4.744184815022131261e+02
