BlockUplift_2Ma_1kryTimeStep_2mmyr_k_1e-05_m_0.5_n_1.0_LinDiffusion_0.5_6x3km_30mRes_topographic__steepest_slope.txt
nrows 100
cellsize 30.0
xllcorner 0.0
ncols 200
yllcorner 0.0
[rows 0 to 16 of 100, columns 74 to 110 of 200]
0.000000000000000000e+00 0.000000000000000000e+00 0.000000000000000000e+00 0.000000000000000000e+00 0.000000000000000000e+00 0.000000000000000000e+00 0.000000000000000000e+00 0.000000000000000000e+00 0.000000000000000000e+00 0.000000000000000000e+00 0.000000000000000000e+00 0.000000000000000000e+00 0.000000000000000000e+00 0.000000000000000000e+00 0.000000000000000000e+00 0.000000000000000000e+00 0.000000000000000000e+00 0.000000000000000000e+00 0.000000000000000000e+00 0.000000000000000000e+00 0.000000000000000000e+00 0.000000000000000000e+00 0.000000000000000000e+00 0.000000000000000000e+00 0.000000000000000000e+00 0.000000000000000000e+00 0.000000000000000000e+00 0.000000000000000000e+00 0.000000000000000000e+00 0.000000000000000000e+00 0.000000000000000000e+00 0.000000000000000000e+00 0.000000000000000000e+00 0.000000000000000000e+00 0.000000000000000000e+00 0.000000000000000000e+00 0.000000000000000000e+00
1.105954733228372844e-01 1.105954733827426567e-01 1.105954734446337739e-01 1.105954735084348356e-01 1.105954735741912914e-01 1.105954736418425510e-01 1.105954737114188957e-01 1.105954737829051709e-01 1.105954738562862361e-01 1.105954739316075547e-01 1.105954740088236632e-01 1.105954740880103343e-01 1.105954741691524135e-01 1.105954742522953921e-01 1.105954743374695654e-01 1.105954744247052701e-01 1.105954745140782791e-01 1.105954746055582832e-01 1.105954746992665605e-01 1.105954747952030970e-01 1.105954748934740023e-01 1.105954749941398946e-01 1.105954750972311246e-01 1.105954752028082966e-01 1.105954753109472249e-01 1.105954754217539915e-01 1.105954755352437785e-01 1.105954756515226678e-01 1.105954757706058417e-01 1.105954758926297188e-01 1.105954760176094537e-01 1.105954761456359875e-01 1.105954762767699662e-01 1.105954764110265443e-01 1.105954765485118174e-01 1.105954766892409680e-01 1.105954768332897686e-01
2.195690253868027297e-01 2.195690255056888529e-01 2.195690256284403008e-01 2.195690257550571289e-01 2.195690258854786636e-01 2.195690260196897781e-01 2.195690261576601077e-01 2.195690262994048625e-01 2.195690264449391693e-01 2.195690265942479014e-01 2.195690267473613122e-01 2.195690269043097942e-01 2.195690270651842468e-01 2.195690272299998524e-01 2.195690273987868923e-01 2.195690275716969952e-01 2.195690277487301612e-01 2.195690279300379077e-01 2.195690281156960910e-01 2.195690283058411296e-01 2.195690285005336417e-01 2.195690286999100183e-01 2.195690289041219156e-01 2.195690291133056971e-01 2.195690293275523175e-01 2.195690295470133779e-01 2.195690297718253248e-01 2.195690300021397035e-01 2.195690302380626235e-01 2.195690304797759951e-01 2.195690307273556185e-01 2.195690309809227303e-01 2.195690312406592681e-01 2.195690315066561593e-01 2.195690317789740220e-01 2.195690320577796117e-01 2.195690323431032653e-01
3.254591852309658973e-01 3.254591854070137402e-01 3.254591855887914442e-01 3.254591857762079710e-01 3.254591859692482214e-01 3.254591861678818310e-01 3.254591863720330824e-01 3.254591865817625940e-01 3.254591867970096364e-01 3.254591870178197843e-01 3.254591872442536560e-01 3.254591874763567150e-01 3.254591877141592704e-01 3.254591879577522495e-01 3.254591882072569997e-01 3.254591884627491827e-01 3.254591887243805104e-01 3.254591889922570092e-01 3.254591892665757991e-01 3.254591895474125973e-01 3.254591898350251422e-01 3.254591901295498246e-01 3.254591904311837647e-01 3.254591907400784523e-01 3.254591910564916812e-01 3.254591913805749415e-01 3.254591917125708167e-01 3.254591920526612170e-01 3.254591924010734605e-01 3.254591927579440491e-01 3.254591931235457647e-01 3.254591934980302081e-01 3.254591938815489249e-01 3.254591942743142452e-01 3.254591946764776589e-01 3.254591950881907114e-01 3.254591955095596512e-01
4.270795152611450707e-01 4.270795154918687331e-01 4.270795157300350531e-01 4.270795159755683135e-01 4.270795162283926860e-01 4.270795164884323980e-01 4.270795167557025485e-01 4.270795170301425747e-01 4.270795173117979404e-01 4.270795176006989546e-01 4.270795178968455619e-01 4.270795182003288004e-01 4.270795185112243875e-01 4.270795188296385159e-01 4.270795191557226755e-01 4.270795194895678493e-01 4.270795198313862562e-01 4.270795201813447073e-01 4.270795205396097916e-01 4.270795209064545128e-01 4.270795212819999964e-01 4.270795216665647098e-01 4.270795220603759157e-01 4.270795224636609877e-01 4.270795228767080287e-01 4.270795232997898205e-01 4.270795237331336813e-01 4.270795241770429240e-01 4.270795246317751204e-01 4.270795250976183177e-01 4.270795255747846797e-01 4.270795260635471546e-01 4.270795265641785243e-01 4.270795270768606433e-01 4.270795276018058417e-01 4.270795281392111287e-01 4.270795286892886677e-01
5.235632512876994271e-01 5.235632515700824330e-01 5.235632518614996567e-01 5.235632521618299728e-01 5.235632524709672442e-01 5.235632527888659515e-01 5.235632531154805758e-01 5.235632534507961289e-01 5.235632537947974008e-01 5.235632541475145896e-01 5.235632545090084244e-01 5.235632548793698327e-01 5.235632552586897415e-01 5.235632556471045973e-01 5.235632560447508466e-01 5.235632564518255538e-01 5.235632568684801535e-01 5.235632572950180696e-01 5.235632577315906255e-01 5.235632581785012452e-01 5.235632586360376983e-01 5.235632591044425688e-01 5.235632595840494785e-01 5.235632600751766175e-01 5.235632605781422866e-01 5.235632610932801079e-01 5.235632616209083823e-01 5.235632621613756088e-01 5.235632627150000884e-01 5.235632632821155541e-01 5.235632638630401958e-01 5.235632644581074135e-01 5.235632650675597910e-01 5.235632656917459382e-01 5.235632663309085499e-01 5.235632669852596788e-01 5.235632676550266984e-01
6.143435581570277915e-01 6.143435584877503519e-01 6.143435588289017923e-01 6.143435591803154683e-01 6.143435595419305395e-01 6.143435599136409797e-01 6.143435602954316899e-01 6.143435606871965327e-01 6.143435610890113363e-01 6.143435615008608908e-01 6.143435619228209132e-01 6.143435623549824420e-01 6.143435627974668245e-01 6.143435632504102850e-01 6.143435637139949002e-01 6.143435641884480436e-01 6.143435646739817679e-01 6.143435651708386569e-01 6.143435656793523325e-01 6.143435661997803665e-01 6.143435667324562699e-01 6.143435672777741718e-01 6.143435678360068541e-01 6.143435684076090642e-01 6.143435689928992138e-01 6.143435695922714324e-01 6.143435702061803561e-01 6.143435708349594959e-01 6.143435714790635993e-01 6.143435721388262882e-01 6.143435728146868779e-01 6.143435735069487924e-01 6.143435742160363588e-01 6.143435749422223591e-01 6.143435756858707242e-01 6.143435764472542360e-01 6.143435772266456762e-01
6.990955364975586228e-01 6.990955368730434882e-01 6.990955372601699302e-01 6.990955376588013914e-01 6.990955380688016474e-01 6.990955384900795488e-01 6.990955389225291805e-01 6.990955393661352213e-01 6.990955398208825722e-01 6.990955402868318513e-01 6.990955407640285779e-01 6.990955412525484691e-01 6.990955417525431814e-01 6.990955422642097794e-01 6.990955427877300066e-01 6.990955433233314587e-01 6.990955438712717074e-01 6.990955444318690537e-01 6.990955450054419096e-01 6.990955455923085760e-01 6.990955461929085901e-01 6.990955468075450430e-01 6.990955474367335221e-01 6.990955480808073164e-01 6.990955487402668034e-01 6.990955494155817185e-01 6.990955501071312028e-01 6.990955508154457210e-01 6.990955515409343901e-01 6.990955522840673897e-01 6.990955530453144551e-01 6.990955538250697154e-01 6.990955546237728191e-01 6.990955554418178952e-01 6.990955562795534428e-01 6.990955571373130839e-01 6.990955580154150084e-01
7.776696028612150036e-01 7.776696032778394052e-01 7.776696037071360035e-01 7.776696041489533640e-01 7.776696046031096321e-01 7.776696050694984486e-01 7.776696055480291081e-01 7.776696060386559806e-01 7.776696065413791770e-01 7.776696070561835983e-01 7.776696075831750488e-01 7.776696081224750978e-01 7.776696086742049818e-01 7.776696092385312342e-01 7.776696098156965498e-01 7.776696104059586112e-01 7.776696110096509296e-01 7.776696116270613857e-01 7.776696122585387005e-01 7.776696129045225225e-01 7.776696135654067588e-01 7.776696142416464896e-01 7.776696149336809194e-01 7.776696156420257466e-01 7.776696163671810158e-01 7.776696171096166843e-01 7.776696178698936368e-01 7.776696186485120288e-01 7.776696194459873368e-01 7.776696202628651244e-01 7.776696210995699410e-01 7.776696219567080792e-01 7.776696228346736683e-01 7.776696237338910356e-01 7.776696246548453484e-01 7.776696255979156369e-01 7.776696265634807093e-01
8.500361085672466510e-01 8.500361090213269799e-01 8.500361094889589131e-01 8.500361099698996448e-01 8.500361104639675425e-01 8.500361109710259377e-01 8.500361114909841254e-01 8.500361120237660550e-01 8.500361125693416398e-01 8.500361131277561766e-01 8.500361136991008149e-01 8.500361142834208517e-01 8.500361148809133516e-01 8.500361154917754902e-01 8.500361161162800494e-01 8.500361167546544028e-01 8.500361174072622594e-01 8.500361180744524514e-01 8.500361187566188859e-01 8.500361194542165322e-01 8.500361201676999157e-01 8.500361208975694138e-01 8.500361216443100831e-01 8.500361224084979073e-01 8.500361231906784498e-01 8.500361239913823974e-01 8.500361248112464629e-01 8.500361256508009999e-01 8.500361265106524122e-01 8.500361273913767945e-01 8.500361282935500196e-01 8.500361292176573658e-01 8.500361301642745948e-01 8.500361311339322823e-01 8.500361321270701875e-01 8.500361331441429469e-01 8.500361341855448005e-01
9.162477458788998996e-01 9.162477463668134980e-01 9.162477468689151916e-01 9.162477473849472975e-01 9.162477479146976522e-01 9.162477484580298093e-01 9.162477490147618031e-01 9.162477495848634357e-01 9.162477501682890768e-01 9.162477507650540476e-01 9.162477513752037561e-01 9.162477519989048469e-01 9.162477526362787783e-01 9.162477532875679120e-01 9.162477539529997328e-01 9.162477546329076405e-01 9.162477553276251463e-01 9.162477560375615893e-01 9.162477567631716058e-01 9.162477575048948442e-01 9.162477582632466699e-01 9.162477590387576587e-01 9.162477598320190042e-01 9.162477606436216782e-01 9.162477614741267873e-01 9.162477623242314406e-01 9.162477631944966339e-01 9.162477640856043770e-01 9.162477649981913830e-01 9.162477659328639445e-01 9.162477668902889727e-01 9.162477678710729823e-01 9.162477688757765248e-01 9.162477699049911273e-01 9.162477709592167230e-01 9.162477720389687885e-01 9.162477731446566631e-01
9.764170279921169371e-01 9.764170285103318525e-01 9.764170290431745114e-01 9.764170295903568109e-01 9.764170301516817974e-01 9.764170307268916771e-01 9.764170313158653247e-01 9.764170319185420110e-01 9.764170325348155988e-01 9.764170331647316070e-01 9.764170338083507650e-01 9.764170344657789880e-01 9.764170351371982415e-01 9.764170358228209112e-01 9.764170365229347670e-01 9.764170372378733198e-01 9.764170379680157108e-01 9.764170387137558471e-01 9.764170394755790072e-01 9.764170402540154337e-01 9.764170410495959240e-01 9.764170418628964621e-01 9.764170426945687487e-01 9.764170435451887675e-01 9.764170444154690598e-01 9.764170453060614374e-01 9.764170462177086396e-01 9.764170471510472682e-01 9.764170481068049634e-01 9.764170490857092544e-01 9.764170500883665449e-01 9.764170511155346732e-01 9.764170521678049441e-01 9.764170532458138485e-01 9.764170543501525801e-01 9.764170554813518255e-01 9.764170566399419382e-01
1.030702982005520019e+00 1.030702982550565139e+00 1.030702983110525883e+00 1.030702983685053642e+00 1.030702984273875744e+00 1.030702984876764594e+00 1.030702985493568757e+00 1.030702986124136578e+00 1.030702986768437857e+00 1.030702987426472372e+00 1.030702988098270545e+00 1.030702988783968932e+00 1.030702989483749388e+00 1.030702990197823965e+00 1.030702990926465556e+00 1.030702991670083613e+00 1.030702992429026743e+00 1.030702993203764573e+00 1.030702993994828010e+00 1.030702994802716876e+00 1.030702995628022700e+00 1.030702996471412280e+00 1.030702997333476922e+00 1.030702998214974242e+00 1.030702999116601903e+00 1.030703000039102424e+00 1.030703000983203221e+00 1.030703001949677899e+00 1.030703002939283852e+00 1.030703003952748942e+00 1.030703004990876526e+00 1.030703006054333626e+00 1.030703007143877858e+00 1.030703008260176468e+00 1.030703009403881376e+00 1.030703010575583223e+00 1.030703011775843558e+00
1.079302163352516164e+00 1.079302163921147528e+00 1.079302164504709616e+00 1.079302165102899336e+00 1.079302165715353201e+00 1.079302166341873592e+00 1.079302166982218703e+00 1.079302167636251308e+00 1.079302168303896359e+00 1.079302168985168509e+00 1.079302169680083079e+00 1.079302170388746207e+00 1.079302171111354847e+00 1.079302171848181890e+00 1.079302172599485354e+00 1.079302173365613182e+00 1.079302174147035887e+00 1.079302174944207993e+00 1.079302175757644866e+00 1.079302176587952911e+00 1.079302177435753629e+00 1.079302178301698723e+00 1.079302179186546029e+00 1.079302180090977892e+00 1.079302181015812767e+00 1.079302181961793394e+00 1.079302182929723131e+00 1.079302183920481273e+00 1.079302184934825437e+00 1.079302185973589623e+00 1.079302187037622707e+00 1.079302188127667206e+00 1.079302189244511601e+00 1.079302190388913507e+00 1.079302191561540392e+00 1.079302192763073709e+00 1.079302193994135406e+00
1.122441318239467911e+00 1.122441318828502288e+00 1.122441319432406770e+00 1.122441320050757030e+00 1.122441320683189359e+00 1.122441321329415542e+00 1.122441321989238849e+00 1.122441322662461882e+00 1.122441323349024467e+00 1.122441324048850220e+00 1.122441324762000203e+00 1.122441325488610753e+00 1.122441326228802883e+00 1.122441326982849708e+00 1.122441327751069640e+00 1.122441328533871685e+00 1.122441329331619775e+00 1.122441330144890115e+00 1.122441330974212725e+00 1.122441331820194454e+00 1.122441332683517201e+00 1.122441333564908383e+00 1.122441334465065665e+00 1.122441335384852801e+00 1.122441336325012751e+00 1.122441337286409269e+00 1.122441338269951849e+00 1.122441339276459393e+00 1.122441340306856272e+00 1.122441341362021783e+00 1.122441342442774159e+00 1.122441343550023340e+00 1.122441344684602882e+00 1.122441345847270622e+00 1.122441347038860338e+00 1.122441348260023508e+00 1.122441349511473119e+00
1.160370742090572005e+00 1.160370742697099056e+00 1.160370743318177800e+00 1.160370743953368811e+00 1.160370744602308379e+00 1.160370745264602599e+00 1.160370745940053849e+00 1.160370746628450522e+00 1.160370747329670937e+00 1.160370748043639377e+00 1.160370748770446880e+00 1.160370749510123867e+00 1.160370750262912587e+00 1.160370751029025316e+00 1.160370751808795786e+00 1.160370752602602806e+00 1.160370753410946643e+00 1.160370754234296919e+00 1.160370755073275584e+00 1.160370755928533892e+00 1.160370756800769731e+00 1.160370757690710297e+00 1.160370758599204466e+00 1.160370759527010298e+00 1.160370760475067708e+00 1.160370761444270649e+00 1.160370762435483538e+00 1.160370763449721787e+00 1.160370764487849149e+00 1.160370765550866601e+00 1.160370766639668316e+00 1.160370767755208865e+00 1.160370768898367988e+00 1.160370770070024538e+00 1.160370771270966772e+00 1.160370772502058889e+00 1.160370773763937269e+00
1.193358203104283755e+00 1.193358203725529254e+00 1.193358204360871921e+00 1.193358205009857009e+00 1.193358205671969152e+00 1.193358206346950556e+00 1.193358207034407314e+00 1.193358207734172449e+00 1.193358208446079427e+00 1.193358209170082729e+00 1.193358209906167255e+00 1.193358210654454021e+00 1.193358211415109782e+00 1.193358212188377454e+00 1.193358212974620303e+00 1.193358213774187382e+00 1.193358214587594057e+00 1.193358215415400991e+00 1.193358216258199489e+00 1.193358217116656350e+00 1.193358217991529635e+00 1.193358218883622701e+00 1.193358219793738906e+00 1.193358220722817942e+00 1.193358221671724007e+00 1.193358222641442534e+00 1.193358223632958515e+00 1.193358224647211863e+00 1.193358225685278828e+00 1.193358226748114204e+00 1.193358227836749164e+00 1.193358228952153377e+00 1.193358230095282080e+00 1.193358231267105385e+00 1.193358232468487268e+00 1.193358233700291704e+00 1.193358234963291853e+00
