BlockUplift_2Ma_1kryTimeStep_2mmyr_k_1e-05_m_0.5_n_1.0_LinDiffusion_0.5_6x3km_30mRes_topographic__elevation.txt
nrows 100
cellsize 30.0
xllcorner 0.0
ncols 200
yllcorner 0.0
[rows 68 to 84 of 100, columns 74 to 110 of 200]
7.168918324856057325e+02 7.168918319997966364e+02 7.168918316222717522e+02 7.168918313565579865e+02 7.168918312041805621e+02 7.168918311647713608e+02 7.168918312362633287e+02 7.168918314151612776e+02 7.168918316968735098e+02 7.168918320760874394e+02 7.168918325471647677e+02 7.168918331045344985e+02 7.168918337430576457e+02 7.168918344583399858e+02 7.168918352469750062e+02 7.168918361066953366e+02 7.168918370364276598e+02 7.168918380362429161e+02 7.168918391072093073e+02 7.168918402511574186e+02 7.168918414703763347e+02 7.168918427672671214e+02 7.168918441439776643e+02 7.168918456020512622e+02 7.168918471421139884e+02 7.168918487636254895e+02 7.168918504647120926e+02 7.168918522420893851e+02 7.168918540910802903e+02 7.168918560057165905e+02 7.168918579789127534e+02 7.168918600026890999e+02 7.168918620684160032e+02 7.168918641670552461e+02 7.168918662893709097e+02 7.168918684260897862e+02 7.168918705679981258e+02
6.910115613911849550e+02 6.910115608743428766e+02 6.910115604732817474e+02 6.910115601915018715e+02 6.910115600302059420e+02 6.910115599884258017e+02 6.910115600632508404e+02 6.910115602501473404e+02 6.910115605433509245e+02 6.910115609363120939e+02 6.910115614221658689e+02 6.910115619942001786e+02 6.910115626462919636e+02 6.910115633732814331e+02 6.910115641712624210e+02 6.910115650377641714e+02 6.910115659718146617e+02 6.910115669738789848e+02 6.910115680456766540e+02 6.910115691898936348e+02 6.910115704098097922e+02 6.910115717088724523e+02 6.910115730902505220e+02 6.910115745564040708e+02 6.910115761087046167e+02 6.910115777471351066e+02 6.910115794700909646e+02 6.910115812742958497e+02 6.910115831548347387e+02 6.910115851052923972e+02 6.910115871179814349e+02 6.910115891842297060e+02 6.910115912946936305e+02 6.910115934396628745e+02 6.910115956093213754e+02 6.910115977939407230e+02 6.910115999839867982e+02
6.653619981547195721e+02 6.653619976058935208e+02 6.653619971813080838e+02 6.653619968844251389e+02 6.653619967160616397e+02 6.653619966745371812e+02 6.653619967559413908e+02 6.653619969545103459e+02 6.653619972630901884e+02 6.653619976736639501e+02 6.653619981779113459e+02 6.653619987677659537e+02 6.653619994359368093e+02 6.653620001763586060e+02 6.653620009845386676e+02 6.653620018577767041e+02 6.653620027952403007e+02 6.653620037978869277e+02 6.653620048682413426e+02 6.653620060100412275e+02 6.653620072277799409e+02 6.653620085261836721e+02 6.653620099096646072e+02 6.653620113817947868e+02 6.653620129448431726e+02 6.653620145994120776e+02 6.653620163442022886e+02 6.653620181759193883e+02 6.653620200893278707e+02 6.653620220774378140e+02 6.653620241318027411e+02 6.653620262428916021e+02 6.653620284004894074e+02 6.653620305940846720e+02 6.653620328131977431e+02 6.653620350476140857e+02 6.653620372875028579e+02
6.399371223477741069e+02 6.399371217659083868e+02 6.399371213178619655e+02 6.399371210070466987e+02 6.399371208338216093e+02 6.399371207956639864e+02 6.399371208874827062e+02 6.399371211020587680e+02 6.399371214305932654e+02 6.399371218633300487e+02 6.399371223902207930e+02 6.399371230015901801e+02 6.399371236887596979e+02 6.399371244445892444e+02 6.399371252638945862e+02 6.399371261437141811e+02 6.399371270833994458e+02 6.399371280845209640e+02 6.399371291505951831e+02 6.399371302866502447e+02 6.399371314986658490e+02 6.399371327929302424e+02 6.399371341753707156e+02 6.399371356509077486e+02 6.399371372228898736e+02 6.399371388926541613e+02 6.399371406592438234e+02 6.399371425193068035e+02 6.399371444671767222e+02 6.399371464951218513e+02 6.399371485937325588e+02 6.399371507524015215e+02 6.399371529598402049e+02 6.399371552045718090e+02 6.399371574753458844e+02 6.399371597614257325e+02 6.399371620527221012e+02
6.147311148878842459e+02 6.147311142717946950e+02 6.147311138004050690e+02 6.147311134770658327e+02 6.147311133015966789e+02 6.147311132704829788e+02 6.147311133772415133e+02 6.147311136129361557e+02 6.147311139668221358e+02 6.147311144270826162e+02 6.147311149816177931e+02 6.147311156188386576e+02 6.147311163284153963e+02 6.147311171019279072e+02 6.147311179333726159e+02 6.147311188194861415e+02 6.147311197598568242e+02 6.147311207568134250e+02 6.147311218150906598e+02 6.147311229412988496e+02 6.147311241432364568e+02 6.147311254291012119e+02 6.147311268066661114e+02 6.147311282824886121e+02 6.147311298612186192e+02 6.147311315450630218e+02 6.147311333334482697e+02 6.147311352229080512e+02 6.147311372071987989e+02 6.147311392776285857e+02 6.147311414235606435e+02 6.147311436330317065e+02 6.147311458934167376e+02 6.147311481920625056e+02 6.147311505168114536e+02 6.147311528563626553e+02 6.147311552004223358e+02
5.897383552561778970e+02 5.897383546045224421e+02 5.897383541099634385e+02 5.897383537757802969e+02 5.897383536011603837e+02 5.897383535814259403e+02 5.897383537084569980e+02 5.897383539712941456e+02 5.897383543568939785e+02 5.897383548509986895e+02 5.897383554390720519e+02 5.897383561072477960e+02 5.897383568432255743e+02 5.897383576370575611e+02 5.897383584817625888e+02 5.897383593737234833e+02 5.897383603128281493e+02 5.897383613023366706e+02 5.897383623484774944e+02 5.897383634597989612e+02 5.897383646463257492e+02 5.897383659185893521e+02 5.897383672866143343e+02 5.897383687589471037e+02 5.897383703418074674e+02 5.897383720384358412e+02 5.897383738486851144e+02 5.897383757688963897e+02 5.897383777920584862e+02 5.897383799082375617e+02 5.897383821052270605e+02 5.897383843693457948e+02 5.897383866862943478e+02 5.897383890419686168e+02 5.897383914231311337e+02 5.897383938178635390e+02 5.897383962157435917e+02
5.649534179334443706e+02 5.649534172446875573e+02 5.649534167271899605e+02 5.649534163841514101e+02 5.649534162140234912e+02 5.649534162107685233e+02 5.649534163643477314e+02 5.649534166614223523e+02 5.649534170862365272e+02 5.649534176216425294e+02 5.649534182502109161e+02 5.649534189553605756e+02 5.649534197224372747e+02 5.649534205396616926e+02 5.649534213988803231e+02 5.649534222960545549e+02 5.649534232314414339e+02 5.649534242094413230e+02 5.649534252381102988e+02 5.649534263283686641e+02 5.649534274929665116e+02 5.649534287452892158e+02 5.649534300981107435e+02 5.649534315623977818e+02 5.649534331462685941e+02 5.649534348541930058e+02 5.649534366864996855e+02 5.649534386392325587e+02 5.649534407043666988e+02 5.649534428703627782e+02 5.649534451230039167e+02 5.649534474464237519e+02 5.649534498242105656e+02 5.649534522404551353e+02 5.649534546806156641e+02 5.649534571320906480e+02 5.649534595844327214e+02
5.403710682014190070e+02 5.403710674737886848e+02 5.403710669336389856e+02 5.403710665840836782e+02 5.403710664227223788e+02 5.403710664419334080e+02 5.403710666294358589e+02 5.403710669690979103e+02 5.403710674419684210e+02 5.403710680274801916e+02 5.403710687047655483e+02 5.403710694540059194e+02 5.403710702577270695e+02 5.403710711019487007e+02 5.403710719771013373e+02 5.403710728786343225e+02 5.403710738072519462e+02 5.403710747687433695e+02 5.403710757733967966e+02 5.403710768350354101e+02 5.403710779697456701e+02 5.403710791944072298e+02 5.403710805251545253e+02 5.403710819759038486e+02 5.403710835570734616e+02 5.403710852746031605e+02 5.403710871293524178e+02 5.403710891169328079e+02 5.403710912279904051e+02 5.403710934489154170e+02 5.403710957629149334e+02 5.403710981513340812e+02 5.403711005950814297e+02 5.403711030759830010e+02 5.403711055779003800e+02 5.403711080874658137e+02 5.403711105943432358e+02
5.159862574392568604e+02 5.159862566706945017e+02 5.159862561082319417e+02 5.159862557548938184e+02 5.159862556072976076e+02 5.159862556559858149e+02 5.159862558860645549e+02 5.159862562781338511e+02 5.159862568094828248e+02 5.159862574555004358e+02 5.159862581912337873e+02 5.159862589929981596e+02 5.159862598399359968e+02 5.159862607154105945e+02 5.159862616081314854e+02 5.159862625129142089e+02 5.159862634309938585e+02 5.159862643698422744e+02 5.159862653424704604e+02 5.159862663662526074e+02 5.159862674613639228e+02 5.159862686489651651e+02 5.159862699493029368e+02 5.159862713798938785e+02 5.159862729539504471e+02 5.159862746791758354e+02 5.159862765570271677e+02 5.159862785825127958e+02 5.159862807445506405e+02 5.159862830268685912e+02 5.159862854093717033e+02 5.159862878698392024e+02 5.159862903857637093e+02 5.159862929361074748e+02 5.159862955027546150e+02 5.159862980714610785e+02 5.159863006321819512e+02
4.917941180315631300e+02 4.917941172196649973e+02 4.917941166352779874e+02 4.917941162813349365e+02 4.917941161533288437e+02 4.917941162396840014e+02 4.917941165224755196e+02 4.917941169784887734e+02 4.917941175805974581e+02 4.917941182994127871e+02 4.917941191051259580e+02 4.917941199694315628e+02 4.917941208674035352e+02 4.917941217791889699e+02 4.917941226913914647e+02 4.917941235980262036e+02 4.917941245009438376e+02 4.917941254096451189e+02 4.917941263404563301e+02 4.917941273150984784e+02 4.917941283587609860e+02 4.917941294978561473e+02 4.917941307576681425e+02 4.917941321601140885e+02 4.917941337218077820e+02 4.917941354525795532e+02 4.917941373545683064e+02 4.917941394219674862e+02 4.917941416414675473e+02 4.917941439933845800e+02 4.917941464533939211e+02 4.917941489947054379e+02 4.917941515904395260e+02 4.917941542159126129e+02 4.917941568505295322e+02 4.917941594790243585e+02 4.917941620918769559e+02
4.677899579936122905e+02 4.677899571355646913e+02 4.677899565296842184e+02 4.677899561788111669e+02 4.677899560771583083e+02 4.677899562107207316e+02 4.677899565580750618e+02 4.677899570915707272e+02 4.677899577789069099e+02 4.677899585850537392e+02 4.677899594744300202e+02 4.677899604132018112e+02 4.677899613715427449e+02 4.677899623256917607e+02 4.677899632596579522e+02 4.677899641664280352e+02 4.677899650485442180e+02 4.677899659179405489e+02 4.677899667949763511e+02 4.677899677066955064e+02 4.677899686844455118e+02 4.677899697610887984e+02 4.677899709680876867e+02 4.677899723327422521e+02 4.677899738758143258e+02 4.677899756097123145e+02 4.677899775373687703e+02 4.677899796519090501e+02 4.677899819371788226e+02 4.677899843691392903e+02 4.677899869180523069e+02 4.677899895512630906e+02 4.677899922362756797e+02 4.677899949437340297e+02 4.677899976499028867e+02 4.677900003382965224e+02 4.677900030002205085e+02
4.439692554082043898e+02 4.439692545007137596e+02 4.439692538738073040e+02 4.439692535302310716e+02 4.439692534627509986e+02 4.439692536545981625e+02 4.439692540803368388e+02 4.439692547071811077e+02 4.439692554967805336e+02 4.439692564074500183e+02 4.439692573967447515e+02 4.439692584242106932e+02 4.439692594541090784e+02 4.439692604579159934e+02 4.439692614164227393e+02 4.439692623212702074e+02 4.439692631757470167e+02 4.439692639946856616e+02 4.439692648033471869e+02 4.439692656353024063e+02 4.439692665294755898e+02 4.439692675266636570e+02 4.439692686659109881e+02 4.439692699811050716e+02 4.439692714980712935e+02 4.439692732323577502e+02 4.439692751878451418e+02 4.439692773562992443e+02 4.439692797179692434e+02 4.439692822432832031e+02 4.439692848955821205e+02 4.439692876346741741e+02 4.439692904208217783e+02 4.439692932186460439e+02 4.439692960003950475e+02 4.439692987480933084e+02 4.439693014542570495e+02
4.203276527473714168e+02 4.203276517865932647e+02 4.203276511391595704e+02 4.203276508077146900e+02 4.203276507834046356e+02 4.203276510463484783e+02 4.203276515665481270e+02 4.203276523053054916e+02 4.203276532172167208e+02 4.203276542527499942e+02 4.203276553612959674e+02 4.203276564944675329e+02 4.203276576093843460e+02 4.203276586717022951e+02 4.203276596581968647e+02 4.203276605587196855e+02 4.203276613773126655e+02 4.203276621322342521e+02 4.203276628546994971e+02 4.203276635862986836e+02 4.203276643753029589e+02 4.203276652722875042e+02 4.203276663256065717e+02 4.203276675772028170e+02 4.203276690590810745e+02 4.203276707906281331e+02 4.203276727768943033e+02 4.203276750079683666e+02 4.203276774596062069e+02 4.203276800952429539e+02 4.203276828693833522e+02 4.203276857321341708e+02 4.203276886343873002e+02 4.203276915329566918e+02 4.203276943949058477e+02 4.203276972004001664e+02 4.203276999436570236e+02
3.968609511037988113e+02 3.968609500852747942e+02 3.968609494178415389e+02 3.968609491040227795e+02 3.968609491331740742e+02 3.968609494819606880e+02 3.968609501152576513e+02 3.968609509876091010e+02 3.968609520454114090e+02 3.968609532298842737e+02 3.968609544806993199e+02 3.968609557399568075e+02 3.968609569561456851e+02 3.968609580877972007e+02 3.968609591066456233e+02 3.968609600001274771e+02 3.968609607729559343e+02 3.968609614473974716e+02 3.968609620618972826e+02 3.968609626679311759e+02 3.968609633253428228e+02 3.968609640967862902e+02 3.968609650420465300e+02 3.968609662128957325e+02 3.968609676488630953e+02 3.968609693740407920e+02 3.968609713949734328e+02 3.968609736997597111e+02 3.968609762586212923e+02 3.968609790262111119e+02 3.968609819457678327e+02 3.968609849548892043e+02 3.968609879922941559e+02 3.968609910046207006e+02 3.968609939521872434e+02 3.968609968127929619e+02 3.968609995829805825e+02
3.735651042657215157e+02 3.735651031843356691e+02 3.735651024974658299e+02 3.735651022074717389e+02 3.735651023017658758e+02 3.735651027532630906e+02 3.735651035211713520e+02 3.735651045523826497e+02 3.735651057837912958e+02 3.735651071457107264e+02 3.735651085662278206e+02 3.735651099760315219e+02 3.735651113131859233e+02 3.735651125274960123e+02 3.735651135843343127e+02 3.735651144678325295e+02 3.735651151831330026e+02 3.735651157571248291e+02 3.735651162370360794e+02 3.735651166865858386e+02 3.735651171800203088e+02 3.735651177949592352e+02 3.735651186052130583e+02 3.735651196744992149e+02 3.735651210514619720e+02 3.735651227659653273e+02 3.735651248265307913e+02 3.735651272190186774e+02 3.735651299069583047e+02 3.735651328340558734e+02 3.735651359292075426e+02 3.735651391138450776e+02 3.735651423108051290e+02 3.735651454533875153e+02 3.735651484930739343e+02 3.735651514046033981e+02 3.735651541876416104e+02
3.504362124541991079e+02 3.504362113041765951e+02 3.504362105984883442e+02 3.504362103392449512e+02 3.504362105118091790e+02 3.504362110851563443e+02 3.504362120123836917e+02 3.504362132318267413e+02 3.504362146694020907e+02 3.504362162425396718e+02 3.504362178654858440e+02 3.504362194552381311e+02 3.504362209372941948e+02 3.504362222507851357e+02 3.504362233530202388e+02 3.504362242235491749e+02 3.504362248674233911e+02 3.504362253167546442e+02 3.504362256294498934e+02 3.504362258844938651e+02 3.504362261741857765e+02 3.504362265947611377e+02 3.504362272372154621e+02 3.504362281796794036e+02 3.504362294817391899e+02 3.504362311803218972e+02 3.504362332866515430e+02 3.504362357842783240e+02 3.504362386288366338e+02 3.504362417505145686e+02 3.504362450599745671e+02 3.504362484576955694e+02 3.504362518456869111e+02 3.504362551396644108e+02 3.504362582794607874e+02 3.504362612358148112e+02 3.504362640125409030e+02
3.274705155256187936e+02 3.274705143005952550e+02 3.274705135768070932e+02 3.274705133559571095e+02 3.274705136213411265e+02 3.274705143380221557e+02 3.274705154527594573e+02 3.274705168944880711e+02 3.274705185764762518e+02 3.274705204008740793e+02 3.274705222653277588e+02 3.274705240704098514e+02 3.274705257265354135e+02 3.274705271598322724e+02 3.274705283173576049e+02 3.274705291722282254e+02 3.274705297284106678e+02 3.274705300237288839e+02 3.274705301290961756e+02 3.274705301427090944e+02 3.274705301797130232e+02 3.274705303596238082e+02 3.274705307944391279e+02 3.274705315794847706e+02 3.274705327872832186e+02 3.274705344633522941e+02 3.274705366227157697e+02 3.274705392469151093e+02 3.274705422825968526e+02 3.274705456434525672e+02 3.274705492169931063e+02 3.274705528764355336e+02 3.274705564963161351e+02 3.274705599690279882e+02 3.274705632189692324e+02 3.274705662116216445e+02 3.274705689562867406e+02
