BlockUplift_2Ma_1kryTimeStep_2mmyr_k_1e-05_m_0.5_n_1.0_LinDiffusion_0.5_6x3km_30mRes_topographic__steepest_slope.txt
nrows 100
cellsize 30.0
xllcorner 0.0
ncols 200
yllcorner 0.0
[rows 68 to 84 of 100, columns 111 to 147 of 200]
8.626753380959713002e-01 8.626753364941540658e-01 8.626753348980135128e-01 8.626753333115516620e-01 8.626753317419343370e-01 8.626753302013412394e-01 8.626753287081707633e-01 8.626753272876309664e-01 8.626753259713192401e-01 8.626753247960096127e-01 8.626753238016211522e-01 8.626753230286378082e-01 8.626753225151559956e-01 8.626753222938684518e-01 8.626753223893161016e-01 8.626753228155205067e-01 8.626753235743724879e-01 8.626753246547234077e-01 8.626753260324486750e-01 8.626753276712596508e-01 8.626753295243588804e-01 8.626753315366803010e-01 8.626753336476933320e-01 8.626753357943357514e-01 8.626753379141177680e-01 8.626753399479336615e-01 8.626753418425436859e-01 8.626753435525226221e-01 8.626753450414791358e-01 8.626753462826399765e-01 8.626753472586945470e-01 8.626753479610935749e-01 8.626753483888365270e-01 8.626753485470506355e-01 8.626753484453729692e-01 8.626753480964718390e-01 8.626753475146491379e-01
8.549851101386214403e-01 8.549851084838148152e-01 8.549851068303799817e-01 8.549851051779000510e-01 8.549851035299336210e-01 8.549851018964128579e-01 8.549851002954559354e-01 8.549850987541011138e-01 8.549850973079704541e-01 8.549850959997722377e-01 8.549850948768342729e-01 8.549850939878448353e-01 8.549850933791958152e-01 8.549850930912650249e-01 8.549850931549296540e-01 8.549850935887055581e-01 8.549850943966968986e-01 8.549850955675727393e-01 8.549850970745296319e-01 8.549850988763675330e-01 8.549851009194564533e-01 8.549851031405258928e-01 8.549851054699615371e-01 8.549851078354474554e-01 8.549851101656258390e-01 8.549851123935202635e-01 8.549851144594867725e-01 8.549851163134386534e-01 8.549851179162867298e-01 8.549851192404465117e-01 8.549851202695322172e-01 8.549851209972985089e-01 8.549851214260381083e-01 8.549851215647019664e-01 8.549851214268642252e-01 8.549851210288579306e-01 8.549851203881378980e-01
8.474955598310657257e-01 8.474955581319818521e-01 8.474955564295479915e-01 8.474955547172764447e-01 8.474955529935528364e-01 8.474955512649747780e-01 8.474955495487545010e-01 8.474955478738138703e-01 8.474955462804625306e-01 8.474955448185823581e-01 8.474955435445205021e-01 8.474955425170681567e-01 8.474955417928792256e-01 8.474955414217713034e-01 8.474955414424736322e-01 8.474955418790728334e-01 8.474955427384808226e-01 8.474955440091851422e-01 8.474955456612254245e-01 8.474955476475429794e-01 8.474955499063525632e-01 8.474955523645424371e-01 8.474955549416828271e-01 8.474955575544527164e-01 8.474955601210315548e-01 8.474955625652341729e-01 8.474955648200231950e-01 8.474955668301465961e-01 8.474955685537338690e-01 8.474955699627760852e-01 8.474955710425320365e-01 8.474955717900456431e-01 8.474955722120323109e-01 8.474955723223767112e-01 8.474955721396288943e-01 8.474955716846428455e-01 8.474955709786475833e-01
8.401999758813037955e-01 8.401999741504747599e-01 8.401999724112594325e-01 8.401999706488292308e-01 8.401999688544037337e-01 8.401999670297527478e-01 8.401999651903945265e-01 8.401999633671607404e-01 8.401999616058749565e-01 8.401999599651238659e-01 8.401999585123689496e-01 8.401999573188656534e-01 8.401999564538982224e-01 8.401999559790056527e-01 8.401999559426031050e-01 8.401999563756438194e-01 8.401999572885340273e-01 8.401999586695827471e-01 8.401999604851009273e-01 8.401999626809432131e-01 8.401999651855438511e-01 8.401999679139900978e-01 8.401999707729373990e-01 8.401999736659149232e-01 8.401999764987029273e-01 8.401999791842892362e-01 8.401999816470947513e-01 8.401999838261076103e-01 8.401999856766413366e-01 8.401999871707971357e-01 8.401999882964749089e-01 8.401999890553081274e-01 8.401999894598362051e-01 8.401999895302878496e-01 8.401999892914167045e-01 8.401999887696395275e-01 8.401999879906649760e-01
8.330917397235756416e-01 8.330917379786039190e-01 8.330917362199709020e-01 8.330917344215360565e-01 8.330917325647836380e-01 8.330917306446622428e-01 8.330917286739425442e-01 8.330917266853854475e-01 8.330917247313891494e-01 8.330917228811889341e-01 8.330917212159760776e-01 8.330917198224293552e-01 8.330917187855372275e-01 8.330917181812613759e-01 8.330917180699884961e-01 8.330917184911148521e-01 8.330917194593325803e-01 8.330917209627993758e-01 8.330917229632556209e-01 8.330917253980639758e-01 8.330917281838423616e-01 8.330917312215017079e-01 8.330917344021675497e-01 8.330917376136691699e-01 8.330917407470072034e-01 8.330917437023989125e-01 8.330917463943479095e-01 8.330917487553658463e-01 8.330917507380642961e-01 8.330917523153819060e-01 8.330917534791562051e-01 8.330917542372920925e-01 8.330917546099726456e-01 8.330917546255212081e-01 8.330917543164029215e-01 8.330917537157234154e-01 8.330917528545682682e-01
8.261643515696542872e-01 8.261643498347893688e-01 8.261643480808478213e-01 8.261643462665991811e-01 8.261643443602982861e-01 8.261643423475258929e-01 8.261643402369486244e-01 8.261643380632335276e-01 8.261643358866839204e-01 8.261643337897264239e-01 8.261643318705864658e-01 8.261643302351557860e-01 8.261643289878368712e-01 8.261643282224857554e-01 8.261643280141924839e-01 8.261643284127028197e-01 8.261643294379307223e-01 8.261643310777950777e-01 8.261643332884962554e-01 8.261643359970624045e-01 8.261643391058631769e-01 8.261643424986914175e-01 8.261643460480400103e-01 8.261643496228808781e-01 8.261643530965633309e-01 8.261643563541345436e-01 8.261643592985176143e-01 8.261643618549896484e-01 8.261643639735818390e-01 8.261643656291274285e-01 8.261643668191784862e-01 8.261643675600718328e-01 8.261643678819761138e-01 8.261643678234463772e-01 8.261643674264443904e-01 8.261643667321626472e-01 8.261643657778753314e-01
8.194114515678128097e-01 8.194114498759631493e-01 8.194114481597277733e-01 8.194114463577268914e-01 8.194114444205334857e-01 8.194114423209687414e-01 8.194114400617915628e-01 8.194114376795861299e-01 8.194114352443534477e-01 8.194114328548987025e-01 8.194114306307785922e-01 8.194114287018237075e-01 8.194114271965911023e-01 8.194114262310147057e-01 8.194114258982533316e-01 8.194114262606679855e-01 8.194114273444483842e-01 8.194114291371268344e-01 8.194114315880862698e-01 8.194114346117733483e-01 8.194114380932849828e-01 8.194114418958141632e-01 8.194114458693434466e-01 8.194114498602024232e-01 8.194114537205602344e-01 8.194114573173768568e-01 8.194114605399590578e-01 8.194114633054444541e-01 8.194114655615484244e-01 8.194114672864467597e-01 8.194114684857329856e-01 8.194114691871011713e-01 8.194114694336235294e-01 8.194114692768000863e-01 8.194114687702191979e-01 8.194114679646190558e-01 8.194114669044021415e-01
8.128268366290285485e-01 8.128268350244525209e-01 8.128268333905377396e-01 8.128268316392374127e-01 8.128268296975079688e-01 8.128268275210340787e-01 8.128268251043474502e-01 8.128268224859842572e-01 8.128268197479466828e-01 8.128268170096740741e-01 8.128268144175004872e-01 8.128268121312355321e-01 8.128268103094872243e-01 8.128268090954406944e-01 8.128268086043969332e-01 8.128268089140002761e-01 8.128268100578831534e-01 8.128268120228957505e-01 8.128268147499435603e-01 8.128268181381334001e-01 8.128268220516247089e-01 8.128268263286827500e-01 8.128268307922591474e-01 8.128268352613455816e-01 8.128268395626340181e-01 8.128268435413740223e-01 8.128268470707553650e-01 8.128268500586159906e-01 8.128268524508712733e-01 8.128268542309873279e-01 8.128268554157519477e-01 8.128268560479909866e-01 8.128268561875491294e-01 8.128268559021838424e-01 8.128268552595917518e-01 8.128268543216222719e-01 8.128268531406585007e-01
8.064044733741638771e-01 8.064044719158706132e-01 8.064044704240700412e-01 8.064044687754516882e-01 8.064044668656852322e-01 8.064044646275230210e-01 8.064044620442568645e-01 8.064044591565069364e-01 8.064044560614206381e-01 8.064044529045816256e-01 8.064044498662193972e-01 8.064044471437663564e-01 8.064044449332338216e-01 8.064044434114350235e-01 8.064044427206681354e-01 8.064044429570060846e-01 8.064044441627705728e-01 8.064044463235764404e-01 8.064044493697489768e-01 8.064044531815871553e-01 8.064044575979001372e-01 8.064044624269115502e-01 8.064044674589259110e-01 8.064044724800396580e-01 8.064044772861223009e-01 8.064044816962468998e-01 8.064044855642672482e-01 8.064044887873687006e-01 8.064044913102880185e-01 8.064044931244741532e-01 8.064044942621516610e-01 8.064044947863483470e-01 8.064044947787029072e-01 8.064044943273435129e-01 8.064044935169590866e-01 8.064044924220354904e-01 8.064044911034652374e-01
8.001385075596071372e-01 8.001385063258055208e-01 8.001385050557094925e-01 8.001385035795028910e-01 8.001385017514243136e-01 8.001384994737482659e-01 8.001384967146464300e-01 8.001384935171093060e-01 8.001384899976755616e-01 8.001384863354625843e-01 8.001384827537834088e-01 8.001384794974701897e-01 8.001384768091175381e-01 8.001384749069189173e-01 8.001384739659916923e-01 8.001384741043751081e-01 8.001384753743668865e-01 8.001384777594826581e-01 8.001384811766835137e-01 8.001384854832432891e-01 8.001384904872490544e-01 8.001384959607624747e-01 8.001385016548492324e-01 8.001385073158815420e-01 8.001385127024168709e-01 8.001385176016432288e-01 8.001385218439963642e-01 8.001385253141582998e-01 8.001385279565927933e-01 8.001385297743335290e-01 8.001385308208323055e-01 8.001385311861706207e-01 8.001385309803500379e-01 8.001385303171029140e-01 8.001385293012409639e-01 8.001385280211859019e-01 8.001385265463322183e-01
7.940232703541899584e-01 7.940232694480945375e-01 7.940232685051190620e-01 7.940232672942196812e-01 7.940232656148642487e-01 7.940232633288967223e-01 7.940232603843412340e-01 7.940232568271824443e-01 7.940232527992160394e-01 7.940232485229482551e-01 7.940232442768604404e-01 7.940232403656409810e-01 7.940232370898816505e-01 7.940232347185618433e-01 7.940232334664319991e-01 7.940232334775108036e-01 7.940232348152638231e-01 7.940232374596783993e-01 7.940232413107727316e-01 7.940232461975559319e-01 7.940232518910079751e-01 7.940232581198074513e-01 7.940232645879935491e-01 7.940232709940857614e-01 7.940232770512504201e-01 7.940232825075611567e-01 7.940232871646097923e-01 7.940232908920166199e-01 7.940232936350696269e-01 7.940232954132966370e-01 7.940232963093023510e-01 7.940232964495919088e-01 7.940232959813594560e-01 7.940232950504764187e-01 7.940232937853276551e-01 7.940232922887976441e-01 7.940232906376630817e-01
7.880532821750648731e-01 7.880532817324213957e-01 7.880532812557362599e-01 7.880532804333844066e-01 7.880532789924227233e-01 7.880532767410841632e-01 7.880532736007486161e-01 7.880532696215178934e-01 7.880532649786801125e-01 7.880532599515144287e-01 7.880532548895586853e-01 7.880532501733019668e-01 7.880532461754740092e-01 7.880532432270986876e-01 7.880532415904705212e-01 7.880532414399491481e-01 7.880532428510813592e-01 7.880532457981246353e-01 7.880532501594662564e-01 7.880532557294013252e-01 7.880532622342343307e-01 7.880532693509337827e-01 7.880532767274701644e-01 7.880532840048469767e-01 7.880532908409084714e-01 7.880532969352600503e-01 7.880533020532690669e-01 7.880533060457405314e-01 7.880533088600089053e-01 7.880533105386973158e-01 7.880533112045592370e-01 7.880533110335742331e-01 7.880533102221647379e-01 7.880533089567127725e-01 7.880533073925846121e-01 7.880533056462354358e-01 7.880533037986594547e-01
7.822232556938805148e-01 7.822232558928476909e-01 7.822232560657899070e-01 7.822232557950504761e-01 7.822232547118233015e-01 7.822232525531584990e-01 7.822232492052648700e-01 7.822232447244024112e-01 7.822232393310419862e-01 7.822232333795569037e-01 7.822232273116753731e-01 7.822232216041035135e-01 7.822232167190880103e-01 7.822232130630045743e-01 7.822232109546234380e-01 7.822232106032364074e-01 7.822232120968503066e-01 7.822232154006485416e-01 7.822232203651897642e-01 7.822232267420948792e-01 7.822232342041616215e-01 7.822232423672498269e-01 7.822232508130961826e-01 7.822232591139159918e-01 7.822232668599553573e-01 7.822232736900806005e-01 7.822232793231307380e-01 7.822232835853355493e-01 7.822232864271522201e-01 7.822232879231763025e-01 7.822232882517615726e-01 7.822232876568306903e-01 7.822232864008185071e-01 7.822232847214404261e-01 7.822232828040588393e-01 7.822232807750140182e-01 7.822232787128068354e-01
7.765281010499089920e-01 7.765281021239881509e-01 7.765281031878695783e-01 7.765281036842850426e-01 7.765281031172094339e-01 7.765281011287867852e-01 7.765280975588192414e-01 7.765280924732186341e-01 7.765280861543999436e-01 7.765280790573361180e-01 7.765280717442484271e-01 7.765280648141754671e-01 7.765280588400514938e-01 7.765280543190064000e-01 7.765280516361049434e-01 7.765280510400960345e-01 7.765280526308875331e-01 7.765280563595922114e-01 7.765280620406656009e-01 7.765280693732184991e-01 7.765280779663877864e-01 7.765280873647327775e-01 7.765280970727966858e-01 7.765281065811658889e-01 7.765281153973963013e-01 7.765281230832783432e-01 7.765281292963644999e-01 7.765281338291061264e-01 7.765281366354657155e-01 7.765281378339314866e-01 7.765281376803992996e-01 7.765281365134210079e-01 7.765281346853043498e-01 7.765281324994475209e-01 7.765281301729733965e-01 7.765281278335104398e-01 7.765281255442175734e-01
7.709629370981929686e-01 7.709629393532149155e-01 7.709629416256139622e-01 7.709629431741764627e-01 7.709629433333760051e-01 7.709629416180878714e-01 7.709629378066135130e-01 7.709629319802824288e-01 7.709629245079194781e-01 7.709629159809746612e-01 7.709629071203721873e-01 7.709628986809359263e-01 7.709628913716850551e-01 7.709628857977709471e-01 7.709628824208304421e-01 7.709628815331218687e-01 7.709628832445256652e-01 7.709628874846127244e-01 7.709628940206111336e-01 7.709629024868017710e-01 7.709629124172294734e-01 7.709629232748018701e-01 7.709629344758828218e-01 7.709629454154386385e-01 7.709629554998248535e-01 7.709629641917179477e-01 7.709629710657016632e-01 7.709629758655675014e-01 7.709629785472960073e-01 7.709629792891897759e-01 7.709629784562499477e-01 7.709629765208281249e-01 7.709629739598615750e-01 7.709629711618163350e-01 7.709629683748175921e-01 7.709629657105740996e-01 7.709629631938166305e-01
7.655231092279261018e-01 7.655231130641425574e-01 7.655231169630573040e-01 7.655231199409778808e-01 7.655231211054247531e-01 7.655231197991611003e-01 7.655231157182716961e-01 7.655231089688830926e-01 7.655231000423025067e-01 7.655230897175575588e-01 7.655230789263574032e-01 7.655230686220098058e-01 7.655230596793481945e-01 7.655230528299454829e-01 7.655230486220622188e-01 7.655230473945702219e-01 7.655230492632806305e-01 7.655230541253653653e-01 7.655230616854642456e-01 7.655230714974341488e-01 7.655230830076845683e-01 7.655230955881165977e-01 7.655231085574674132e-01 7.655231212007872488e-01 7.655231328008047509e-01 7.655231426909665515e-01 7.655231503306386687e-01 7.655231553904627839e-01 7.655231578230844436e-01 7.655231578876661169e-01 7.655231561042076249e-01 7.655231531371536891e-01 7.655231496396462942e-01 7.655231461121692060e-01 7.655231428282831541e-01 7.655231398520925268e-01 7.655231371298043541e-01
7.602042007225615627e-01 7.602042066627480166e-01 7.602042127380495007e-01 7.602042176450822808e-01 7.602042201858106862e-01 7.602042194677494091e-01 7.602042150755854433e-01 7.602042071551352587e-01 7.602041963738997987e-01 7.602041837722935957e-01 7.602041705642516023e-01 7.602041579555968154e-01 7.602041470204274898e-01 7.602041386346930496e-01 7.602041334418895291e-01 7.602041318291506977e-01 7.602041339115923613e-01 7.602041395382097555e-01 7.602041483295219892e-01 7.602041597385948979e-01 7.602041731108556410e-01 7.602041877209860798e-01 7.602042027848938677e-01 7.602042174649549233e-01 7.602042308934945369e-01 7.602042422333378235e-01 7.602042507801702875e-01 7.602042560913787606e-01 7.602042581032132373e-01 7.602042571831835183e-01 7.602042540732554254e-01 7.602042497177705638e-01 7.602042450238229998e-01 7.602042406423588083e-01 7.602042368584458476e-01 7.602042336329285499e-01 7.602042307656120546e-01
