BlockUplift_2Ma_1kryTimeStep_2mmyr_k_5e-05_m_0.5_n_1.0_LinDiffusion_0.5_6x3km_30mRes_topographic__steepest_slope.txt
nrows 100
cellsize 30.0
xllcorner 0.0
ncols 200
yllcorner 0.0
[rows 17 to 33 of 100, columns 148 to 184 of 200]
4.505298056378226890e-01 4.592624887873314465e-01 4.615122928194987928e-01 4.580630532636801866e-01 4.491912170086808653e-01 4.347239933564441272e-01 4.143630287907473786e-01 3.881151523398558845e-01 3.566245146775123831e-01 3.212254178966565399e-01 2.836513119746921774e-01 2.800901508552214869e-01 2.829922007162357089e-01 2.859234581989236745e-01 3.090650901899908432e-01 3.448797212800345791e-01 3.769643455954442834e-01 4.039924986877215796e-01 4.250448909547943077e-01 4.398597558339603641e-01 4.488205612046789472e-01 4.527562789262177256e-01 4.526909106967175189e-01 4.496452356757663638e-01 4.445253350703041173e-01 4.380825245722018146e-01 4.309134794280654046e-01 4.234759052808618751e-01 4.161074430439022365e-01 4.090444015960978952e-01 4.024408497015556363e-01 3.963890270673232630e-01 3.909399616394593213e-01 3.861186995937097577e-01 3.819226317452737440e-01 3.782881567190146122e-01 3.750177432104080388e-01
4.461506544392215279e-01 4.547426207255446107e-01 4.570182421183447974e-01 4.537388901733048763e-01 4.450926180653369535e-01 4.308083913999161685e-01 4.105141232705604715e-01 3.841807788873012885e-01 3.524567535552829978e-01 3.167193531523483929e-01 2.787799713756974884e-01 2.755486962556688013e-01 2.787223185850621343e-01 2.821761796901493535e-01 3.092459514574127377e-01 3.452894906346570258e-01 3.774289640399944301e-01 4.043190045971303825e-01 4.250510059300933174e-01 4.393925238569335590e-01 4.477626353837326212e-01 4.510236027811926340e-01 4.502267051038366663e-01 4.464137874777609483e-01 4.405071731310452043e-01 4.332712906817209886e-01 4.253142297934910387e-01 4.171043653976843069e-01 4.089896003034195759e-01 4.012156744734663993e-01 3.939440246350632280e-01 3.872704882540114468e-01 3.812448830487448204e-01 3.758881231304965764e-01 3.711982143172912196e-01 3.671317173003638135e-01 3.635489977392701300e-01
4.421208950102861746e-01 4.505595955336251790e-01 4.528549012029308152e-01 4.497401696617144284e-01 4.413145471700589129e-01 4.272080404838380918e-01 4.069693618595043305e-01 3.805210907534292142e-01 3.484971434157077552e-01 3.122977000331011443e-01 2.737993640190682920e-01 2.703455266470882745e-01 2.736573340938169285e-01 2.775825376394967514e-01 3.095563880569145998e-01 3.459657825068954695e-01 3.782401567199028536e-01 4.050173367580863215e-01 4.254140749834043334e-01 4.392460953762820641e-01 4.469847290608930934e-01 4.495370938056060806e-01 4.479880900355057705e-01 4.434028540544535657e-01 4.367192980783246581e-01 4.287123975437325263e-01 4.199979143482356347e-01 4.110506652080821444e-01 4.022248586540185800e-01 3.937727791879062078e-01 3.858621023911955050e-01 3.785932029850841984e-01 3.720172491458737518e-01 3.661535707409524498e-01 3.610003449754493610e-01 3.565272709197438439e-01 3.526369856056898455e-01
4.385253398398865077e-01 4.468186429961426565e-01 4.491508484402029766e-01 4.462222208387179867e-01 4.380413447444554964e-01 4.241358725468106772e-01 4.039662779727698494e-01 3.773903999907981532e-01 3.450051289285759326e-01 3.082095863805118796e-01 2.689291798435912151e-01 2.644798394185234880e-01 2.677449393782012632e-01 2.720358684132823668e-01 3.099567030227893816e-01 3.469135462891139166e-01 3.794470049552005064e-01 4.061755917805065508e-01 4.262526257012689279e-01 4.395592003177039575e-01 4.466358279533129139e-01 4.484477556855508973e-01 4.461222244192930564e-01 4.407523055449544813e-01 4.332929944457045712e-01 4.245290249851631503e-01 4.150814367976290442e-01 4.054280630842800881e-01 3.959255869351890333e-01 3.868293499193826146e-01 3.783109211859662646e-01 3.704746175140559705e-01 3.633741389810790645e-01 3.570291533516803395e-01 3.514382475827300678e-01 3.465793778752482845e-01 3.423847194813298689e-01
4.353937753979291170e-01 4.435830271858283713e-01 4.460041000189481353e-01 4.433192295491073520e-01 4.354431048563355278e-01 4.217945668995881081e-01 4.017332209990325254e-01 3.750324239284008598e-01 3.422266698928401185e-01 3.046877984651399363e-01 2.643715411837327389e-01 2.578791683289314851e-01 2.608574575740248980e-01 2.694236107186905871e-01 3.102844091514203040e-01 3.480026602426457560e-01 3.809546220796795613e-01 4.077343506129721407e-01 4.275403281825448931e-01 4.403343649755393496e-01 4.467423295922487991e-01 4.478009618221414079e-01 4.446889459668332822e-01 4.385322495596483683e-01 4.303047200489826807e-01 4.208005378188308110e-01 4.106444644682840095e-01 4.003150259023086077e-01 3.901685972502551003e-01 3.804607310767699757e-01 3.713645628419246503e-01 3.629871781742985415e-01 3.553851240548678292e-01 3.485797401060481415e-01 3.425706480994976655e-01 3.373410371616236136e-01 3.328429787194036038e-01
4.326940730424390646e-01 4.408656534294166929e-01 4.434704799055581015e-01 4.411276007424341783e-01 4.336528090287473103e-01 4.203471010375727235e-01 4.004537992416007941e-01 3.736396281193617441e-01 3.403496945804825313e-01 3.019016377441482990e-01 2.602628337308233730e-01 2.503348960414939484e-01 2.527312752910252924e-01 2.680859306511812479e-01 3.101825002375757090e-01 3.488781379707885377e-01 3.824154587993768284e-01 4.093614850582630860e-01 4.289695668382477733e-01 4.412973619678380865e-01 4.470710411385969141e-01 4.474100381972088702e-01 4.435504962362534775e-01 4.366525254250807064e-01 4.277069535241636578e-01 4.175143677078777538e-01 4.067004491240931441e-01 3.957423768256941865e-01 3.849948206613382773e-01 3.747125172109486702e-01 3.650694700432812190e-01 3.561754241639534246e-01 3.480905689144294657e-01 3.408395128552202391e-01 3.344242500857179667e-01 3.288320241094218055e-01 3.240283048327666782e-01
4.303184373296646270e-01 4.386029312516632750e-01 4.415233739649019329e-01 4.396510973466594696e-01 4.326980619485599755e-01 4.198380994968300972e-01 4.001822595110036129e-01 3.732676398592696954e-01 3.394221220749033541e-01 2.998818185034560768e-01 2.566070606761076678e-01 2.414325205011512709e-01 2.429011630438803193e-01 2.654825639027919015e-01 3.090117784266648293e-01 3.488494456974957081e-01 3.830957678389127485e-01 4.102989040882858984e-01 4.297839838870560758e-01 4.417224931865016968e-01 4.469545390350928016e-01 4.466885973818394695e-01 4.422167647831138915e-01 4.347255587250987152e-01 4.252119658630102439e-01 4.144724952524835859e-01 4.031260410056298205e-01 3.916443633116782896e-01 3.803795021321664249e-01 3.695865059412570264e-01 3.594424335572487528e-01 3.500624025375410620e-01 3.415133587527557357e-01 3.338266000946045198e-01 3.270096001438397293e-01 3.210548602186095724e-01 3.159381546766169002e-01
4.280460584964793647e-01 4.365952308593654130e-01 4.399712777629505855e-01 4.386971437470097435e-01 4.323804507164609734e-01 4.200629860559806361e-01 4.007109437577438538e-01 3.737102005264661964e-01 3.392427391665913672e-01 2.984333888077048691e-01 2.532134591787624234e-01 2.305300698603161835e-01 2.306886511290429098e-01 2.607591650274216910e-01 3.058056191356589570e-01 3.468282432835294027e-01 3.817980743520089093e-01 4.092720880255867333e-01 4.286773132070859638e-01 4.403225793302084634e-01 4.451738949279123170e-01 4.445277122109022594e-01 4.397192599068566743e-01 4.319404493882308960e-01 4.221702575877741004e-01 4.111788922385936629e-01 3.995618666440769462e-01 3.877760320603046984e-01 3.761678652437266956e-01 3.649946354650279168e-01 3.544412777190596442e-01 3.446345069164820640e-01 3.356547616746883289e-01 3.275467982759968089e-01 3.203298268879877786e-01 3.140061960868538171e-01 3.085629426161580202e-01
4.254783092943576484e-01 4.344184776034638595e-01 4.383474544598309208e-01 4.377486148380970721e-01 4.321357946952900653e-01 4.204248826718894327e-01 4.014333475284052044e-01 3.743785255511417054e-01 3.392666265495558608e-01 2.970751955722461535e-01 2.496746548632472196e-01 2.168476599780812253e-01 2.153144815148796964e-01 2.528837426186264503e-01 2.993570241088704953e-01 3.414219636596622087e-01 3.769636019146997419e-01 4.045997248350801656e-01 4.239044294255061018e-01 4.353525551562983931e-01 4.400448051381813386e-01 4.393556260847278350e-01 4.346384475105224410e-01 4.270562170877518771e-01 4.175324726774797823e-01 4.067766365585582800e-01 3.953337370312282051e-01 3.836280976226909001e-01 3.719923457646506781e-01 3.606853306533648329e-01 3.499045798174400534e-01 3.397963446533661669e-01 3.304641287475438283e-01 3.219763170246770501e-01 3.143738287272809795e-01 3.076775707459173947e-01 3.018915677361667105e-01
4.219790191124352385e-01 4.313541834503215600e-01 4.358345528778574951e-01 4.358882898077607315e-01 4.309635113384300276e-01 4.198734292749468078e-01 4.012965613494287598e-01 3.742717634504544866e-01 3.385988400935801557e-01 2.950627736009157620e-01 2.454246379357499508e-01 1.997017226190924422e-01 1.961670565443247027e-01 2.408965953324140041e-01 2.885038162545741081e-01 3.312625398645062669e-01 3.670451296727270663e-01 3.946023378960490380e-01 4.137094588188797717e-01 4.250355916668385192e-01 4.298186409780637707e-01 4.294925987884363194e-01 4.253961299299329757e-01 4.186222060080249663e-01 4.099957558085220999e-01 4.001250845072538698e-01 3.894709807201166551e-01 3.784002225486321480e-01 3.672158406302264977e-01 3.561710014632356591e-01 3.454754841938077470e-01 3.352998754154274397e-01 3.257790831687491506e-01 3.170157403629672022e-01 3.090843306945013080e-01 3.020362277695398667e-01 2.959026791208591023e-01
4.166910442726503017e-01 4.264235821243578251e-01 4.313232053425454238e-01 4.318854042044622532e-01 4.275403689549792108e-01 4.170407891316350590e-01 3.989516807239034679e-01 3.721334556561580742e-01 3.361508710705518599e-01 2.915432980760809811e-01 2.398960249602269668e-01 1.836936605080609353e-01 1.734142517432265829e-01 2.242907440767957228e-01 2.725748775322541229e-01 3.155272941408102660e-01 3.510996105176716897e-01 3.782524464631413230e-01 3.970106470183686342e-01 4.082549170950700579e-01 4.133523848366979503e-01 4.137722869216617361e-01 4.108061665690683761e-01 4.054421840002328525e-01 3.983722784338096790e-01 3.900710963587925573e-01 3.808854138531331812e-01 3.710984417899639287e-01 3.609623166179620202e-01 3.507086418202833289e-01 3.405492319805994983e-01 3.306742902125180406e-01 3.212504701991292233e-01 3.124194655161884326e-01 3.042978613731023851e-01 2.969786684647716668e-01 2.905324318650232551e-01
4.087020296654549911e-01 4.186013739606418982e-01 4.236792919781038891e-01 4.245147139358725341e-01 4.205817743242000750e-01 4.106284596614651061e-01 3.931445878257875948e-01 3.668234993906713814e-01 3.309740949968151824e-01 2.858379844231768718e-01 2.327486899154312394e-01 1.740817542456964129e-01 1.518550989354764957e-01 2.033729247169338838e-01 2.518201917231988052e-01 2.944429981263680385e-01 3.293602509815907742e-01 3.558006663421324212e-01 3.740620492642917072e-01 3.852313143320683642e-01 3.907827438516764951e-01 3.921946118838678941e-01 3.906895496957630831e-01 3.871363197928104904e-01 3.820844542849938241e-01 3.758664759850324777e-01 3.687039474543109541e-01 3.607809439614480529e-01 3.522792953890189760e-01 3.433876913873287195e-01 3.342990689613488109e-01 3.252049861487635862e-01 3.162899748749962714e-01 3.077264733210759995e-01 2.996709081157580834e-01 2.922614543182687763e-01 2.856160326137214822e-01
3.973680068648121066e-01 4.071995375507703185e-01 4.121879518970426037e-01 4.130524904992280422e-01 4.093734475288798302e-01 3.999514683926863046e-01 3.832448815228269856e-01 3.578024462137709971e-01 3.226721800447713839e-01 2.777614149063396543e-01 2.240843753761227464e-01 1.638159888257987029e-01 1.276173661577512386e-01 1.793954708964230482e-01 2.275749228496813936e-01 2.728235061328083133e-01 3.177373125740416415e-01 3.486752809804651299e-01 3.664961429047423058e-01 3.730904240209895195e-01 3.708627667800859506e-01 3.662496125553320603e-01 3.662299873397554806e-01 3.645242117378054147e-01 3.615642136946231044e-01 3.575665450074308471e-01 3.526464906086715922e-01 3.468957334203891518e-01 3.404193185646287034e-01 3.333452617171011045e-01 3.258221400811248669e-01 3.180137504902817991e-01 3.100936769325363662e-01 3.022399190104846367e-01 2.946297222406976668e-01 2.874350227255521584e-01 2.808174999133282168e-01
3.826909458111488749e-01 3.922827054149017889e-01 3.969995103143544313e-01 3.977414965140464997e-01 3.942405548194931053e-01 3.853943557869607961e-01 3.696696207107979526e-01 3.455024478240478758e-01 3.116977338402193709e-01 2.678228700599508683e-01 2.145347375139450563e-01 1.537346321005615690e-01 1.025630529101848459e-01 1.543217762946627325e-01 2.130698003671227525e-01 2.737672253394824451e-01 3.208697583512938878e-01 3.538802581042944095e-01 3.736982269649994914e-01 3.821775706613645407e-01 3.816146047336871905e-01 3.742986099524633348e-01 3.622170117651611343e-01 3.469444332897599903e-01 3.383193829382193929e-01 3.361996918766765319e-01 3.332745985716821790e-01 3.295776216255895674e-01 3.251525480870516294e-01 3.200640835056456912e-01 3.143985014648580933e-01 3.082626927858089783e-01 3.017835872052601620e-01 2.951071515450224281e-01 2.883962610365268242e-01 2.818273414550863110e-01 2.755848026326953581e-01
3.655581392875918434e-01 3.748929345545989333e-01 3.793282766096829905e-01 3.799559933192636629e-01 3.778781709660430921e-01 3.738632153387868584e-01 3.613416771834409014e-01 3.379794054086289745e-01 3.018653114890336719e-01 2.571760210479127062e-01 2.051497931812334419e-01 1.448593772494290444e-01 7.915540088035491473e-02 1.341393973708306930e-01 2.083238649832310219e-01 2.711222372010771431e-01 3.204414972296660835e-01 3.558317608572167390e-01 3.781899003133010750e-01 3.892852077338280758e-01 3.912575099164390391e-01 3.862061123990978562e-01 3.759381214626235646e-01 3.618881487528332053e-01 3.451690178553482036e-01 3.266819364334670461e-01 3.119652368831944411e-01 3.097564798561649457e-01 3.069759586960635334e-01 3.036448301572938768e-01 2.997888891123769994e-01 2.954438762040164090e-01 2.906627269248736600e-01 2.855228047857114038e-01 2.801312777184807312e-01 2.746275940068503840e-01 2.691815570411313363e-01
3.476700039643768059e-01 3.626241624727526980e-01 3.747692624544754492e-01 3.825173364977388357e-01 3.854211673443955766e-01 3.819338134345741653e-01 3.699223530302845342e-01 3.471327131289285717e-01 3.116474656985284697e-01 2.623865654733852915e-01 1.996078871381826159e-01 1.381194186023631254e-01 7.294460667792951325e-02 1.252337425038490548e-01 2.008185410750930600e-01 2.653567206606927131e-01 3.167686263524691070e-01 3.546062906905414480e-01 3.797209893817580229e-01 3.937716993895624684e-01 3.987341107901765103e-01 3.965201063694564487e-01 3.887589367273240892e-01 3.767384895848522319e-01 3.614633689968400065e-01 3.437641135672663273e-01 3.243961442566198339e-01 3.040935132514012706e-01 2.871048699470962751e-01 2.849243789581923370e-01 2.824482377714353509e-01 2.796524082921958976e-01 2.765119270531794515e-01 2.730171514663582988e-01 2.691889141397658669e-01 2.650904686412428046e-01 2.608337863597795514e-01
3.495570918123235282e-01 3.686505899618585658e-01 3.815627046082037399e-01 3.895568726696183037e-01 3.923894462489158630e-01 3.887373432393739225e-01 3.766705283605669141e-01 3.540773815012964176e-01 3.190927472695458955e-01 2.705879048013893340e-01 2.086854517458107128e-01 1.351454608984037631e-01 7.008691557960493312e-02 1.149432779864620613e-01 1.913773394831631836e-01 2.572892935212640619e-01 3.105722274155577334e-01 3.507244254944642536e-01 3.785109841598890967e-01 3.954711447427750048e-01 4.034377858442041997e-01 4.041759037019365675e-01 3.991813183939958432e-01 3.896295084866134295e-01 3.764306595962940150e-01 3.603319513109435324e-01 3.420137286040149660e-01 3.221482395941507315e-01 3.014157895887403238e-01 2.804908664442545274e-01 2.635400945782886417e-01 2.617146589553562275e-01 2.598054378971981215e-01 2.577270547747995133e-01 2.554097058736837789e-01 2.528209687070482325e-01 2.499827796199746988e-01
