BlockUplift_2Ma_1kryTimeStep_2mmyr_k_1e-05_m_0.5_n_1.0_LinDiffusion_0.5_3x6km_30mRes_topographic__elevation.txt
nrows 200
cellsize 30.0
xllcorner 0.0
ncols 100
yllcorner 0.0
[rows 153 to 169 of 200, columns 37 to 73 of 100]
7.051491397813070989e+02 7.051491404573214368e+02 7.051491410639933974e+02 7.051491415996252954e+02 7.051491420630064795e+02 7.051491424533512600e+02 7.051491427702324017e+02 7.051491430135199607e+02 7.051491431833259185e+02 7.051491432799612085e+02 7.051491433039064987e+02 7.051491432557999133e+02 7.051491431364407845e+02 7.051491429468086380e+02 7.051491426880957079e+02 7.051491423617518421e+02 7.051491419695356626e+02 7.051491415135698162e+02 7.051491409963974775e+02 7.051491404210349856e+02 7.051491397910164096e+02 7.051491391104294735e+02 7.051491383839362470e+02 7.051491376167788303e+02 7.051491368147668481e+02 7.051491359842457314e+02 7.051491351320430567e+02 7.051491342653959009e+02 7.051491333918575037e+02 7.051491325191860824e+02 7.051491316552172748e+02 7.051491308077243048e+02 7.051491299842704166e+02 7.051491291920564208e+02 7.051491284377716511e+02 7.051491277274509457e+02 7.051491270663457271e+02
6.887222126366127668e+02 6.887222133233611885e+02 6.887222139388277355e+02 6.887222144814227249e+02 6.887222149500688602e+02 6.887222153441241517e+02 6.887222156633037002e+02 6.887222159076054595e+02 6.887222160772452071e+02 6.887222161726047034e+02 6.887222161941996319e+02 6.887222161426647062e+02 6.887222160187590134e+02 6.887222158233896607e+02 6.887222155576514524e+02 6.887222152228786172e+02 6.887222148207068813e+02 6.887222143531391794e+02 6.887222138226119341e+02 6.887222132320578112e+02 6.887222125849611984e+02 6.887222118854001565e+02 6.887222111380765455e+02 6.887222103483263709e+02 6.887222095221114841e+02 6.887222086659877505e+02 6.887222077870530939e+02 6.887222068928703038e+02 6.887222059913684689e+02 6.887222050907234916e+02 6.887222041992200730e+02 6.887222033250994855e+02 6.887222024763966601e+02 6.887222016607742034e+02 6.887222008853565285e+02 6.887222001565719438e+02 6.887221994800081575e+02
6.723514072293405661e+02 6.723514079266793715e+02 6.723514085506934634e+02 6.723514090999316295e+02 6.723514095734817602e+02 6.723514099708788763e+02 6.723514102920106552e+02 6.723514105370285279e+02 6.723514107062710536e+02 6.723514108002042349e+02 6.723514108193829770e+02 6.723514107644352862e+02 6.723514106360702272e+02 6.723514104351061178e+02 6.723514101625179364e+02 6.723514098194997359e+02 6.723514094075370622e+02 6.723514089284844886e+02 6.723514083846441736e+02 6.723514077788394161e+02 6.723514071144808213e+02 6.723514063956193922e+02 6.723514056269817729e+02 6.723514048139898023e+02 6.723514039627543752e+02 6.723514030800473620e+02 6.723514021732482888e+02 6.723514012502646437e+02 6.723514003194268298e+02 6.723513993893604948e+02 6.723513984688365781e+02 6.723513975666052147e+02 6.723513966912177011e+02 6.723513958508425503e+02 6.723513950530824559e+02 6.723513943047987595e+02 6.723513936119506980e+02
6.560361405894252584e+02 6.560361412971593609e+02 6.560361419294102916e+02 6.560361424849008927e+02 6.560361429629233498e+02 6.560361433632275521e+02 6.560361436859091100e+02 6.560361439313030587e+02 6.560361440998938178e+02 6.560361441922450467e+02 6.560361442089559887e+02 6.560361441506441906e+02 6.560361440179564170e+02 6.560361438116025283e+02 6.560361435324132344e+02 6.560361431814131947e+02 6.560361427599061699e+02 6.560361422695666533e+02 6.560361417125308208e+02 6.560361410914836142e+02 6.560361404097363902e+02 6.560361396712897886e+02 6.560361388808803440e+02 6.560361380440044741e+02 6.560361371669191612e+02 6.560361362566161461e+02 6.560361353207686079e+02 6.560361343676484012e+02 6.560361334060149829e+02 6.560361324449784206e+02 6.560361314938365922e+02 6.560361305618946517e+02 6.560361296582688055e+02 6.560361287916830406e+02 6.560361279702666479e+02 6.560361272013586813e+02 6.560361264913298101e+02
6.397758399656808024e+02 6.397758406835513370e+02 6.397758413236504111e+02 6.397758418849172131e+02 6.397758423668936985e+02 6.397758427695904402e+02 6.397758430933520231e+02 6.397758433387321020e+02 6.397758435063863089e+02 6.397758435969923312e+02 6.397758436111989795e+02 6.397758435496082257e+02 6.397758434127891860e+02 6.397758432013212087e+02 6.397758429158614035e+02 6.397758425572317265e+02 6.397758421265190236e+02 6.397758416251806466e+02 6.397758410551517727e+02 6.397758404189459043e+02 6.397758397197454769e+02 6.397758389614771204e+02 6.397758381488672512e+02 6.397758372874748147e+02 6.397758363836982198e+02 6.397758354447524880e+02 6.397758344786163889e+02 6.397758334939466067e+02 6.397758324999616661e+02 6.397758315062937982e+02 6.397758305228130666e+02 6.397758295594300080e+02 6.397758286258795124e+02 6.397758277314969746e+02 6.397758268849926253e+02 6.397758260942338211e+02 6.397758253660460923e+02
6.235699425716451287e+02 6.235699432993152413e+02 6.235699439467786078e+02 6.235699445132420351e+02 6.235699449985512501e+02 6.235699454030304878e+02 6.235699457273218513e+02 6.235699459722376332e+02 6.235699461386351459e+02 6.235699462273231575e+02 6.235699462390055032e+02 6.235699461742613039e+02 6.235699460335648610e+02 6.235699458173377252e+02 6.235699455260300965e+02 6.235699451602231420e+02 6.235699447207455250e+02 6.235699442087973239e+02 6.235699436260724724e+02 6.235699429748759712e+02 6.235699422582287070e+02 6.235699414799552187e+02 6.235699406447502042e+02 6.235699397582210395e+02 6.235699388269003975e+02 6.235699378582290819e+02 6.235699368605030486e+02 6.235699358427865491e+02 6.235699348147885530e+02 6.235699337867042686e+02 6.235699327690257405e+02 6.235699317723242530e+02 6.235699308070145435e+02 6.235699298831051465e+02 6.235699290099480550e+02 6.235699281959961127e+02 6.235699274485798469e+02
6.074178953396843781e+02 6.074178960767216040e+02 6.074178967309512700e+02 6.074178973019081695e+02 6.074178977898054654e+02 6.074178981953435823e+02 6.074178985195192126e+02 6.074178987634497844e+02 6.074178989282280554e+02 6.074178990148138837e+02 6.074178990239704490e+02 6.074178989562452671e+02 6.074178988119958831e+02 6.074178985914549003e+02 6.074178982948260455e+02 6.074178979224058139e+02 6.074178974747193251e+02 6.074178969526624314e+02 6.074178963576437127e+02 6.074178956917189680e+02 6.074178949577104731e+02 6.074178941593091849e+02 6.074178933011540948e+02 6.074178923888829331e+02 6.074178914291552474e+02 6.074178904296377368e+02 6.074178893989559356e+02 6.074178883466039451e+02 6.074178872828148315e+02 6.074178862183918000e+02 6.074178851645027635e+02 6.074178841324427367e+02 6.074178831333726976e+02 6.074178821780441240e+02 6.074178812765198927e+02 6.074178804379022267e+02 6.074178796700829253e+02
5.913191546830222478e+02 5.913191554288787302e+02 5.913191560891394829e+02 5.913191566637384540e+02 5.913191571533326396e+02 5.913191575590726643e+02 5.913191578823750660e+02 5.913191581247167505e+02 5.913191582874646883e+02 5.913191583717509729e+02 5.913191583784024488e+02 5.913191583079224074e+02 5.913191581605259444e+02 5.913191579362186303e+02 5.913191576349128127e+02 5.913191572565699516e+02 5.913191568013589858e+02 5.913191562698200414e+02 5.913191556630273453e+02 5.913191549827413382e+02 5.913191542315454399e+02 5.913191534129626916e+02 5.913191525315476156e+02 5.913191515929494244e+02 5.913191506039423757e+02 5.913191495724197466e+02 5.913191485073469948e+02 5.913191474186711503e+02 5.913191463171858686e+02 5.913191452143505558e+02 5.913191441220686784e+02 5.913191430524270800e+02 5.913191420174086943e+02 5.913191410285866141e+02 5.913191400968112248e+02 5.913191392319075703e+02 5.913191384423926138e+02
5.752731862653761254e+02 5.752731870193646273e+02 5.752731876847565218e+02 5.752731882619707449e+02 5.752731887521974841e+02 5.752731891571241931e+02 5.752731894786650173e+02 5.752731897187185268e+02 5.752731898789692195e+02 5.752731899607450714e+02 5.752731899649387515e+02 5.752731898919937521e+02 5.752731897419499774e+02 5.752731895145417411e+02 5.752731892093365786e+02 5.752731888259033894e+02 5.752731883639960415e+02 5.752731878237414094e+02 5.752731872058245699e+02 5.752731865116610379e+02 5.752731857435504708e+02 5.752731849048097956e+02 5.752731839998780288e+02 5.752731830343918773e+02 5.752731820152275759e+02 5.752731809505016827e+02 5.752731798495293560e+02 5.752731787227345421e+02 5.752731775815090032e+02 5.752731764380210961e+02 5.752731753049746430e+02 5.752731741953251685e+02 5.752731731219614630e+02 5.752731720973658867e+02 5.752731711332647819e+02 5.752731702402875271e+02 5.752731694276499184e+02
5.592794647778980561e+02 5.592794655391641072e+02 5.592794662085908612e+02 5.592794667871843330e+02 5.592794672767747670e+02 5.592794676796881959e+02 5.592794679984265258e+02 5.592794682353821827e+02 5.592794683926060770e+02 5.592794684716467373e+02 5.592794684734637940e+02 5.592794683984186577e+02 5.592794682463367053e+02 5.592794680166276748e+02 5.592794677084525574e+02 5.592794673209215262e+02 5.592794668533065305e+02 5.592794663052574151e+02 5.592794656770105348e+02 5.592794649695817952e+02 5.592794641849393429e+02 5.592794633261513582e+02 5.592794623975066770e+02 5.592794614046031256e+02 5.592794603544009533e+02 5.592794592552346558e+02 5.592794581167777324e+02 5.592794569499537829e+02 5.592794557667928075e+02 5.592794545802280481e+02 5.592794534038358734e+02 5.592794522515245035e+02 5.592794511371836279e+02 5.592794500743037815e+02 5.592794490755862853e+02 5.592794481525588708e+02 5.592794473152188175e+02
5.433374737231331437e+02 5.433374744906208207e+02 5.433374751627519572e+02 5.433374757412411782e+02 5.433374762286846362e+02 5.433374766281679058e+02 5.433374769428862692e+02 5.433374771758078623e+02 5.433374773294061697e+02 5.433374774054753971e+02 5.433374774050390670e+02 5.433374773283487684e+02 5.433374771749657839e+02 5.433374769439117244e+02 5.433374766338687323e+02 5.433374762434119702e+02 5.433374757712570045e+02 5.433374752165060499e+02 5.433374745788819382e+02 5.433374738589425306e+02 5.433374730582721668e+02 5.433374721796453741e+02 5.433374712271617000e+02 5.433374702063491668e+02 5.433374691242311201e+02 5.433374679893504435e+02 5.433374668117440933e+02 5.433374656028582876e+02 5.433374643754024191e+02 5.433374631431349826e+02 5.433374619205829958e+02 5.433374607227023034e+02 5.433374595644885403e+02 5.433374584605529662e+02 5.433374574246842030e+02 5.433374564694153150e+02 5.433374556056193114e+02
5.274467052057212868e+02 5.274467059781334228e+02 5.274467066513587952e+02 5.274467072279659305e+02 5.274467077114674112e+02 5.274467081058505755e+02 5.274467084151261815e+02 5.274467086429340270e+02 5.274467087922312203e+02 5.274467088650845881e+02 5.274467088625733595e+02 5.274467087848015581e+02 5.274467086310058903e+02 5.274467083997426471e+02 5.274467080891300839e+02 5.274467076971217239e+02 5.274467072217934174e+02 5.274467066616218744e+02 5.274467060157467131e+02 5.274467052842061321e+02 5.274467044681459811e+02 5.274467035699979078e+02 5.274467025936295386e+02 5.274467015444638491e+02 5.274467004295607921e+02 5.274466992576577695e+02 5.274466980391561037e+02 5.274466967860457771e+02 5.274466955117576390e+02 5.274466942309395563e+02 5.274466929591558255e+02 5.274466917125143937e+02 5.274466905072353029e+02 5.274466893591783219e+02 5.274466882833470436e+02 5.274466872934015100e+02 5.274466864011988037e+02
5.116066597295794622e+02 5.116066605053295575e+02 5.116066611777061439e+02 5.116066617503055340e+02 5.116066622277348870e+02 5.116066626150511070e+02 5.116066629172248668e+02 5.116066631386767085e+02 5.116066632829159175e+02 5.116066633523070095e+02 5.116066633479704251e+02 5.116066632698128842e+02 5.116066631166709158e+02 5.116066628865431767e+02 5.116066625768834797e+02 5.116066621849248577e+02 5.116066617080093692e+02 5.116066611439047165e+02 5.116066604910933506e+02 5.116066597490297454e+02 5.116066589183636211e+02 5.116066580011327574e+02 5.116066570009268162e+02 5.116066559230220037e+02 5.116066547744825925e+02 5.116066535642197550e+02 5.116066523029960535e+02 5.116066510033620034e+02 5.116066496795120315e+02 5.116066483470523281e+02 5.116066470226782030e+02 5.116066457237665190e+02 5.116066444678966150e+02 5.116066432723195021e+02 5.116066421534005144e+02 5.116066411260659379e+02 5.116066402032806195e+02
4.958168460013208119e+02 4.958168467784756785e+02 4.958168474476634628e+02 4.958168480137160827e+02 4.958168484825482665e+02 4.958168488604848676e+02 4.958168491536250713e+02 4.958168493672953900e+02 4.958168495056329448e+02 4.958168495713235870e+02 4.958168495655039010e+02 4.958168494878184447e+02 4.958168493366086977e+02 4.958168491092038153e+02 4.958168488022755014e+02 4.958168484122216455e+02 4.958168479355473437e+02 4.958168473692207954e+02 4.958168467109910011e+02 4.958168459596630555e+02 4.958168451153330807e+02 4.958168441795920671e+02 4.958168431557009512e+02 4.958168420487427284e+02 4.958168408657451209e+02 4.958168396157640814e+02 4.958168383099121002e+02 4.958168369613126742e+02 4.958168355849650766e+02 4.958168341975059548e+02 4.958168328168647463e+02 4.958168314618176851e+02 4.958168301514544964e+02 4.958168289045817687e+02 4.958168277390935259e+02 4.958168266713412891e+02 4.958168257155406309e+02
4.800767807396701983e+02 4.800767815158807821e+02 4.800767821790660150e+02 4.800767827355430200e+02 4.800767831927873885e+02 4.800767835586277101e+02 4.800767838404886447e+02 4.800767840447471713e+02 4.800767841762504418e+02 4.800767842380252546e+02 4.800767842311861955e+02 4.800767841550297703e+02 4.800767840072841750e+02 4.800767837844726955e+02 4.800767834823460021e+02 4.800767830963359302e+02 4.800767826219957328e+02 4.800767820553990646e+02 4.800767813934838841e+02 4.800767806343417874e+02 4.800767797774598193e+02 4.800767788239281799e+02 4.800767777766255904e+02 4.800767766403875498e+02 4.800767754221547534e+02 4.800767741310876318e+02 4.800767727786268324e+02 4.800767713784742341e+02 4.800767699464722682e+02 4.800767685003638690e+02 4.800767670594254355e+02 4.800767656439780922e+02 4.800767642747936748e+02 4.800767629724220456e+02 4.800767617564767988e+02 4.800767606449182949e+02 4.800767596533758592e+02
4.643859884906538014e+02 4.643859892630727018e+02 4.643859899168764400e+02 4.643859904601667381e+02 4.643859909022835950e+02 4.643859912528389486e+02 4.643859915208144571e+02 4.643859917138028095e+02 4.643859918374508311e+02 4.643859918951387726e+02 4.643859918879023780e+02 4.643859918145785173e+02 4.643859916721327750e+02 4.643859914561169830e+02 4.643859911611951361e+02 4.643859907816835175e+02 4.643859903120579133e+02 4.643859897473980141e+02 4.643859890837553621e+02 4.643859883184493356e+02 4.643859874503063452e+02 4.643859864798642434e+02 4.643859854095622950e+02 4.643859842439260888e+02 4.643859829897460259e+02 4.643859816562319907e+02 4.643859802551168627e+02 4.643859788006753320e+02 4.643859773096273784e+02 4.643859758009002121e+02 4.643859742952407146e+02 4.643859728146789507e+02 4.643859713818638966e+02 4.643859700193032722e+02 4.643859687485501695e+02 4.643859675893846202e+02 4.643859665590380814e+02
4.487440014483477739e+02 4.487440022135293702e+02 4.487440028538974275e+02 4.487440033796978582e+02 4.487440038024990372e+02 4.487440041340290122e+02 4.487440043850988900e+02 4.487440045647068700e+02 4.487440046793952888e+02 4.487440047328997252e+02 4.487440047260956248e+02 4.487440046572135657e+02 4.487440045222696199e+02 4.487440043156403249e+02 4.487440040307071740e+02 4.487440036604990041e+02 4.487440031982771416e+02 4.487440026380270410e+02 4.487440019748449345e+02 4.487440012052286988e+02 4.487440003273020466e+02 4.487439993410034162e+02 4.487439982482728738e+02 4.487439970532534517e+02 4.487439957625056195e+02 4.487439943852139663e+02 4.487439929333486361e+02 4.487439914217369505e+02 4.487439898680024157e+02 4.487439882923375194e+02 4.487439867170947423e+02 4.487439851661977173e+02 4.487439836643956710e+02 4.487439822364009956e+02 4.487439809059598019e+02 4.487439796949149695e+02 4.487439786223170017e+02
