BlockUplift_2Ma_1kryTimeStep_5mmyr_k_5e-05_m_0.5_n_1.0_LinDiffusion_1.0_6x3km_30mRes_topographic__elevation.txt
nrows 100
cellsize 30.0
xllcorner 0.0
ncols 200
yllcorner 0.0
[rows 17 to 33 of 100, columns 111 to 147 of 200]
2.409027376615374010e+02 2.374747701984297237e+02 2.343318716994623401e+02 2.315288770523714277e+02 2.291054305441738279e+02 2.270824136478691173e+02 2.254603651980706331e+02 2.242202741075210213e+02 2.233266244907933640e+02 2.227321170613681431e+02 2.223831987583542116e+02 2.222254660197066016e+02 2.222081563325347702e+02 2.222872395859367316e+02 2.224269681524687030e+02 2.226000497977300085e+02 2.227868079794796756e+02 2.229737687457651987e+02 2.231520785720495610e+02 2.233160525182395304e+02 2.234620222337304654e+02 2.235875354986016248e+02 2.236908745513511008e+02 2.237708150689828415e+02 2.238265357912525246e+02 2.238575998909377347e+02 2.238639530424031534e+02 2.238459126696212707e+02 2.238041544883286065e+02 2.237397344409209552e+02 2.236542139399389555e+02 2.235499784267554162e+02 2.234308442057759692e+02 2.233030246126179179e+02 2.231764639316506589e+02 2.230664440372698323e+02 2.229952362232480709e+02
2.367069139577712349e+02 2.331281035775715225e+02 2.298146600518434752e+02 2.268257863598733195e+02 2.242077442667025764e+02 2.219896365024469276e+02 2.201808134451021033e+02 2.187704899458595094e+02 2.177297037810430140e+02 2.170152660714409478e+02 2.165749754931534881e+02 2.163531834041050388e+02 2.162958343400685237e+02 2.163543292494395303e+02 2.164878854707720279e+02 2.166644014375013398e+02 2.168600950084157830e+02 2.170583276503151069e+02 2.172480485799474081e+02 2.174222214273326870e+02 2.175764746448555229e+02 2.177080884910331520e+02 2.178153265125932876e+02 2.178970524201843659e+02 2.179525445828591046e+02 2.179814222159154724e+02 2.179836193678114853e+02 2.179593760872527071e+02 2.179092543112406872e+02 2.178342241299493480e+02 2.177358983844113993e+02 2.176170115741098243e+02 2.174822316456150020e+02 2.173393492920156973e+02 2.172008030810433183e+02 2.170853757074906127e+02 2.170197586458417334e+02
2.326825402780883394e+02 2.289692173894938492e+02 2.254986532248832987e+02 2.223331740003965251e+02 2.195246914905268909e+02 2.171100433480206391e+02 2.151075151558340508e+02 2.135152960265949389e+02 2.123122412979042224e+02 2.114608433644347087e+02 2.109118728898467623e+02 2.106098600974984265e+02 2.104985031922782639e+02 2.105252176428026303e+02 2.106443181279173302e+02 2.108186637013786253e+02 2.110199043232790928e+02 2.112276773462105268e+02 2.114281894523867322e+02 2.116125946755977907e+02 2.117754794935999314e+02 2.119136365382357496e+02 2.120251876134669828e+02 2.121090281753824627e+02 2.121645174228166297e+02 2.121913273602535526e+02 2.121893814801153724e+02 2.121588487102652891e+02 2.121002015466509931e+02 2.120143900307728302e+02 2.119032157426996434e+02 2.117700007108902298e+02 2.116206228370067208e+02 2.114649231018812259e+02 2.113183806859379672e+02 2.112038152930017532e+02 2.111527434499158744e+02
2.288279520995775442e+02 2.249984385405864202e+02 2.213871359660689677e+02 2.180581025901691419e+02 2.150676483043977214e+02 2.124594707552897148e+02 2.102604833167486618e+02 2.084782001084047351e+02 2.071002652303056379e+02 2.060962839236670163e+02 2.054216471930997727e+02 2.050226615171420121e+02 2.048420946336391921e+02 2.048242631323678324e+02 2.049189905441624830e+02 2.050840803220542909e+02 2.052862818650121142e+02 2.055009967005827889e+02 2.057111271093247638e+02 2.059055025484458952e+02 2.060772552611521462e+02 2.062223980745520180e+02 2.063387281575576537e+02 2.064250731187502765e+02 2.064808274030715154e+02 2.065057005113521029e+02 2.064996076996452530e+02 2.064626675210135147e+02 2.063953163372663937e+02 2.062985946025346209e+02 2.061746892720007622e+02 2.060278166064902905e+02 2.058654875298069555e+02 2.057001083659464200e+02 2.055507413867969433e+02 2.054447077031945526e+02 2.054186012015288441e+02
2.251370651613827647e+02 2.212108456874987326e+02 2.174773749061633339e+02 2.140010030425279979e+02 2.108409881418690475e+02 2.080466797644991743e+02 2.056528907657135790e+02 2.036763739572930945e+02 2.021141589762389117e+02 2.009441496720402256e+02 2.001279251487573845e+02 1.996152495579960373e+02 1.993494899137385801e+02 1.992730373882850756e+02 1.993319332615508870e+02 1.994791644631135057e+02 1.996764276443907988e+02 1.998944724109719857e+02 2.001123546015025170e+02 2.003160289580347637e+02 2.004966955004635736e+02 2.006492204009185798e+02 2.007708250523176901e+02 2.008601163389052999e+02 2.009164432547490549e+02 2.009395208035820133e+02 2.009292594862149883e+02 2.008857671132811049e+02 2.008095339806782818e+02 2.007018550724169756e+02 2.005655655400407227e+02 2.004061513084349713e+02 2.002332339874313902e+02 2.000623186580001800e+02 1.999165520162317193e+02 1.998281028984414434e+02 1.998386963671759702e+02
2.216006472989334952e+02 2.175975403323383830e+02 2.137618126664504814e+02 2.101567168324266675e+02 2.068429124840495774e+02 2.038739427106650624e+02 2.012914155320192720e+02 1.991207942752161557e+02 1.973686617308077871e+02 1.960220673849669311e+02 1.950501549812122164e+02 1.944078068644611790e+02 1.940406536140535536e+02 1.938905791173977491e+02 1.939008449925008790e+02 1.940201433045318140e+02 1.942051917144428614e+02 1.944218173424573308e+02 1.946447506768016353e+02 1.948565167127910058e+02 1.950458551763878461e+02 1.952060472529197455e+02 1.953334141220843492e+02 1.954261271746278226e+02 1.954833659887461010e+02 1.955047974513232418e+02 1.954903316067223500e+02 1.954401282003712481e+02 1.953548654566678522e+02 1.952363179714476757e+02 1.950883015629433714e+02 1.949180111312303438e+02 1.947376943055065794e+02 1.945664762281564322e+02 1.944320066252377330e+02 1.943714847951027593e+02 1.944315842919092177e+02
2.182074698298823989e+02 2.141468607044259613e+02 2.102292745386563411e+02 2.065156170319488353e+02 2.030664123780198054e+02 1.999377902160182146e+02 1.971767486670831317e+02 1.948165224647528930e+02 1.928729644581882212e+02 1.913427083987127446e+02 1.902035460586320710e+02 1.894170061445930742e+02 1.889326838033486808e+02 1.886935516170022424e+02 1.886413598063517441e+02 1.887213182611960178e+02 1.888855002033031383e+02 1.890947328421184181e+02 1.893190528964227610e+02 1.895370334923752296e+02 1.897343997970059490e+02 1.899023483654236202e+02 1.900359022032673408e+02 1.901325146203239456e+02 1.901910214972504605e+02 1.902109616333573285e+02 1.901922491235269774e+02 1.901351848236481601e+02 1.900408184619164444e+02 1.899116947315726804e+02 1.897530110780871269e+02 1.895741635129611211e+02 1.893905550174124528e+02 1.892254042110149612e+02 1.891111568058940122e+02 1.890900211821154926e+02 1.892131745953039399e+02
2.149452881287337220e+02 2.108454745945142008e+02 2.068661177213844553e+02 2.030647408987705944e+02 1.995003052635543952e+02 1.962298814708723000e+02 1.933042496945076323e+02 1.907631295234528466e+02 1.886309240432552770e+02 1.869138422847649679e+02 1.855990310730114459e+02 1.846559535097599678e+02 1.840397986129220556e+02 1.836963141450389969e+02 1.835672205784482287e+02 1.835953358023494388e+02 1.837287033468947470e+02 1.839233066108917285e+02 1.841442782519067975e+02 1.843657935711662219e+02 1.845700144095860082e+02 1.847455096492824111e+02 1.848855385992819151e+02 1.849864842798571090e+02 1.850466094715827694e+02 1.850652146719509403e+02 1.850422219140987465e+02 1.849781910666906128e+02 1.848747796755348816e+02 1.847356587534495702e+02 1.845678699186196070e+02 1.843835374719094204e+02 1.842017332492543460e+02 1.840501558068329473e+02 1.839661732763341888e+02 1.839967461807485734e+02 1.841968390701697160e+02
2.118016204713830177e+02 2.076793026932169539e+02 2.036572620720044426e+02 1.997888679919420838e+02 1.961302850215068077e+02 1.927379480402752847e+02 1.896647182307081891e+02 1.869552552196328747e+02 1.846414036066287565e+02 1.827384861892829804e+02 1.812432792058143320e+02 1.801341341461911441e+02 1.793732820283318290e+02 1.789109215461921849e+02 1.786903645168890193e+02 1.786533677684230099e+02 1.787448402082394807e+02 1.789163393586214568e+02 1.791280851539870298e+02 1.793495309833076021e+02 1.795587702897483666e+02 1.797411836735924169e+02 1.798877469303846794e+02 1.799933547288458726e+02 1.800554109388797883e+02 1.800728350038427550e+02 1.800455592243282865e+02 1.799745495683437184e+02 1.798623600784555094e+02 1.797142050699012827e+02 1.795394808999626832e+02 1.793535777689483268e+02 1.791796992035777976e+02 1.790502833749042964e+02 1.790075454714003911e+02 1.791026869698668236e+02 1.793934807367288613e+02
2.087643159282010572e+02 2.046342443406576308e+02 2.005870574155796078e+02 1.966714871888076459e+02 1.929399245904645852e+02 1.894467551143313244e+02 1.862452379534161935e+02 1.833832750411379209e+02 1.808987311564310687e+02 1.788151583107355123e+02 1.771387798442971189e+02 1.758573845202112409e+02 1.749414117412930807e+02 1.743470694051442536e+02 1.740209306373091636e+02 1.739052040570048803e+02 1.739428178793182269e+02 1.740815954795510834e+02 1.742770717685125135e+02 1.744938204215910389e+02 1.747054476618560557e+02 1.748936008630511481e+02 1.750464194615461508e+02 1.751568364897071604e+02 1.752210582065946483e+02 1.752374478489042531e+02 1.752059478519436482e+02 1.751281047011417797e+02 1.750077050700029417e+02 1.748519729742813524e+02 1.746731972914674884e+02 1.744905511365039104e+02 1.743317437557046503e+02 1.742340481355103918e+02 1.742442231085180993e+02 1.744169425666931090e+02 1.748115747256748875e+02
2.058219223334396588e+02 2.016966989080211476e+02 1.976399618871265318e+02 1.936956106170831617e+02 1.899115781403437211e+02 1.863390238452539904e+02 1.830300415369344194e+02 1.800340356037688707e+02 1.773932536052266471e+02 1.751382295231263413e+02 1.732840050231390876e+02 1.718279082883632043e+02 1.707493892928565913e+02 1.700120028798436920e+02 1.695672019960711907e+02 1.693592641076792802e+02 1.693305060723962470e+02 1.694259751268600382e+02 1.695970068255745673e+02 1.698033426288034775e+02 1.700138129886032914e+02 1.702058421069738188e+02 1.703641765535716104e+02 1.704792776591910126e+02 1.705457719522799493e+02 1.705612622847067712e+02 1.705256979251615519e+02 1.704414029688430503e+02 1.703137699820495925e+02 1.701525299958777566e+02 1.699734012312383129e+02 1.697997996794608753e+02 1.696641863005274899e+02 1.696085671223727616e+02 1.696836989589029656e+02 1.699467165046676485e+02 1.704571838886753028e+02
2.029638820078040737e+02 1.988538956795740944e+02 1.948010259441942651e+02 1.908444102855100368e+02 1.870271424797254269e+02 1.833962642058376105e+02 1.800013436084644525e+02 1.768916113110498429e+02 1.741119511834229456e+02 1.716983538700587246e+02 1.696736468599900149e+02 1.680443444240743247e+02 1.667992880710947361e+02 1.659104063467456740e+02 1.653354970226479281e+02 1.650225363326209163e+02 1.649147507228411769e+02 1.649556070407920743e+02 1.650929900421428442e+02 1.652820912724791356e+02 1.654868491991771577e+02 1.656800732872420667e+02 1.658425939110114768e+02 1.659618805120038303e+02 1.660305705882475706e+02 1.660452806681393554e+02 1.660059600161415290e+02 1.659159222514661565e+02 1.657825598535515894e+02 1.656186131035305493e+02 1.654437303658675376e+02 1.652859331476030604e+02 1.651825144344905709e+02 1.651798903301352368e+02 1.653320279890489815e+02 1.656973004400356047e+02 1.663339461521458134e+02
2.001805960717209700e+02 1.960940627434390819e+02 1.920561970668942138e+02 1.881016738142530755e+02 1.842686554431272725e+02 1.805994808901226918e+02 1.771400954032473010e+02 1.739380350697966549e+02 1.710390718758684727e+02 1.684829499971480686e+02 1.662989168483986759e+02 1.645018880921713560e+02 1.630900295082072660e+02 1.620442888504480266e+02 1.613300246736296799e+02 1.609004564862729580e+02 1.607013124207284989e+02 1.606758632000730529e+02 1.607695401546083360e+02 1.609335183350218585e+02 1.611269367611406551e+02 1.613177416388489007e+02 1.614823998535482588e+02 1.616048931922792065e+02 1.616754569514498314e+02 1.616894851699397009e+02 1.616469168039464250e+02 1.615522704777694116e+02 1.614153307379354487e+02 1.612523210458675180e+02 1.610872439331945714e+02 1.609529499431102124e+02 1.608914456644878044e+02 1.609530000678130932e+02 1.611937773783814976e+02 1.616720050733058258e+02 1.624430298915955007e+02
1.974634095941174508e+02 1.934064823983192412e+02 1.893924818610913121e+02 1.854521001910094071e+02 1.816187337737432586e+02 1.779297370175209494e+02 1.744266321743226911e+02 1.711539670431739069e+02 1.681567504349923183e+02 1.654767054322754802e+02 1.631478905957872882e+02 1.611924605671054849e+02 1.596173943839861238e+02 1.584128786817636581e+02 1.575527183408403857e+02 1.569967375044760445e+02 1.566947375040234647e+02 1.565912980816637230e+02 1.566306095091634631e+02 1.567606151589528167e+02 1.569359829833382207e+02 1.571197330603071407e+02 1.572836440686087371e+02 1.574077800187946536e+02 1.574795869490864675e+02 1.574930058010781977e+02 1.574479520023388659e+02 1.573503536439488641e+02 1.572127491105017043e+02 1.570552512753119174e+02 1.569065196757290721e+02 1.568042778862502189e+02 1.567949036875525906e+02 1.569317280514747495e+02 1.572719064103020230e+02 1.578720400209441266e+02 1.587830596297882266e+02
1.948045810457880407e+02 1.907814981563869594e+02 1.867980261227879168e+02 1.828814854505583867e+02 1.790608849703852172e+02 1.753685925194299955e+02 1.718412137776535928e+02 1.685192896619118130e+02 1.654455943289680135e+02 1.626620869768553916e+02 1.602058876252704351e+02 1.581049270218349534e+02 1.563740770963872819e+02 1.550125412820922293e+02 1.540030650168427542e+02 1.533131656629224153e+02 1.528981722707677307e+02 1.527055176387470112e+02 1.526795257123200429e+02 1.527659268949541342e+02 1.529154967194710082e+02 1.530864887518498847e+02 1.532458383752936868e+02 1.533693730568955971e+02 1.534414240825999798e+02 1.534542737846523437e+02 1.534077989422665667e+02 1.533095130863515578e+02 1.531750065127854725e+02 1.530285764506223529e+02 1.529036759297871129e+02 1.528427304605597783e+02 1.528959083401330474e+02 1.531185940554752847e+02 1.535675849808109206e+02 1.542963552685360753e+02 1.553500266845766191e+02
1.921973097469553124e+02 1.882105552242006183e+02 1.842621974604680020e+02 1.803768791070072268e+02 1.765797638976762585e+02 1.728984733053128480e+02 1.693644978590423023e+02 1.660136528507962907e+02 1.628852490911033044e+02 1.600198637594666877e+02 1.574558924428660873e+02 1.552253720784322866e+02 1.533497980632831457e+02 1.518367399621250513e+02 1.506779507753356029e+02 1.498493823225737174e+02 1.493131350361525165e+02 1.490209868548558916e+02 1.489188636478386343e+02 1.489514997161399492e+02 1.490666060959197807e+02 1.492180791045794024e+02 1.493680690265633189e+02 1.494880064067353089e+02 1.495588826433236989e+02 1.495711632851538297e+02 1.495246708643915383e+02 1.494286323860656012e+02 1.493018882468344941e+02 1.491730588535592972e+02 1.490803186463664929e+02 1.490703819629826512e+02 1.491963882744332182e+02 1.495145818809420746e+02 1.500799730270379655e+02 1.509414717854906201e+02 1.521372158398902172e+02
1.896358993612088284e+02 1.856863666225408167e+02 1.817757726154511602e+02 1.779268175217375756e+02 1.741614775535281296e+02 1.705030653757042103e+02 1.669780258810044984e+02 1.636170337921226974e+02 1.604549924811273343e+02 1.575296808930481802e+02 1.548790479885549018e+02 1.525374617706453080e+02 1.505315032424785500e+02 1.488760694052856195e+02 1.475715521988697958e+02 1.466026781075512702e+02 1.459392676329120775e+02 1.455387907166782782e+02 1.453502558808826848e+02 1.453187632950638033e+02 1.453900183640756438e+02 1.455142327744536601e+02 1.456490790029336608e+02 1.457616329628137635e+02 1.458294605227641796e+02 1.458411229469334955e+02 1.457963741590092184e+02 1.457062146949639612e+02 1.455927970873673587e+02 1.454890054220318518e+02 1.454374199881720813e+02 1.454883744427732211e+02 1.456969372057497765e+02 1.461188820682154699e+02 1.468059982637133203e+02 1.478013451237549987e+02 1.491351966059557697e+02
