BlockUplift_2Ma_1kryTimeStep_2mmyr_k_0.0001_m_0.5_n_1.0_LinDiffusion_0.5_3x6km_30mRes_flow__link_to_receiver_node.txt
nrows 200
cellsize 30.0
xllcorner 0.0
ncols 100
yllcorner 0.0
[rows 0 to 16 of 200, columns 37 to 73 of 100]
-1.000000000000000000e+00 -1.000000000000000000e+00 -1.000000000000000000e+00 -1.000000000000000000e+00 -1.000000000000000000e+00 -1.000000000000000000e+00 -1.000000000000000000e+00 -1.000000000000000000e+00 -1.000000000000000000e+00 -1.000000000000000000e+00 -1.000000000000000000e+00 -1.000000000000000000e+00 -1.000000000000000000e+00 -1.000000000000000000e+00 -1.000000000000000000e+00 -1.000000000000000000e+00 -1.000000000000000000e+00 -1.000000000000000000e+00 -1.000000000000000000e+00 -1.000000000000000000e+00 -1.000000000000000000e+00 -1.000000000000000000e+00 -1.000000000000000000e+00 -1.000000000000000000e+00 -1.000000000000000000e+00 -1.000000000000000000e+00 -1.000000000000000000e+00 -1.000000000000000000e+00 -1.000000000000000000e+00 -1.000000000000000000e+00 -1.000000000000000000e+00 -1.000000000000000000e+00 -1.000000000000000000e+00 -1.000000000000000000e+00 -1.000000000000000000e+00 -1.000000000000000000e+00 -1.000000000000000000e+00
7.877800000000000000e+04 7.878000000000000000e+04 7.878200000000000000e+04 7.878700000000000000e+04 7.878900000000000000e+04 3.944400000000000000e+04 3.944500000000000000e+04 3.944600000000000000e+04 3.944700000000000000e+04 3.944800000000000000e+04 3.944900000000000000e+04 3.945000000000000000e+04 7.880500000000000000e+04 7.880700000000000000e+04 7.880900000000000000e+04 7.881100000000000000e+04 7.881300000000000000e+04 3.935600000000000000e+04 3.935700000000000000e+04 3.935800000000000000e+04 3.935900000000000000e+04 3.936000000000000000e+04 3.936100000000000000e+04 3.936200000000000000e+04 3.936300000000000000e+04 3.936400000000000000e+04 3.936500000000000000e+04 3.936600000000000000e+04 3.936700000000000000e+04 3.936800000000000000e+04 7.883800000000000000e+04 7.884000000000000000e+04 7.884200000000000000e+04 7.884400000000000000e+04 7.884600000000000000e+04 7.884800000000000000e+04 7.885000000000000000e+04
7.858000000000000000e+04 7.858200000000000000e+04 7.858400000000000000e+04 7.858900000000000000e+04 7.859100000000000000e+04 7.859300000000000000e+04 7.859500000000000000e+04 7.859700000000000000e+04 7.859900000000000000e+04 7.860100000000000000e+04 7.860300000000000000e+04 7.860500000000000000e+04 7.860700000000000000e+04 7.860900000000000000e+04 7.861100000000000000e+04 7.861300000000000000e+04 3.915600000000000000e+04 3.915700000000000000e+04 3.915800000000000000e+04 3.915900000000000000e+04 3.916000000000000000e+04 3.916100000000000000e+04 3.916200000000000000e+04 3.916300000000000000e+04 3.916400000000000000e+04 3.916500000000000000e+04 3.916600000000000000e+04 3.916700000000000000e+04 3.916800000000000000e+04 3.916900000000000000e+04 3.917000000000000000e+04 3.917100000000000000e+04 3.917200000000000000e+04 3.917300000000000000e+04 3.917400000000000000e+04 3.917500000000000000e+04 3.917600000000000000e+04
7.838200000000000000e+04 7.838400000000000000e+04 3.894300000000000000e+04 7.839100000000000000e+04 7.839300000000000000e+04 7.839500000000000000e+04 7.839700000000000000e+04 7.839900000000000000e+04 7.840100000000000000e+04 7.840300000000000000e+04 7.840500000000000000e+04 7.840700000000000000e+04 7.840900000000000000e+04 7.841100000000000000e+04 7.841300000000000000e+04 7.841500000000000000e+04 3.895700000000000000e+04 3.895800000000000000e+04 3.895900000000000000e+04 3.896000000000000000e+04 3.896100000000000000e+04 3.896200000000000000e+04 3.896300000000000000e+04 3.896400000000000000e+04 3.896500000000000000e+04 3.896600000000000000e+04 3.896700000000000000e+04 3.896800000000000000e+04 3.896900000000000000e+04 3.897000000000000000e+04 3.897100000000000000e+04 3.897200000000000000e+04 3.897300000000000000e+04 3.897400000000000000e+04 3.897500000000000000e+04 3.897600000000000000e+04 3.897700000000000000e+04
7.818400000000000000e+04 7.818600000000000000e+04 3.874400000000000000e+04 3.874500000000000000e+04 7.819500000000000000e+04 7.819700000000000000e+04 7.819900000000000000e+04 7.820100000000000000e+04 7.820300000000000000e+04 7.820500000000000000e+04 7.820700000000000000e+04 7.820900000000000000e+04 7.821100000000000000e+04 7.821300000000000000e+04 7.821500000000000000e+04 3.875700000000000000e+04 3.875800000000000000e+04 3.875900000000000000e+04 3.876000000000000000e+04 3.876100000000000000e+04 3.876200000000000000e+04 3.876300000000000000e+04 3.876400000000000000e+04 3.876500000000000000e+04 3.876600000000000000e+04 3.876700000000000000e+04 3.876800000000000000e+04 3.876900000000000000e+04 3.877000000000000000e+04 3.877100000000000000e+04 3.877200000000000000e+04 3.877300000000000000e+04 3.877400000000000000e+04 3.877500000000000000e+04 3.877600000000000000e+04 3.877700000000000000e+04 3.877800000000000000e+04
7.798600000000000000e+04 7.798800000000000000e+04 3.854500000000000000e+04 3.854600000000000000e+04 7.799700000000000000e+04 7.799900000000000000e+04 7.800100000000000000e+04 7.800300000000000000e+04 7.800500000000000000e+04 7.800700000000000000e+04 7.800900000000000000e+04 7.801100000000000000e+04 7.801300000000000000e+04 7.801500000000000000e+04 7.801700000000000000e+04 3.855800000000000000e+04 3.855900000000000000e+04 3.856000000000000000e+04 3.856100000000000000e+04 3.856200000000000000e+04 3.856300000000000000e+04 3.856400000000000000e+04 3.856500000000000000e+04 3.856600000000000000e+04 3.856700000000000000e+04 3.856800000000000000e+04 3.856900000000000000e+04 3.857000000000000000e+04 3.857100000000000000e+04 3.857200000000000000e+04 3.857300000000000000e+04 3.857400000000000000e+04 3.857500000000000000e+04 3.857600000000000000e+04 3.857700000000000000e+04 3.857800000000000000e+04 3.857900000000000000e+04
7.778800000000000000e+04 7.779000000000000000e+04 3.834600000000000000e+04 3.834700000000000000e+04 7.779900000000000000e+04 7.780100000000000000e+04 7.780300000000000000e+04 7.780500000000000000e+04 7.780700000000000000e+04 7.780900000000000000e+04 7.781100000000000000e+04 7.781300000000000000e+04 7.781500000000000000e+04 7.781700000000000000e+04 7.781900000000000000e+04 3.835900000000000000e+04 3.836000000000000000e+04 3.836100000000000000e+04 3.836200000000000000e+04 3.836300000000000000e+04 3.836400000000000000e+04 3.836500000000000000e+04 3.836600000000000000e+04 3.836700000000000000e+04 3.836800000000000000e+04 3.836900000000000000e+04 3.837000000000000000e+04 3.837100000000000000e+04 3.837200000000000000e+04 3.837300000000000000e+04 3.837400000000000000e+04 3.837500000000000000e+04 3.837600000000000000e+04 3.837700000000000000e+04 3.837800000000000000e+04 3.837900000000000000e+04 3.838000000000000000e+04
7.759000000000000000e+04 7.759200000000000000e+04 3.814700000000000000e+04 3.814800000000000000e+04 7.760100000000000000e+04 7.760300000000000000e+04 7.760500000000000000e+04 7.760700000000000000e+04 7.760900000000000000e+04 7.761100000000000000e+04 7.761300000000000000e+04 7.761500000000000000e+04 7.761700000000000000e+04 7.761900000000000000e+04 7.762100000000000000e+04 7.762300000000000000e+04 3.816100000000000000e+04 3.816200000000000000e+04 3.816300000000000000e+04 3.816400000000000000e+04 3.816500000000000000e+04 3.816600000000000000e+04 3.816700000000000000e+04 3.816800000000000000e+04 3.816900000000000000e+04 3.817000000000000000e+04 3.817100000000000000e+04 3.817200000000000000e+04 3.817300000000000000e+04 3.817400000000000000e+04 3.817500000000000000e+04 3.817600000000000000e+04 3.817700000000000000e+04 3.817800000000000000e+04 3.817900000000000000e+04 3.818000000000000000e+04 3.818100000000000000e+04
7.739200000000000000e+04 7.739400000000000000e+04 3.794800000000000000e+04 3.794900000000000000e+04 7.740300000000000000e+04 7.740500000000000000e+04 7.740700000000000000e+04 7.740900000000000000e+04 7.741100000000000000e+04 7.741300000000000000e+04 7.741500000000000000e+04 7.741700000000000000e+04 7.741900000000000000e+04 7.742100000000000000e+04 7.742300000000000000e+04 7.742500000000000000e+04 3.796200000000000000e+04 3.796300000000000000e+04 3.796400000000000000e+04 3.796500000000000000e+04 3.796600000000000000e+04 3.796700000000000000e+04 3.796800000000000000e+04 3.796900000000000000e+04 3.797000000000000000e+04 3.797100000000000000e+04 3.797200000000000000e+04 3.797300000000000000e+04 3.797400000000000000e+04 3.797500000000000000e+04 3.797600000000000000e+04 3.797700000000000000e+04 3.797800000000000000e+04 3.797900000000000000e+04 3.798000000000000000e+04 3.798100000000000000e+04 3.798200000000000000e+04
7.719400000000000000e+04 7.719600000000000000e+04 3.774900000000000000e+04 3.775000000000000000e+04 7.720500000000000000e+04 7.720700000000000000e+04 7.720900000000000000e+04 7.721100000000000000e+04 7.721300000000000000e+04 7.721500000000000000e+04 7.721700000000000000e+04 7.721900000000000000e+04 7.722100000000000000e+04 7.722300000000000000e+04 7.722500000000000000e+04 7.722700000000000000e+04 3.776300000000000000e+04 3.776400000000000000e+04 3.776500000000000000e+04 3.776600000000000000e+04 3.776700000000000000e+04 3.776800000000000000e+04 3.776900000000000000e+04 3.777000000000000000e+04 3.777100000000000000e+04 3.777200000000000000e+04 3.777300000000000000e+04 3.777400000000000000e+04 3.777500000000000000e+04 3.777600000000000000e+04 3.777700000000000000e+04 3.777800000000000000e+04 3.777900000000000000e+04 3.778000000000000000e+04 3.778100000000000000e+04 3.778200000000000000e+04 3.778300000000000000e+04
7.699600000000000000e+04 7.699800000000000000e+04 3.755000000000000000e+04 7.700500000000000000e+04 7.700700000000000000e+04 7.700900000000000000e+04 7.701100000000000000e+04 7.701300000000000000e+04 7.701500000000000000e+04 7.701700000000000000e+04 7.701900000000000000e+04 7.702100000000000000e+04 7.702300000000000000e+04 7.702500000000000000e+04 7.702700000000000000e+04 7.702900000000000000e+04 7.703100000000000000e+04 3.756500000000000000e+04 3.756600000000000000e+04 3.756700000000000000e+04 3.756800000000000000e+04 3.756900000000000000e+04 3.757000000000000000e+04 3.757100000000000000e+04 3.757200000000000000e+04 3.757300000000000000e+04 3.757400000000000000e+04 3.757500000000000000e+04 3.757600000000000000e+04 3.757700000000000000e+04 3.757800000000000000e+04 3.757900000000000000e+04 3.758000000000000000e+04 3.758100000000000000e+04 3.758200000000000000e+04 3.758300000000000000e+04 3.758400000000000000e+04
7.679800000000000000e+04 7.680000000000000000e+04 3.735100000000000000e+04 7.680700000000000000e+04 7.680900000000000000e+04 7.681100000000000000e+04 7.681300000000000000e+04 7.681500000000000000e+04 7.681700000000000000e+04 7.681900000000000000e+04 7.682100000000000000e+04 7.682300000000000000e+04 7.682500000000000000e+04 7.682700000000000000e+04 7.682900000000000000e+04 7.683100000000000000e+04 7.683300000000000000e+04 3.736600000000000000e+04 3.736700000000000000e+04 3.736800000000000000e+04 3.736900000000000000e+04 3.737000000000000000e+04 3.737100000000000000e+04 3.737200000000000000e+04 3.737300000000000000e+04 3.737400000000000000e+04 3.737500000000000000e+04 3.737600000000000000e+04 3.737700000000000000e+04 3.737800000000000000e+04 3.737900000000000000e+04 3.738000000000000000e+04 3.738100000000000000e+04 3.738200000000000000e+04 3.738300000000000000e+04 3.738400000000000000e+04 3.738500000000000000e+04
7.660000000000000000e+04 7.660200000000000000e+04 3.715200000000000000e+04 7.660900000000000000e+04 7.661100000000000000e+04 7.661300000000000000e+04 7.661500000000000000e+04 7.661700000000000000e+04 7.661900000000000000e+04 7.662100000000000000e+04 7.662300000000000000e+04 7.662500000000000000e+04 7.662700000000000000e+04 7.662900000000000000e+04 7.663100000000000000e+04 7.663300000000000000e+04 7.663500000000000000e+04 3.716700000000000000e+04 3.716800000000000000e+04 3.716900000000000000e+04 3.717000000000000000e+04 3.717100000000000000e+04 3.717200000000000000e+04 3.717300000000000000e+04 3.717400000000000000e+04 3.717500000000000000e+04 3.717600000000000000e+04 3.717700000000000000e+04 3.717800000000000000e+04 3.717900000000000000e+04 3.718000000000000000e+04 3.718100000000000000e+04 3.718200000000000000e+04 3.718300000000000000e+04 3.718400000000000000e+04 3.718500000000000000e+04 7.667200000000000000e+04
7.640200000000000000e+04 7.640400000000000000e+04 7.640900000000000000e+04 7.641100000000000000e+04 7.641300000000000000e+04 7.641500000000000000e+04 7.641700000000000000e+04 7.641900000000000000e+04 7.642100000000000000e+04 7.642300000000000000e+04 7.642500000000000000e+04 7.642700000000000000e+04 7.642900000000000000e+04 7.643100000000000000e+04 7.643300000000000000e+04 7.643500000000000000e+04 7.643700000000000000e+04 7.643900000000000000e+04 3.696900000000000000e+04 3.697000000000000000e+04 3.697100000000000000e+04 3.697200000000000000e+04 3.697300000000000000e+04 3.697400000000000000e+04 3.697500000000000000e+04 3.697600000000000000e+04 3.697700000000000000e+04 3.697800000000000000e+04 3.697900000000000000e+04 3.698000000000000000e+04 3.698100000000000000e+04 3.698200000000000000e+04 3.698300000000000000e+04 3.698400000000000000e+04 7.647000000000000000e+04 7.647200000000000000e+04 7.647400000000000000e+04
7.620400000000000000e+04 7.620600000000000000e+04 7.621100000000000000e+04 7.621300000000000000e+04 7.621500000000000000e+04 7.621700000000000000e+04 7.621900000000000000e+04 7.622100000000000000e+04 7.622300000000000000e+04 7.622500000000000000e+04 7.622700000000000000e+04 7.622900000000000000e+04 7.623100000000000000e+04 7.623300000000000000e+04 7.623500000000000000e+04 7.623700000000000000e+04 7.623900000000000000e+04 7.624100000000000000e+04 3.677000000000000000e+04 3.677100000000000000e+04 3.677200000000000000e+04 3.677300000000000000e+04 3.677400000000000000e+04 3.677500000000000000e+04 3.677600000000000000e+04 3.677700000000000000e+04 3.677800000000000000e+04 3.677900000000000000e+04 3.678000000000000000e+04 3.678100000000000000e+04 3.678200000000000000e+04 7.626600000000000000e+04 7.626800000000000000e+04 7.627000000000000000e+04 7.627200000000000000e+04 7.627400000000000000e+04 3.688700000000000000e+04
3.665200000000000000e+04 7.601100000000000000e+04 7.601300000000000000e+04 7.601500000000000000e+04 7.601700000000000000e+04 7.601900000000000000e+04 7.602100000000000000e+04 7.602300000000000000e+04 7.602500000000000000e+04 7.602700000000000000e+04 7.602900000000000000e+04 7.603100000000000000e+04 7.603300000000000000e+04 7.603500000000000000e+04 7.603700000000000000e+04 7.603900000000000000e+04 7.604100000000000000e+04 7.604300000000000000e+04 7.604500000000000000e+04 3.657200000000000000e+04 3.657300000000000000e+04 3.657400000000000000e+04 3.657500000000000000e+04 3.657600000000000000e+04 3.657700000000000000e+04 3.657800000000000000e+04 3.657900000000000000e+04 3.658000000000000000e+04 3.658100000000000000e+04 7.606400000000000000e+04 7.606600000000000000e+04 7.606800000000000000e+04 7.607000000000000000e+04 7.607200000000000000e+04 3.668600000000000000e+04 3.668700000000000000e+04 3.668800000000000000e+04
3.645300000000000000e+04 7.581300000000000000e+04 7.581500000000000000e+04 7.581700000000000000e+04 7.581900000000000000e+04 7.582100000000000000e+04 7.582300000000000000e+04 7.582500000000000000e+04 7.582700000000000000e+04 7.582900000000000000e+04 7.583100000000000000e+04 7.583300000000000000e+04 7.583500000000000000e+04 7.583700000000000000e+04 7.583900000000000000e+04 7.584100000000000000e+04 7.584300000000000000e+04 7.584500000000000000e+04 7.584700000000000000e+04 3.637300000000000000e+04 3.637400000000000000e+04 3.637500000000000000e+04 3.637600000000000000e+04 3.637700000000000000e+04 3.637800000000000000e+04 3.637900000000000000e+04 3.638000000000000000e+04 7.586200000000000000e+04 7.586400000000000000e+04 7.586600000000000000e+04 7.586800000000000000e+04 7.587000000000000000e+04 3.648500000000000000e+04 3.648600000000000000e+04 3.648700000000000000e+04 3.648800000000000000e+04 3.648900000000000000e+04
