BlockUplift_10Myr_500yrTimeStep_halfmmyr_k_1e-05_m_0.5_n_1.0_LinDiffusion_0.01_15x7km_30mRes0.txt
nrows 250
cellsize 30.0
xllcorner 0.0
ncols 500
yllcorner 0.0
[rows 51 to 67 of 250, columns 407 to 443 of 500]
5.020610941915762404e-02 5.057650379014184266e-02 5.006398335850185954e-02 5.031720925782202924e-02 5.018604608687925878e-02 5.047665330247261273e-02 5.092666075413735532e-02 5.002011280348199473e-02 5.050976613884083227e-02 5.079683588084858703e-02 5.066801076108158608e-02 5.072270348950408403e-02 5.031797547809917920e-02 5.005568988103850647e-02 5.001323126499084004e-02 5.050197410459420638e-02 5.073836907367598736e-02 5.043939501629268046e-02 5.065482105358622839e-02 5.017897423808530960e-02 5.083340557926052661e-02 5.086273481829831078e-02 5.048971233171613282e-02 5.079816031986477548e-02 5.060364643058634648e-02 5.044862045466051020e-02 5.040622994397376405e-02 5.073020580985068695e-02 5.000574489082331570e-02 5.035766785630552828e-02 5.047618334118760680e-02 5.091911697805170250e-02 5.064284045782675020e-02 5.038814667318766011e-02 5.038190450194120901e-02 5.061904852744555233e-02 5.001074421041826895e-02
5.073931639668347732e-02 5.068999333839122740e-02 5.068354659546400048e-02 5.041218012236199641e-02 5.073362052162594393e-02 5.030448281207329508e-02 5.040418987220485203e-02 5.000907800234793976e-02 5.047341810011625463e-02 5.005922165760508941e-02 5.061403265673083962e-02 5.009560368206352615e-02 5.063797572449972584e-02 5.089764282532632800e-02 5.066387569502178029e-02 5.039351211014879428e-02 5.003803980447880939e-02 5.047261866288636073e-02 5.061623898339298600e-02 5.043110088143748504e-02 5.063300222502177539e-02 5.068183521868001307e-02 5.015175193098619227e-02 5.076913855458481395e-02 5.040128478302088877e-02 5.009402844492267387e-02 5.015270627204962417e-02 5.089552251912732306e-02 5.024078583603786008e-02 5.087029773068071914e-02 5.001210214749852306e-02 5.029971477853142914e-02 5.034032894518548906e-02 5.092320308892494402e-02 5.048926919822722958e-02 5.025332239076257812e-02 5.063377273643090287e-02
5.068647521032839526e-02 5.056988338039534320e-02 5.013285776407967742e-02 5.056602560747983782e-02 5.040526119945830386e-02 5.052562912352408231e-02 5.069729896117775025e-02 5.013083937789155481e-02 5.010534105935923743e-02 5.090956060787845544e-02 5.090982852273866210e-02 5.093691337392894369e-02 5.005163265414256518e-02 5.082828870452854586e-02 5.078214357041926919e-02 5.050452513752090589e-02 5.001221568044021681e-02 5.051391909953593939e-02 5.069246662924299651e-02 5.047656616055809509e-02 5.098703302856857217e-02 5.009048150544594125e-02 5.038525752261238666e-02 5.009356276986062784e-02 5.022665887530558537e-02 5.069838958532275203e-02 5.074441321817101114e-02 5.013883359195484002e-02 5.046610475942628349e-02 5.039189160806713252e-02 5.015455161714304361e-02 5.072619739615719103e-02 5.092134545728375233e-02 5.029695082086196867e-02 5.068906495935524698e-02 5.098641347322871442e-02 5.071453265484124340e-02
5.081307914825710509e-02 5.031643000875995336e-02 5.037311488121195419e-02 5.031300845252340698e-02 5.098774335805454638e-02 5.058487180466287453e-02 5.016480240017313214e-02 5.079399518028292204e-02 5.005512583751536154e-02 5.066335198088700587e-02 5.071657399047947712e-02 5.018704436443781336e-02 5.078632039513832769e-02 5.062070501257104338e-02 5.080048679871626560e-02 5.080666157828207796e-02 5.019302245507965832e-02 5.043044350653176633e-02 5.066061125669486104e-02 5.090918104608643802e-02 5.032416173602394932e-02 5.098648398537262288e-02 5.079293938659609070e-02 5.063606420287414950e-02 5.036057998627385679e-02 5.023239135883588585e-02 5.007011584382568825e-02 5.081803688905112831e-02 5.023625498425833558e-02 5.005552530668630484e-02 5.010992421541997366e-02 5.044962164203437016e-02 5.014108179506809176e-02 5.028840663817030904e-02 5.066829607835938304e-02 5.065573752858883172e-02 5.085197256990910131e-02
5.053882660621466377e-02 5.034430124125208877e-02 5.071100772024930703e-02 5.022562771294233896e-02 5.061788602891156841e-02 5.027978654621517718e-02 5.093509682376131525e-02 5.077048989657756417e-02 5.009796119940055498e-02 5.037461822081504975e-02 5.084373435813518971e-02 5.036064222117175859e-02 5.008176159100938274e-02 5.089584940203019381e-02 5.026966543682938326e-02 5.064952422204281601e-02 5.016734784112730078e-02 5.021309224171025681e-02 5.098602524277667802e-02 5.016999704041020386e-02 5.089598546247339067e-02 5.029447207431060607e-02 5.067606768534630574e-02 5.030316266203731929e-02 5.020765790037057946e-02 5.040801640085449536e-02 5.072764605964353440e-02 5.034004069821133159e-02 5.029238765261410254e-02 5.083983367343912485e-02 5.025999275998278837e-02 5.029595903544752111e-02 5.091028035829363307e-02 5.025163681366372204e-02 5.028426894272775699e-02 5.091094530828553510e-02 5.054802029342264635e-02
5.084509848531873488e-02 5.050048102112516396e-02 5.010502738310722293e-02 5.013980521595722689e-02 5.058607689845497773e-02 5.083069763988595779e-02 5.089568892285181029e-02 5.000926038355151676e-02 5.054392082049072310e-02 5.003771641088894384e-02 5.086137277683994151e-02 5.048206289332479724e-02 5.005773082800362567e-02 5.058221248303012424e-02 5.022806408248357141e-02 5.001269821944666349e-02 5.045959572178840280e-02 5.037949679059532809e-02 5.002174274314698937e-02 5.079540949383763021e-02 5.043135758697289001e-02 5.032853825435422424e-02 5.031868329888605773e-02 5.028796100468044955e-02 5.025842770087811384e-02 5.075781747732818761e-02 5.036883895433675457e-02 5.028188588644186968e-02 5.063754276353949618e-02 5.044903059820377011e-02 5.015224262307195480e-02 5.098748744293615104e-02 5.029316199078682353e-02 5.015495179337661064e-02 5.048993241017047523e-02 5.036926701023223402e-02 5.099565352696383558e-02
5.006611648668655296e-02 5.015393283445487155e-02 5.041637416286054441e-02 5.001305693456184476e-02 5.059926311341673283e-02 5.055043024643943173e-02 5.063146196249362213e-02 5.086372352121192736e-02 5.004590922237890649e-02 5.053036042595024369e-02 5.023627752505676475e-02 5.048674094139809360e-02 5.099269136258397644e-02 5.051486788124252836e-02 5.053691855740705119e-02 5.002204883069385349e-02 5.046067300732393068e-02 5.015439800238116058e-02 5.049850240718407185e-02 5.050570741084652038e-02 5.026619112720595584e-02 5.094297622388106739e-02 5.094255482901224180e-02 5.097728357956731599e-02 5.073243611036559741e-02 5.038855863860349643e-02 5.080220744569312330e-02 5.041362056630466909e-02 5.087820832521132430e-02 5.086190872461137519e-02 5.022426142205430738e-02 5.019992821969754965e-02 5.005648815743760083e-02 5.000713890847063858e-02 5.079740288322236869e-02 5.042575650121482872e-02 5.081384427051872932e-02
5.013717329401760209e-02 5.030921654950093469e-02 5.031461115504878151e-02 5.048584863887534829e-02 5.084836707849372389e-02 5.030563184776766505e-02 5.064226844873068872e-02 5.076295978375526541e-02 5.079368404532341730e-02 5.039774963972427219e-02 5.079265016021066587e-02 5.028551516980012126e-02 5.046454798023268518e-02 5.093446491556090361e-02 5.088051817799647131e-02 5.081805369163709674e-02 5.002101013274643654e-02 5.024115339271581493e-02 5.058551014060017753e-02 5.085406369644750180e-02 5.079121959332316000e-02 5.052286013495124739e-02 5.029629832380252269e-02 5.018634072716735700e-02 5.002353069140848263e-02 5.032129393805331169e-02 5.054825419637202361e-02 5.043781542448610988e-02 5.028608086703905550e-02 5.024433470561552595e-02 5.066644036846713189e-02 5.080060207456541660e-02 5.093121078426777332e-02 5.008367332923025633e-02 5.008511037905413049e-02 5.093677501940083174e-02 5.077146066946044978e-02
5.001821444280542261e-02 5.013896633136585845e-02 5.064775333450242251e-02 5.093443787110404908e-02 5.061873487435402524e-02 5.008639726851869811e-02 5.094370231069415833e-02 5.015346869462079804e-02 5.027701929736400066e-02 5.041896721330352271e-02 5.037415362909152677e-02 5.049157297688725704e-02 5.064156750719631117e-02 5.090998790719274136e-02 5.058703261666065709e-02 5.040330228444683119e-02 5.068401038016599053e-02 5.055471678850282508e-02 5.075924403381049110e-02 5.059857996711504546e-02 5.022485833263885119e-02 5.049888006502129684e-02 5.011701562916215380e-02 5.094254861662718403e-02 5.013930697768716194e-02 5.088641283442729008e-02 5.029304298908199994e-02 5.049990738211555114e-02 5.051712794734790346e-02 5.024778308967428608e-02 5.025369988816436734e-02 5.069641006197093264e-02 5.062040704881239778e-02 5.019024699968192837e-02 5.073274248519561713e-02 5.020884435527171036e-02 5.099460842810744909e-02
5.019765967840607301e-02 5.005849167156176116e-02 5.080429319285065942e-02 5.066153736631338889e-02 5.024532814471618231e-02 5.023230365137498071e-02 5.087469623292802806e-02 5.000756981472165991e-02 5.055339781150065132e-02 5.045831458775936612e-02 5.015138242575751387e-02 5.008267993853193767e-02 5.087043570679568305e-02 5.040308473372998727e-02 5.032629331444404830e-02 5.042630180472241347e-02 5.058925918673253669e-02 5.054977315759969642e-02 5.090889689199896984e-02 5.074709309309943100e-02 5.017504146517839242e-02 5.013689157173063099e-02 5.047216139604056989e-02 5.035456662336429412e-02 5.071448316287028441e-02 5.022042945482369652e-02 5.065253268895032052e-02 5.087692171004869895e-02 5.033652889817764181e-02 5.001652541365776000e-02 5.096879767229952479e-02 5.057734886490306697e-02 5.097482013514396948e-02 5.063222970261091471e-02 5.084713131863824453e-02 5.013634033955081254e-02 5.068014197301046186e-02
5.067505972969518768e-02 5.019752149774064226e-02 5.009861560675066272e-02 5.049315804510198097e-02 5.054676120231006708e-02 5.054896692148794224e-02 5.037180351383004073e-02 5.014426613474275846e-02 5.016707955487499648e-02 5.034844480990931237e-02 5.036389222170613994e-02 5.004899290815890966e-02 5.081504892115690231e-02 5.018376101290014657e-02 5.060488654609806430e-02 5.029841367577120304e-02 5.098249235860298489e-02 5.006390108178332410e-02 5.073252069119120466e-02 5.070759742815904303e-02 5.071672428798654902e-02 5.086048837969187053e-02 5.043747815924435468e-02 5.047427474140347287e-02 5.032429436150302748e-02 5.059104399578284728e-02 5.063161163704339718e-02 5.074098424896971576e-02 5.056561133454919726e-02 5.062928640944084485e-02 5.081416674595646416e-02 5.088489996844616781e-02 5.083312897911518996e-02 5.083658611995693632e-02 5.053946746124184791e-02 5.019882075706093988e-02 5.085395854054305248e-02
5.039066027577313728e-02 5.012546121015521577e-02 5.095720476732439747e-02 5.013912417578128555e-02 5.016553856294763553e-02 5.071857635213598142e-02 5.013016820189264422e-02 5.009835822645539172e-02 5.074510278553748949e-02 5.020365348420585683e-02 5.002931798401975827e-02 5.036335450447796541e-02 5.015877468380636195e-02 5.013821961015672846e-02 5.046488644245192973e-02 5.031163047332826155e-02 5.057754250645402072e-02 5.046298364276453896e-02 5.011673979648983285e-02 5.039254982515940090e-02 5.093844270322621381e-02 5.089676048432231759e-02 5.045004703586170036e-02 5.080911999143054858e-02 5.030060664836170925e-02 5.023069032398806005e-02 5.097893359273075048e-02 5.033014656499157358e-02 5.002006152638629327e-02 5.072757498920461156e-02 5.099580657233791781e-02 5.014534456939074430e-02 5.042897399211641180e-02 5.033593730803396366e-02 5.077595886071360753e-02 5.098580484702156662e-02 5.088601845294601217e-02
5.081922085370744330e-02 5.086816312067066193e-02 5.037712310335847044e-02 5.018680390845389055e-02 5.000761915806768015e-02 5.064384047476988560e-02 5.068089836312534430e-02 5.050419565692113033e-02 5.049152019528293373e-02 5.031124956866463160e-02 5.086773314532080231e-02 5.033695763214523361e-02 5.030428836150917932e-02 5.078538057807174821e-02 5.031059717880086851e-02 5.088232720236027240e-02 5.044032741714229995e-02 5.069614144644138398e-02 5.093181211508502476e-02 5.037288356878784346e-02 5.064876818777328676e-02 5.027351914345221801e-02 5.004569069200167503e-02 5.070572427539538074e-02 5.076096157765298822e-02 5.099001592712718023e-02 5.085654598201287679e-02 5.024471817860733797e-02 5.042435753019062356e-02 5.096594278716115589e-02 5.060402135680945601e-02 5.062585202014789620e-02 5.001052275984524398e-02 5.025628079461354203e-02 5.067850490100572064e-02 5.097395709215353510e-02 5.056970786087449515e-02
5.083636397380262434e-02 5.083612180265634217e-02 5.074324759573815846e-02 5.049459496812732512e-02 5.079850418930781375e-02 5.069813940670078733e-02 5.097531195002727444e-02 5.063375052677981242e-02 5.063459308810706883e-02 5.036924187531476721e-02 5.020260186178168021e-02 5.047368504786680504e-02 5.032822391712940546e-02 5.057240269593701876e-02 5.057096994343988211e-02 5.036264240350860066e-02 5.034319012563863438e-02 5.064105243170874404e-02 5.018418938268942586e-02 5.081336491253574811e-02 5.075366036713215706e-02 5.098895289790728730e-02 5.079226069244356656e-02 5.047275483441180516e-02 5.086847828138850447e-02 5.079486271903863731e-02 5.073417848298348437e-02 5.037497841080959549e-02 5.080565751277811570e-02 5.053315388837063826e-02 5.030395787994410006e-02 5.085744303214308204e-02 5.047178084675870563e-02 5.034318832350112571e-02 5.071958771330849214e-02 5.008086667222927391e-02 5.058109492388747352e-02
5.013091289620498492e-02 5.051124483594344322e-02 5.045593012774957087e-02 5.009705523281358236e-02 5.058747948355778179e-02 5.068320613317450068e-02 5.094492098468673957e-02 5.074416768819857426e-02 5.033904385306096907e-02 5.083695461619697209e-02 5.022215826215142148e-02 5.067734268470299591e-02 5.025358120239863113e-02 5.087243721366209448e-02 5.014797886503086916e-02 5.073979516367727038e-02 5.070865497567195179e-02 5.070250373151456713e-02 5.025446838052436555e-02 5.099029706815527002e-02 5.022000608278315986e-02 5.062815368679022404e-02 5.077081503414664770e-02 5.054598843863357394e-02 5.017551391350704576e-02 5.035005966134190047e-02 5.080928793268139204e-02 5.056347746386777309e-02 5.056655314233512305e-02 5.012059771961670934e-02 5.007464834818154548e-02 5.014039455402605205e-02 5.058484352519226207e-02 5.010408147347873709e-02 5.002798670895588357e-02 5.071055728488203102e-02 5.023982112791624405e-02
5.054950588120045440e-02 5.029805886943244930e-02 5.085440553038787781e-02 5.028059314554974429e-02 5.052952366935667405e-02 5.089842462176084881e-02 5.030540807438048378e-02 5.018592108338858215e-02 5.032951223293984783e-02 5.018561040123151878e-02 5.085906588203267104e-02 5.096343569214187297e-02 5.006994473202587559e-02 5.083949361932732502e-02 5.059936636903009100e-02 5.040605760084092973e-02 5.077959674151960590e-02 5.077813535833100578e-02 5.016436391256334781e-02 5.031986868647840561e-02 5.096329363662652212e-02 5.013235802806034064e-02 5.053821127640816674e-02 5.056641662606951859e-02 5.015580284781483850e-02 5.076395730213576624e-02 5.043497858319070937e-02 5.071391287816311849e-02 5.048653733638854696e-02 5.000804908714671232e-02 5.092815479046643862e-02 5.062469450086486827e-02 5.003883062161285783e-02 5.071822832347422372e-02 5.051988179569371490e-02 5.081961948808645657e-02 5.012583647624450217e-02
5.081333399926336175e-02 5.082355375737655778e-02 5.091467861012579504e-02 5.013603022977275447e-02 5.057997941775007472e-02 5.021592821360694459e-02 5.057789732595742438e-02 5.047136252383727095e-02 5.004820122150217127e-02 5.076431212906794277e-02 5.015484214774532795e-02 5.008890851398657695e-02 5.090321419394687463e-02 5.034464792585627985e-02 5.060919821896255749e-02 5.083970211107803616e-02 5.000489537523367112e-02 5.076587586764977345e-02 5.006371196363023496e-02 5.067682049025833829e-02 5.066200653354067246e-02 5.090312340476915026e-02 5.023597557083167575e-02 5.071635540810126574e-02 5.056243141874572355e-02 5.080346766319802920e-02 5.048297208181588835e-02 5.031313501941278576e-02 5.012395996502633927e-02 5.032357210426870175e-02 5.005258626621759271e-02 5.075355886699859514e-02 5.060568898817510014e-02 5.082519806930762413e-02 5.075724249287319467e-02 5.080960536240819447e-02 5.091286932920070091e-02
