BlockUplift_2Ma_1kryTimeStep_2mmyr_k_0.0001_m_0.5_n_1.0_LinDiffusion_0.75_6x3km_30mRes_topographic__steepest_slope.txt
nrows 100
cellsize 30.0
xllcorner 0.0
ncols 200
yllcorner 0.0
[rows 34 to 50 of 100, columns 0 to 36 of 200]
0.000000000000000000e+00 1.022774767103669519e-01 1.221380969419793017e-01 1.444350883222723647e-01 1.635917990027563329e-01 1.790362596304355403e-01 1.906225741053551026e-01 1.985823310923476304e-01 2.034238370389306882e-01 2.058019272867872285e-01 2.063758685198852083e-01 2.056656602583815108e-01 2.039153220459144766e-01 2.009799657500551118e-01 1.962690218283857091e-01 1.899870027124014316e-01 1.790664458798128522e-01 1.607796841395189302e-01 1.385293506999143720e-01 1.108364754378457218e-01 7.900183959347699403e-02 6.117520851816209138e-02 6.154758554430467959e-02 7.573743506533002490e-02 1.079631373500772040e-01 1.359869161900781609e-01 1.585706501967686644e-01 1.755144626775431149e-01 1.874464309939522788e-01 1.954461943602658625e-01 2.006467086660428667e-01 2.039279581342845205e-01 2.057544297840009917e-01 2.061501461508956079e-01 2.047730888446594177e-01 2.010466737454472963e-01 1.943171218481184181e-01
0.000000000000000000e+00 1.029715702882015166e-01 1.241337849104113822e-01 1.472728649667015000e-01 1.672470267609259265e-01 1.834406122643568726e-01 1.956822071190602030e-01 2.041947359050212685e-01 2.094912003823333757e-01 2.122399323860133802e-01 2.131179358461521844e-01 2.126633714799879837e-01 2.111362221057013489e-01 2.084042781225427521e-01 2.038871354993108120e-01 1.966027263293923244e-01 1.853533937403439302e-01 1.690511894194633991e-01 1.471204211927870653e-01 1.198552268721490011e-01 8.858773910808248608e-02 7.556645903986615453e-02 7.574543547802932431e-02 8.469550537010003821e-02 1.161778318163003421e-01 1.436398420739477821e-01 1.657926243273185885e-01 1.823829765634651379e-01 1.939958217368925042e-01 2.016828547740490973e-01 2.065627088486904073e-01 2.095091968120845194e-01 2.109825072838104609e-01 2.109996347755882795e-01 2.092074238245318352e-01 2.050164667313552069e-01 1.977642976094733385e-01
0.000000000000000000e+00 9.987893281298169945e-02 1.236091011481780244e-01 1.475785509440034615e-01 1.683197369798291321e-01 1.851941529462389213e-01 1.980257149917808157e-01 2.070461416882728722e-01 2.127845633881372822e-01 2.159269952634350898e-01 2.171655492844176139e-01 2.170490323712059022e-01 2.158439623537867502e-01 2.134227680255097737e-01 2.092112405303505340e-01 2.022387958678886211e-01 1.913271324804041995e-01 1.754151784437358308e-01 1.539567959011078901e-01 1.272686505088779507e-01 9.668551242535813883e-02 8.828059922350538213e-02 8.809644115424078437e-02 9.232499506396617261e-02 1.227301805826813558e-01 1.492899651062498112e-01 1.706968012493319531e-01 1.866590302783225075e-01 1.977196497877351244e-01 2.048965508156273818e-01 2.092875447182193094e-01 2.117572816803191260e-01 2.127632289375818442e-01 2.123199662812404742e-01 2.100679233885097974e-01 2.054066704745152738e-01 1.976618084231448746e-01
0.000000000000000000e+00 9.350446499825343372e-02 1.204219029695273169e-01 1.451089870406530591e-01 1.664683326053316703e-01 1.838632071357738929e-01 1.971358023881807919e-01 2.065446380685481975e-01 2.126458039694331947e-01 2.161459439378506098e-01 2.177482369606582313e-01 2.180033358755119055e-01 2.171737613078884577e-01 2.151274277194011597e-01 2.112908659225744279e-01 2.047038211595928747e-01 1.942087389119610541e-01 1.787713485165033089e-01 1.578684464738815962e-01 1.318220932164151094e-01 1.019415898022740657e-01 9.740980289831119299e-02 9.670306040992784902e-02 9.751188601061878958e-02 1.265996951224698797e-01 1.519906724958734745e-01 1.723965042598221975e-01 1.875090310252845727e-01 1.978367745448457726e-01 2.043619140918497556e-01 2.081562437561235712e-01 2.100713970678227405e-01 2.105616379090370915e-01 2.096415277962683232e-01 2.069481965113249278e-01 2.018713002590411254e-01 1.937212914500939520e-01
0.000000000000000000e+00 8.714815974269288223e-02 1.147178649885327861e-01 1.399253842906586498e-01 1.616789859825998876e-01 1.793687995744818187e-01 1.928767524048647930e-01 2.025034189306091637e-01 2.088395417572357637e-01 2.126126344744950214e-01 2.145311616326088799e-01 2.151381741262218261e-01 2.146818347340225253e-01 2.130168082724923362e-01 2.095648960942967376e-01 2.033740621054705433e-01 1.933069358488433143e-01 1.783536255645604973e-01 1.580057726328772116e-01 1.325747510799771545e-01 1.039447675715952785e-01 1.014734036273078205e-01 1.001387528497057616e-01 9.993315304866712268e-02 1.271469304773215347e-01 1.512276999217855855e-01 1.704866031631346590e-01 1.846246590661237974e-01 1.941278850460519401e-01 1.999441336685533754e-01 2.031150123280314745e-01 2.044740907960066467e-01 2.044693989943458245e-01 2.031151898605746964e-01 2.000466852670435003e-01 1.946446164856743544e-01 1.862025739607030550e-01
0.000000000000000000e+00 7.895357497690488890e-02 1.069614767109295372e-01 1.324395525625317593e-01 1.543265341013987102e-01 1.720611163318036818e-01 1.855811432130948790e-01 1.952385224742546055e-01 2.016609335342790243e-01 2.055931351283620534e-01 2.077412449432511632e-01 2.086313321422754441e-01 2.084882524293676376e-01 2.071465845369263314e-01 2.040194664695324511e-01 1.981616265006672650e-01 1.884552089297932831e-01 1.739122891032893470e-01 1.540328710289847192e-01 1.291063468233000222e-01 1.024391856283443786e-01 9.971554084366970883e-02 9.773953117484286690e-02 9.792395228485736847e-02 1.242526037410952022e-01 1.470430234838397965e-01 1.651543179393464844e-01 1.783213273489583917e-01 1.870211826042005587e-01 1.921708261674603124e-01 1.947783463645807178e-01 1.956533461591695999e-01 1.952325340972620449e-01 1.941687582354764685e-01 1.935118457876020270e-01 1.893060281383554810e-01 1.802205002350897589e-01
0.000000000000000000e+00 6.970278518057165806e-02 9.789882409054900814e-02 1.233853167736996270e-01 1.451520288851875506e-01 1.645411411762059684e-01 1.798343525938520260e-01 1.891439893409417039e-01 1.934967058561464226e-01 1.958968514548962425e-01 1.981660712032268512e-01 1.992329172955556171e-01 1.992924013985206966e-01 1.981552050256107089e-01 1.952246461648539377e-01 1.895628764505265240e-01 1.800726092894940900e-01 1.657878049857139102e-01 1.462147048384133674e-01 1.216170393778168712e-01 9.507538197307875694e-02 9.225184674104411342e-02 8.973060336654441194e-02 9.310389759314023628e-02 1.183320943786443508e-01 1.400204813929933623e-01 1.571387086618317719e-01 1.694741884854826242e-01 1.775072048545008885e-01 1.821277830902404693e-01 1.880928147447538945e-01 1.930897164928846166e-01 1.965801960970518791e-01 1.982577881790926200e-01 1.972723881635981003e-01 1.924284930560702378e-01 1.824403554315883469e-01
0.000000000000000000e+00 6.031599607459191964e-02 8.845087359297287843e-02 1.159056158963380767e-01 1.449751850275703136e-01 1.674779261913130202e-01 1.833967575976979958e-01 1.932993171370630536e-01 1.981519540923434020e-01 1.991141302593935902e-01 1.973394394227511728e-01 1.937903785273088486e-01 1.890671845242887228e-01 1.871488808567202677e-01 1.842332146176653418e-01 1.785722269184785715e-01 1.690930294721449956e-01 1.548550602967878331e-01 1.353744197587101183e-01 1.108940701815023522e-01 8.277527462427940186e-02 8.003053969315961080e-02 7.715850273692316519e-02 8.572316970008307668e-02 1.102262170076586389e-01 1.311407524800279889e-01 1.475524857353317509e-01 1.602211931120696986e-01 1.747107495764860519e-01 1.850095244426682994e-01 1.923548207243375996e-01 1.976003857376857353e-01 2.010255397395686316e-01 2.023079533635495919e-01 2.006232229754156549e-01 1.948309083862454771e-01 1.837172050859654238e-01
0.000000000000000000e+00 5.170634619097352197e-02 8.146907344432842424e-02 1.167160929300043448e-01 1.462252543248401537e-01 1.692852378951963943e-01 1.858683888925990457e-01 1.965027269999382042e-01 2.020849668958580592e-01 2.036806008173300542e-01 2.023375806497512142e-01 1.989194510574246177e-01 1.939554883316788048e-01 1.875154063917733593e-01 1.791390334589853806e-01 1.678709818800655229e-01 1.567835048008122956e-01 1.423549288967021487e-01 1.227346049148878293e-01 9.815688412595409418e-02 6.965598430925291906e-02 6.462670268693861131e-02 6.165697895612822638e-02 7.679097211028826364e-02 1.010089555808006273e-01 1.215569279493883409e-01 1.435924904347170294e-01 1.639682326629411935e-01 1.789278055333596851e-01 1.896121863339345626e-01 1.971426877168662994e-01 2.022908518019022606e-01 2.053014646488046935e-01 2.058657898389393837e-01 2.032119920736316088e-01 1.962774120002194478e-01 1.839370465347078265e-01
0.000000000000000000e+00 4.464258947312153142e-02 8.129398834024073595e-02 1.166178694977408753e-01 1.463794750185106464e-01 1.698897862736458708e-01 1.871136811381433063e-01 1.985382933677177220e-01 2.049867027162197985e-01 2.074239768809604811e-01 2.067823316089070773e-01 2.038106535964146759e-01 1.989443147447313154e-01 1.921998849984760116e-01 1.831207317932476430e-01 1.708182171610748978e-01 1.541501568787708720e-01 1.320414746727597843e-01 1.096902356884228019e-01 8.482758606328362483e-02 5.609091891959551435e-02 4.793540803931932437e-02 4.512264641025183487e-02 6.742142479233531605e-02 9.177710079650250319e-02 1.208659056441575841e-01 1.477013414864956076e-01 1.684066627273191896e-01 1.836416572808872161e-01 1.944543214656259122e-01 2.018824753984176934e-01 2.066465681069464266e-01 2.089838950281290297e-01 2.086212063826290430e-01 2.048559503779586177e-01 1.967150811331435933e-01 1.831692992305050949e-01
0.000000000000000000e+00 4.135796310458488001e-02 8.054722477061299069e-02 1.157110494905377179e-01 1.455380654480857572e-01 1.693671063797959619e-01 1.871570648690228100e-01 1.993542437407029300e-01 2.067087506350655246e-01 2.100868871801102045e-01 2.103062288015318526e-01 2.079985301760728933e-01 2.034958436664415504e-01 1.967428459004632313e-01 1.872581915929828200e-01 1.741850932129551666e-01 1.564682137662165018e-01 1.331593232082762257e-01 1.037944177272256269e-01 7.229262027795070600e-02 4.322847609968965416e-02 3.185276330597351657e-02 3.126587075220545880e-02 5.866197145079023179e-02 9.174846117565020609e-02 1.249324733955158168e-01 1.520413694968624496e-01 1.729500920474019154e-01 1.882701004445522242e-01 1.989885400510919000e-01 2.060922098539028358e-01 2.102781745330114804e-01 2.117967091911016897e-01 2.104231223523224115e-01 2.055310598121025123e-01 1.962394118114976493e-01 1.816133212917918627e-01
0.000000000000000000e+00 4.071130802278541405e-02 7.935574518443597181e-02 1.141645137919255204e-01 1.438888046743509730e-01 1.678972724205711475e-01 1.861432242114593183e-01 1.990335218857021971e-01 2.072496527007672285e-01 2.115668856712687729e-01 2.126977307736249712e-01 2.111649695966529294e-01 2.071999218170247903e-01 2.006685603552739450e-01 1.910465357954545251e-01 1.774800428081600157e-01 1.589656454808600072e-01 1.346485125295297791e-01 1.041816560200752861e-01 6.803468702558367054e-02 3.227814537161987490e-02 1.802418892038417514e-02 2.322465895412620038e-02 5.664232544465334918e-02 9.528692349968631570e-02 1.287956739888547475e-01 1.561080979156239945e-01 1.770932621455945932e-01 1.923382282057152226e-01 2.027986701103117184e-01 2.094380849534786537e-01 2.129513927406378460e-01 2.136147398302246925e-01 2.112571313385520344e-01 2.053277336780240658e-01 1.950329681236307178e-01 1.795256552662181093e-01
0.000000000000000000e+00 3.991293892803658705e-02 7.786387024450409922e-02 1.121738185975563878e-01 1.416568623129421667e-01 1.657109369979356817e-01 1.842839908670508009e-01 1.977463819923931110e-01 2.067180767919684914e-01 2.118948320349564596e-01 2.138987047685048937e-01 2.131582989144608919e-01 2.098151384618650583e-01 2.036593026126420625e-01 1.941149160359145753e-01 1.803105719689237219e-01 1.612648521519067513e-01 1.361833943073435249e-01 1.048085749460483385e-01 6.771158123585697963e-02 2.640309366274967359e-02 7.700690996777363392e-03 1.733605592621621783e-02 5.925049913391736145e-02 9.833402304057300980e-02 1.321145380238827327e-01 1.595417636669859973e-01 1.804889435024250588e-01 1.955387934894891599e-01 2.056389851706370564e-01 2.117504521953842700e-01 2.145800731573047071e-01 2.144361858998110049e-01 2.112010392861691233e-01 2.043941164773599439e-01 1.933013488057468976e-01 1.771535694161968932e-01
0.000000000000000000e+00 3.903588724756730521e-02 7.620987473162585402e-02 1.099283734104015281e-01 1.390647856777746938e-01 1.630445117563558144e-01 1.818111477692762323e-01 1.957033760617908624e-01 2.052888685923411061e-01 2.111973294251621724e-01 2.139768947542791122e-01 2.139793099448221991e-01 2.112711059283242376e-01 2.055749296908307711e-01 1.962621222747505667e-01 1.824310557172869607e-01 1.630995918828906099e-01 1.375054852276008377e-01 1.054533665554259897e-01 6.759719754622230126e-02 2.553608135222020653e-02 1.695451886704783329e-03 1.835123247448961978e-02 6.131335158758209614e-02 1.007557225199349205e-01 1.347203899130647586e-01 1.621652281367753912e-01 1.829758647219203171e-01 1.977457575927976108e-01 2.074314437236949860e-01 2.130052683385647017e-01 2.151943590569554143e-01 2.143412692572373712e-01 2.103782677653650013e-01 2.028882968687194532e-01 1.912276611642861612e-01 1.746944953402788658e-01
0.000000000000000000e+00 4.300721991802030492e-02 7.451521162714982993e-02 1.075960691447240408e-01 1.363130266757574816e-01 1.601167730764852248e-01 1.789489802286406417e-01 1.931236667661039574e-01 2.031673378797450025e-01 2.096580473679457157e-01 2.130864616509929588e-01 2.137442399505147250e-01 2.116376856092718473e-01 2.064319776594790712e-01 1.974481269635248171e-01 1.837475391366751865e-01 1.643317389807142093e-01 1.384489567367694351e-01 1.059433300586258980e-01 6.753324503433570658e-02 2.489635410651563560e-02 3.990025326174873044e-04 1.951090997262857132e-02 6.287485598670437825e-02 1.025632206639471578e-01 1.366061703370974045e-01 1.639696480392132116e-01 1.845580264704911599e-01 1.989861163064176597e-01 2.082307253958333715e-01 2.132846470219391111e-01 2.149000805161979943e-01 2.134540602809816279e-01 2.089252433010936327e-01 2.009534314667244248e-01 1.889563995187520107e-01 1.722886579230409609e-01
0.000000000000000000e+00 4.890847985570791895e-02 7.303850740601378067e-02 1.053245784502422622e-01 1.335808010871251950e-01 1.571279330180203604e-01 1.759095836489147358e-01 1.902242571289264050e-01 2.005702800395748053e-01 2.074892258646097443e-01 2.114300504469658337e-01 2.126391949042708007e-01 2.110752261073609304e-01 2.063543900880318860e-01 1.977504227808973836e-01 1.842843256934657004e-01 1.649314515719661756e-01 1.389358770003184529e-01 1.061647874361322380e-01 6.738622976131883324e-02 2.434621403811831897e-02 3.807101384091993255e-03 2.042561477301963607e-02 6.405299687134137498e-02 1.038635413431592269e-01 1.378739775063242690e-01 1.650597518071284242e-01 1.853489079331533673e-01 1.993849404158822836e-01 2.081727071165990484e-01 2.127317529650080419e-01 2.138429155470220056e-01 2.119180725870165871e-01 2.069794866712053871e-01 1.987180983385418986e-01 1.866046334666123241e-01 1.700388053684046552e-01
0.000000000000000000e+00 5.622374465979788905e-02 8.003332710126852267e-02 1.032509859012804981e-01 1.310377298429007964e-01 1.542716753456384593e-01 1.729028839270067008e-01 1.872249424612827395e-01 1.977225709218004002e-01 2.049170037167328817e-01 2.092310268038242438e-01 2.108791826879155562e-01 2.097823727313254949e-01 2.055141637125018350e-01 1.973031903927183750e-01 1.841281435746632555e-01 1.649325638888995971e-01 1.389478147298651434e-01 1.060539437331451951e-01 6.705842449567474273e-02 2.496466674773160574e-02 1.153855484678084978e-02 2.316696759838883513e-02 6.498067204327830082e-02 1.047915563182925808e-01 1.386622805905991240e-01 1.655803280405801214e-01 1.855012645659646353e-01 1.991023396520394673e-01 2.074220290017365076e-01 2.115116535118772845e-01 2.121841308015367245e-01 2.098871947198707177e-01 2.046846963358774363e-01 1.963133168609014489e-01 1.842879104604965845e-01 1.680415424168160143e-01
