BlockUplift_2Ma_1kryTimeStep_2mmyr_k_0.0001_m_0.5_n_1.0_LinDiffusion_0.5_3x6km_30mRes_flow__link_to_receiver_node.txt
nrows 200
cellsize 30.0
xllcorner 0.0
ncols 100
yllcorner 0.0
[rows 34 to 50 of 200, columns 37 to 73 of 100]
7.224700000000000000e+04 7.224900000000000000e+04 7.225100000000000000e+04 7.225300000000000000e+04 7.225500000000000000e+04 7.225700000000000000e+04 7.225900000000000000e+04 7.226100000000000000e+04 7.226300000000000000e+04 7.226500000000000000e+04 7.226700000000000000e+04 7.226900000000000000e+04 7.227100000000000000e+04 7.227300000000000000e+04 7.227500000000000000e+04 7.227700000000000000e+04 7.227900000000000000e+04 7.228100000000000000e+04 7.228300000000000000e+04 3.279100000000000000e+04 3.279200000000000000e+04 7.228600000000000000e+04 7.228800000000000000e+04 3.289400000000000000e+04 3.289500000000000000e+04 3.289600000000000000e+04 3.289700000000000000e+04 3.289800000000000000e+04 3.289900000000000000e+04 3.290000000000000000e+04 3.290100000000000000e+04 3.290200000000000000e+04 3.290300000000000000e+04 3.290400000000000000e+04 3.290500000000000000e+04 3.290600000000000000e+04 3.290700000000000000e+04
7.204900000000000000e+04 7.205100000000000000e+04 7.205300000000000000e+04 7.205500000000000000e+04 7.205700000000000000e+04 7.205900000000000000e+04 7.206100000000000000e+04 7.206300000000000000e+04 7.206500000000000000e+04 7.206700000000000000e+04 7.206900000000000000e+04 7.207100000000000000e+04 7.207300000000000000e+04 7.207500000000000000e+04 7.207700000000000000e+04 7.207900000000000000e+04 7.208100000000000000e+04 7.208300000000000000e+04 3.259100000000000000e+04 3.259200000000000000e+04 3.259300000000000000e+04 7.208800000000000000e+04 7.209000000000000000e+04 3.269500000000000000e+04 3.269600000000000000e+04 3.269700000000000000e+04 3.269800000000000000e+04 3.269900000000000000e+04 3.270000000000000000e+04 3.270100000000000000e+04 3.270200000000000000e+04 3.270300000000000000e+04 3.270400000000000000e+04 3.270500000000000000e+04 3.270600000000000000e+04 3.270700000000000000e+04 3.270800000000000000e+04
7.185100000000000000e+04 7.185300000000000000e+04 7.185500000000000000e+04 7.185700000000000000e+04 7.185900000000000000e+04 7.186100000000000000e+04 7.186300000000000000e+04 7.186500000000000000e+04 7.186700000000000000e+04 7.186900000000000000e+04 7.187100000000000000e+04 7.187300000000000000e+04 7.187500000000000000e+04 7.187700000000000000e+04 7.187900000000000000e+04 7.188100000000000000e+04 7.188300000000000000e+04 3.239100000000000000e+04 3.239200000000000000e+04 3.239300000000000000e+04 7.188800000000000000e+04 7.189000000000000000e+04 3.249500000000000000e+04 3.249600000000000000e+04 3.249700000000000000e+04 3.249800000000000000e+04 3.249900000000000000e+04 3.250000000000000000e+04 3.250100000000000000e+04 3.250200000000000000e+04 3.250300000000000000e+04 3.250400000000000000e+04 3.250500000000000000e+04 3.250600000000000000e+04 3.250700000000000000e+04 3.250800000000000000e+04 3.250900000000000000e+04
7.165300000000000000e+04 7.165500000000000000e+04 7.165700000000000000e+04 7.165900000000000000e+04 7.166100000000000000e+04 7.166300000000000000e+04 7.166500000000000000e+04 7.166700000000000000e+04 7.166900000000000000e+04 7.167100000000000000e+04 7.167300000000000000e+04 7.167500000000000000e+04 7.167700000000000000e+04 7.167900000000000000e+04 7.168100000000000000e+04 7.168300000000000000e+04 3.219100000000000000e+04 3.219200000000000000e+04 3.219300000000000000e+04 3.219400000000000000e+04 7.169000000000000000e+04 7.169200000000000000e+04 3.229600000000000000e+04 3.229700000000000000e+04 3.229800000000000000e+04 3.229900000000000000e+04 3.230000000000000000e+04 3.230100000000000000e+04 3.230200000000000000e+04 3.230300000000000000e+04 3.230400000000000000e+04 3.230500000000000000e+04 3.230600000000000000e+04 3.230700000000000000e+04 3.230800000000000000e+04 3.230900000000000000e+04 3.231000000000000000e+04
7.145500000000000000e+04 7.145700000000000000e+04 7.145900000000000000e+04 7.146100000000000000e+04 7.146300000000000000e+04 7.146500000000000000e+04 7.146700000000000000e+04 7.146900000000000000e+04 7.147100000000000000e+04 7.147300000000000000e+04 7.147500000000000000e+04 7.147700000000000000e+04 7.147900000000000000e+04 7.148100000000000000e+04 7.148300000000000000e+04 7.148500000000000000e+04 3.199200000000000000e+04 3.199300000000000000e+04 3.199400000000000000e+04 7.149000000000000000e+04 7.149200000000000000e+04 3.209600000000000000e+04 3.209700000000000000e+04 3.209800000000000000e+04 3.209900000000000000e+04 3.210000000000000000e+04 3.210100000000000000e+04 3.210200000000000000e+04 3.210300000000000000e+04 3.210400000000000000e+04 3.210500000000000000e+04 3.210600000000000000e+04 3.210700000000000000e+04 3.210800000000000000e+04 3.210900000000000000e+04 3.211000000000000000e+04 3.211100000000000000e+04
7.125700000000000000e+04 7.125900000000000000e+04 7.126100000000000000e+04 7.126300000000000000e+04 7.126500000000000000e+04 7.126700000000000000e+04 7.126900000000000000e+04 7.127100000000000000e+04 7.127300000000000000e+04 7.127500000000000000e+04 7.127700000000000000e+04 7.127900000000000000e+04 7.128100000000000000e+04 7.128300000000000000e+04 7.128500000000000000e+04 3.179200000000000000e+04 3.179300000000000000e+04 3.179400000000000000e+04 7.129000000000000000e+04 7.129200000000000000e+04 3.189600000000000000e+04 3.189700000000000000e+04 3.189800000000000000e+04 3.189900000000000000e+04 3.190000000000000000e+04 3.190100000000000000e+04 3.190200000000000000e+04 3.190300000000000000e+04 3.190400000000000000e+04 3.190500000000000000e+04 3.190600000000000000e+04 3.190700000000000000e+04 3.190800000000000000e+04 3.190900000000000000e+04 3.191000000000000000e+04 3.191100000000000000e+04 3.191200000000000000e+04
7.105900000000000000e+04 7.106100000000000000e+04 7.106300000000000000e+04 7.106500000000000000e+04 7.106700000000000000e+04 7.106900000000000000e+04 7.107100000000000000e+04 7.107300000000000000e+04 7.107500000000000000e+04 7.107700000000000000e+04 7.107900000000000000e+04 7.108100000000000000e+04 7.108300000000000000e+04 7.108500000000000000e+04 7.108700000000000000e+04 3.159300000000000000e+04 3.159400000000000000e+04 3.159500000000000000e+04 7.109200000000000000e+04 7.109400000000000000e+04 3.169700000000000000e+04 3.169800000000000000e+04 3.169900000000000000e+04 3.170000000000000000e+04 3.170100000000000000e+04 3.170200000000000000e+04 3.170300000000000000e+04 3.170400000000000000e+04 3.170500000000000000e+04 3.170600000000000000e+04 3.170700000000000000e+04 3.170800000000000000e+04 3.170900000000000000e+04 3.171000000000000000e+04 3.171100000000000000e+04 3.171200000000000000e+04 3.171300000000000000e+04
7.086100000000000000e+04 7.086300000000000000e+04 7.086500000000000000e+04 7.086700000000000000e+04 7.086900000000000000e+04 7.087100000000000000e+04 7.087300000000000000e+04 7.087500000000000000e+04 7.087700000000000000e+04 7.087900000000000000e+04 7.088100000000000000e+04 7.088300000000000000e+04 7.088500000000000000e+04 7.088700000000000000e+04 3.139300000000000000e+04 3.139400000000000000e+04 3.139500000000000000e+04 7.089200000000000000e+04 7.089400000000000000e+04 3.149700000000000000e+04 3.149800000000000000e+04 3.149900000000000000e+04 3.150000000000000000e+04 3.150100000000000000e+04 3.150200000000000000e+04 3.150300000000000000e+04 3.150400000000000000e+04 3.150500000000000000e+04 3.150600000000000000e+04 3.150700000000000000e+04 3.150800000000000000e+04 3.150900000000000000e+04 3.151000000000000000e+04 3.151100000000000000e+04 3.151200000000000000e+04 3.151300000000000000e+04 3.151400000000000000e+04
7.066300000000000000e+04 7.066500000000000000e+04 7.066700000000000000e+04 7.066900000000000000e+04 7.067100000000000000e+04 7.067300000000000000e+04 7.067500000000000000e+04 7.067700000000000000e+04 7.067900000000000000e+04 7.068100000000000000e+04 7.068300000000000000e+04 7.068500000000000000e+04 7.068700000000000000e+04 7.068900000000000000e+04 3.119400000000000000e+04 3.119500000000000000e+04 7.069200000000000000e+04 7.069400000000000000e+04 3.129700000000000000e+04 3.129800000000000000e+04 3.129900000000000000e+04 3.130000000000000000e+04 3.130100000000000000e+04 3.130200000000000000e+04 3.130300000000000000e+04 3.130400000000000000e+04 3.130500000000000000e+04 3.130600000000000000e+04 3.130700000000000000e+04 3.130800000000000000e+04 3.130900000000000000e+04 3.131000000000000000e+04 3.131100000000000000e+04 3.131200000000000000e+04 3.131300000000000000e+04 3.131400000000000000e+04 3.131500000000000000e+04
7.046500000000000000e+04 7.046700000000000000e+04 7.046900000000000000e+04 7.047100000000000000e+04 7.047300000000000000e+04 7.047500000000000000e+04 7.047700000000000000e+04 7.047900000000000000e+04 7.048100000000000000e+04 7.048300000000000000e+04 7.048500000000000000e+04 7.048700000000000000e+04 7.048900000000000000e+04 3.099400000000000000e+04 3.099500000000000000e+04 3.099600000000000000e+04 7.049400000000000000e+04 7.049600000000000000e+04 3.109800000000000000e+04 3.109900000000000000e+04 3.110000000000000000e+04 3.110100000000000000e+04 3.110200000000000000e+04 3.110300000000000000e+04 3.110400000000000000e+04 3.110500000000000000e+04 3.110600000000000000e+04 3.110700000000000000e+04 3.110800000000000000e+04 3.110900000000000000e+04 3.111000000000000000e+04 3.111100000000000000e+04 3.111200000000000000e+04 3.111300000000000000e+04 3.111400000000000000e+04 3.111500000000000000e+04 3.111600000000000000e+04
7.026700000000000000e+04 7.026900000000000000e+04 7.027100000000000000e+04 7.027300000000000000e+04 7.027500000000000000e+04 7.027700000000000000e+04 7.027900000000000000e+04 7.028100000000000000e+04 7.028300000000000000e+04 7.028500000000000000e+04 7.028700000000000000e+04 7.028900000000000000e+04 7.029100000000000000e+04 3.079500000000000000e+04 3.079600000000000000e+04 7.029400000000000000e+04 7.029600000000000000e+04 3.089800000000000000e+04 3.089900000000000000e+04 3.090000000000000000e+04 3.090100000000000000e+04 3.090200000000000000e+04 3.090300000000000000e+04 3.090400000000000000e+04 3.090500000000000000e+04 3.090600000000000000e+04 3.090700000000000000e+04 3.090800000000000000e+04 3.090900000000000000e+04 3.091000000000000000e+04 3.091100000000000000e+04 3.091200000000000000e+04 3.091300000000000000e+04 3.091400000000000000e+04 3.091500000000000000e+04 3.091600000000000000e+04 3.091700000000000000e+04
7.006900000000000000e+04 7.007100000000000000e+04 7.007300000000000000e+04 7.007500000000000000e+04 7.007700000000000000e+04 7.007900000000000000e+04 7.008100000000000000e+04 7.008300000000000000e+04 7.008500000000000000e+04 7.008700000000000000e+04 7.008900000000000000e+04 7.009100000000000000e+04 7.009300000000000000e+04 3.059600000000000000e+04 3.059700000000000000e+04 7.009600000000000000e+04 3.069800000000000000e+04 3.069900000000000000e+04 3.070000000000000000e+04 3.070100000000000000e+04 3.070200000000000000e+04 3.070300000000000000e+04 3.070400000000000000e+04 3.070500000000000000e+04 3.070600000000000000e+04 3.070700000000000000e+04 3.070800000000000000e+04 3.070900000000000000e+04 3.071000000000000000e+04 3.071100000000000000e+04 3.071200000000000000e+04 3.071300000000000000e+04 3.071400000000000000e+04 3.071500000000000000e+04 3.071600000000000000e+04 3.071700000000000000e+04 3.071800000000000000e+04
6.987100000000000000e+04 6.987300000000000000e+04 6.987500000000000000e+04 6.987700000000000000e+04 6.987900000000000000e+04 6.988100000000000000e+04 6.988300000000000000e+04 6.988500000000000000e+04 6.988700000000000000e+04 6.988900000000000000e+04 6.989100000000000000e+04 6.989300000000000000e+04 3.039600000000000000e+04 3.039700000000000000e+04 6.989600000000000000e+04 6.989800000000000000e+04 3.049900000000000000e+04 3.050000000000000000e+04 3.050100000000000000e+04 3.050200000000000000e+04 3.050300000000000000e+04 3.050400000000000000e+04 3.050500000000000000e+04 3.050600000000000000e+04 3.050700000000000000e+04 3.050800000000000000e+04 3.050900000000000000e+04 3.051000000000000000e+04 3.051100000000000000e+04 3.051200000000000000e+04 3.051300000000000000e+04 3.051400000000000000e+04 3.051500000000000000e+04 3.051600000000000000e+04 3.051700000000000000e+04 3.051800000000000000e+04 3.051900000000000000e+04
6.967300000000000000e+04 6.967500000000000000e+04 6.967700000000000000e+04 6.967900000000000000e+04 6.968100000000000000e+04 6.968300000000000000e+04 6.968500000000000000e+04 6.968700000000000000e+04 6.968900000000000000e+04 6.969100000000000000e+04 6.969300000000000000e+04 6.969500000000000000e+04 3.019700000000000000e+04 3.019800000000000000e+04 6.969800000000000000e+04 3.029900000000000000e+04 3.030000000000000000e+04 3.030100000000000000e+04 3.030200000000000000e+04 3.030300000000000000e+04 3.030400000000000000e+04 3.030500000000000000e+04 3.030600000000000000e+04 3.030700000000000000e+04 3.030800000000000000e+04 3.030900000000000000e+04 3.031000000000000000e+04 3.031100000000000000e+04 3.031200000000000000e+04 3.031300000000000000e+04 3.031400000000000000e+04 3.031500000000000000e+04 3.031600000000000000e+04 3.031700000000000000e+04 3.031800000000000000e+04 3.031900000000000000e+04 3.032000000000000000e+04
6.947500000000000000e+04 6.947700000000000000e+04 6.947900000000000000e+04 6.948100000000000000e+04 6.948300000000000000e+04 6.948500000000000000e+04 6.948700000000000000e+04 6.948900000000000000e+04 6.949100000000000000e+04 6.949300000000000000e+04 6.949500000000000000e+04 2.999700000000000000e+04 2.999800000000000000e+04 6.949800000000000000e+04 6.950000000000000000e+04 3.010000000000000000e+04 3.010100000000000000e+04 3.010200000000000000e+04 3.010300000000000000e+04 3.010400000000000000e+04 3.010500000000000000e+04 3.010600000000000000e+04 3.010700000000000000e+04 3.010800000000000000e+04 3.010900000000000000e+04 3.011000000000000000e+04 3.011100000000000000e+04 3.011200000000000000e+04 3.011300000000000000e+04 3.011400000000000000e+04 3.011500000000000000e+04 3.011600000000000000e+04 3.011700000000000000e+04 3.011800000000000000e+04 3.011900000000000000e+04 3.012000000000000000e+04 3.012100000000000000e+04
6.927700000000000000e+04 6.927900000000000000e+04 6.928100000000000000e+04 6.928300000000000000e+04 6.928500000000000000e+04 6.928700000000000000e+04 6.928900000000000000e+04 6.929100000000000000e+04 6.929300000000000000e+04 6.929500000000000000e+04 6.929700000000000000e+04 2.979800000000000000e+04 2.979900000000000000e+04 6.930000000000000000e+04 6.930200000000000000e+04 2.990100000000000000e+04 2.990200000000000000e+04 2.990300000000000000e+04 2.990400000000000000e+04 2.990500000000000000e+04 2.990600000000000000e+04 2.990700000000000000e+04 2.990800000000000000e+04 2.990900000000000000e+04 2.991000000000000000e+04 2.991100000000000000e+04 2.991200000000000000e+04 2.991300000000000000e+04 2.991400000000000000e+04 2.991500000000000000e+04 2.991600000000000000e+04 2.991700000000000000e+04 2.991800000000000000e+04 2.991900000000000000e+04 2.992000000000000000e+04 2.992100000000000000e+04 2.992200000000000000e+04
6.907900000000000000e+04 6.908100000000000000e+04 6.908300000000000000e+04 6.908500000000000000e+04 6.908700000000000000e+04 6.908900000000000000e+04 6.909100000000000000e+04 6.909300000000000000e+04 6.909500000000000000e+04 6.909700000000000000e+04 2.959800000000000000e+04 2.959900000000000000e+04 6.910000000000000000e+04 6.910200000000000000e+04 2.970100000000000000e+04 2.970200000000000000e+04 2.970300000000000000e+04 2.970400000000000000e+04 2.970500000000000000e+04 2.970600000000000000e+04 2.970700000000000000e+04 2.970800000000000000e+04 2.970900000000000000e+04 2.971000000000000000e+04 2.971100000000000000e+04 2.971200000000000000e+04 2.971300000000000000e+04 2.971400000000000000e+04 2.971500000000000000e+04 2.971600000000000000e+04 2.971700000000000000e+04 2.971800000000000000e+04 2.971900000000000000e+04 2.972000000000000000e+04 2.972100000000000000e+04 2.972200000000000000e+04 2.972300000000000000e+04
