BlockUplift_2Ma_1kryTimeStep_2mmyr_k_5e-05_m_0.5_n_1.0_LinDiffusion_0.5_6x3km_30mRes_topographic__steepest_slope.txt
nrows 100
cellsize 30.0
xllcorner 0.0
ncols 200
yllcorner 0.0
[rows 0 to 16 of 100, columns 148 to 184 of 200]
0.000000000000000000e+00 0.000000000000000000e+00 0.000000000000000000e+00 0.000000000000000000e+00 0.000000000000000000e+00 0.000000000000000000e+00 0.000000000000000000e+00 0.000000000000000000e+00 0.000000000000000000e+00 0.000000000000000000e+00 0.000000000000000000e+00 0.000000000000000000e+00 0.000000000000000000e+00 0.000000000000000000e+00 0.000000000000000000e+00 0.000000000000000000e+00 0.000000000000000000e+00 0.000000000000000000e+00 0.000000000000000000e+00 0.000000000000000000e+00 0.000000000000000000e+00 0.000000000000000000e+00 0.000000000000000000e+00 0.000000000000000000e+00 0.000000000000000000e+00 0.000000000000000000e+00 0.000000000000000000e+00 0.000000000000000000e+00 0.000000000000000000e+00 0.000000000000000000e+00 0.000000000000000000e+00 0.000000000000000000e+00 0.000000000000000000e+00 0.000000000000000000e+00 0.000000000000000000e+00 0.000000000000000000e+00 0.000000000000000000e+00
1.910713660010655013e-01 2.056629968466343883e-01 2.197015179728661338e-01 2.269165760105655294e-01 2.274775659940208583e-01 2.216087517039833643e-01 2.093776943326512707e-01 1.906835211589168466e-01 1.654157537731331673e-01 1.336982624051112623e-01 1.048823303066817175e-01 7.383711389015194804e-02 6.091176240300985589e-02 9.284141252930395993e-02 1.246576548005161045e-01 1.621353740178013425e-01 1.943482837666086482e-01 2.211046694746149344e-01 2.426793085381329373e-01 2.596276340287090312e-01 2.726095316842853666e-01 2.822665372359248748e-01 2.891628185118672034e-01 2.937741096506480409e-01 2.964992218668119905e-01 2.976732704111668681e-01 2.975719574312393201e-01 2.964053536850883575e-01 2.943052593126481153e-01 2.913128344105075374e-01 2.873730857415277007e-01 2.823389230066027378e-01 2.759794073348795229e-01 2.679787400298190847e-01 2.579150618124818606e-01 2.452315874440804122e-01 2.292520175447710640e-01
2.503376263170516980e-01 2.599798391745613557e-01 2.645024833450830837e-01 2.640916370616670505e-01 2.591193834092890835e-01 2.498739584014557646e-01 2.364460090022670324e-01 2.187811403060137272e-01 1.968394467014184246e-01 1.707804799155224762e-01 1.411037094667218494e-01 1.087020206596126110e-01 9.525216340646239233e-02 1.257794668616649125e-01 1.563336985786456246e-01 1.840015339453282273e-01 2.080483639516139127e-01 2.281450606927267200e-01 2.443138206390307321e-01 2.599979323244611118e-01 2.726821240635483035e-01 2.820431215704161110e-01 2.886854258883545521e-01 2.931099822413178457e-01 2.957258875123670583e-01 2.968679499011500633e-01 2.968070453454856872e-01 2.957497444163853517e-01 2.938299807579217715e-01 2.910985670658495228e-01 2.875164313169269459e-01 2.829537769481741405e-01 2.771898181532946870e-01 2.699006327492838864e-01 2.606265094727954756e-01 2.560557881748325992e-01 2.506215883243375631e-01
3.052747870575818756e-01 3.132350526692901926e-01 3.156451512657820757e-01 3.128855304422212824e-01 3.054979895196402451e-01 2.938764217102875498e-01 2.781569811735173370e-01 2.583020077387508939e-01 2.342924278702206153e-01 2.063271910533798492e-01 1.749555250674473261e-01 1.411109033501270482e-01 1.376739796809564043e-01 1.560108941214249645e-01 1.873663409468777075e-01 2.159156088525278905e-01 2.408415375318600227e-01 2.617247869920485415e-01 2.785143880215130707e-01 2.914478679474462597e-01 3.009468177284846391e-01 3.075176803923022617e-01 3.116779897625106543e-01 3.139131008738120787e-01 3.146571428891951072e-01 3.142883171281536936e-01 3.131306987643537321e-01 3.114584528342775327e-01 3.095011997128866432e-01 3.074502238993389036e-01 3.054639914597657158e-01 3.036676989324649800e-01 3.021360270490828781e-01 3.008450143525042697e-01 2.995865266072805233e-01 2.978654867413998431e-01 2.948419338784167287e-01
3.532746879968556852e-01 3.602030343970255566e-01 3.610867343902436355e-01 3.564801747677815436e-01 3.470912180708063399e-01 3.334257661562656239e-01 3.156758834858863771e-01 2.938319370894534321e-01 2.679066597581013509e-01 2.381475607366774772e-01 2.051578233396323669e-01 1.767176161027729508e-01 1.747180235755308730e-01 1.826250757386434498e-01 2.149556376094177712e-01 2.445432978021005732e-01 2.705034044768169776e-01 2.923340398511053984e-01 3.099151591973748898e-01 3.234489629700588176e-01 3.333591627083223874e-01 3.401818925762993273e-01 3.444770837531602736e-01 3.467728790737475975e-01 3.475401217272072740e-01 3.471866604750834528e-01 3.460616468556393932e-01 3.444637906949367667e-01 3.426509512357250320e-01 3.408497404686279819e-01 3.392624501958149685e-01 3.380644467973171752e-01 3.373793094467030795e-01 3.372160491354575518e-01 3.373620276169213561e-01 3.372558303892035370e-01 3.359122033294441589e-01
3.927734764779914345e-01 3.992644387472044087e-01 3.992221324362031920e-01 3.933389705063474184e-01 3.824627883251928151e-01 3.671981491704588429e-01 3.477917009148733807e-01 3.242694933454909334e-01 2.966883887769632966e-01 2.653561252322340080e-01 2.309348123901186767e-01 2.078289588013982891e-01 2.057844465453816385e-01 2.051572980367533661e-01 2.385278412146204507e-01 2.692251045550432265e-01 2.962997471225425339e-01 3.191734248054059475e-01 3.376572522922292596e-01 3.519162476002336004e-01 3.623739272140303891e-01 3.695933101898303264e-01 3.741729528990646592e-01 3.766789016182331418e-01 3.776129288807318352e-01 3.774060276122413460e-01 3.764249906822378366e-01 3.749840012753555274e-01 3.733574691621635022e-01 3.717922504509508785e-01 3.705160444331895286e-01 3.697341293717094635e-01 3.696000886868093249e-01 3.701429877742305474e-01 3.711438434419798704e-01 3.719883879745647937e-01 3.715768424226407185e-01
4.233013775730324890e-01 4.298134767801925493e-01 4.293717819237497513e-01 4.227651496475151593e-01 4.109400426040963894e-01 3.945697673835566466e-01 3.739417253405774022e-01 3.491183855799357971e-01 3.202106011916614481e-01 2.875980790184657909e-01 2.520078226149892187e-01 2.328009218490744159e-01 2.308895706498863831e-01 2.303224740914894542e-01 2.579066181169450411e-01 2.896844442974320644e-01 3.178552389129730704e-01 3.417675149410008273e-01 3.611610965126159090e-01 3.761598902144878687e-01 3.871840068499682874e-01 3.948212471971727089e-01 3.997073018160935964e-01 4.024446033533548572e-01 4.035637863438508166e-01 4.035158852681124397e-01 4.026806097886253544e-01 4.013805428928622354e-01 3.998964845722843831e-01 3.984818651595570249e-01 3.973730126709991151e-01 3.967870315777021206e-01 3.968917202892844331e-01 3.977280091295185560e-01 3.990760823154442805e-01 4.002930666351705025e-01 4.002089311406072381e-01
4.453157708521673364e-01 4.521422570947259967e-01 4.517035443401246630e-01 4.448458353222288220e-01 4.325664073157349798e-01 4.155675399845518703e-01 3.941544159892432231e-01 3.684200061028004014e-01 3.385350646179405287e-01 3.049615935794048882e-01 2.684985649910070493e-01 2.521280121268091312e-01 2.504913206449108087e-01 2.500082674076831157e-01 2.732534545614208055e-01 3.059994135387019143e-01 3.351613377837556196e-01 3.600149104797327748e-01 3.802249493320448703e-01 3.958702165153775709e-01 4.073650596329316254e-01 4.153217741367601357e-01 4.204143931941384804e-01 4.232835008850169278e-01 4.244899666673036531e-01 4.245050178697191701e-01 4.237195166353013853e-01 4.224601962660776144e-01 4.210070915724023477e-01 4.196100091040080859e-01 4.185011325548355088e-01 4.178956248939730833e-01 4.179639780908890323e-01 4.187548434302358347e-01 4.200571786255651308e-01 4.212283655875479482e-01 4.210772388536799804e-01
4.599035663243295491e-01 4.671856401714927776e-01 4.670150473730214635e-01 4.602638722090641177e-01 4.479339589021636425e-01 4.307147204592527978e-01 4.089024702089663621e-01 3.826106855195040013e-01 3.520723007118664594e-01 3.178398387259517288e-01 2.807921263637552234e-01 2.665429295000686927e-01 2.652835242423142170e-01 2.649108038308440882e-01 2.849680602195160395e-01 3.185215914966439965e-01 3.485173709389893792e-01 3.741565433700455579e-01 3.950252636996904876e-01 4.111539757658843608e-01 4.229499483178303931e-01 4.310508656108205106e-01 4.361717879495633499e-01 4.389950632928160124e-01 4.401153324540418299e-01 4.400265574107982691e-01 4.391315983493563335e-01 4.377600377419168520e-01 4.361874662473248510e-01 4.346539872546313354e-01 4.333794886878499786e-01 4.325680576693975432e-01 4.323852622670615320e-01 4.328858378498253168e-01 4.338779973305583182e-01 4.347477239935631510e-01 4.343301302033372724e-01
4.684567962679955788e-01 4.762197230197806053e-01 4.764585181127526936e-01 4.700494141247754110e-01 4.579599016365954456e-01 4.408292116376366643e-01 4.189197623500928724e-01 3.923545806711802864e-01 3.614284730995920292e-01 3.267902463394582457e-01 2.894064050018473333e-01 2.768384837353172201e-01 2.760243349734158302e-01 2.758014662161864528e-01 2.935790752298572115e-01 3.277675925787271738e-01 3.584247027711960354e-01 3.846748635235885394e-01 4.060231127587817790e-01 4.224496111131498255e-01 4.343537377330782268e-01 4.423993520572760962e-01 4.473449617775197562e-01 4.499183122417833025e-01 4.507519215707728177e-01 4.503662416478451114e-01 4.491788440676862670e-01 4.475233779342380758e-01 4.456704758392962540e-01 4.438482010350768836e-01 4.422600569417536875e-01 4.410937492647261648e-01 4.405050651638169890e-01 4.405539854518131238e-01 4.410767139425768035e-01 4.415119362632847766e-01 4.407623902444300357e-01
4.724020193676795598e-01 4.805959723526387339e-01 4.812880792391366902e-01 4.753464045636071611e-01 4.636754063975257467e-01 4.468354220067590754e-01 4.250351841207335446e-01 3.983977012038931176e-01 3.672777199402968429e-01 3.324233712860087953e-01 2.948954099622930758e-01 2.837585860031178187e-01 2.834296555857425681e-01 2.834107042671613619e-01 2.996521721884341516e-01 3.343163623830520126e-01 3.654732650136333638e-01 3.921697046201302328e-01 4.138292482178803078e-01 4.303811789485638695e-01 4.422161870898134728e-01 4.500239668660037107e-01 4.546072688863776468e-01 4.567414109888922602e-01 4.571000748876128950e-01 4.562340080705712952e-01 4.545791624725729063e-01 4.524762456928931309e-01 4.501928647560855534e-01 4.479456279167474131e-01 4.459206593927284579e-01 4.442867281785159994e-01 4.431865931449313623e-01 4.426841186906598780e-01 4.426487241699248454e-01 4.425892274231403301e-01 4.415085426553785886e-01
4.730217739438923319e-01 4.815567443577264406e-01 4.826785766141331036e-01 4.772423723311074450e-01 4.660713929681076229e-01 4.496282779572872701e-01 4.280549510256091983e-01 4.014673288137140528e-01 3.702771425416233608e-01 3.353320946490998544e-01 2.977915559910630505e-01 2.879524471500266025e-01 2.881273564642621299e-01 2.883749419818286697e-01 3.037291757759505439e-01 3.387350540951399314e-01 3.702534346319295011e-01 3.972549585211495038e-01 4.190840576342108048e-01 4.356201286068027700e-01 4.472443340445790838e-01 4.546704300194167603e-01 4.587440160145363488e-01 4.602879137888251093e-01 4.600185159867123952e-01 4.585197685531262057e-01 4.562497118998000700e-01 4.535600155181833681e-01 4.507188003937531162e-01 4.479338754281664281e-01 4.453752303041904614e-01 4.431921029997476502e-01 4.415119278546513759e-01 4.403999816555926317e-01 4.397598515027401622e-01 4.391800246878257985e-01 4.377857604063428165e-01
4.713681213772338285e-01 4.801395444566812221e-01 4.816276423200974710e-01 4.766745940108287893e-01 4.660131701619514288e-01 4.499984993283132617e-01 4.286988373040982458e-01 4.022184440967770391e-01 3.710223501889476361e-01 3.360555324387542453e-01 2.985778360392332131e-01 2.899671287884833526e-01 2.906489148158394875e-01 2.912261735972568322e-01 3.062972466263377824e-01 3.415389034578252825e-01 3.733057244530026408e-01 4.004965090727735100e-01 4.223818625155296158e-01 4.387942130884855962e-01 4.501047540530815905e-01 4.570485055176127243e-01 4.605105492665602096e-01 4.613588168522228528e-01 4.603518203202909276e-01 4.581080459686058259e-01 4.551105562520641468e-01 4.517259323362091128e-01 4.482271195071545478e-01 4.448171047108105403e-01 4.416526274341829317e-01 4.388643928098543423e-01 4.365631005236547124e-01 4.348120711673244543e-01 4.335460160417143882e-01 4.324347197752619332e-01 4.307370171394994118e-01
4.682464973497685867e-01 4.771523890579686955e-01 4.789263965803823853e-01 4.743998439821874857e-01 4.642119590259558559e-01 4.486073441874220413e-01 4.275784936536934921e-01 4.012152914488058553e-01 3.700317454853372934e-01 3.350657769280698806e-01 2.976774377235109625e-01 2.902537841153919884e-01 2.914343956027247717e-01 2.923992518946799124e-01 3.077787528471904732e-01 3.431774327275786685e-01 3.751025875433829926e-01 4.023882534412839829e-01 4.242395523538935453e-01 4.404472441979624397e-01 4.513732806733983804e-01 4.577710024145680290e-01 4.605603871622165335e-01 4.606502031536671704e-01 4.588384026501219903e-01 4.557774578818710176e-01 4.519769805516843375e-01 4.478216683658600705e-01 4.435935659673483356e-01 4.394954441301218151e-01 4.356748460038248894e-01 4.322463964329409380e-01 4.293038352287681381e-01 4.269050412608526024e-01 4.250099504554691321e-01 4.233644893834888623e-01 4.213619176201129912e-01
4.642428465052312880e-01 4.731942647834530558e-01 4.751741895844620589e-01 4.710047905915511479e-01 4.612322060865674533e-01 4.459917509810170100e-01 4.252009567368974507e-01 3.989334918241919659e-01 3.677472787588370595e-01 3.327673184047981181e-01 2.954521847549367308e-01 2.891737118617849212e-01 2.908366988406063114e-01 2.922397467560699513e-01 3.085312754432218418e-01 3.440349634306775206e-01 3.760489486982256380e-01 4.033517114227289091e-01 4.250942008757908064e-01 4.410336871493904520e-01 4.515256720145952030e-01 4.573397857417789147e-01 4.594260950906734475e-01 4.587288127546482186e-01 4.560809640672076060e-01 4.521665499678776956e-01 4.475214763339268043e-01 4.425503801388307457e-01 4.375478952765475271e-01 4.327211027050128500e-01 4.282130510186697991e-01 4.241260000849541578e-01 4.205379878829389462e-01 4.174987874395307830e-01 4.149864061939302351e-01 4.128129538409355259e-01 4.104982250297777302e-01
4.597714753736794613e-01 4.686975159433688920e-01 4.708146984042888561e-01 4.669357950890901110e-01 4.575156014730083487e-01 4.425833899084188339e-01 4.219836526360281614e-01 3.957718232687772453e-01 3.645435487463595248e-01 3.295036460488226515e-01 2.922066113115964203e-01 2.870019037502894999e-01 2.891223026675258101e-01 2.910065271679021515e-01 3.088501981934552165e-01 3.444355062074104801e-01 3.764893226111412639e-01 4.037450180951031586e-01 4.253134352359989601e-01 4.409298038231803107e-01 4.509488300593408883e-01 4.561563143225227934e-01 4.575284094340549834e-01 4.560391649326675512e-01 4.525512806431498114e-01 4.477762428373825987e-01 4.422741572235462937e-01 4.364696495722508174e-01 4.306720256355392462e-01 4.250964087756877174e-01 4.198860463595233128e-01 4.151353803677682586e-01 4.109094920736738321e-01 4.072488960228212718e-01 4.041428311312158517e-01 4.014571622469574885e-01 3.988240238824656836e-01
4.551272575797711828e-01 4.639753057127236624e-01 4.661771282061583643e-01 4.625333854603111416e-01 4.534091934598020734e-01 4.387313719644463927e-01 4.182729537288660815e-01 3.920678599782225215e-01 3.607414194093963578e-01 3.255691526029458882e-01 2.881978236643299440e-01 2.839324100566311126e-01 2.864727419942899589e-01 2.888716597154067922e-01 3.089702180330505810e-01 3.446464949735881245e-01 3.767143639711814651e-01 4.038726436730635805e-01 4.252083706388316564e-01 4.404495056499398431e-01 4.499589649928829593e-01 4.545412863969781614e-01 4.551964358365722663e-01 4.529234268038112576e-01 4.486090493611419316e-01 4.429872630398727917e-01 4.366387346798493163e-01 4.300062910158219398e-01 4.234141940100027424e-01 4.170879193330105927e-01 4.111748601974470341e-01 4.057663365051744075e-01 4.009183051319163971e-01 3.966625772956323126e-01 3.929942162476830481e-01 3.898200959783721942e-01 3.868669226392714156e-01
