BlockUplift_2Ma_1kryTimeStep_2mmyr_k_5e-05_m_0.5_n_1.0_LinDiffusion_0.25_3x6km_30mRes_topographic__steepest_slope.txt
nrows 200
cellsize 30.0
xllcorner 0.0
ncols 100
yllcorner 0.0
[rows 68 to 84 of 200, columns 37 to 73 of 100]
1.951154178224376590e-01 1.930089520135164216e-01 1.925251171251113891e-01 1.935080106375577091e-01 1.968102434474199580e-01 1.998397389373650357e-01 1.861989315416498758e-01 1.451690025739338918e-01 7.491894748188959730e-02 1.721994966099013244e-02 2.090938640782531374e-02 9.542120358652729506e-02 1.564571270035192696e-01 1.900778821965483645e-01 2.024360853281488570e-01 2.038349562339163978e-01 2.023625638656871562e-01 2.019573521344881217e-01 2.035120387333705649e-01 2.065153159197137822e-01 2.100212684408120367e-01 2.129398704740632919e-01 2.139882252942338081e-01 2.115456939297871430e-01 2.035565664150738030e-01 1.876271962087116552e-01 1.614726243256275895e-01 1.237447828058179794e-01 7.498411412125279008e-02 1.018455466882136479e-01 1.580471733245104038e-01 2.060771241272742471e-01 2.437232521095271109e-01 2.708660261874624164e-01 2.887588659055449480e-01 2.989118316188577595e-01 3.016988136701112544e-01
2.171194487329495548e-01 2.163783232790494060e-01 2.165784059722846988e-01 2.164576001910715475e-01 2.125555408413827285e-01 1.989196702371553160e-01 1.711278966682992231e-01 1.280485519174021647e-01 5.876357462095995604e-02 1.162734800205384930e-02 2.545032546282187738e-02 1.016857953223687105e-01 1.576596128433521982e-01 1.884882460157257245e-01 2.005131224804557744e-01 2.032076456163186551e-01 2.036014713827777600e-01 2.048765710070862556e-01 2.075711469566272060e-01 2.110768278984702928e-01 2.144312227445046293e-01 2.164976959050610161e-01 2.158817172080603197e-01 2.108096662935414201e-01 1.991098360553583690e-01 1.784466558045892381e-01 1.469263885229243616e-01 1.039943772220889712e-01 6.751408463020702744e-02 1.267572917770847241e-01 1.801082480330918056e-01 2.241122107151670706e-01 2.574623408428949878e-01 2.806445519879980921e-01 2.950590584527690852e-01 3.018307834056160877e-01 3.004028854951054650e-01
2.350201352387504272e-01 2.357798287610162746e-01 2.360985043179910647e-01 2.330863117063151635e-01 2.219830268136341322e-01 1.970618163396839762e-01 1.538000934650852469e-01 9.903213512235614635e-02 3.211574856510139575e-02 0.000000000000000000e+00 4.338369763733283119e-02 1.108162462407070309e-01 1.583794157931578128e-01 1.845599597019069449e-01 1.957618811612519549e-01 2.000837190152471579e-01 2.029716326087803169e-01 2.065360312113682650e-01 2.108328138677147134e-01 2.151267263364265714e-01 2.184377449482478029e-01 2.195775639150421565e-01 2.170303701238367466e-01 2.088810258294188371e-01 1.929144314767540780e-01 1.670132131993852798e-01 1.298961611195295629e-01 8.198819406070849414e-02 9.333336442669658284e-02 1.507518426136902068e-01 2.005190898361633167e-01 2.401582634389528292e-01 2.692069291235355544e-01 2.885935263673685691e-01 2.996369193821489807e-01 3.028049696010617908e-01 2.964025729407792076e-01
2.470354740500937396e-01 2.485508839069979492e-01 2.472869718290262586e-01 2.384870862680003589e-01 2.165432586970755802e-01 1.771835350187351554e-01 1.197718361123786962e-01 6.141133386885068435e-02 1.100097526301624384e-02 1.058435477825056710e-02 6.802298992128423538e-02 1.217601013204197558e-01 1.581546756046037783e-01 1.782322432220979636e-01 1.881494002260457876e-01 1.941821773538919271e-01 1.998695371418506284e-01 2.060826993689658937e-01 2.123159677790331101e-01 2.176591016041129478e-01 2.210731425938035899e-01 2.212778193496565959e-01 2.166069986155055860e-01 2.050177045461036018e-01 1.843485163934512061e-01 1.528924789995680100e-01 1.102100075571456755e-01 6.149388785807293617e-02 1.188243206073161945e-01 1.734529379183215037e-01 2.190559754145890159e-01 2.541660321366343012e-01 2.790527447392467941e-01 2.948879500162417400e-01 3.026427609375641481e-01 3.018360250346453499e-01 2.894938814348858025e-01
2.529701175738180985e-01 2.537490941612847162e-01 2.484355396693669338e-01 2.306710861431353066e-01 1.950393755302596288e-01 1.409385321097024191e-01 9.507095483188456042e-02 3.963486967200158945e-02 2.250105170475754507e-02 4.682431611411175254e-02 9.625912432622669990e-02 1.371047946316003852e-01 1.623702599303558369e-01 1.711682321036663845e-01 1.786489352223024352e-01 1.859182424143739354e-01 1.940404202363756325e-01 2.026940432915173007e-01 2.108080599825920276e-01 2.172382490701693369e-01 2.208055803817217111e-01 2.200638605537752202e-01 2.131540671962038058e-01 1.979258272082290715e-01 1.723836928084115927e-01 1.354222995922479411e-01 8.762842696739311932e-02 8.513073056393551108e-02 1.436025773864719746e-01 1.945791165003322443e-01 2.355908024354693986e-01 2.661360625782130396e-01 2.870556463433688310e-01 2.995295076522465627e-01 3.038846578968109058e-01 2.984215093709677302e-01 2.788918782276323949e-01
2.536120746345380539e-01 2.517933358467832616e-01 2.399100101225035697e-01 2.108284625910562815e-01 1.607318849131920135e-01 1.232280429662002547e-01 7.331860902760543863e-02 4.876862575161310803e-02 4.760187792507603738e-02 9.233379587214946005e-02 1.322750884432630780e-01 1.680710230090480262e-01 1.852450446999066025e-01 1.899651175798258707e-01 1.893215826566419790e-01 1.882169455960024107e-01 1.885969026853427932e-01 1.965514245224757872e-01 2.058315124305911126e-01 2.128775023881189499e-01 2.162790772259067240e-01 2.143462911730315001e-01 2.050023932691450168e-01 1.860410929692250248e-01 1.557598615654228469e-01 1.138081029455728782e-01 6.187847958877531335e-02 1.116782477649667371e-01 1.673467280859271267e-01 2.139405910708338798e-01 2.500776711577136213e-01 2.761013102072166214e-01 2.932185079981760589e-01 3.023555286055603086e-01 3.029043214083484981e-01 2.917771899657088386e-01 2.636857122557083044e-01
2.501896864860599923e-01 2.440057295044376351e-01 2.236919858770274605e-01 1.825475277870306501e-01 1.395838252489160769e-01 1.013039499007305777e-01 6.640305838824894780e-02 7.430515378188802533e-02 1.017253779008124581e-01 1.355793096399907083e-01 1.661483656087705540e-01 1.911788112281313790e-01 2.018976259093053782e-01 2.046562486688698890e-01 2.048901051118592886e-01 2.055372406490866832e-01 2.072090256493924476e-01 2.092268302378615941e-01 2.104955851727698390e-01 2.098212717144183059e-01 2.072058057745039261e-01 2.033584188197134213e-01 1.910778798891044628e-01 1.682198156424969115e-01 1.335274984145068400e-01 8.749934364777610385e-02 7.849207934178591139e-02 1.380367166864982231e-01 1.898086893658998131e-01 2.314363887123826180e-01 2.625440604581421589e-01 2.841272523390547811e-01 2.975190056573738806e-01 3.031242231550289046e-01 2.991691297036986885e-01 2.811904625551353565e-01 2.433643759678998375e-01
2.440463390688404066e-01 2.321725704973419957e-01 2.026030253361974787e-01 1.503246734702911591e-01 1.180081374313961817e-01 8.099345463977555837e-02 8.643234971544072609e-02 1.040368487542176895e-01 1.484948072917366690e-01 1.722064559084941493e-01 1.849742329096960569e-01 2.007556303563320932e-01 2.073531550323540473e-01 2.102127385542260640e-01 2.127439599506596724e-01 2.160578362592255330e-01 2.196916733845027669e-01 2.225283681210671605e-01 2.233384089573126341e-01 2.208596259705683795e-01 2.136188672888554019e-01 1.997797328075096579e-01 1.772638935330483612e-01 1.444013636048983584e-01 1.056607296746903957e-01 5.667343435205794006e-02 1.076750467204178469e-01 1.638921782030264007e-01 2.107893549032617553e-01 2.470364084473998523e-01 2.730826549443845508e-01 2.903291625013429966e-01 2.999737599759762507e-01 3.016533024221360604e-01 2.923110721028960857e-01 2.663504293222557218e-01 2.181481620850592440e-01
2.363609974257967206e-01 2.180088358692753303e-01 1.793130723329668108e-01 1.247534435041728756e-01 9.828006799879460131e-02 7.466758230749249992e-02 1.053533064838532846e-01 1.458108303727660426e-01 1.841471205239865183e-01 1.997563264840569730e-01 1.996139750871947227e-01 1.972799057232840492e-01 2.018551684754248954e-01 2.059599698422883707e-01 2.111143064035366779e-01 2.170548926940092382e-01 2.226182162955927524e-01 2.264016221427491427e-01 2.270176792647701502e-01 2.230350612637650443e-01 2.128138624127409728e-01 1.944706823539695539e-01 1.661626698056465068e-01 1.267195929112027719e-01 7.642997417865160514e-02 7.807488902658925312e-02 1.373401972447707564e-01 1.888040500318883819e-01 2.300768652611686060e-01 2.607435035879869245e-01 2.818343305393961051e-01 2.948829757230292947e-01 3.006870938992172726e-01 2.979146690175069612e-01 2.822555885994616487e-01 2.474459413973559008e-01 1.889219297314535806e-01
2.278379609207294432e-01 2.025986377832985075e-01 1.554796427458107755e-01 1.074043915142425532e-01 8.157029649808768268e-02 8.636825962622571295e-02 1.211637463554254418e-01 1.760803729556935648e-01 2.080388916596120907e-01 2.180571842741376998e-01 2.147596255262214926e-01 2.061844114769011693e-01 1.973633370799755538e-01 1.952657447347160846e-01 2.022728978402992261e-01 2.098577557375293778e-01 2.165193604505885883e-01 2.206909082379871767e-01 2.207975034871384190e-01 2.151610708430041763e-01 2.019324156433826845e-01 1.792314757023447114e-01 1.456037968964429830e-01 1.007115961867193904e-01 5.140879566920333182e-02 1.118074207155038552e-01 1.664852245660381480e-01 2.121524365770518783e-01 2.474078245152006028e-01 2.725604507929949016e-01 2.889587808736812646e-01 2.979943317840150763e-01 2.998088871735917205e-01 2.919651647122890048e-01 2.690894252619625004e-01 2.248991105053931572e-01 1.567464452780050754e-01
2.184757762539613624e-01 1.860538724638995112e-01 1.313807519232840504e-01 9.188984045817676083e-02 6.695749079410594218e-02 9.620749136675800506e-02 1.441365450144540261e-01 1.959072918303348954e-01 2.219485319925089128e-01 2.285903126153110976e-01 2.249484335761915699e-01 2.180201962219664724e-01 2.112907414367593273e-01 2.057353347952528000e-01 2.012155559925020154e-01 1.983256673793642733e-01 2.048115406270920036e-01 2.083115717275820233e-01 2.070495773391861083e-01 1.990829059750481300e-01 1.823914479899522989e-01 1.552236754039607036e-01 1.166985512123452640e-01 6.745725371082056387e-02 8.858196603463881769e-02 1.448980206257924896e-01 1.938616306195296846e-01 2.332330477541338931e-01 2.625001667282800821e-01 2.824812567229522675e-01 2.945886802398723914e-01 2.998032446621911040e-01 2.973708548988087674e-01 2.836968923726529979e-01 2.527047931879660148e-01 1.988793272540929358e-01 1.222473203767585059e-01
2.075103601353078531e-01 1.675265081566029990e-01 1.061168031915274840e-01 7.673096318418401451e-02 6.042682455340496472e-02 1.029676352223564129e-01 1.628791279571364103e-01 2.077762328982762086e-01 2.286787956953323375e-01 2.334863353326871449e-01 2.309472616041650384e-01 2.266848179199124902e-01 2.227909219774365512e-01 2.192808248697749318e-01 2.154993531270832929e-01 2.107630005199240542e-01 2.044009112796023320e-01 1.955542335423198497e-01 1.896548722920589625e-01 1.783292420803114786e-01 1.573961205161155119e-01 1.254280271351496390e-01 8.231285181269157314e-02 6.746486622371708486e-02 1.243165653212982558e-01 1.755469945690160682e-01 2.183242014644688478e-01 2.514448664454231874e-01 2.751299869976662760e-01 2.904918730203714938e-01 2.987631436736634116e-01 3.002443846886792556e-01 2.930743988841591485e-01 2.725721267619685140e-01 2.325125231586946950e-01 1.690305288359909563e-01 9.852130915194455552e-02
1.934864960575130577e-01 1.455024719144691059e-01 8.524818856876284490e-02 6.000099190381433939e-02 6.579486515286649129e-02 1.138412232207770131e-01 1.764357123435918995e-01 2.142946037817040350e-01 2.308714482131307422e-01 2.347429707837430102e-01 2.337522211082263823e-01 2.321611408281162026e-01 2.310008518793201515e-01 2.296557082166392205e-01 2.270941607323825051e-01 2.223462511065709690e-01 2.144875656344671089e-01 2.024619626371134129e-01 1.849739547423098485e-01 1.606110041270502053e-01 1.304575243534578100e-01 9.327303376074103092e-02 4.661914531277442514e-02 1.036770865005613440e-01 1.567289088676963316e-01 2.024590614812028511e-01 2.391199214913279636e-01 2.664382354372071826e-01 2.851841822050106834e-01 2.965537315285288744e-01 3.013526017829842862e-01 2.989300772635315462e-01 2.861766762586518964e-01 2.575832464226288088e-01 2.075439942007364924e-01 1.347573498241342593e-01 8.233683861767721046e-02
1.744084157258161127e-01 1.182510535190952061e-01 6.788222665629271846e-02 4.014927414534478350e-02 6.881208060729540610e-02 1.319159488365538035e-01 1.863804157710253206e-01 2.174217360083559869e-01 2.304092986246189523e-01 2.338321387922273342e-01 2.343357793730139749e-01 2.349736382264836776e-01 2.360348663438581185e-01 2.365325785837834871e-01 2.351783129503331737e-01 2.307040589641474182e-01 2.218286060219422096e-01 2.071572903332139504e-01 1.852164944832263016e-01 1.547566804340533564e-01 1.153225099600812542e-01 6.785678486005508603e-02 8.095590925338706778e-02 1.360000070523944282e-01 1.847944509909997257e-01 2.250261016941407510e-01 2.559792031995474226e-01 2.781472929892260804e-01 2.926560203010389882e-01 3.005716938025178586e-01 3.020139938627754983e-01 2.951374874916968261e-01 2.755882412414859539e-01 2.375398467980576189e-01 1.769580638727875077e-01 1.034422535507758256e-01 6.374784214879032629e-02
1.480959488905481958e-01 8.440580671783944056e-02 4.582798338448317715e-02 3.409228133949094436e-02 8.106992569880920596e-02 1.478169569063737809e-01 1.935686048379456625e-01 2.182501682286868971e-01 2.283387392420034301e-01 2.316361273682105149e-01 2.334603563327457831e-01 2.358319822113183195e-01 2.385282038750166922e-01 2.403517082824682405e-01 2.398403234568405595e-01 2.354563309108811953e-01 2.255517849531827324e-01 2.083669014095353988e-01 1.822461760984727674e-01 1.461581788902170387e-01 1.003942483883861342e-01 5.424853531104562032e-02 1.116022996208334978e-01 1.639656944837342978e-01 2.082749073729815992e-01 2.432365670365933541e-01 2.690322448864654881e-01 2.867294003234575062e-01 2.976098795016227649e-01 3.023858741735629962e-01 3.002346554968897130e-01 2.879631952426435215e-01 2.602033610699365229e-01 2.115872203683779040e-01 1.406677040703964432e-01 8.499236382561718706e-02 4.332696554200291678e-02
1.129565810131595988e-01 5.165872208735796528e-02 1.844066287142235791e-02 3.546713780824645168e-02 1.038815059657518247e-01 1.611201006417322390e-01 1.980813718485459618e-01 2.171446843155791784e-01 2.250927761216056922e-01 2.285981767286879573e-01 2.316340126192973914e-01 2.353582727741335701e-01 2.391897356742276881e-01 2.418042293263027998e-01 2.416095118301408717e-01 2.368342353383885157e-01 2.255075999436920997e-01 2.055700667300508766e-01 1.752870516476529306e-01 1.339778796586453269e-01 8.278194524050756786e-02 8.239956877692754256e-02 1.386583262546553230e-01 1.877261086563001280e-01 2.274424638187315384e-01 2.574536227199905047e-01 2.786538590007447969e-01 2.924796512976659546e-01 3.001630759824522876e-01 3.018306341817745819e-01 2.955040831836723836e-01 2.766540036469533059e-01 2.393939543862330654e-01 1.797703054873365236e-01 1.045925036754804666e-01 6.435907050502388815e-02 5.219886002921477614e-02
7.679305189851201585e-02 2.100987904888900956e-02 7.665127451842391505e-03 6.071732878785856408e-02 1.238414703469137151e-01 1.707225722275078905e-01 1.994724652447852631e-01 2.140576154034041223e-01 2.207958373283408493e-01 2.249332246108641242e-01 2.291737314494336486e-01 2.339906538979865391e-01 2.385629522020783211e-01 2.414848348645743104e-01 2.410507785104850087e-01 2.352837296960425817e-01 2.219545847188783283e-01 1.988237803220916644e-01 1.642521888042513811e-01 1.180914239758578815e-01 6.241735526897210923e-02 1.083501515158639822e-01 1.624640743396825460e-01 2.076942610607743767e-01 2.427929598295383018e-01 2.682020982205640114e-01 2.853258129649960395e-01 2.957665725781803978e-01 3.004983517529332682e-01 2.988442222855379193e-01 2.875527276455753789e-01 2.609817465355848132e-01 2.134489483911794494e-01 1.433737237055284497e-01 8.516100969898729445e-02 4.367213145144054065e-02 6.704814015911932101e-02
