BlockUplift_2Ma_1kryTimeStep_2mmyr_k_5e-06_m_0.5_n_1.0_LinDiffusion_0.5_6x3km_30mRes_topographic__elevation.txt
nrows 100
cellsize 30.0
xllcorner 0.0
ncols 200
yllcorner 0.0
[rows 68 to 84 of 100, columns 148 to 184 of 200]
1.505511009512891860e+03 1.505511010117225396e+03 1.505511010723887466e+03 1.505511011328851055e+03 1.505511011927552090e+03 1.505511012514930144e+03 1.505511013085464356e+03 1.505511013633215725e+03 1.505511014151874406e+03 1.505511014634815865e+03 1.505511015075172963e+03 1.505511015465921673e+03 1.505511015799989536e+03 1.505511016070378901e+03 1.505511016270309938e+03 1.505511016393380032e+03 1.505511016433727264e+03 1.505511016386204574e+03 1.505511016246546205e+03 1.505511016011524816e+03 1.505511015679090860e+03 1.505511015248487865e+03 1.505511014720336561e+03 1.505511014096686949e+03 1.505511013381030807e+03 1.505511012578279406e+03 1.505511011694703711e+03 1.505511010737837751e+03 1.505511009716350145e+03 1.505511008639891088e+03 1.505511007518910219e+03 1.505511006364463356e+03 1.505511005188005356e+03 1.505511004001177980e+03 1.505511002815602978e+03 1.505511001642682231e+03 1.505511000493414031e+03
1.451275569444552730e+03 1.451275570069723472e+03 1.451275570700766366e+03 1.451275571333324933e+03 1.451275571962479489e+03 1.451275572582781706e+03 1.451275573188284397e+03 1.451275573772576536e+03 1.451275574328823041e+03 1.451275574849813893e+03 1.451275575328031664e+03 1.451275575755739510e+03 1.451275576125092130e+03 1.451275576428271279e+03 1.451275576657644251e+03 1.451275576805944638e+03 1.451275576866463325e+03 1.451275576833248579e+03 1.451275576701303180e+03 1.451275576466770190e+03 1.451275576127098020e+03 1.451275575681178680e+03 1.451275575129447134e+03 1.451275574473945426e+03 1.451275573718339501e+03 1.451275572867894425e+03 1.451275571929405942e+03 1.451275570911091791e+03 1.451275569822443003e+03 1.451275568674047690e+03 1.451275567477384357e+03 1.451275566244596803e+03 1.451275564988257656e+03 1.451275563721125764e+03 1.451275562455907902e+03 1.451275561205030044e+03 1.451275559980428852e+03
1.397461136084449890e+03 1.397461136732430305e+03 1.397461137390136628e+03 1.397461138052870183e+03 1.397461138715347261e+03 1.397461139371728223e+03 1.397461140015638193e+03 1.397461140640190933e+03 1.397461141238014989e+03 1.397461141801293479e+03 1.397461142321824127e+03 1.397461142791102702e+03 1.397461143200440802e+03 1.397461143541109777e+03 1.397461143804520361e+03 1.397461143982425483e+03 1.397461144067144005e+03 1.397461144051795145e+03 1.397461143930530852e+03 1.397461143698757041e+03 1.397461143353329817e+03 1.397461142892720545e+03 1.397461142317135682e+03 1.397461141628592713e+03 1.397461140830942213e+03 1.397461139929841693e+03 1.397461138932676477e+03 1.397461137848433737e+03 1.397461136687534690e+03 1.397461135461628601e+03 1.397461134183356307e+03 1.397461132866092612e+03 1.397461131523672975e+03 1.397461130170114075e+03 1.397461128819340956e+03 1.397461127484925328e+03 1.397461126179845223e+03
1.344065173941950206e+03 1.344065174614862372e+03 1.344065175301660474e+03 1.344065175997290225e+03 1.344065176696103663e+03 1.344065177391874840e+03 1.344065178077811879e+03 1.344065178746560150e+03 1.344065179390212506e+03 1.344065180000331793e+03 1.344065180567999732e+03 1.344065181083893776e+03 1.344065181538405341e+03 1.344065181921797148e+03 1.344065182224402179e+03 1.344065182436856730e+03 1.344065182550362124e+03 1.344065182556959371e+03 1.344065182449807708e+03 1.344065182223446755e+03 1.344065181874032760e+03 1.344065181399534140e+03 1.344065180799876543e+03 1.344065180077033119e+03 1.344065179235052483e+03 1.344065178280028476e+03 1.344065177220009673e+03 1.344065176064853858e+03 1.344065174826035445e+03 1.344065173516406958e+03 1.344065172149928230e+03 1.344065170741368547e+03 1.344065169305991958e+03 1.344065167859238500e+03 1.344065166416405191e+03 1.344065164992348400e+03 1.344065163601206677e+03
1.291084725188866514e+03 1.291084725888993717e+03 1.291084726607454286e+03 1.291084727338832863e+03 1.291084728077122008e+03 1.291084728815730841e+03 1.291084729547472534e+03 1.291084730264548170e+03 1.291084730958529235e+03 1.291084731620358752e+03 1.291084732240379708e+03 1.291084732808400759e+03 1.291084733313813103e+03 1.291084733745759650e+03 1.291084734093356928e+03 1.291084734345965444e+03 1.291084734493493897e+03 1.291084734526729335e+03 1.291084734437666157e+03 1.291084734219823986e+03 1.291084733868529156e+03 1.291084733381149363e+03 1.291084732757268284e+03 1.291084731998790858e+03 1.291084731109978293e+03 1.291084730097412603e+03 1.291084728969892012e+03 1.291084727738261336e+03 1.291084726415190971e+03 1.291084725014901096e+03 1.291084723552849709e+03 1.291084722045390663e+03 1.291084720509410317e+03 1.291084718961959652e+03 1.291084717419887966e+03 1.291084715899497724e+03 1.291084714416225097e+03
1.238516451993669762e+03 1.238516452723462862e+03 1.238516453476294600e+03 1.238516454246385138e+03 1.238516455027389384e+03 1.238516455812382901e+03 1.238516456593829844e+03 1.238516457363529526e+03 1.238516458112568898e+03 1.238516458831289128e+03 1.238516459509282640e+03 1.238516460135444504e+03 1.238516460698081346e+03 1.238516461185092112e+03 1.238516461584216358e+03 1.238516461883348484e+03 1.238516462070897887e+03 1.238516462136182554e+03 1.238516462069826957e+03 1.238516461864144048e+03 1.238516461513475178e+03 1.238516461014471361e+03 1.238516460366300862e+03 1.238516459570773350e+03 1.238516458632381728e+03 1.238516457558256207e+03 1.238516456358044934e+03 1.238516455043716178e+03 1.238516453629300486e+03 1.238516452130575544e+03 1.238516450564705337e+03 1.238516448949847018e+03 1.238516447304732537e+03 1.238516445648243462e+03 1.238516443998989416e+03 1.238516442374906546e+03 1.238516440792889398e+03
1.186356676267043213e+03 1.186356677029130196e+03 1.186356677819167999e+03 1.186356678631019804e+03 1.186356679458034478e+03 1.186356680293011550e+03 1.186356681128133232e+03 1.186356681954871647e+03 1.186356682763893104e+03 1.186356683544976704e+03 1.186356684286974541e+03 1.186356684977829673e+03 1.186356685604676841e+03 1.186356686154030513e+03 1.186356686612066369e+03 1.186356686964986238e+03 1.186356687199449425e+03 1.186356687303045419e+03 1.186356687264778429e+03 1.186356687075530317e+03 1.186356686728470322e+03 1.186356686219395442e+03 1.186356685546973040e+03 1.186356684712888637e+03 1.186356683721888203e+03 1.186356682581725181e+03 1.186356681303014511e+03 1.186356679899004348e+03 1.186356678385277064e+03 1.186356676779386135e+03 1.186356675100441407e+03 1.186356673368655493e+03 1.186356671604864232e+03 1.186356669830034434e+03 1.186356668064778205e+03 1.186356666328884785e+03 1.186356664640894905e+03
1.134601416908369401e+03 1.134601417705560834e+03 1.134601418535748962e+03 1.134601419392455909e+03 1.134601420268777019e+03 1.134601421157316963e+03 1.134601422050079236e+03 1.134601422938318819e+03 1.134601423812382563e+03 1.134601424661565034e+03 1.134601425474009147e+03 1.134601426236683892e+03 1.134601426935461859e+03 1.134601427555316150e+03 1.134601428080636879e+03 1.134601428495661139e+03 1.134601428784991185e+03 1.134601428934172191e+03 1.134601428930282282e+03 1.134601428762498244e+03 1.134601428422595291e+03 1.134601427905352239e+03 1.134601427208839368e+03 1.134601426334585767e+03 1.134601425287623215e+03 1.134601424076414560e+03 1.134601422712680915e+03 1.134601421211133129e+03 1.134601419589126181e+03 1.134601417866240126e+03 1.134601416063805345e+03 1.134601414204381626e+03 1.134601412311207014e+03 1.134601410407630283e+03 1.134601408516547053e+03 1.134601406659857957e+03 1.134601404857970010e+03
1.083246424644856461e+03 1.083246425480150265e+03 1.083246426353516426e+03 1.083246427258164886e+03 1.083246428187011361e+03 1.083246429132580715e+03 1.083246430086842565e+03 1.083246431040993912e+03 1.083246431985214940e+03 1.083246432908438464e+03 1.083246433798168709e+03 1.083246434640397183e+03 1.083246435419646104e+03 1.083246436119167583e+03 1.083246436721303098e+03 1.083246437207993722e+03 1.083246437561409039e+03 1.083246437764658140e+03 1.083246437802516994e+03 1.083246437662125572e+03 1.083246437333596987e+03 1.083246436810500654e+03 1.083246436090201314e+03 1.083246435174042745e+03 1.083246434067385053e+03 1.083246432779509632e+03 1.083246431323406568e+03 1.083246429715461773e+03 1.083246427975055894e+03 1.083246426124083655e+03 1.083246424186411787e+03 1.083246422187282406e+03 1.083246420152679548e+03 1.083246418108676380e+03 1.083246416080782865e+03 1.083246414093314570e+03 1.083246412168807410e+03
1.032287214559652057e+03 1.032287215436235556e+03 1.032287216355856344e+03 1.032287217311454924e+03 1.032287218295867660e+03 1.032287219301693767e+03 1.032287220321067707e+03 1.032287221345350872e+03 1.032287222364779609e+03 1.032287223368111654e+03 1.032287224342334184e+03 1.032287225272488513e+03 1.032287226141662359e+03 1.032287226931184023e+03 1.032287227621030752e+03 1.032287228190438100e+03 1.032287228618676863e+03 1.032287228885931654e+03 1.032287228974211985e+03 1.032287228868213788e+03 1.032287228556066111e+03 1.032287228029910239e+03 1.032287227286287816e+03 1.032287226326335485e+03 1.032287225155804890e+03 1.032287223784928074e+03 1.032287222228159408e+03 1.032287220503804519e+03 1.032287218633559178e+03 1.032287216641962686e+03 1.032287214555777609e+03 1.032287212403311742e+03 1.032287210213691651e+03 1.032287208016113482e+03 1.032287205839086482e+03 1.032287203709700179e+03 1.032287201652932481e+03
9.817190964160308795e+02 9.817190973372768212e+02 9.817190983062345140e+02 9.817190993156273180e+02 9.817191003583391193e+02 9.817191014272447092e+02 9.817191025149087409e+02 9.817191036131656574e+02 9.817191047126193553e+02 9.817191058021287517e+02 9.817191068683576987e+02 9.817191078954713248e+02 9.817191088650491793e+02 9.817191097562629238e+02 9.817191105463419944e+02 9.817191112113106328e+02 9.817191117269514962e+02 9.817191120699121711e+02 9.817191122188529562e+02 9.817191121555264317e+02 9.817191118656952540e+02 9.817191113398224616e+02 9.817191105735071233e+02 9.817191095676757868e+02 9.817191083285625837e+02 9.817191068675193719e+02 9.817191052006922973e+02 9.817191033485894422e+02 9.817191013355516134e+02 9.817190991891341127e+02 9.817190969394051763e+02 9.817190946181747222e+02 9.817190922581678478e+02 9.817190898921636517e+02 9.817190875521237103e+02 9.817190852683345383e+02 9.817190830685946139e+02
9.315372029026302698e+02 9.315372038720953469e+02 9.315372048934242457e+02 9.315372059591843481e+02 9.315372070624582648e+02 9.315372081966486348e+02 9.315372093550993213e+02 9.315372105305339119e+02 9.315372117143615469e+02 9.315372128959393194e+02 9.315372140619031143e+02 9.315372151956821654e+02 9.315372162772937372e+02 9.315372172834873936e+02 9.315372181882753466e+02 9.315372189638317195e+02 9.315372195817031979e+02 9.315372200142186330e+02 9.315372202359546918e+02 9.315372202251031695e+02 9.315372199646061517e+02 9.315372194429730826e+02 9.315372186547534739e+02 9.315372176006952714e+02 9.315372162876511766e+02 9.315372147283038657e+02 9.315372129407614921e+02 9.315372109480556446e+02 9.315372087775423324e+02 9.315372064602112232e+02 9.315372040298968841e+02 9.315372015224087363e+02 9.315371989745901828e+02 9.315371964233355584e+02 9.315371939045858198e+02 9.315371914523302621e+02 9.315371890976458644e+02
8.817365159379178294e+02 8.817365169593368819e+02 8.817365180359695387e+02 8.817365191602799541e+02 8.817365203257123767e+02 8.817365215265033385e+02 8.817365227572265667e+02 8.817365240120560657e+02 8.817365252838116021e+02 8.817365265629132409e+02 8.817365278364071628e+02 8.817365290872226069e+02 8.817365302937944307e+02 8.817365314301471244e+02 8.817365324664953050e+02 8.817365333703502301e+02 8.817365341080577537e+02 8.817365346466189067e+02 8.817365349555892635e+02 8.817365350088317655e+02 8.817365347859330313e+02 8.817365342731603732e+02 8.817365334639440562e+02 8.817365323589478976e+02 8.817365309658456454e+02 8.817365292989182990e+02 8.817365273785508180e+02 8.817365252306560706e+02 8.817365228860149955e+02 8.817365203795155821e+02 8.817365177492766861e+02 8.817365150356667982e+02 8.817365122802405040e+02 8.817365095246183273e+02 8.817365068093358786e+02 8.817365041726859545e+02 8.817365016495824648e+02
8.323118911398271393e+02 8.323118922171150871e+02 8.323118933518386484e+02 8.323118945363696639e+02 8.323118957646618128e+02 8.323118970321371535e+02 8.323118983351751012e+02 8.323118996701556398e+02 8.323119010321457836e+02 8.323119024134258552e+02 8.323119038020889775e+02 8.323119051809380835e+02 8.323119065268610939e+02 8.323119078108138638e+02 8.323119089984916172e+02 8.323119100516962590e+02 8.323119109303116829e+02 8.323119115946888087e+02 8.323119120081464644e+02 8.323119121392579700e+02 8.323119119636309051e+02 8.323119114650157826e+02 8.323119106357364672e+02 8.323119094765758064e+02 8.323119079963303193e+02 8.323119062112169786e+02 8.323119041442538446e+02 8.323119018246223959e+02 8.323118992869701742e+02 8.323118965705928076e+02 8.323118937184691504e+02 8.323118907761582932e+02 8.323118877905958470e+02 8.323118848088256527e+02 8.323118818766910181e+02 8.323118790375006029e+02 8.323118763306906658e+02
7.832580804123495000e+02 7.832580815496246487e+02 7.832580827450780134e+02 7.832580839908902135e+02 7.832580852815949584e+02 7.832580866141784099e+02 7.832580879875573601e+02 7.832580894013375428e+02 7.832580908539943039e+02 7.832580923407889486e+02 7.832580938517737650e+02 7.832580953701934732e+02 7.832580968715132030e+02 7.832580983232377321e+02 7.832580996856418096e+02 7.832581009134584065e+02 7.832581019584365549e+02 7.832581027725129843e+02 7.832581033111697479e+02 7.832581035364720492e+02 7.832581034193374308e+02 7.832581029407901951e+02 7.832581020922223161e+02 7.832581008749261855e+02 7.832580992992666324e+02 7.832580973838169029e+02 7.832580951546109418e+02 7.832580926444935585e+02 7.832580898924356916e+02 7.832580869426927848e+02 7.832580838437453394e+02 7.832580806470522248e+02 7.832580774056840482e+02 7.832580741728946805e+02 7.832580710006503750e+02 7.832580679381169375e+02 7.832580650300952811e+02
7.345697522583511727e+02 7.345697534600111567e+02 7.345697547187795635e+02 7.345697560263013202e+02 7.345697573775682940e+02 7.345697587714909105e+02 7.345697602104551152e+02 7.345697616986896037e+02 7.345697632396992276e+02 7.345697648332983363e+02 7.345697664727882739e+02 7.345697681426945564e+02 7.345697698173213439e+02 7.345697714603138593e+02 7.345697730254058797e+02 7.345697744584792872e+02 7.345697757008973667e+02 7.345697766937848883e+02 7.345697773826329922e+02 7.345697777214342068e+02 7.345697776756277335e+02 7.345697772234666445e+02 7.345697763558906672e+02 7.345697750753986384e+02 7.345697733945854679e+02 7.345697713348806701e+02 7.345697689257046932e+02 7.345697662039158331e+02 7.345697632132545323e+02 7.345697600035272217e+02 7.345697566294380749e+02 7.345697531491495056e+02 7.345697496227093097e+02 7.345697461104517743e+02 7.345697426713829827e+02 7.345697393615033661e+02 7.345697362320117918e+02
6.862415090103852435e+02 6.862415102812987016e+02 6.862415116062121569e+02 6.862415129753906058e+02 6.862415143837507685e+02 6.862415158323863125e+02 6.862415173283598051e+02 6.862415188824775214e+02 6.862415205055660863e+02 6.862415222041931884e+02 6.862415239767080948e+02 6.862415258101218569e+02 6.862415276780508293e+02 6.862415295398843682e+02 6.862415313414372804e+02 6.862415330173972734e+02 6.862415344956654053e+02 6.862415357032231213e+02 6.862415365726005803e+02 6.862415370476701355e+02 6.862415370875605731e+02 6.862415366680555735e+02 6.862415357806698921e+02 6.862415344303224174e+02 6.862415326328048195e+02 6.862415304129613105e+02 6.862415278038564566e+02 6.862415248465736113e+02 6.862415215900061867e+02 6.862415180901504073e+02 6.862415144087742647e+02 6.862415106116702646e+02 6.862415067667981248e+02 6.862415029425089870e+02 6.862414992058389771e+02 6.862414956207326213e+02 6.862414922460455955e+02
