BlockUplift_2Ma_1kryTimeStep_2mmyr_k_5e-05_m_0.5_n_1.0_LinDiffusion_0.75_6x3km_30mRes_topographic__steepest_slope.txt
nrows 100
cellsize 30.0
xllcorner 0.0
ncols 200
yllcorner 0.0
[rows 17 to 33 of 100, columns 0 to 36 of 200]
0.000000000000000000e+00 2.524653582010917829e-01 2.523592482998045505e-01 2.577267603711380639e-01 2.835798487023452052e-01 3.084612116214500155e-01 3.317281111576717012e-01 3.527621941510459824e-01 3.710873356646933185e-01 3.864165428307904104e-01 3.986144609972211983e-01 4.075982273283487722e-01 4.132246650541573363e-01 4.152194482706493828e-01 4.131911703010942016e-01 4.067407801343140838e-01 3.956317182597373638e-01 3.799455276885224664e-01 3.601359372846905105e-01 3.369292684566288498e-01 3.183756975747201179e-01 3.248827042142143906e-01 3.292835315004670749e-01 3.310334228130064615e-01 3.298985193146241612e-01 3.260066564562957292e-01 3.198186929022919234e-01 3.302846882205318080e-01 3.542249929716464463e-01 3.750940995626595442e-01 3.921207233075067466e-01 4.047266050139117777e-01 4.126829361668207796e-01 4.161114498067217116e-01 4.153581727156030468e-01 4.108207343468696648e-01 4.028142802732381234e-01
0.000000000000000000e+00 2.509269243961587681e-01 2.507793405257492392e-01 2.563667018854787205e-01 2.821843020567781357e-01 3.070529758112559571e-01 3.303072680471653144e-01 3.513027811732394867e-01 3.695427704606155661e-01 3.847324960373136316e-01 3.967462821609225587e-01 4.055285287586540277e-01 4.109752052958067225e-01 4.128507137423549356e-01 4.107843516055009747e-01 4.043612641327382629e-01 3.932804297378429959e-01 3.775120861450970700e-01 3.573719356717361961e-01 3.334578439192623645e-01 3.064634911750667712e-01 3.118258465805107682e-01 3.160707902974631001e-01 3.177540708105425216e-01 3.166259994512283238e-01 3.128192732259283959e-01 3.068181797513810927e-01 3.266001547998946264e-01 3.513437133129118095e-01 3.726097913084664981e-01 3.897475893264434332e-01 4.023204607587634318e-01 4.102217643297726979e-01 4.136502989989671586e-01 4.129775951427925307e-01 4.085849655893748489e-01 4.007479337910088701e-01
0.000000000000000000e+00 2.489696245774325745e-01 2.487932019301032083e-01 2.546607408642437287e-01 2.804299087718960526e-01 3.052743786446907581e-01 3.285078685912760643e-01 3.494622263161708542e-01 3.676219043724487379e-01 3.826851113788208303e-01 3.945351858765433484e-01 4.031420168801267412e-01 4.084385032361612655e-01 4.102259279042974605e-01 4.081533576684645559e-01 4.017900045980945523e-01 3.907702710077369246e-01 3.749520323339166072e-01 3.545107565958523499e-01 3.299137800396530484e-01 3.017797297644093657e-01 2.989692014078874083e-01 3.029712576812395586e-01 3.045494913450189078e-01 3.034466175172402247e-01 2.997973847406096293e-01 2.940963922288574173e-01 3.228864106560648262e-01 3.484156776910807274e-01 3.700537300001154883e-01 3.872708795321900266e-01 3.997747560445183979e-01 4.075835549526459212e-01 4.109750711691322334e-01 4.103477963012401863e-01 4.060682387752093114e-01 3.983740343896421399e-01
0.000000000000000000e+00 2.467128116595972698e-01 2.465195270026886987e-01 2.527176459289600108e-01 2.784325684448240024e-01 3.032474922496580239e-01 3.264568612513475965e-01 3.473707823540267414e-01 3.654565385368455099e-01 3.804058776562047606e-01 3.921104214828226575e-01 4.005637130630731457e-01 4.057333326988118438e-01 4.074557257871662119e-01 4.053993191515697370e-01 3.991184638241746518e-01 3.881849230075133383e-01 3.723459440665079501e-01 3.516375721224725970e-01 3.263969032205563670e-01 2.971688661383167784e-01 2.866081116213630708e-01 2.902975263718398646e-01 2.917384251873879064e-01 2.906739204655574560e-01 2.872387979084445875e-01 2.892192128304533205e-01 3.192419731035710528e-01 3.455188740920526191e-01 3.674952896757293086e-01 3.847613621928460126e-01 3.971684986202432266e-01 4.048590952055634018e-01 4.081892047167067217e-01 4.075840145290526295e-01 4.033958684365710479e-01 3.958259179471937950e-01
0.000000000000000000e+00 2.442491231533570895e-01 2.440510447428626550e-01 2.506279914587218882e-01 2.762900512062355096e-01 3.010759469430407398e-01 3.242620240121202313e-01 3.451384320566755481e-01 3.631568481295173734e-01 3.780032166078953759e-01 3.895768608810863953e-01 3.978933152841496179e-01 4.029527578207490746e-01 4.046252767296960040e-01 4.025986304783417125e-01 3.964141738423854200e-01 3.855843846741457415e-01 3.697496863435326686e-01 3.488099209874439000e-01 3.229742768726021063e-01 2.927160777437313177e-01 2.749543370216637750e-01 2.782756050470311382e-01 2.795499957637370136e-01 2.785288737939708992e-01 2.753461959267478054e-01 2.845662159329657159e-01 3.157189670562769446e-01 3.426874423679072690e-01 3.649618533672858156e-01 3.822493271294933326e-01 3.945417608464794612e-01 4.021021230715207118e-01 4.053614833233448733e-01 4.047697169848542553e-01 4.006645945065075987e-01 3.932115966283022956e-01
0.000000000000000000e+00 2.416447514158032162e-01 2.414549106778053900e-01 2.484661824021167642e-01 2.740845460384910837e-01 2.988479472201199805e-01 3.220154313697325965e-01 3.428588473246663715e-01 3.608159329979861996e-01 3.755677613694958228e-01 3.870211369442842497e-01 3.952122708229542924e-01 4.001721037944913073e-01 4.018029705592988110e-01 3.998120181327008416e-01 3.937297370726606793e-01 3.830134094631685859e-01 3.672018335064505812e-01 3.460638121172781578e-01 3.196849184966171764e-01 2.884700705866760639e-01 2.641441945841753181e-01 2.670521382074582672e-01 2.681313737321128765e-01 2.671494088955019830e-01 2.642398333013185607e-01 2.801501626220435082e-01 3.123349668871336915e-01 3.399251529517019477e-01 3.624535649039442031e-01 3.797400742693571862e-01 3.919112865294276937e-01 3.993444385290629839e-01 4.025401159792194594e-01 4.019692447745414343e-01 3.979535474975458009e-01 3.906229573548940515e-01
0.000000000000000000e+00 2.389391215707670768e-01 2.387725383439791016e-01 2.462924137589184159e-01 2.718852341552476237e-01 2.966393430687663813e-01 3.197969157347136382e-01 3.406131601087800664e-01 3.585138483385086894e-01 3.731766149199666760e-01 3.845160905009722963e-01 3.925883382643586827e-01 3.974535104644055794e-01 3.990447981207254635e-01 3.970885814671117342e-01 3.911064230744815684e-01 3.805046873345273584e-01 3.647266531348082874e-01 3.434169303728930589e-01 3.165438216429945495e-01 2.844486209972992286e-01 2.542514835145122110e-01 2.567093430453193381e-01 2.575654937664978439e-01 2.566114594747205269e-01 2.539820899529767195e-01 2.759878154355675517e-01 3.090896499806934372e-01 3.372227288502765985e-01 3.599608668241072174e-01 3.772311726914694963e-01 3.892869894475434744e-01 3.966112177599764310e-01 3.997665339158896214e-01 3.992398691805002509e-01 3.953344522809656425e-01 3.881441006625285794e-01
0.000000000000000000e+00 2.361440160692268309e-01 2.360188921917047711e-01 2.441545897558999867e-01 2.697509140709266617e-01 2.945168090780279080e-01 3.176776334667120172e-01 3.384737453296327581e-01 3.563214325099873236e-01 3.708970414754066414e-01 3.821241267403473474e-01 3.900783958933579099e-01 3.948479903419941373e-01 3.963955210270481699e-01 3.944660783097924672e-01 3.885737972109203908e-01 3.780783194822643911e-01 3.623341981885861984e-01 3.408703024519982860e-01 3.135461896377226831e-01 2.806462355721270341e-01 2.453022405558669961e-01 2.472834051880928030e-01 2.478932748456998125e-01 2.469547684006348220e-01 2.446062299157764075e-01 2.720880758514960251e-01 3.059815709301261788e-01 3.345746405321007311e-01 3.574808438580451830e-01 3.747279474342611327e-01 3.866862653271325723e-01 3.939339190748371577e-01 3.970867365987805764e-01 3.966414882388912266e-01 3.928796360638855956e-01 3.858576583824550044e-01
0.000000000000000000e+00 2.332426718493498530e-01 2.331816774473168263e-01 2.420903175743074898e-01 2.677327122779102897e-01 2.925411380463699418e-01 3.157237853931390004e-01 3.365081851820935221e-01 3.543042962905610938e-01 3.687902210952510584e-01 3.799004421604864068e-01 3.877308438080729336e-01 3.923967622912351016e-01 3.938888313976551259e-01 3.919700386583265250e-01 3.861482247000548873e-01 3.757404736447880200e-01 3.600201259537361143e-01 3.384103790114594834e-01 3.106727471221115700e-01 2.770433124864483676e-01 2.382921665921384768e-01 2.387813420717842805e-01 2.391333164240393161e-01 2.382047857288303871e-01 2.361395930465562398e-01 2.684628884480572131e-01 3.030191191204477108e-01 3.319897314819200695e-01 3.550271950442708269e-01 3.722525753058371634e-01 3.841420792716936927e-01 3.913572906644315341e-01 3.945571778869291779e-01 3.942413578446387068e-01 3.906655712176880790e-01 3.838471176082647873e-01
0.000000000000000000e+00 2.301898301984711681e-01 2.302212566617394540e-01 2.401290556097237794e-01 2.658767682498421880e-01 2.907704225161725220e-01 3.140002470014486291e-01 3.347832577760729289e-01 3.525270119453239870e-01 3.669154068050688444e-01 3.778968616553044502e-01 3.855888242122905707e-01 3.901336237651921723e-01 3.915488015557498924e-01 3.896144599286941457e-01 3.838332684465742828e-01 3.734842024463428389e-01 3.577677951987340288e-01 3.360132123175366137e-01 3.078965238903598745e-01 2.736156150896212891e-01 2.339818515255765174e-01 2.311928185892611620e-01 2.312937566400838363e-01 2.303839821283096001e-01 2.286137525342572530e-01 2.651287425327182867e-01 3.002213980736119225e-01 3.294914153441622640e-01 3.526297238954748114e-01 3.698428920811420717e-01 3.817011418697693337e-01 3.889369630531566702e-01 3.922417969193045528e-01 3.921105582311800730e-01 3.887687671966122971e-01 3.821921442153569104e-01
0.000000000000000000e+00 2.269137808569477444e-01 2.270721633665706007e-01 2.382941799447369779e-01 2.642263523904291311e-01 2.892623549919179915e-01 3.125732092538378581e-01 3.333680308999921738e-01 3.510566783581604566e-01 3.653338730945616675e-01 3.761659988086470396e-01 3.836943903212279849e-01 3.880889641549770119e-01 3.893936901847527832e-01 3.874055204388254237e-01 3.816235971979840547e-01 3.712939448683005850e-01 3.555537407206399991e-01 3.336510973448870154e-01 3.051905249091481642e-01 2.703424453753673906e-01 2.299627854017954054e-01 2.244959062392505589e-01 2.243745853066040352e-01 2.235104228614564759e-01 2.220592944270511626e-01 2.620984995668602102e-01 2.976083342478820781e-01 3.271063721332533314e-01 3.503218986362974796e-01 3.675390603413914437e-01 3.794098814973252964e-01 3.867248698686137631e-01 3.901969945866472500e-01 3.903086349098066621e-01 3.872502319293744666e-01 3.809531003641748459e-01
0.000000000000000000e+00 2.233207424575671951e-01 2.236464239890987582e-01 2.366040089235931232e-01 2.628220681857704744e-01 2.880739554975974559e-01 3.115098598755177139e-01 3.323338940262026142e-01 3.499635982968731795e-01 3.641104069783238639e-01 3.747636189485955005e-01 3.820917286098317600e-01 3.862938084971743735e-01 3.874407812310594612e-01 3.853472098332185736e-01 3.795113996847676030e-01 3.691526447185636273e-01 3.533552520242964623e-01 3.313001186319818880e-01 3.025344788136702379e-01 2.672116182011728402e-01 2.262338707633945456e-01 2.186577546052073384e-01 2.183620494417463365e-01 2.175858341865458956e-01 2.183382603961269430e-01 2.593667947897840831e-01 2.951828644446869432e-01 3.248440094188348448e-01 3.481180067341028694e-01 3.653587614538756356e-01 3.772879544658466200e-01 3.847413291328847240e-01 3.884425696882323753e-01 3.888537721042570339e-01 3.861254170609848546e-01 3.801414622873203752e-01
0.000000000000000000e+00 2.193003802579198691e-01 2.198374642564734360e-01 2.350697680647697019e-01 2.616977163364979653e-01 2.872558824549348300e-01 3.108718360034208872e-01 3.317478614882559684e-01 3.493150678733266123e-01 3.633081070546407831e-01 3.737448513425906116e-01 3.808250726104345785e-01 3.847796063655665733e-01 3.857080922976712789e-01 3.834448418477098830e-01 3.774913854528476054e-01 3.670476823661940613e-01 3.511564210713240541e-01 3.289452713985884236e-01 2.999178547406695650e-01 2.642192103294108696e-01 2.227978206176277898e-01 2.136315285434250144e-01 2.132181542312726608e-01 2.125774571285110881e-01 2.155731969248911584e-01 2.568939298324100506e-01 2.929100683496035917e-01 3.226712105843400069e-01 3.459838589779263285e-01 3.632641634236918327e-01 3.752917947558939704e-01 3.829355724751861700e-01 3.869197842067869653e-01 3.876791763843340233e-01 3.853199568177143042e-01 3.796761771398414198e-01
0.000000000000000000e+00 2.147294389878974530e-01 2.155217078193932823e-01 2.336875707816216396e-01 2.608685862588708826e-01 2.868376894892021856e-01 3.106983242053460992e-01 3.316544935584603282e-01 3.491571101558231804e-01 3.629708769766388232e-01 3.731482987196811374e-01 3.799251411070657114e-01 3.835675025672065641e-01 3.842066993602853975e-01 3.817003054385132987e-01 3.755584470078029979e-01 3.649700560318245857e-01 3.489476502102696887e-01 3.265789420372773311e-01 2.973359784630870695e-01 2.613621654182877174e-01 2.196494072590686186e-01 2.093497662866222186e-01 2.088673828586327941e-01 2.083973694836079860e-01 2.131202015601982858e-01 2.545928250071414767e-01 2.906984778763563870e-01 3.204880625367098612e-01 3.438070691879498431e-01 3.611269689929034743e-01 3.732747814143453358e-01 3.811415860871359973e-01 3.854436952295889895e-01 3.865830084970347524e-01 3.846185822447430458e-01 3.793331456622444087e-01
0.000000000000000000e+00 2.094696909448657551e-01 2.105543688239076006e-01 2.324217154613976988e-01 2.603094265775900973e-01 2.868010900266520502e-01 3.109755347377926582e-01 3.320427155021814514e-01 3.494799279231807221e-01 3.630888810707417202e-01 3.729628497880272953e-01 3.793785247435704777e-01 3.826412389810927017e-01 3.829176842848357465e-01 3.800930791210027082e-01 3.736922231290312202e-01 3.629014993335341610e-01 3.467140064588428161e-01 3.241890745783405081e-01 2.947766978619385525e-01 2.586224079427428268e-01 2.167562685521867982e-01 2.057126648770216948e-01 2.051809860658882767e-01 2.048813305540932161e-01 2.108521359258779537e-01 2.523224017860831170e-01 2.883885714752760787e-01 3.181112518438978243e-01 3.413753514453202187e-01 3.587018070181898777e-01 3.709561255268621349e-01 3.790431214918367764e-01 3.836651433820371659e-01 3.851883983080082174e-01 3.836243499712823080e-01 3.787049197781874876e-01
0.000000000000000000e+00 2.033583138511952937e-01 2.047580167605663748e-01 2.311791393215501533e-01 2.599223809540766039e-01 2.870418410547074806e-01 3.115933284502754308e-01 3.327983100804400851e-01 3.501676820399900469e-01 3.635472484810398086e-01 3.730770361391507750e-01 3.790793333107103091e-01 3.819024444858645229e-01 3.817519543010456373e-01 3.785448790917381734e-01 3.718262598435629340e-01 3.607873125299724260e-01 3.444105445675448296e-01 3.217357145960804687e-01 2.921970028263171648e-01 2.559426402380324816e-01 2.140332169572413124e-01 2.025694508789285808e-01 2.019586687178180628e-01 2.017690306452948334e-01 2.086043001042232614e-01 2.498900809591678429e-01 2.857536658714537880e-01 3.152731462473896129e-01 3.383738836160175012e-01 3.556221727482141715e-01 3.679158074288917946e-01 3.761681005107297415e-01 3.810650662436793068e-01 3.829379994337505089e-01 3.817536110278975103e-01 3.771960961343783225e-01
0.000000000000000000e+00 1.961942386330103316e-01 1.991745125132390049e-01 2.297802825321246523e-01 2.595013408444822867e-01 2.873278741699835659e-01 3.122976839988955700e-01 3.336516139833084482e-01 3.509426574902669294e-01 3.640682360573663789e-01 3.732208775638521936e-01 3.787723905087754250e-01 3.811166316910000185e-01 3.805000995913563888e-01 3.768739201131988681e-01 3.698066695148763405e-01 3.584989455509084988e-01 3.419280441561018957e-01 3.191190535625358926e-01 2.894926446936818554e-01 2.531970246789191914e-01 2.113136974969485049e-01 1.996934121560078323e-01 1.989097492572890757e-01 1.986902540171399667e-01 2.061840804965535123e-01 2.470661509706708059e-01 2.825186795840953780e-01 3.116450803797541358e-01 3.344134989263327085e-01 3.514339568401631531e-01 3.636337259705790248e-01 3.719333437662116215e-01 3.770043004067880066e-01 3.791478132133206946e-01 3.782922698282268348e-01 3.740800134783052733e-01
