BlockTilt_5Ma_1mmyr_m1_n5_k1Minus5_10kyrTimeStep_wLinDiffp5_30mRes_7p5kmBy15km.txt
nrows 250
cellsize 30.0
xllcorner 0.0
ncols 500
yllcorner 0.0
[rows 221 to 237 of 250, columns 370 to 406 of 500]
2.615214113674452392e+02 2.632963499010565442e+02 2.654299849703338054e+02 2.679101514769325831e+02 2.707386559231749743e+02 2.739343389277879055e+02 2.775127236144751919e+02 2.814419367439468829e+02 2.856036736473863016e+02 2.897967478501588516e+02 2.937885951692309163e+02 2.973767414108807543e+02 3.004165482089849775e+02 3.028075594529486239e+02 3.044645985010429854e+02 3.053001401530370345e+02 3.052249953912298110e+02 3.041614408263503719e+02 3.020616037865620456e+02 2.989243776817831986e+02 2.948029267788209040e+02 2.897973611463982024e+02 2.840352806790061777e+02 2.776498335617878297e+02 2.707643182066166219e+02 2.634860729263218673e+02 2.559065928323115884e+02 2.481026919282803362e+02 2.401360396613239345e+02 2.320583529275994863e+02 2.239449800353196736e+02 2.159770309849220951e+02 2.085371232080975403e+02 2.022024043686802770e+02 1.975378825397537526e+02 1.947845526743554956e+02 1.937077287518780224e+02
2.511312334554181405e+02 2.528987489951035741e+02 2.550231949285463031e+02 2.574982092915437306e+02 2.603411096699551877e+02 2.635927629033963058e+02 2.672838894235805469e+02 2.713753506956302317e+02 2.757165288744372447e+02 2.800658737549602506e+02 2.841668659654766316e+02 2.878216245358300966e+02 2.909106528340126374e+02 2.933609472346353186e+02 2.951039354991081041e+02 2.960561172829881116e+02 2.961248774689448737e+02 2.952263533231741803e+02 2.933052779571025326e+02 2.903517909556376821e+02 2.864097843054005921e+02 2.815716947554995500e+02 2.759608452586113003e+02 2.697096818428054235e+02 2.629431980384354119e+02 2.557713556735326961e+02 2.482880586913485956e+02 2.405714392527921177e+02 2.326826466455046614e+02 2.246706514841160640e+02 2.166062512653798535e+02 2.086656124766977882e+02 2.012280522123399464e+02 1.948709666202793471e+02 1.901640873182302300e+02 1.873568300371042312e+02 1.862240334500428389e+02
2.407354420077290058e+02 2.424892529042432727e+02 2.445987376276303564e+02 2.470679725205727379e+02 2.499361595753901781e+02 2.532701001997303365e+02 2.571120373642045251e+02 2.614034918270161256e+02 2.659469888946503602e+02 2.704520679348172507e+02 2.746398851947505477e+02 2.783264440864878679e+02 2.814283628260653245e+02 2.839078776948645668e+02 2.857160446134294034e+02 2.867727947074185977e+02 2.869799965740810990e+02 2.862457058816765425e+02 2.845060742700937908e+02 2.817418155479811048e+02 2.779868820100838889e+02 2.733251343525454899e+02 2.678746485338722323e+02 2.617664260746270770e+02 2.551267517864893648e+02 2.480680467166753260e+02 2.406865711795677214e+02 2.330618107612313281e+02 2.252545714674899671e+02 2.173114172605457384e+02 2.092990095649672924e+02 2.013888885484537070e+02 1.939571343717815068e+02 1.875811568232419972e+02 1.828349674409363672e+02 1.799759280075196273e+02 1.787880888951428346e+02
2.303412976030243158e+02 2.320762498437683234e+02 2.341680461079250790e+02 2.366364949562753850e+02 2.395480410802445874e+02 2.429958215703468056e+02 2.470253147824250277e+02 2.515443845482172662e+02 2.562968820088447046e+02 2.609413277876691382e+02 2.651840107116637455e+02 2.688658289420334313e+02 2.719481303364865425e+02 2.744323762800449344e+02 2.762895315130521681e+02 2.774414514728196650e+02 2.777827048255348359e+02 2.772119848567876943e+02 2.756562316412650375e+02 2.730864386202301262e+02 2.695261782180696741e+02 2.650499037565027720e+02 2.597693943286867579e+02 2.538133035360552867e+02 2.473086536853732866e+02 2.403700632201801852e+02 2.330960339150910841e+02 2.255673918097802755e+02 2.178447685496570614e+02 2.099727615100785840e+02 2.020145675499307742e+02 1.941377849796610917e+02 1.867156446151844023e+02 1.803254381630618752e+02 1.755448218172677457e+02 1.726382333373291260e+02 1.713982121059369774e+02
2.199575564941772541e+02 2.216704074518821699e+02 2.237455316383209265e+02 2.262233627801559521e+02 2.292004095250847513e+02 2.327921079332874399e+02 2.370351990901337160e+02 2.417902482736615184e+02 2.467366779525092682e+02 2.514880159687851346e+02 2.557482373905538395e+02 2.593936151262564636e+02 2.624342155756588681e+02 2.649095519216476191e+02 2.668076721937353568e+02 2.680501857410674234e+02 2.685233363305479770e+02 2.681162373886627392e+02 2.667468106676251409e+02 2.643765628152062277e+02 2.610185664267838774e+02 2.567371821856040128e+02 2.516368206716846601e+02 2.458427510805532563e+02 2.394820305023835090e+02 2.326711135755584792e+02 2.255105836912563575e+02 2.180825778471194099e+02 2.104477215435256880e+02 2.026491196293700341e+02 1.947472746587332040e+02 1.869066890443180853e+02 1.794982961425285453e+02 1.730992158525805564e+02 1.682900560604946634e+02 1.653412994679386827e+02 1.640530726614790638e+02
2.095943472393776119e+02 2.112840367107775990e+02 2.133467138254104896e+02 2.158467940813855250e+02 2.189103218431384903e+02 2.226672464676268248e+02 2.271325137107946261e+02 2.321095831482745950e+02 2.372151801577086871e+02 2.420306184751770218e+02 2.462722235762193463e+02 2.498591683953642359e+02 2.528489021240211230e+02 2.553133039053250286e+02 2.572525475672039192e+02 2.585857993540951156e+02 2.591909239704576180e+02 2.589482807937042708e+02 2.577677148694542666e+02 2.556019597891748845e+02 2.524537907054052823e+02 2.483769821171615035e+02 2.434675432738817449e+02 2.378462338630659758e+02 2.316393125969590585e+02 2.249646144374504502e+02 2.179246060234085576e+02 2.106026982300772659e+02 2.030596679697924856e+02 1.953375704912077424e+02 1.874949391035043504e+02 1.796939890467101861e+02 1.723038991779489209e+02 1.659015893582817682e+02 1.610699787813227033e+02 1.580846288091975964e+02 1.567524079371231664e+02
1.992624750438016292e+02 2.009293483730434957e+02 2.029846476572176073e+02 2.055177613002465478e+02 2.086807157754266484e+02 2.126087844513685354e+02 2.172846190624542828e+02 2.224510445780520911e+02 2.276703078564371197e+02 2.325069894125581129e+02 2.367022750830008988e+02 2.402209746668606840e+02 2.431622269711724300e+02 2.456223127120146046e+02 2.476082656126678501e+02 2.490353355618126159e+02 2.497738594864165975e+02 2.496969503309852598e+02 2.487077459403499518e+02 2.467512231195031234e+02 2.438203332955344820e+02 2.399579893788553591e+02 2.352508551571192470e+02 2.298140017155597263e+02 2.237719380387670753e+02 2.172433323277093962e+02 2.103323011356650625e+02 2.031234824160776782e+02 1.956779291863551009e+02 1.880370006957485032e+02 1.802578376374689810e+02 1.725010052519903923e+02 1.651343437960163669e+02 1.587345298654043404e+02 1.538862744298763516e+02 1.508694642930142038e+02 1.494970793137023293e+02
1.889724255148552174e+02 1.906165109850679471e+02 1.926668276418839412e+02 1.952361767069129712e+02 1.984972751957901664e+02 2.025830902176701898e+02 2.074391912525155988e+02 2.127513343487944155e+02 2.180392384401776269e+02 2.228642007254846646e+02 2.269990458562238587e+02 2.304516566913450220e+02 2.333548008001481833e+02 2.358214910081462392e+02 2.378617147683860935e+02 2.393865109728634764e+02 2.402601603515969657e+02 2.403502526327280293e+02 2.395546631408330995e+02 2.378117480574681508e+02 2.351053284543386894e+02 2.314674220298245189e+02 2.269745341850519367e+02 2.217348341131510665e+02 2.158700034588490269e+02 2.094988921124968897e+02 2.027269958005850015e+02 1.956401234939812070e+02 1.882996820987441708e+02 1.807465628901989305e+02 1.730368892361764779e+02 1.653299859243346077e+02 1.579926019368937204e+02 1.516011020855672200e+02 1.467416162591817113e+02 1.436978652802350780e+02 1.422885734219331368e+02
1.787338186379817841e+02 1.803531638081072970e+02 1.823956184429961240e+02 1.849938529560753011e+02 1.883357788449708607e+02 1.925479395380101550e+02 1.975406805831779593e+02 2.029520384235954111e+02 2.082717235469683885e+02 2.130661460000420391e+02 2.171398028389894819e+02 2.205369883671358764e+02 2.234158241425275548e+02 2.259003835212901947e+02 2.280017389627834916e+02 2.296274856796069628e+02 2.306375245626571484e+02 2.308954866175854761e+02 2.302952729477763967e+02 2.287697626653579164e+02 2.262945286366291668e+02 2.228909268716859629e+02 2.186246677865167669e+02 2.135957904186128644e+02 2.079219210061512797e+02 2.017212934659173982e+02 1.951004511096666931e+02 1.881463109890238172e+02 1.809206751299762175e+02 1.734640726232160262e+02 1.658317824540105221e+02 1.581820757858242530e+02 1.508807012328916244e+02 1.445036258401826785e+02 1.396381619826975964e+02 1.365716042609843726e+02 1.351282798414599426e+02
1.685556822473871250e+02 1.701457591348201674e+02 1.721721243120815075e+02 1.747828635153363166e+02 1.781764303267380285e+02 1.824723381195678655e+02 1.875524391952467056e+02 1.930192334281393869e+02 1.983432025769447193e+02 2.030990743545428643e+02 2.071182148480978356e+02 2.104730300775335081e+02 2.133400996932884937e+02 2.158512281302325277e+02 2.180183066443783559e+02 2.197467246012028568e+02 2.208934721206314578e+02 2.213194279362285783e+02 2.209155687946528133e+02 2.196104034334790356e+02 2.173723062959121251e+02 2.142124929682060497e+02 2.101854731189052643e+02 2.053819501106176801e+02 1.999140938339537001e+02 1.938985102348010514e+02 1.874423388908852246e+02 1.806335240025449025e+02 1.735342993497385464e+02 1.661848644124599446e+02 1.586396724162526084e+02 1.510559459487197671e+02 1.437983938554784231e+02 1.374424783582752525e+02 1.325765512619935578e+02 1.294913797183080248e+02 1.280169044838725085e+02
1.584471211990409074e+02 1.600013135922037009e+02 1.619999528777783553e+02 1.646022620288402720e+02 1.680137633624036368e+02 1.723483940513443997e+02 1.774679369863143847e+02 1.829512182644858456e+02 1.882576352374093744e+02 1.929702329046425859e+02 1.969409100668071630e+02 2.002626967844079502e+02 2.031257467230260261e+02 2.056679350494679284e+02 2.079023378975778655e+02 2.097332017730226710e+02 2.110156254642642750e+02 2.116085610111371125e+02 2.114008908154585811e+02 2.103178078610117723e+02 2.083216736434818301e+02 2.054143778980469222e+02 2.016391171688565578e+02 1.970761457544761299e+02 1.918306075128702162e+02 1.860161789993368586e+02 1.797399299415970688e+02 1.730906885982907397e+02 1.661311827126237404e+02 1.589013201546490279e+02 1.514546781494378536e+02 1.439473136065008134e+02 1.367427407627120317e+02 1.304157536553837531e+02 1.255556206592037114e+02 1.224565563989287256e+02 1.209542154433335810e+02
1.484177880703992116e+02 1.499281880788732053e+02 1.518861311281645783e+02 1.544585475311369578e+02 1.578556153542962477e+02 1.621876401780768902e+02 1.673038533366454601e+02 1.727689977300065891e+02 1.780371522629239678e+02 1.826987755129551374e+02 1.866210242344775452e+02 1.899121532429023489e+02 1.927727620652605935e+02 1.953458670257385279e+02 1.976459617061935887e+02 1.995767345499399994e+02 2.009919785927818907e+02 2.017492677452443104e+02 2.017360569950311060e+02 2.008752066515671970e+02 1.991243306235568582e+02 1.964770803331488480e+02 1.929655803379085910e+02 1.886587196368211607e+02 1.836529346931325506e+02 1.780573344647239935e+02 1.719779239151654053e+02 1.655041199938541183e+02 1.586992264299417457e+02 1.516029750066040265e+02 1.442680466765941389e+02 1.368491628590860500e+02 1.297083785782527627e+02 1.234195414203431795e+02 1.185726428193660098e+02 1.154653181380861042e+02 1.139390899033119240e+02
1.384780109086932782e+02 1.399359315406657913e+02 1.418398668600285077e+02 1.443620124929311999e+02 1.477156120460143427e+02 1.520089873901916064e+02 1.570844594882688341e+02 1.624996665803978146e+02 1.677075027422395976e+02 1.723053420550398300e+02 1.761722360519604536e+02 1.794282518294554336e+02 1.822823747303407060e+02 1.848819468920886209e+02 1.872427649753728076e+02 1.892681745343693365e+02 1.908110188669364788e+02 1.917279147280544294e+02 1.919054456863930795e+02 1.912650173152103150e+02 1.897607612694788770e+02 1.873793960958766434e+02 1.841426093311999352e+02 1.801073387194219606e+02 1.753596498454265884e+02 1.700021294425827421e+02 1.641382936079327521e+02 1.578575658728293831e+02 1.512238564454790435e+02 1.442769373264295325e+02 1.370686824240061696e+02 1.297523255287733264e+02 1.226881003179698553e+02 1.164484610963246070e+02 1.116237732677744390e+02 1.085149995452889158e+02 1.069697233248556074e+02
1.286387805258317201e+02 1.300350204038353183e+02 1.318714395304500897e+02 1.343238208955184803e+02 1.376074800325659737e+02 1.418300516546305232e+02 1.468310202068132355e+02 1.521659647903577763e+02 1.572897987159832951e+02 1.618069357763393157e+02 1.656064056547994880e+02 1.688178498087621335e+02 1.716570226293349322e+02 1.742747251361762721e+02 1.766877881735456413e+02 1.787993589697990728e+02 1.804616890655210568e+02 1.815308531957193452e+02 1.818930419099426103e+02 1.814689419489126294e+02 1.802103765417386967e+02 1.780985632975233841e+02 1.751457816349421250e+02 1.713968998504735168e+02 1.669261684671418493e+02 1.618275012190191262e+02 1.562000292484711963e+02 1.501321590417166476e+02 1.436882399470796088e+02 1.369083440988725044e+02 1.298437648098645809e+02 1.226461683517411956e+02 1.156735308653627783e+02 1.094962689916378906e+02 1.047045586988654122e+02 1.016024857444266587e+02 1.000439246038780823e+02
1.189117425684246285e+02 1.202369272984301034e+02 1.219922761197143330e+02 1.243559156928636895e+02 1.275445942165575843e+02 1.316663442323270772e+02 1.365609584839873207e+02 1.417859105546649516e+02 1.468008836771868459e+02 1.512178373612190683e+02 1.549345508632983979e+02 1.580884402876556294e+02 1.609005292350464913e+02 1.635242424044035374e+02 1.659772827484862603e+02 1.681629076737700075e+02 1.699332746375003751e+02 1.711443889084516172e+02 1.716824705509631315e+02 1.714680603546644875e+02 1.704516736474248830e+02 1.686104678506372068e+02 1.659486801758169747e+02 1.624995605902051636e+02 1.583245609278556572e+02 1.535068040950335160e+02 1.481387306165208315e+02 1.423061407655628727e+02 1.360732592847470244e+02 1.294806151338027860e+02 1.225792355762125965e+02 1.155192253491035075e+02 1.086558098522828857e+02 1.025565140404836200e+02 9.781051579830298692e+01 9.472469220873935569e+01 9.315949521814636114e+01
1.093091217048550163e+02 1.105542472229483479e+02 1.122155028763783804e+02 1.144722884480235479e+02 1.175422301301247927e+02 1.215346023176656018e+02 1.262920645464311065e+02 1.313773601299218114e+02 1.362575207521092864e+02 1.405527846467590791e+02 1.441687374279345306e+02 1.472488978082763538e+02 1.500181138122030120e+02 1.526317344460689185e+02 1.551084016550768467e+02 1.573520233958955998e+02 1.592153238612748112e+02 1.605547835321004015e+02 1.612570412713698147e+02 1.612429108991346425e+02 1.604623771903332852e+02 1.588898650614113421e+02 1.565231550140869388e+02 1.533849200394296872e+02 1.495235092898586799e+02 1.450094797315524318e+02 1.399260670554398871e+02 1.343542876872720910e+02 1.283570892427185015e+02 1.219752941515798881e+02 1.152599274177497648e+02 1.083595689379925915e+02 1.016261222818153556e+02 9.562313368365944655e+01 9.093770916878891342e+01 8.787906920735876781e+01 8.631463752041281623e+01
9.984345009279275018e+01 1.010004558192926822e+02 1.025558901182931635e+02 1.046893880561566874e+02 1.076187546293915176e+02 1.114549333590413909e+02 1.160454300548989721e+02 1.209612084408000356e+02 1.256791904257974153e+02 1.298288791932616277e+02 1.333229919961231928e+02 1.363096369310949001e+02 1.390161671801114949e+02 1.415993329662220788e+02 1.440789898862283565e+02 1.463604135017641852e+02 1.482976733822658275e+02 1.497483329278416875e+02 1.505998351817090679e+02 1.507735734266088343e+02 1.502195528461466552e+02 1.489105830544349942e+02 1.468396324614735988e+02 1.440203411648436429e+02 1.404884549235794111e+02 1.363008549042448578e+02 1.315291846883054063e+02 1.262470549862623557e+02 1.205142955414694086e+02 1.143713061030536693e+02 1.078691005114233263e+02 1.011546535902412529e+02 9.457580542930209333e+01 8.869073579823418640e+01 8.408310655811848733e+01 8.106394682853431277e+01 7.950824426705088399e+01
