BlockUplift_10Myr_500yrTimeStep_halfmmyr_k_1e-05_m_0.5_n_1.0_LinDiffusion_0.01_15x7km_30mRes0.txt
nrows 250
cellsize 30.0
xllcorner 0.0
ncols 500
yllcorner 0.0
[rows 17 to 33 of 250, columns 259 to 295 of 500]
5.092388047421213260e-02 5.035562484259877708e-02 5.081575478749410929e-02 5.045147987819077751e-02 5.058288402860527250e-02 5.030062693290125037e-02 5.049992346323494558e-02 5.075098898489815297e-02 5.052291819946507639e-02 5.007017894695698496e-02 5.027297818272132707e-02 5.002916858322566107e-02 5.025053170465077629e-02 5.039050132711531127e-02 5.013605882191470714e-02 5.071737495643353910e-02 5.059629880062768009e-02 5.025704207590522138e-02 5.095242853763114199e-02 5.043632540439851181e-02 5.098203083422620657e-02 5.020587247154503080e-02 5.066600043698876038e-02 5.052742116168457143e-02 5.078614963723555864e-02 5.070801592532851731e-02 5.038075912038343651e-02 5.003828427999847117e-02 5.071784151298210780e-02 5.015294733197316057e-02 5.062985569315628376e-02 5.083795189389263280e-02 5.084208202498008422e-02 5.089902515049934267e-02 5.084608396445676470e-02 5.031894662729775869e-02 5.096865476063931061e-02
5.050487475340374732e-02 5.015263367713133219e-02 5.052577031645121008e-02 5.091337114464589142e-02 5.063907862210512145e-02 5.072084076372693900e-02 5.093877093374631071e-02 5.031910210760900948e-02 5.072660743593220001e-02 5.034061514313641073e-02 5.018376740595799357e-02 5.018948818171715953e-02 5.013513137905535599e-02 5.040959470209960963e-02 5.052091408222161850e-02 5.012067466518509151e-02 5.039961755994121911e-02 5.014950477903246800e-02 5.083479782062342439e-02 5.026062144237358753e-02 5.054556256218571686e-02 5.036190657895057987e-02 5.032667532049441700e-02 5.017462581318300058e-02 5.087187269943600071e-02 5.042787260895106871e-02 5.078683734699809826e-02 5.062130603252767980e-02 5.070022730274985345e-02 5.049682062799350224e-02 5.006627313223756953e-02 5.074470689419832703e-02 5.050842989688394957e-02 5.062326947607247163e-02 5.068435792321023675e-02 5.004609115441968625e-02 5.058189894720536983e-02
5.053916424419450243e-02 5.074785939889139147e-02 5.071736001220076423e-02 5.002935130238616440e-02 5.090574995612062031e-02 5.039770009996857175e-02 5.037644773268011578e-02 5.049983959745416029e-02 5.009844347549071569e-02 5.067050884751846812e-02 5.091589383766537136e-02 5.060911153252412725e-02 5.001872643122787232e-02 5.013712055720956351e-02 5.085447604720195330e-02 5.028505196643555386e-02 5.093659824400594699e-02 5.096460382974214026e-02 5.015675754960192967e-02 5.089590126736497772e-02 5.048077927482358396e-02 5.001845230286591087e-02 5.089856763477407231e-02 5.040587857945842687e-02 5.086193359424257682e-02 5.009828323965834218e-02 5.081407801766699844e-02 5.087271824212257626e-02 5.005017039190848976e-02 5.038174450383298836e-02 5.042053595333868127e-02 5.019830535163309626e-02 5.062850646785893582e-02 5.046045114165711304e-02 5.051938760597391581e-02 5.002077940587516119e-02 5.008285568986679120e-02
5.082015416040593092e-02 5.016709290760822115e-02 5.079467664840447982e-02 5.030935333850835439e-02 5.028999368036267403e-02 5.078429841194141703e-02 5.041430217772496780e-02 5.004608831438613070e-02 5.096623589288189204e-02 5.039957103733849753e-02 5.080399869508223087e-02 5.011970692638732100e-02 5.008994876260294826e-02 5.037977861980347249e-02 5.080709182895312703e-02 5.008759720811167826e-02 5.006059852837744378e-02 5.046628819155947465e-02 5.086764980435280747e-02 5.019714602478322907e-02 5.025494781879930734e-02 5.082701323069632043e-02 5.029091615858023723e-02 5.012843743003070340e-02 5.089343366432835802e-02 5.001819058905628695e-02 5.083665011793080113e-02 5.079427664819927829e-02 5.098653147724518248e-02 5.058910372091468544e-02 5.025489253792959909e-02 5.039403556398646539e-02 5.001248744564961574e-02 5.077791539721396991e-02 5.009724731024554900e-02 5.090118147747505623e-02 5.039455105599904838e-02
5.083263310082695302e-02 5.015143551271475375e-02 5.090907762521042906e-02 5.070574096456835489e-02 5.062916342847914586e-02 5.012593547987972270e-02 5.066890873300573112e-02 5.088866435729456905e-02 5.028422256764378262e-02 5.098074649155187599e-02 5.042525059888181005e-02 5.043138654420627892e-02 5.080457707357462910e-02 5.051486489326210971e-02 5.001762709894890663e-02 5.065530749089418305e-02 5.060860295323427877e-02 5.073433591698460476e-02 5.035674566460194429e-02 5.074252998766302925e-02 5.085112077457270424e-02 5.017352669537416404e-02 5.064528578777298395e-02 5.036048158611713260e-02 5.073136346455719287e-02 5.067978609972428883e-02 5.083847817952259068e-02 5.026702232869915965e-02 5.016446772674967858e-02 5.056852360585218503e-02 5.006011314546496282e-02 5.070927662545140352e-02 5.089495202466573498e-02 5.089238108382955483e-02 5.002854140405139927e-02 5.046147338037441227e-02 5.024434539609044098e-02
5.022723316231359619e-02 5.005843875162060974e-02 5.080987942776257760e-02 5.023331029760112060e-02 5.015140351117719497e-02 5.081586727053117453e-02 5.004959980912950662e-02 5.025427988021468478e-02 5.014991733102790866e-02 5.092446205607877724e-02 5.000605267525635306e-02 5.029884856626695711e-02 5.094893642824841612e-02 5.070039879305391489e-02 5.071863175277004088e-02 5.037552187083250976e-02 5.051384333838804946e-02 5.093212993622232843e-02 5.062534110584112484e-02 5.085889317333395360e-02 5.029711353866807982e-02 5.029878910518489898e-02 5.056890768230522248e-02 5.046544535472282517e-02 5.093549362870733455e-02 5.096269746448697097e-02 5.086988258196165763e-02 5.095242034932835618e-02 5.014304541341320365e-02 5.024136679847818893e-02 5.079807603997186366e-02 5.034871446972063319e-02 5.066999885412532684e-02 5.028857057644355033e-02 5.009425749494512969e-02 5.042676428393918359e-02 5.043143205617325181e-02
5.056268960204660795e-02 5.083768579829775480e-02 5.056403447661547007e-02 5.093946477591298344e-02 5.057404106363049684e-02 5.051991993755200472e-02 5.085787219508634827e-02 5.033016482904791727e-02 5.035356904018694485e-02 5.072439132545211726e-02 5.095558273638075425e-02 5.041730720184652015e-02 5.067641698158714680e-02 5.056720416195504414e-02 5.010871214177951838e-02 5.085349988263963145e-02 5.080252639992625940e-02 5.054804246139982943e-02 5.017650939574486157e-02 5.032839311242718466e-02 5.090081787785469269e-02 5.001536346550949919e-02 5.072214700137216842e-02 5.081700880797439257e-02 5.059669544638149136e-02 5.090236498660634379e-02 5.073215567470226034e-02 5.019816887806269334e-02 5.006411853479475482e-02 5.048366759009899341e-02 5.095867654744833108e-02 5.014662106751685555e-02 5.022307134220426600e-02 5.044306230464130902e-02 5.071808198486518066e-02 5.091029174629769366e-02 5.049110253573110829e-02
5.085670520675846656e-02 5.038813621735328818e-02 5.048827859611993568e-02 5.009847309610465649e-02 5.022752041874457146e-02 5.091775772505814646e-02 5.016379315939976935e-02 5.001015534590565192e-02 5.001990600880372451e-02 5.038271980563096414e-02 5.072526219505993361e-02 5.037606824547158357e-02 5.067964350798492834e-02 5.024193993111077811e-02 5.003716702080041739e-02 5.014871563414376870e-02 5.077512289818605223e-02 5.048305818554298802e-02 5.025814218986435905e-02 5.054852020102046373e-02 5.029753795311821263e-02 5.027926387883913800e-02 5.089920325292788400e-02 5.019023538067016871e-02 5.034350447909673176e-02 5.068372111088063903e-02 5.032042515017699086e-02 5.097128053495963984e-02 5.051509685453364762e-02 5.078376913373492535e-02 5.026497190903818357e-02 5.090588954153910106e-02 5.061943294006403943e-02 5.067126241696942590e-02 5.094816796752988514e-02 5.019155065998263943e-02 5.081164173326421785e-02
5.013233701972745482e-02 5.061393911796172734e-02 5.029300958866182031e-02 5.040818196998158446e-02 5.010696364964058180e-02 5.078284916319983355e-02 5.088334362663921723e-02 5.059031697926019006e-02 5.000530925738087829e-02 5.023985332336208115e-02 5.041368889327076802e-02 5.096355788131155806e-02 5.028329309893899562e-02 5.043011914051302724e-02 5.052727379911229472e-02 5.030953325759541378e-02 5.042130531223102535e-02 5.076222597696242872e-02 5.040147927180571585e-02 5.057181786099726462e-02 5.064955090591912595e-02 5.024341797611305005e-02 5.032596994777070731e-02 5.070522325744183240e-02 5.067875592293297898e-02 5.035719205664782039e-02 5.061802133549653249e-02 5.004178457105291911e-02 5.070843978953781805e-02 5.076451731607089374e-02 5.060524411979483439e-02 5.017026459134125288e-02 5.012994258421509669e-02 5.059584425932230067e-02 5.024375992148878006e-02 5.037900460515368217e-02 5.006736482131696198e-02
5.016636452301091731e-02 5.069578992792935640e-02 5.052866040818060345e-02 5.027600883986280828e-02 5.010860029047554259e-02 5.003588181517114319e-02 5.064632482910876032e-02 5.084724191162413864e-02 5.054509898339094864e-02 5.059234941752879799e-02 5.092538452035649116e-02 5.092577241315254105e-02 5.006847454393178326e-02 5.037211841325608258e-02 5.009321789637295047e-02 5.063350209311973105e-02 5.003467958613147526e-02 5.035346643917617410e-02 5.025856213591438360e-02 5.006784290895892331e-02 5.080651695109508759e-02 5.080229860299081274e-02 5.061682390766847339e-02 5.021238077021709240e-02 5.051116686525532889e-02 5.073412522285739024e-02 5.080070042310633888e-02 5.058643266894578133e-02 5.092244207397313149e-02 5.060115931780954229e-02 5.075653270306323267e-02 5.028599605182327431e-02 5.001938980725113143e-02 5.091540973048921254e-02 5.070394367429728599e-02 5.033067744866767668e-02 5.047964537997334106e-02
5.014010116750044349e-02 5.069891853439102009e-02 5.013234447681347294e-02 5.064437680148588250e-02 5.052055545597895769e-02 5.080208567882452814e-02 5.065177712674150123e-02 5.048816532031427662e-02 5.045823375003188199e-02 5.076675864387530934e-02 5.060856710782228596e-02 5.092276790779651924e-02 5.081921168968246694e-02 5.039448550432560486e-02 5.006176433461122927e-02 5.093425844199525598e-02 5.079866283798842308e-02 5.043642017554131329e-02 5.016934159883176814e-02 5.030514349749545117e-02 5.081512834701993470e-02 5.016869210887057312e-02 5.070790441548422844e-02 5.021803041117486183e-02 5.028082979155352322e-02 5.084898029780254153e-02 5.010645108802055936e-02 5.080480116046862810e-02 5.047689127464054237e-02 5.013377987130727270e-02 5.000608301640632747e-02 5.098868092302386718e-02 5.081911213558011620e-02 5.020270917899336688e-02 5.077683248737104721e-02 5.097814151648207004e-02 5.032424151765532011e-02
5.032403160986957669e-02 5.044949045721875552e-02 5.030378831829965952e-02 5.093848216056567901e-02 5.030752202341923912e-02 5.083813719838484180e-02 5.001460722574795764e-02 5.044780383815573171e-02 5.040120194233204537e-02 5.052149179569884879e-02 5.059508245626903600e-02 5.099384475025368901e-02 5.096788597715529168e-02 5.018526350395449004e-02 5.071668219287737284e-02 5.021843652785818596e-02 5.031691880895295538e-02 5.030569803650243588e-02 5.051212222116113065e-02 5.039939944411624823e-02 5.020900157584263362e-02 5.055401857798095394e-02 5.015138091404411358e-02 5.001857603897034987e-02 5.036367430702497205e-02 5.014883899522278726e-02 5.032174446841974208e-02 5.086404263691331196e-02 5.087816126928432908e-02 5.043104755537484996e-02 5.039935861292495212e-02 5.048677180763098959e-02 5.007931419831830600e-02 5.005225629535897669e-02 5.086104314847921665e-02 5.050302442469966485e-02 5.035992475577408256e-02
5.096959896604282003e-02 5.058675230220750774e-02 5.032018329654660421e-02 5.092077808175640014e-02 5.055072462687557749e-02 5.020254009630430864e-02 5.059255991250893175e-02 5.029608325882509862e-02 5.019128363971525619e-02 5.009780046001024306e-02 5.082840681055890431e-02 5.063821249447817557e-02 5.068591792982399952e-02 5.046923707903198247e-02 5.037680558640421358e-02 5.012466852092600095e-02 5.048672525382044696e-02 5.077465514568123284e-02 5.039521859182444913e-02 5.019442473056876658e-02 5.007239414968807367e-02 5.089493070921884132e-02 5.015537048745041804e-02 5.087531482055912546e-02 5.020168052103007872e-02 5.029990825256985820e-02 5.036149986149995178e-02 5.078859167661425172e-02 5.083169766278616830e-02 5.021589298582618266e-02 5.018627918077918360e-02 5.087613880957233409e-02 5.026564963147035769e-02 5.066038232088479476e-02 5.051225397936964789e-02 5.012372693019787051e-02 5.066436561536137584e-02
5.050805730806195992e-02 5.009930233676529454e-02 5.061372829861478934e-02 5.007520027288499265e-02 5.082388785484854427e-02 5.056159967240862058e-02 5.080680962581726745e-02 5.074224126176466593e-02 5.001595283185532315e-02 5.001943250043601463e-02 5.063092426541264401e-02 5.083545334397487209e-02 5.014419018201417971e-02 5.082737510463933295e-02 5.071068255890923138e-02 5.088182675921520265e-02 5.069277315351151253e-02 5.060110006274345928e-02 5.052396499909329181e-02 5.052698985531523662e-02 5.043227974874792824e-02 5.097446140055941072e-02 5.048712418757003717e-02 5.072916195063727901e-02 5.092784895488693814e-02 5.074669646751734514e-02 5.082637997936415020e-02 5.089181695789038451e-02 5.059860178915315254e-02 5.082308483092733836e-02 5.097380853437321474e-02 5.022268385073884456e-02 5.076100128773734788e-02 5.052252891036099897e-02 5.035309566996618025e-02 5.044517250739758568e-02 5.000810943201564746e-02
5.091527942802426959e-02 5.006494864533295175e-02 5.088481975612692970e-02 5.060341169893865093e-02 5.093942315197660248e-02 5.049765601146606608e-02 5.014873902927592664e-02 5.028209409575148253e-02 5.086062803452366665e-02 5.025891084670444653e-02 5.000443168467453431e-02 5.015790121402490670e-02 5.023398056430439934e-02 5.085948931520874877e-02 5.052418076174437778e-02 5.059578283834496176e-02 5.034174458092622456e-02 5.020920263288809055e-02 5.033672698847002636e-02 5.084170155160652044e-02 5.080296627104317203e-02 5.087119583783095839e-02 5.009573318939634229e-02 5.022091173259175811e-02 5.003231131416246980e-02 5.071909648529550341e-02 5.085942587085342387e-02 5.041590143949915143e-02 5.028415247181326070e-02 5.073343686414448495e-02 5.020365734098723720e-02 5.070669702306138116e-02 5.054170186704218248e-02 5.032437337396600957e-02 5.068144728516213449e-02 5.064082119903082907e-02 5.009060633284556641e-02
5.025439847933767940e-02 5.028245368337149607e-02 5.063643469357352600e-02 5.092906522883800663e-02 5.034612967939834649e-02 5.056900795211681510e-02 5.029825812139362973e-02 5.040351421848224961e-02 5.086265672221135237e-02 5.055105925037152448e-02 5.006264892317409398e-02 5.069125147934539638e-02 5.013855387824250887e-02 5.091021113688457694e-02 5.084604211437081245e-02 5.015072704933688091e-02 5.000630972287626458e-02 5.030709763859964739e-02 5.064428736918646923e-02 5.058911631318766672e-02 5.070887433947822431e-02 5.009112422998294317e-02 5.045666370248497179e-02 5.042193026013891410e-02 5.074863752959671986e-02 5.031010770414103689e-02 5.018892985268339629e-02 5.010785135069807661e-02 5.084739402329816610e-02 5.074676486518167606e-02 5.085425392051445143e-02 5.072239453119449515e-02 5.083293108626149581e-02 5.007861878971234249e-02 5.018244653039482389e-02 5.061429629988012380e-02 5.038551322478818789e-02
5.035811371826193206e-02 5.059173250361167357e-02 5.031922834822401269e-02 5.004657576106465167e-02 5.006933901017263794e-02 5.079283579033821994e-02 5.095515346807038409e-02 5.030319982755648150e-02 5.072502642567341957e-02 5.086742412131342594e-02 5.055241373466030225e-02 5.062356439287836463e-02 5.007290333085778061e-02 5.053673182189459545e-02 5.044601975314869091e-02 5.031176459584071892e-02 5.062665516096964691e-02 5.091809706763482379e-02 5.046800602432162386e-02 5.093737674376356411e-02 5.091264819935895081e-02 5.016493847442007187e-02 5.000449552529742658e-02 5.083768683109274322e-02 5.082823421549341469e-02 5.099527419477053319e-02 5.057603675408922639e-02 5.068486672424138417e-02 5.076985482234505631e-02 5.003685930405300797e-02 5.050117535211923192e-02 5.090702837939953262e-02 5.069939782433701553e-02 5.065203694553741670e-02 5.002726396751569493e-02 5.086984375641666334e-02 5.070834739975390443e-02
