BlockUplift_2Ma_1kryTimeStep_2mmyr_k_5e-05_m_0.5_n_1.0_LinDiffusion_1_6x3km_30mRes_topographic__steepest_slope.txt
nrows 100
cellsize 30.0
xllcorner 0.0
ncols 200
yllcorner 0.0
[rows 0 to 16 of 100, columns 148 to 184 of 200]
0.000000000000000000e+00 0.000000000000000000e+00 0.000000000000000000e+00 0.000000000000000000e+00 0.000000000000000000e+00 0.000000000000000000e+00 0.000000000000000000e+00 0.000000000000000000e+00 0.000000000000000000e+00 0.000000000000000000e+00 0.000000000000000000e+00 0.000000000000000000e+00 0.000000000000000000e+00 0.000000000000000000e+00 0.000000000000000000e+00 0.000000000000000000e+00 0.000000000000000000e+00 0.000000000000000000e+00 0.000000000000000000e+00 0.000000000000000000e+00 0.000000000000000000e+00 0.000000000000000000e+00 0.000000000000000000e+00 0.000000000000000000e+00 0.000000000000000000e+00 0.000000000000000000e+00 0.000000000000000000e+00 0.000000000000000000e+00 0.000000000000000000e+00 0.000000000000000000e+00 0.000000000000000000e+00 0.000000000000000000e+00 0.000000000000000000e+00 0.000000000000000000e+00 0.000000000000000000e+00 0.000000000000000000e+00 0.000000000000000000e+00
1.667701229720970901e-01 1.750630892917456605e-01 1.813800634893330821e-01 1.858035997894300351e-01 1.884021908826980507e-01 1.892174588289359805e-01 1.882558253550845051e-01 1.854861756341165402e-01 1.808459701658534924e-01 1.742583680709420546e-01 1.656613007288569861e-01 1.550458121352032148e-01 1.424961709930357701e-01 1.282201397510675522e-01 1.140238870891838868e-01 1.029021876605696328e-01 9.131113233376292326e-02 7.959459034312119097e-02 6.802953389431454223e-02 5.677624238729218897e-02 5.111441890769583690e-02 5.116198982130602813e-02 5.112744715537095169e-02 5.101161387057497054e-02 5.821867253148692301e-02 6.883212485893602794e-02 7.948208109134705102e-02 8.998259407802691734e-02 1.000384905564352389e-01 1.093005482718133886e-01 1.187034122967626643e-01 1.294103676683979187e-01 1.379954900159456599e-01 1.443200764661961844e-01 1.483765925062129898e-01 1.502516843962856397e-01 1.500822544074670306e-01
1.677659972318224502e-01 1.761029572149103162e-01 1.824628902533352859e-01 1.869347207134372524e-01 1.895917607354059842e-01 1.904774271504910133e-01 1.895957689771231858e-01 1.869086149718706680e-01 1.852340880175421534e-01 1.827480743342957958e-01 1.788294180071245132e-01 1.733955420629488819e-01 1.664252304466287136e-01 1.579927432861537862e-01 1.482857846061251539e-01 1.375976212217988326e-01 1.262900478574472962e-01 1.147329993997216191e-01 1.032353497258072100e-01 1.004719135837945088e-01 1.007603705080403755e-01 1.008517734908688651e-01 1.007828173287331625e-01 1.005546494489938936e-01 1.001343197578535155e-01 1.039587218875274582e-01 1.144877889125379689e-01 1.247771336492078526e-01 1.345047791896664680e-01 1.433021133184375628e-01 1.508243955892195343e-01 1.568093144008702033e-01 1.611101368318980653e-01 1.636991798870520709e-01 1.646464262013726532e-01 1.640841166395027029e-01 1.621696761680280208e-01
1.824955455120055026e-01 1.906270718989041824e-01 1.974423458781804641e-01 2.030179727432634140e-01 2.074277867821693322e-01 2.107252867002299135e-01 2.129274318250240217e-01 2.140026753297933348e-01 2.138672970037256427e-01 2.123943342668106193e-01 2.094377848257393815e-01 2.048709234479006991e-01 1.986322335937423522e-01 1.907674059209072404e-01 1.814534826531053191e-01 1.709934586376372634e-01 1.597768636295013589e-01 1.482123012504158732e-01 1.463881278261624230e-01 1.471759379815807678e-01 1.475893099757210336e-01 1.477184591602129504e-01 1.476151929905616667e-01 1.472800631033767960e-01 1.466645885342472977e-01 1.456876860147985897e-01 1.478621437046555298e-01 1.580848287051906942e-01 1.676436459425783287e-01 1.761383345738445072e-01 1.832050677830246721e-01 1.885800319889784638e-01 1.921330230306539377e-01 1.938673058532447702e-01 1.938921697673617051e-01 1.923810437680843755e-01 1.895292723827816661e-01
2.033382202792088089e-01 2.122423770577911151e-01 2.198449461974930352e-01 2.262303666227558352e-01 2.314811646998447270e-01 2.356566374336223069e-01 2.387726174537692092e-01 2.407860428808265840e-01 2.415893960065831625e-01 2.410202655021504714e-01 2.388892904899148628e-01 2.350251815256678145e-01 2.293292072666240078e-01 2.218255913887614283e-01 2.126914497948888538e-01 2.022524476096187462e-01 1.909387033590813076e-01 1.873572766437102133e-01 1.889556659874377376e-01 1.899514179821721882e-01 1.904738873891725914e-01 1.906346436569492653e-01 1.904968384012969695e-01 1.900592264167319800e-01 1.892592156020592997e-01 1.879937973331455570e-01 1.861521100881911306e-01 1.890797330576204638e-01 1.986254083812516169e-01 2.069804361574654472e-01 2.137503302462547827e-01 2.186591814930323452e-01 2.215853917215042657e-01 2.225587247170904004e-01 2.217267174195957646e-01 2.193056021061589866e-01 2.155319534797263126e-01
2.231687566843360560e-01 2.328269396961027693e-01 2.411876077190378831e-01 2.483421782337484063e-01 2.543807760605600876e-01 2.593670512410192197e-01 2.633138816291455964e-01 2.661645914315183825e-01 2.677858080408309638e-01 2.679781965144973910e-01 2.665088779901287896e-01 2.631639444612816070e-01 2.578121112374588964e-01 2.504636571006255696e-01 2.413055932906707779e-01 2.306970360747237214e-01 2.221892915641243971e-01 2.248980769316138717e-01 2.267788488096736388e-01 2.279562213786334723e-01 2.285764123198797959e-01 2.287649858637375300e-01 2.285916393692142834e-01 2.280520323314590425e-01 2.270717254243171113e-01 2.255308019969750888e-01 2.233017904386353225e-01 2.202899961016252517e-01 2.267898747140372484e-01 2.351559314028877079e-01 2.417814565972415120e-01 2.463694089353153094e-01 2.487992796275232399e-01 2.491221822146201803e-01 2.475213379381011325e-01 2.442555349170258960e-01 2.396041159545624355e-01
2.416615459621156425e-01 2.520347471100751191e-01 2.611021454260695207e-01 2.689608743500849219e-01 2.757074796389072935e-01 2.814089166971536771e-01 2.860742761756114305e-01 2.896327990417694176e-01 2.919253791191859793e-01 2.927167792193817175e-01 2.917328822518053255e-01 2.887210203351460724e-01 2.835229340170539181e-01 2.761420515451307733e-01 2.667832158375273988e-01 2.558466248690743905e-01 2.541538755819791051e-01 2.571918714691416308e-01 2.593183071295849795e-01 2.606626802270322063e-01 2.613778446648097886e-01 2.615945017178736287e-01 2.613833146569845556e-01 2.607356515941622321e-01 2.595684765315884879e-01 2.577516913047588898e-01 2.551496725316421132e-01 2.516649817528521793e-01 2.516797909966166369e-01 2.601835584835179849e-01 2.667984754147867954e-01 2.711997437361353125e-01 2.732615923053177132e-01 2.730511987866710566e-01 2.707837195151459597e-01 2.667584626655555846e-01 2.612971748194001798e-01
2.585656542566489025e-01 2.695949657751144923e-01 2.792969673107126294e-01 2.877731764042867901e-01 2.951255854804138434e-01 3.014240145462115383e-01 3.066740442344018658e-01 3.107920001654753128e-01 3.135952355548887738e-01 3.148158971401268658e-01 3.141429822882305656e-01 3.112903280695113462e-01 3.060785573302270968e-01 2.985101786895250076e-01 2.888131513823218866e-01 2.774325321784034681e-01 2.806654229270331147e-01 2.839849127046970012e-01 2.863389392447516224e-01 2.878509629641826106e-01 2.886687810426299960e-01 2.889183136184404477e-01 2.886651698184853898e-01 2.878955238041422948e-01 2.865220096754569346e-01 2.844126835509087070e-01 2.814342143804158813e-01 2.774966490907786465e-01 2.730515838129172757e-01 2.817874495001572721e-01 2.884971151739743611e-01 2.928244520419905905e-01 2.946338987832342049e-01 2.940038639689592781e-01 2.911769553913136632e-01 2.864894548274086739e-01 2.803033441309447649e-01
2.737158550459170003e-01 2.853258167676444024e-01 2.955737297106061923e-01 3.045642985714566708e-01 3.124043318208652997e-01 3.191667368883246980e-01 3.248549321285204572e-01 3.293749929294929046e-01 3.325247554163248687e-01 3.340089629177945274e-01 3.334857259422537856e-01 3.306415585225114251e-01 3.252815596891653338e-01 3.174115474135769110e-01 3.072847568947254526e-01 2.971062771495970312e-01 3.017184499371675654e-01 3.052947103996454525e-01 3.078776514686789034e-01 3.095727972195618238e-01 3.105104075374924832e-01 3.108012418435009971e-01 3.104998080423683748e-01 3.095866393673191164e-01 3.079752198395074858e-01 3.055413757949016484e-01 3.021660285877525443e-01 2.977785493790671700e-01 2.923886684354026211e-01 2.998905605562846022e-01 3.067662246558878758e-01 3.111036899415773882e-01 3.127553610492914138e-01 3.118070201701672595e-01 3.085240211276127908e-01 3.032749968606391899e-01 2.964584984298398451e-01
2.870358900408569447e-01 2.991400902926868999e-01 3.098349208164042912e-01 3.192272786820068986e-01 3.274285054638148007e-01 3.345154084621878576e-01 3.404915007766390334e-01 3.452565187589166640e-01 3.485943005778184833e-01 3.501889230718709944e-01 3.496748130625726980e-01 3.467177992084195526e-01 3.411123940630214624e-01 3.328699593575082938e-01 3.222678991882631516e-01 3.126890381946471620e-01 3.175344724661651186e-01 3.213629081585130387e-01 3.241916413485493309e-01 3.260961989346432000e-01 3.271768640892673830e-01 3.275190895541034708e-01 3.271606507231695216e-01 3.260765668044579568e-01 3.241870427616125316e-01 3.213860525922617173e-01 3.175815258942444874e-01 3.127348137774560999e-01 3.068881990518207425e-01 3.145904570850304727e-01 3.216678240138888256e-01 3.260673341669046432e-01 3.276296025142369506e-01 3.264452894922746928e-01 3.227980655286590284e-01 3.170837383545117572e-01 3.097327245726827494e-01
2.985331144667027203e-01 3.110410174411727957e-01 3.220807426479615487e-01 3.317605428963696368e-01 3.401962567660882231e-01 3.474698240146178452e-01 3.535877719521461349e-01 3.584483297978242611e-01 3.618279603539285572e-01 3.633979051380847869e-01 3.627768938180927494e-01 3.596168204562294468e-01 3.537056707709477776e-01 3.450605534886012626e-01 3.339788474207203706e-01 3.234464791633627212e-01 3.285083322654827609e-01 3.325976568446094572e-01 3.356976122972127885e-01 3.378423821781704195e-01 3.390907335387320365e-01 3.394935966686375428e-01 3.390672153575186032e-01 3.377818599833403712e-01 3.355707159017280450e-01 3.323564172859884702e-01 3.280865984291381210e-01 3.227671079486943428e-01 3.164830297624158795e-01 3.261227231334956622e-01 3.334042429659511697e-01 3.378857158667959992e-01 3.393986401638215411e-01 3.380376276109300360e-01 3.341009286997023708e-01 3.280063272186559131e-01 3.202109001531772137e-01
3.082857684734296444e-01 3.211096567094370302e-01 3.323964277031244974e-01 3.422548946276026682e-01 3.508054370694067003e-01 3.581365525934058214e-01 3.642610678446968064e-01 3.690810916432010202e-01 3.723730201420183406e-01 3.738037568263452015e-01 3.729847280108051222e-01 3.695605085461061701e-01 3.633156896649473722e-01 3.542714961253827233e-01 3.427384525325728459e-01 3.298795309683555388e-01 3.351508323044413151e-01 3.395142579367207980e-01 3.429110679798536010e-01 3.453242736098350862e-01 3.467612506132695671e-01 3.472307215501700961e-01 3.467237646560079045e-01 3.452073079254754928e-01 3.426338260468222985e-01 3.389646202150705112e-01 3.341988084798079850e-01 3.283981538669877298e-01 3.249046002414223144e-01 3.348182303573802310e-01 3.422780770838566022e-01 3.468324728227232812e-01 3.483086122817979913e-01 3.468057186565220995e-01 3.426338690711676627e-01 3.362280721370318748e-01 3.280668887884543583e-01
3.164254968814919633e-01 3.294866043574176673e-01 3.409330134404706669e-01 3.508731928520755217e-01 3.594319920313186478e-01 3.667058337204260332e-01 3.727171796740573750e-01 3.773775830372024243e-01 3.804709529261835477e-01 3.816686149462685806e-01 3.805831764635700942e-01 3.768582282669224459e-01 3.702772726806803916e-01 3.608625690602195735e-01 3.489289767003910248e-01 3.350643329397432479e-01 3.380346920134570388e-01 3.426809485056897531e-01 3.463923807065290017e-01 3.490931449315837765e-01 3.507315905640193132e-01 3.512685065487422542e-01 3.506675414302605764e-01 3.488942635590111530e-01 3.459264557416039110e-01 3.417730081283328336e-01 3.364946325028351226e-01 3.302184835197465307e-01 3.309282427185458730e-01 3.410602923206663140e-01 3.486508272964177757e-01 3.532451377055736974e-01 3.546726148451523897e-01 3.530391930040915338e-01 3.486651491558896421e-01 3.419987685501432728e-01 3.335354016163645241e-01
3.231179591687212138e-01 3.363511657556055856e-01 3.478850070737782851e-01 3.578264434359811896e-01 3.663044173982005769e-01 3.734243430308137324e-01 3.792213987566307454e-01 3.836219627823751477e-01 3.864249166124776314e-01 3.873146676027713342e-01 3.859133245452652239e-01 3.818694919910681218e-01 3.749672736418274144e-01 3.652259385839516925e-01 3.529546564874928571e-01 3.387330287641323601e-01 3.377486597348157149e-01 3.426741968655240833e-01 3.467035257359365463e-01 3.496968270902395259e-01 3.515383755172763469e-01 3.521374830010510215e-01 3.514295282827845091e-01 3.493811416221111465e-01 3.460008190162132680e-01 3.413523984827596114e-01 3.355660422513854768e-01 3.288411976065598874e-01 3.349588488578731371e-01 3.452466240366975914e-01 3.529052531597570153e-01 3.574884739691476243e-01 3.588355244725759396e-01 3.570623203144557833e-01 3.524988412723802367e-01 3.456037182995594925e-01 3.368852062483262411e-01
3.285435646584922154e-01 3.419002672374235607e-01 3.534674529805948429e-01 3.633490339803520652e-01 3.716772098873498131e-01 3.785669455537010175e-01 3.840686961579796166e-01 3.881285377918430313e-01 3.905673129244116581e-01 3.910907514314883593e-01 3.893384161923744702e-01 3.849695847815558514e-01 3.777703052074161683e-01 3.677524440578504028e-01 3.552090430937311361e-01 3.406962541068757067e-01 3.348620352613996265e-01 3.400452938326471441e-01 3.443767920068049881e-01 3.476503938770993951e-01 3.496839717727974750e-01 3.503340290032421200e-01 3.495081677553287247e-01 3.471767312707944031e-01 3.433834116426017768e-01 3.382524154555862084e-01 3.319885517179992918e-01 3.249344664733576082e-01 3.373834210886078600e-01 3.477594090072639865e-01 3.554150051651701059e-01 3.599242535880569083e-01 3.611444975341432939e-01 3.592057425977192575e-01 3.544481951943125320e-01 3.473389909804806552e-01 3.383963935776183596e-01
3.328791013379278074e-01 3.463279828535357208e-01 3.578933716441222712e-01 3.676741653839123991e-01 3.758044429215752769e-01 3.824086379436432703e-01 3.875543202769042295e-01 3.912113646179489757e-01 3.932287924985997662e-01 3.933412000788406582e-01 3.912130121644838421e-01 3.865195085918231577e-01 3.790499353620211398e-01 3.688044818415125436e-01 3.560499555528904292e-01 3.413043602094273377e-01 3.298992724464160919e-01 3.352976706553401076e-01 3.398946482056298124e-01 3.434182648214952338e-01 3.456203631435831314e-01 3.463054017841216137e-01 3.453548293129226066e-01 3.427453124234526860e-01 3.385589981502714063e-01 3.329836497111917648e-01 3.263010025466485109e-01 3.259481247327382092e-01 3.385483833636470652e-01 3.489450056525100763e-01 3.565233771594854550e-01 3.608895192094767057e-01 3.619272707777006493e-01 3.597853396180132335e-01 3.548155259628972269e-01 3.474926730420914156e-01 3.383431847084912847e-01
3.362800061064661339e-01 3.498054063660580582e-01 3.613512761561779030e-01 3.710091577429964760e-01 3.789131155748087787e-01 3.851963008120332654e-01 3.899444097780130902e-01 3.931542605083079289e-01 3.947082590429454307e-01 3.943764648856047939e-01 3.918548446195103674e-01 3.868396443244036531e-01 3.791246500866476965e-01 3.686946508807731893e-01 3.557810609878787611e-01 3.408502743569188920e-01 3.245138501188107871e-01 3.288724497299502780e-01 3.336782944404414475e-01 3.374052787572263123e-01 3.397421812658289464e-01 3.404440807545919823e-01 3.393687578217054468e-01 3.365014664661903909e-01 3.319645464385966305e-01 3.260100357116698655e-01 3.189958181079722288e-01 3.260415931298143444e-01 3.387501225615839884e-01 3.491031774801179322e-01 3.565313545006413287e-01 3.606837333354540043e-01 3.614788097235355213e-01 3.590888262905939099e-01 3.538791901159918929e-01 3.463325720146849251e-01 3.369825961133997572e-01
