BlockUplift_2Ma_1kryTimeStep_2mmyr_k_5e-05_m_0.5_n_1.0_LinDiffusion_1_6x3km_30mRes_topographic__steepest_slope.txt
nrows 100
cellsize 30.0
xllcorner 0.0
ncols 200
yllcorner 0.0
[rows 68 to 84 of 100, columns 37 to 73 of 200]
3.113385025742388956e-01 3.118519496313297279e-01 3.109804038134844628e-01 3.087125732430895941e-01 3.050351386887389937e-01 2.999516778121232852e-01 2.935049038480826988e-01 2.857974237855576694e-01 2.770061328698716352e-01 2.673862982518111497e-01 2.592628220992891919e-01 2.701940777053279952e-01 2.812872495187118127e-01 2.920032038651593220e-01 3.017182105024825978e-01 3.096799168885564502e-01 3.149741605386935372e-01 3.165323761951819859e-01 3.132081872004742196e-01 3.039375834678896271e-01 2.879704110376441473e-01 2.651286739550167693e-01 2.360216034883137193e-01 2.021415641452500300e-01 1.931949020362641878e-01 1.930327085370303619e-01 1.930830060150393879e-01 1.935200520084464360e-01 2.038641050646635144e-01 2.244571304142483903e-01 2.371755890873804840e-01 2.421182820556856408e-01 2.401677009578051802e-01 2.327507064281832128e-01 2.215647040919912769e-01 2.218171478760211923e-01 2.269419430853484299e-01
3.138655031662854755e-01 3.142428519163805167e-01 3.133489090692440637e-01 3.111602282249464335e-01 3.076425577201538086e-01 3.027700216744600992e-01 2.965483836525171224e-01 2.890379973718400497e-01 2.803716981575197220e-01 2.707634380220932946e-01 2.605049050165462177e-01 2.648719824040258186e-01 2.759657160482449356e-01 2.868147724198588100e-01 2.967640238703980748e-01 3.050204753201419261e-01 3.106255655839372243e-01 3.124693656485512672e-01 3.093744264630979290e-01 3.002624961522968872e-01 2.843903793933295621e-01 2.616090103934753386e-01 2.325747603143450415e-01 1.988370867364336880e-01 1.887810056081614674e-01 1.888999122176197032e-01 1.893516834248487046e-01 1.902758042621816859e-01 2.008522558880222186e-01 2.212996966851403235e-01 2.338120920301060002e-01 2.385277967949667177e-01 2.363765198625522035e-01 2.288288337200886924e-01 2.176134944615237266e-01 2.217535340140311118e-01 2.269170910871328717e-01
3.157671908729677290e-01 3.160112182717057516e-01 3.151016407314765622e-01 3.130042638491507545e-01 3.096664411742438006e-01 3.050359344245843207e-01 2.990844541417800317e-01 2.918319933525405641e-01 2.833674938617074535e-01 2.738615618553732478e-01 2.635679782274972238e-01 2.592295529913896668e-01 2.702708835169273516e-01 2.812064402914051797e-01 2.913558974012914193e-01 2.998907803889689361e-01 3.058119217251246691e-01 3.079702468111469305e-01 3.051577438962781441e-01 2.962806229103386868e-01 2.805995047357814354e-01 2.579893432286877175e-01 2.291472247499196924e-01 1.956722062151508568e-01 1.844343441852373533e-01 1.848436650649802060e-01 1.857158834463348285e-01 1.871501513686496254e-01 1.975449949008490358e-01 2.178520266418721429e-01 2.301815728294699104e-01 2.347059108430561702e-01 2.323968413398589672e-01 2.247641409304508842e-01 2.162046016073655152e-01 2.216922067509367877e-01 2.268537792149288579e-01
3.170628576632329443e-01 3.171793916387514178e-01 3.162621443584214265e-01 3.142676972569527494e-01 3.111276668668078171e-01 3.067667530943395948e-01 3.011258916005478681e-01 2.941871977975495378e-01 2.859966479269104300e-01 2.766802867082456263e-01 2.664503708466062215e-01 2.555992754256266042e-01 2.642692854041664985e-01 2.752357785576154958e-01 2.855390763472905880e-01 2.943215655395948760e-01 3.005488690650957584e-01 3.030368418428835420e-01 3.005492870837914721e-01 2.919771670987565404e-01 2.765827788677244770e-01 2.542603512553903711e-01 2.257404660268234886e-01 1.926625935686925861e-01 1.801811673337378183e-01 1.808984445162252486e-01 1.822200475816724008e-01 1.841979358386907906e-01 1.939662671065937871e-01 2.141501348315175413e-01 2.263332874976979880e-01 2.307141017007126038e-01 2.282994882633670453e-01 2.206327351638442680e-01 2.161650405258474794e-01 2.216878246008642805e-01 2.267994468822545628e-01
3.177754528496412600e-01 3.177726840460110003e-01 3.168565467513123624e-01 3.149759774277545721e-01 3.120495326398564084e-01 3.079822358394200821e-01 3.026877788323039109e-01 2.961133663890317957e-01 2.882636426778901750e-01 2.792197080402596954e-01 2.691494727968309353e-01 2.583066297609330486e-01 2.580285874800614665e-01 2.689620889877546994e-01 2.793607055190838184e-01 2.883451461701999063e-01 2.948528669653198708e-01 2.976707084590371477e-01 2.955387027579701176e-01 2.873346031199049966e-01 2.723213478704299417e-01 2.504078722875718865e-01 2.223501491028387067e-01 1.898170215524088711e-01 1.760323607416713343e-01 1.770787579699250047e-01 1.788843040744107216e-01 1.814460027249130691e-01 1.901135704799376547e-01 2.102032747795818945e-01 2.222908534024213567e-01 2.265904279588169257e-01 2.241347520784730540e-01 2.164933262215376353e-01 2.162703025739224072e-01 2.217746657956619627e-01 2.267844401913076124e-01
3.179306309385130924e-01 3.178184934494074354e-01 3.169127370586342640e-01 3.151562261204636228e-01 3.124570649705882830e-01 3.087039630452257932e-01 3.037870387632911617e-01 2.976219406947971380e-01 2.901742713659549167e-01 2.814806670857630255e-01 2.716627940088500170e-01 2.609311755396390708e-01 2.516195795616180675e-01 2.624499296531604964e-01 2.728752967445567945e-01 2.820031641554254787e-01 2.887514144713990705e-01 2.918858393120696837e-01 2.901290784692668878e-01 2.823493680652339743e-01 2.678102286039654722e-01 2.464307529471855551e-01 2.189831645746046773e-01 1.871526872652191364e-01 1.720095660161130580e-01 1.734020185920788493e-01 1.757231011582301161e-01 1.789070829854381428e-01 1.859696852308496684e-01 2.060014808424137367e-01 2.180558892077890110e-01 2.223498814128619938e-01 2.199302682542876863e-01 2.123834937244650223e-01 2.165316017727178521e-01 2.219637399357945184e-01 2.268197174274765304e-01
3.175559249515695348e-01 3.173455640261238497e-01 3.164596894665872018e-01 3.148366039452042964e-01 3.123764248652151077e-01 3.089547976883655900e-01 3.044419782332321578e-01 2.987257107847710591e-01 2.917354542735798306e-01 2.834647538385970389e-01 2.739881977900988086e-01 2.634697017709792255e-01 2.521599381447856558e-01 2.557723272884517840e-01 2.661498341433101711e-01 2.753539269125008238e-01 2.822928099096603249e-01 2.857208102975226094e-01 2.843511885110702186e-01 2.770476521969362782e-01 2.630748732936966094e-01 2.423572910798496849e-01 2.156730526964773798e-01 1.847088576434816887e-01 1.681708039397496746e-01 1.699124594365116481e-01 1.727663576623986730e-01 1.765974863902859682e-01 1.815204455982827592e-01 2.015295263532541348e-01 2.136179637130909414e-01 2.179905649607906115e-01 2.156939915160923649e-01 2.111067000598770560e-01 2.169340194495456842e-01 2.222433382531155133e-01 2.268973031323857359e-01
3.166800514243268139e-01 3.163833816791992715e-01 3.155269120127589533e-01 3.140457848197201196e-01 3.118343973227657440e-01 3.087583971936188054e-01 3.046718421766655416e-01 2.994384337060097545e-01 2.929549333239057085e-01 2.851740709638647675e-01 2.761237096918345291e-01 2.659190269595834710e-01 2.547651932210556192e-01 2.490129245544661640e-01 2.592674452131795704e-01 2.684778900519650957e-01 2.755535821305016286e-01 2.792480887551423430e-01 2.782743700530779241e-01 2.714973105209630422e-01 2.581834228963935107e-01 2.382570807624969089e-01 2.124907612616582231e-01 1.825560550336746968e-01 1.646302167309623143e-01 1.667011678879466163e-01 1.700789105759857589e-01 1.745552223436665773e-01 1.799084719798135779e-01 1.967850666655576730e-01 2.089694643923949435e-01 2.135050425183332712e-01 2.114221945458789609e-01 2.116720891411527361e-01 2.174417265078394113e-01 2.225832238870253943e-01 2.269936477763659921e-01
3.153323433880539373e-01 3.149616902828531462e-01 3.141440031801323585e-01 3.128125218238163030e-01 3.108579523241767339e-01 3.081387720597282276e-01 3.044963825583399397e-01 2.997744229394802007e-01 2.938408726149939754e-01 2.866107985866676588e-01 2.780669503017378363e-01 2.682751546966831713e-01 2.573918461127959745e-01 2.456621240944220630e-01 2.523285076091528745e-01 2.614797286018660794e-01 2.686415661278873102e-01 2.725779912635536983e-01 2.720110716146698637e-01 2.658125744723676687e-01 2.532510923493411781e-01 2.342446216351235511e-01 2.095471775043810936e-01 1.807974422946842796e-01 1.615655812842201611e-01 1.639159683242278620e-01 1.677723361906184041e-01 1.728531919361150360e-01 1.788537927479400824e-01 1.917966358906424695e-01 2.041219451011222763e-01 2.088943107369235774e-01 2.071107452728766229e-01 2.123366781879610643e-01 2.180065133452065707e-01 2.229416879282022645e-01 2.270753141804893460e-01
3.135423000485805800e-01 3.131101112389965690e-01 3.123402986664728931e-01 3.111652909880935902e-01 3.094738710158698725e-01 3.071198943047505625e-01 3.039354567736400892e-01 2.997481384426805562e-01 2.944014144562809299e-01 2.877766368272062780e-01 2.798143048190572246e-01 2.705319132992059505e-01 2.600357468091516466e-01 2.485246783051801855e-01 2.454483414750848747e-01 2.544858004333687140e-01 2.616930413615081719e-01 2.658553176539026341e-01 2.657127424948250716e-01 2.601489483573650729e-01 2.484338942956779428e-01 2.304718424958525358e-01 2.069846431638512896e-01 1.795597656881780246e-01 1.592084513905395737e-01 1.617556210512172410e-01 1.660034540364288547e-01 1.716018332643320377e-01 1.781661536061013296e-01 1.866361351923187528e-01 1.991192612446951449e-01 2.041804972160429776e-01 2.067756190296819452e-01 2.130482203098504612e-01 2.185775971218134883e-01 2.232738956184846246e-01 2.271057956422699309e-01
3.113392352352643000e-01 3.108578467281299940e-01 3.101445915691859456e-01 3.091320023237689729e-01 3.077084348647436962e-01 3.057253642641635794e-01 3.030086779411912401e-01 2.993738190613650096e-01 2.946442619139124641e-01 2.886722430370866621e-01 2.813600180102753257e-01 2.726793750563473173e-01 2.626869596688976571e-01 2.515332978974261779e-01 2.394641911823328084e-01 2.476366655259478466e-01 2.548634644474483957e-01 2.592480742015770834e-01 2.595563924682774415e-01 2.546875884576198512e-01 2.439110264403475947e-01 2.271089416137286876e-01 2.049569585783579673e-01 1.789734561918081279e-01 1.578155499739513912e-01 1.604461549650522956e-01 1.649566162406065073e-01 1.709377614500662557e-01 1.779337036840303310e-01 1.854858418866892067e-01 1.940430676108552688e-01 2.006229351090742796e-01 2.075564904808203381e-01 2.137625582918900591e-01 2.191103326378216198e-01 2.235396217429903853e-01 2.270519966878386808e-01
3.087520013630770110e-01 3.082334450734530717e-01 3.075849089234016787e-01 3.067397675117538025e-01 3.055871753955112236e-01 3.039781437270742681e-01 3.017351391967101337e-01 2.986652007903378148e-01 2.945763666204717079e-01 2.892968027809521003e-01 2.826954552259119402e-01 2.747024598704437270e-01 2.653271698101131171e-01 2.546716638801882482e-01 2.429379942683908555e-01 2.410755099868525653e-01 2.483128824196489948e-01 2.529296534354371073e-01 2.537235089088546447e-01 2.496111938300158983e-01 2.398582866442330319e-01 2.243161960324953352e-01 2.036007234517535902e-01 1.791447965837131839e-01 1.576255244707814029e-01 1.602024126317019292e-01 1.648116997506652581e-01 1.709991532722028862e-01 1.782511471066963449e-01 1.860496505695067582e-01 1.939195918873982405e-01 2.014624615675027486e-01 2.083741555528462186e-01 2.144487258294390242e-01 2.195719023072892073e-01 2.237087513977210618e-01 2.268890761885482277e-01
3.058087641169853210e-01 3.052646069321260369e-01 3.046883279083952289e-01 3.040147128440196522e-01 3.031346792523426648e-01 3.019003579919749547e-01 3.001332259437162753e-01 2.976353536161203128e-01 2.942037882769369395e-01 2.896478627604873735e-01 2.838087681137940188e-01 2.765801498294715999e-01 2.679279703688687841e-01 2.579076034649792626e-01 2.466761476602082892e-01 2.349344732959096071e-01 2.421886295608806638e-01 2.470577501984903279e-01 2.483753253077361223e-01 2.450761042127499734e-01 2.364178364851092229e-01 2.222125415068549603e-01 2.030040899553889333e-01 1.801262523916192515e-01 1.588104916310669468e-01 1.611832348286545424e-01 1.657048840181355731e-01 1.718934184999137416e-01 1.791948435187720179e-01 1.870468415590030020e-01 1.949346299481817257e-01 2.024310664628937162e-01 2.092178588190345689e-01 2.150893164488441867e-01 2.199431281194468568e-01 2.237636924645499958e-01 2.266028975305232618e-01
3.025368098253153337e-01 3.019780181204159697e-01 3.014808209088101765e-01 3.009818294709125097e-01 3.003744434217480719e-01 2.995131651875387324e-01 2.982205201168416919e-01 2.962966519524665165e-01 2.935317632909961727e-01 2.897215086893349389e-01 2.846851362098097860e-01 2.782856457595045407e-01 2.704506320472356840e-01 2.611919768056613633e-01 2.506222477748991651e-01 2.389655270737241211e-01 2.366088338369858324e-01 2.417544491214303759e-01 2.436298102862686499e-01 2.411868591811102136e-01 2.336713203858835908e-01 2.208484706068452041e-01 2.031807399196665920e-01 1.818927319622509475e-01 1.614347003738662578e-01 1.634519143337726521e-01 1.676926660111523748e-01 1.736660916163254853e-01 1.807973103027976092e-01 1.884969690367843953e-01 1.962235168722036294e-01 2.035287624275222695e-01 2.100824735646729946e-01 2.156770209389226867e-01 2.202168105602065051e-01 2.236988100032675786e-01 2.261900458956498938e-01
2.989623883093713852e-01 2.983992149371365032e-01 2.979871367131067816e-01 2.976648681681827724e-01 2.973287867137296980e-01 2.968366972477620158e-01 2.960137990596990454e-01 2.946608804956828975e-01 2.925649874772896508e-01 2.895129065339849261e-01 2.853076392460062727e-01 2.797876008312632501e-01 2.728476446211648976e-01 2.644603479557692816e-01 2.546954177507785855e-01 2.437346282348727411e-01 2.318793760214153676e-01 2.370918174281932966e-01 2.395455735449595058e-01 2.379791968827662529e-01 2.316229406657455414e-01 2.201902433337701026e-01 2.040562025864421647e-01 1.843307321676708466e-01 1.654316350530507518e-01 1.669530170844368000e-01 1.707295224381345233e-01 1.762802914680079991e-01 1.830291650281750948e-01 1.903772385953260426e-01 1.977693616719041758e-01 2.047440156558243129e-01 2.109612971681320004e-01 2.162093636652760720e-01 2.203939734089947478e-01 2.235177935165907626e-01 2.256560030239398995e-01
2.951106342811044558e-01 2.945525267856102802e-01 2.942307619421853926e-01 2.940863198343919294e-01 2.940188539426306646e-01 2.938901022429888377e-01 2.935291492656242895e-01 2.927394821611633002e-01 2.913081001000913939e-01 2.890171683829066973e-01 2.856586904607979482e-01 2.810523319155360245e-01 2.750659160130463077e-01 2.676373462406085313e-01 2.587959334269849254e-01 2.486804072410298827e-01 2.375503324291902973e-01 2.330859444521281576e-01 2.361161277888785548e-01 2.354153272937304364e-01 2.301965671011464432e-01 2.201195478157112473e-01 2.054705190880491139e-01 1.872440778978683995e-01 1.706060139883703586e-01 1.715122998059243342e-01 1.746659299336883464e-01 1.796131652690860503e-01 1.857944025044427350e-01 1.926170593218519966e-01 1.995242726105099507e-01 2.060480635351330247e-01 2.118407221222677606e-01 2.166839248517433703e-01 2.204797494985172024e-01 2.232302444142599540e-01 2.250124166605947662e-01
2.910056720862205792e-01 2.904612011132063909e-01 2.902340651260051918e-01 2.902675789601033562e-01 2.904648023787170241e-01 2.906917668787087905e-01 2.907822580990436223e-01 2.905439869293350852e-01 2.897663693427451337e-01 2.882304817924231655e-01 2.857218764640691577e-01 2.820467192044115445e-01 2.770511550466503992e-01 2.706430075326418661e-01 2.628140140567646887e-01 2.536599167338285388e-01 2.433949781219553188e-01 2.323570170210681740e-01 2.332751982791829992e-01 2.333920270558497156e-01 2.292471711116022826e-01 2.204485476888091433e-01 2.071967792185349377e-01 1.903753695675289570e-01 1.766600948967735063e-01 1.768597792785191192e-01 1.792674191233568082e-01 1.834705331716539323e-01 1.889406390719784723e-01 1.951042568520899578e-01 2.014121756689784548e-01 2.073951248811681525e-01 2.126986554851962863e-01 2.170957191737618586e-01 2.204803346931754615e-01 2.228486573891984845e-01 2.242743976843489806e-01
