BlockUplift_2Ma_1kryTimeStep_2mmyr_k_1e-05_m_0.5_n_1.0_LinDiffusion_0.25_3x6km_30mRes_topographic__steepest_slope.txt
nrows 200
cellsize 30.0
xllcorner 0.0
ncols 100
yllcorner 0.0
[rows 85 to 101 of 200, columns 37 to 73 of 100]
6.171636490797999253e-01 6.139151313054389547e-01 5.971165206154483984e-01 5.489802255061934089e-01 4.515862655415373572e-01 3.486226351131790357e-01 2.895097672485159590e-01 2.475192963430271620e-01 3.409282965573058322e-01 4.239695415093971409e-01 5.320491949190000458e-01 5.889167214010133655e-01 6.134540223623389243e-01 6.243163328613036134e-01 6.323821779316707303e-01 6.412986563870390899e-01 6.511823267363524570e-01 6.614002203956791393e-01 6.715652223636576768e-01 6.815591469303323713e-01 6.913598647010833487e-01 7.009470886526438793e-01 7.102829544500006698e-01 7.193167076883507649e-01 7.279893163322337379e-01 7.362343790486571837e-01 7.439772979771154260e-01 7.511342097876043677e-01 7.576111074672932100e-01 7.633031525122684346e-01 7.680941352647171483e-01 7.718560940305526641e-01 7.744491365667499627e-01 7.757215021043369907e-01 7.755098584708473020e-01 7.736397239163503858e-01 7.699257069121434593e-01
6.117717325049573107e-01 6.067585611724486405e-01 5.834640862056545974e-01 5.225195851583306350e-01 4.081753687578154044e-01 3.283319766413493879e-01 2.667129175844366040e-01 2.790847108161791934e-01 3.697679920660401076e-01 4.703320384373682606e-01 5.610478997309277238e-01 6.053888433975923578e-01 6.238832691995336299e-01 6.331739295138353318e-01 6.414683433426716652e-01 6.508204624711955155e-01 6.608709987072188818e-01 6.710208555573596856e-01 6.809898989079253839e-01 6.907098114555462187e-01 7.001651282070876503e-01 7.093296802709877502e-01 7.181601249736634385e-01 7.266020130911026165e-01 7.345930404040246220e-01 7.420630913343377877e-01 7.489332228579844708e-01 7.551146775998783811e-01 7.605081346645040652e-01 7.650031497594909080e-01 7.684777512029086211e-01 7.707982008419321796e-01 7.718189234062795556e-01 7.713825616614939928e-01 7.693200585695649796e-01 7.654506024243953322e-01 7.595812267443459165e-01
6.051060393452265540e-01 5.973941436874734556e-01 5.662620896999766007e-01 4.915811989930769510e-01 3.610093997073445804e-01 3.077030035891008541e-01 2.452239344424621548e-01 3.104163870565508354e-01 3.969356501085136713e-01 5.104451776595548829e-01 5.851890451071010135e-01 6.193548497488488014e-01 6.336614214853019122e-01 6.422506216885418562e-01 6.509369153003565778e-01 6.606117040749041047e-01 6.706839777112690859e-01 6.806488201274608629e-01 6.903206246153559267e-01 6.996644223778730742e-01 7.086659181248023964e-01 7.172935826053313813e-01 7.255000685169307184e-01 7.332280566801955279e-01 7.404122127971731748e-01 7.469786830185967119e-01 7.528440683236340414e-01 7.579145928527395437e-01 7.620855220913881345e-01 7.652407558686414868e-01 7.672525488408533656e-01 7.679813086642297559e-01 7.672753653490796966e-01 7.649705762462645220e-01 7.608897446511794227e-01 7.548421132349024676e-01 7.466236756572622868e-01
5.971474853231261148e-01 5.858370425255996494e-01 5.458215538420893020e-01 4.571266296370619653e-01 3.407112190882116698e-01 2.881631208892106999e-01 2.375819398123845128e-01 3.414299186906265549e-01 4.297358134992085299e-01 5.447193444084935665e-01 6.054266651429619506e-01 6.316968232173394426e-01 6.432980425277415870e-01 6.517232345630948886e-01 6.607937383037855161e-01 6.706232413642662094e-01 6.805579049326070384e-01 6.902087746016983827e-01 6.994653866423126143e-01 7.083128634391868683e-01 7.167352296809365031e-01 7.246967157692704165e-01 7.321471868236509861e-01 7.390269638866205915e-01 7.452677365659989839e-01 7.507917879382982607e-01 7.555110895637047186e-01 7.593266769684305917e-01 7.621282542160618956e-01 7.637939116899435943e-01 7.641898432961170551e-01 7.631698954481710429e-01 7.605747446498904996e-01 7.562307089730817555e-01 7.499488544308633431e-01 7.415260682874608156e-01 7.307508629298353764e-01
5.878795836526066187e-01 5.720843295619982838e-01 5.224166829463592343e-01 4.199827891057690832e-01 3.238744706017238628e-01 2.702581759833037611e-01 2.685709927103983041e-01 3.716280695829375924e-01 4.748357701610075310e-01 5.739671882664424407e-01 6.228296061385738547e-01 6.432181865741085636e-01 6.531829586159422218e-01 6.616892005835173229e-01 6.710075877824540624e-01 6.807856586663320053e-01 6.904087595484573736e-01 6.996001582227109328e-01 7.083038462539282820e-01 7.165154308615380163e-01 7.242161877031928485e-01 7.313672847580618974e-01 7.379165904995488301e-01 7.438022271689229692e-01 7.489527500198239762e-01 7.532863017227025004e-01 7.567098904670501724e-01 7.591189771581942081e-01 7.603972261823855883e-01 7.604162245331735903e-01 7.590349611989192224e-01 7.560988434701736427e-01 7.514382284841606419e-01 7.448672423604951742e-01 7.361851837264339338e-01 7.251845039290628625e-01 7.116701781243061076e-01
5.773920030831083405e-01 5.562717971129128580e-01 4.964722117348342456e-01 3.810311929216284588e-01 3.074847712198258143e-01 2.541559378522606494e-01 2.992862849570345207e-01 4.004028670726733630e-01 5.143738441737241152e-01 5.991173518527602715e-01 6.383520487896551243e-01 6.545203452240987430e-01 6.635427180353190568e-01 6.721555123321498737e-01 6.815035960812793059e-01 6.910008447227710127e-01 7.001235731821149333e-01 7.086907175007203241e-01 7.166827286877681669e-01 7.240995841661288512e-01 7.309197874116307725e-01 7.371023370025189259e-01 7.425933951850841597e-01 7.473286803884775509e-01 7.512331779805132559e-01 7.542202917446426680e-01 7.561912672550230585e-01 7.570349480151359334e-01 7.566276227276376165e-01 7.548326699210595736e-01 7.514997970209454925e-01 7.464639163124502375e-01 7.395444156459461960e-01 7.305471481844354464e-01 7.192736382103400716e-01 7.055433749002228971e-01 6.892336280207927990e-01
5.660418540757371497e-01 5.389760923171806883e-01 4.690082581604678169e-01 3.417719477464337685e-01 2.926274594420571473e-01 2.408021026457390634e-01 3.296082270599953179e-01 4.278739099356048681e-01 5.488479533903273255e-01 6.210351868307649736e-01 6.527141212074184518e-01 6.659612522987193861e-01 6.744421568269823863e-01 6.830471426463797791e-01 6.921646595406401037e-01 7.011378562531415115e-01 7.095550879590518667e-01 7.173121264035823286e-01 7.244127955246085770e-01 7.308581324896219478e-01 7.366241443561496460e-01 7.416679480297641014e-01 7.459336757811115826e-01 7.493539595104493634e-01 7.518492729997736657e-01 7.533269582115054153e-01 7.536806991904237973e-01 7.527905439521115349e-01 7.505231264294707216e-01 7.467317022629761381e-01 7.412560542922089768e-01 7.339231150378812130e-01 7.245504677093852486e-01 7.129568431701120979e-01 6.989854137447613081e-01 6.825448330632600813e-01 6.636672195593291690e-01
5.545175304783829251e-01 5.213110091824041392e-01 4.417449828973109560e-01 3.210541853631260212e-01 2.811044464040757251e-01 2.401205036081817401e-01 3.603796335105259874e-01 4.597178967402366090e-01 5.790592937514323912e-01 6.406247904931205994e-01 6.665175440367723247e-01 6.777629568868481780e-01 6.858575371055091185e-01 6.942407359193946137e-01 7.028385961563723416e-01 7.110287659876273203e-01 7.185153011022445968e-01 7.252544611004547725e-01 7.312648079589886274e-01 7.365465156043683459e-01 7.410727830536036898e-01 7.447981067365768704e-01 7.476633883231822431e-01 7.495967273788362029e-01 7.505122644683372979e-01 7.503088485750064596e-01 7.488697053508379664e-01 7.460634684789207993e-01 7.417459886552023596e-01 7.357623180032381027e-01 7.279494225164171439e-01 7.181417588273537600e-01 7.061834387289839254e-01 6.919519254486582449e-01 6.753975497653225135e-01 6.565982138854526973e-01 6.358183983374601222e-01
5.437870411996738040e-01 5.046872780358513388e-01 4.165856611911988305e-01 3.097239569674608561e-01 2.738968615206052726e-01 2.697079523780737120e-01 3.922694589808831678e-01 4.985413742471943577e-01 6.062617372163306984e-01 6.590190425861692791e-01 6.804362483618433544e-01 6.901571887777890879e-01 6.977571726876021785e-01 7.055921731553098653e-01 7.133372582768894299e-01 7.204584609648615467e-01 7.267649322254101651e-01 7.322577210425303962e-01 7.369629488271811635e-01 7.408773748206461951e-01 7.439694844103996729e-01 7.461888716553706224e-01 7.474708016315237957e-01 7.477364546464817519e-01 7.468910719532914078e-01 7.448222883040974684e-01 7.414009036607391856e-01 7.364848082660349071e-01 7.299247214231097125e-01 7.215704396871842619e-01 7.112786838323548189e-01 6.989262107300874272e-01 6.844329599168531564e-01 6.677988205359421947e-01 6.491528064504715756e-01 6.288041281301578467e-01 6.072731646814948370e-01
5.350636219147649753e-01 4.905175749975824173e-01 3.949601800554256581e-01 2.984817474363959944e-01 2.697002332752693743e-01 2.984223498258862239e-01 4.244045559796073563e-01 5.341836508201747158e-01 6.319930611733146630e-01 6.774780348240104777e-01 6.951729725046333908e-01 7.033648241494877551e-01 7.100790391486119235e-01 7.169089554003903464e-01 7.234099381579123245e-01 7.291435164734139107e-01 7.339979920170510708e-01 7.380002436480329608e-01 7.411750196640317645e-01 7.435108168219434210e-01 7.449672490978628270e-01 7.454850455249318886e-01 7.449905219707564363e-01 7.433955879637930142e-01 7.405953845825857806e-01 7.364670381393504384e-01 7.308733556822593069e-01 7.236721624789803631e-01 7.147282139688059255e-01 7.039249961765108310e-01 6.911780905232717265e-01 6.764554037145141807e-01 6.598089818075323354e-01 6.414177193155031764e-01 6.216306466407256481e-01 6.126490217146114414e-01 6.160154632808932940e-01
5.298335072058077966e-01 4.801659924308703808e-01 3.776868859596210215e-01 2.850072782541550054e-01 2.653194024586961741e-01 3.229249342874899176e-01 4.542837506131713887e-01 5.676870189431155733e-01 6.575266190094756213e-01 6.969212808572138318e-01 7.111238098582361999e-01 7.173786652791477314e-01 7.225971022670136801e-01 7.278703650650792945e-01 7.326967104428604438e-01 7.367045914306724619e-01 7.398237894774335466e-01 7.420844669254998971e-01 7.434986066328596044e-01 7.440393194756173001e-01 7.436516891140703134e-01 7.422633649923151555e-01 7.397897387824893256e-01 7.361345215061495528e-01 7.311877979317311649e-01 7.248265696464386565e-01 7.169229889929283894e-01 7.073601419366165599e-01 6.960498583415983820e-01 6.829485126553208607e-01 6.680735544322108366e-01 6.515274438904650189e-01 6.335316470911190878e-01 6.221666293629580791e-01 6.262374448710328334e-01 6.292472933549326797e-01 6.310316758774617840e-01
5.296819640486811753e-01 4.749458883584296021e-01 3.652808779745387313e-01 2.680125398443123919e-01 2.577351974456405515e-01 3.402557486844118295e-01 4.791143017435068874e-01 5.995133446424308898e-01 6.833098928020414631e-01 7.174478553389310731e-01 7.280363812529609957e-01 7.317470112992017217e-01 7.347950087918131423e-01 7.379578383767769756e-01 7.406905494196053263e-01 7.426438548515231775e-01 7.437501273740736440e-01 7.440213052806787797e-01 7.434454503346842325e-01 7.419735758493819500e-01 7.395323903190426096e-01 7.360360243627079857e-01 7.313928967887705079e-01 7.255079469184845253e-01 7.182823163067496575e-01 7.096164877300983331e-01 6.994223724225018257e-01 6.876428113034990242e-01 6.742713926479003694e-01 6.593687719703666961e-01 6.430797074730055796e-01 6.325229739765708681e-01 6.371878577559739742e-01 6.408725488694841932e-01 6.434026929973900577e-01 6.446461605327723499e-01 6.445156178333090180e-01
5.586424501332809545e-01 4.756255961916022179e-01 3.579594872383147219e-01 2.482173995661924037e-01 2.458471873700697474e-01 3.493824251346726584e-01 4.973087572602066242e-01 6.293999694638614528e-01 7.087979873320894297e-01 7.382241199831469647e-01 7.449504404769110577e-01 7.455434444495646629e-01 7.458485873759931328e-01 7.464429219815277294e-01 7.467273779269362199e-01 7.463353672539217998e-01 7.451740556046312358e-01 7.432236012044692863e-01 7.404424137448964993e-01 7.367582653346365085e-01 7.320828582453562383e-01 7.263252532963633268e-01 7.194006594414606992e-01 7.112346031813558955e-01 7.017645529194245224e-01 6.909446392091391775e-01 6.787578156979406918e-01 6.652332732051642328e-01 6.504634348898359342e-01 6.436931130606351470e-01 6.488662717443947070e-01 6.531434576909901368e-01 6.563376889579946027e-01 6.583015299315050362e-01 6.589327576381652785e-01 6.581735107105800564e-01 6.560037660274508076e-01
5.991965628133054667e-01 4.813943827606113612e-01 3.549749742744895964e-01 2.272424067672583758e-01 2.303085722074949271e-01 3.511750332518793205e-01 5.088834164262682203e-01 6.565611376589610693e-01 7.327277658408547500e-01 7.577714361915316443e-01 7.604316658569207910e-01 7.575196190890134407e-01 7.547095907568139861e-01 7.524280143889275907e-01 7.500064905385367409e-01 7.470408342754732978e-01 7.434043356792092716e-01 7.390453895318614963e-01 7.338975981953504979e-01 7.278746356793287520e-01 7.208871598076711518e-01 7.128573666428792421e-01 7.037280680354115470e-01 6.934673242592755971e-01 6.820708830067132578e-01 6.695662225119803912e-01 6.560205209113367797e-01 6.556252077848535587e-01 6.611680031586231188e-01 6.659268268812563729e-01 6.697006030778436259e-01 6.723230629253037494e-01 6.736700759344793621e-01 6.736621461053268201e-01 6.722615923124515280e-01 6.694649352028556599e-01 6.652923353558521935e-01
6.364791266992370078e-01 5.069509325679594225e-01 3.540719447831018885e-01 2.056275060515304065e-01 2.120221559149892132e-01 3.470167493505746381e-01 5.231678147375912191e-01 6.799192517604145669e-01 7.535216805517469529e-01 7.743846509993849159e-01 7.729007448217088960e-01 7.663198250903481279e-01 7.602327115215227193e-01 7.549269148070304469e-01 7.496588711285767648e-01 7.439892780046799547e-01 7.377682673131630287e-01 7.309264757705629112e-01 7.233884912435920578e-01 7.150719956676766520e-01 7.059066580169276461e-01 6.958475533129634405e-01 6.848813543310597884e-01 6.730289512468667912e-01 6.623981228862066972e-01 6.684943486788929023e-01 6.741574459144953346e-01 6.791779743384812607e-01 6.833564129259882547e-01 6.865137122988779206e-01 6.885020065033825576e-01 6.892119092385230461e-01 6.885747418698527911e-01 6.865598927706901833e-01 6.831682934076902525e-01 6.784232503831866268e-01 6.723602489667126481e-01
6.678367832886048516e-01 5.368109419263494830e-01 3.524295493113891453e-01 1.826669398723424764e-01 1.915524653033192637e-01 3.377514782410282468e-01 5.391171234522592615e-01 6.980990193582253811e-01 7.695041923422271113e-01 7.864061464449226824e-01 7.808714319470709819e-01 7.706626357617855083e-01 7.613216094288569602e-01 7.530057524165688632e-01 7.449075259036969099e-01 7.365715513828717809e-01 7.278459749443452198e-01 7.186634812931136373e-01 7.089580157369330671e-01 6.986681181708718213e-01 6.877560774356727968e-01 6.762175006326061055e-01 6.765905005510457482e-01 6.824877176643745491e-01 6.880379059675620912e-01 6.930538473671754574e-01 6.973645047266417984e-01 7.008126935265583946e-01 7.032549471503950489e-01 7.045658014991554863e-01 7.046442818536848840e-01 7.034190511910012322e-01 7.008502709789815599e-01 6.969279109576459463e-01 6.916668401554946222e-01 6.850991800174438540e-01 6.772649227240614689e-01
6.915207009810047101e-01 5.611832394029572235e-01 3.492574820355190957e-01 1.591754819297269419e-01 1.708318952236254629e-01 3.244387924723103889e-01 5.482592757001687467e-01 7.093573026766155643e-01 7.789550125419434368e-01 7.923266040472981553e-01 7.830748539017122756e-01 7.694935810396903442e-01 7.571200761878041918e-01 7.460168806681621856e-01 7.353402745861785661e-01 7.246407515088322260e-01 7.137803699080526032e-01 7.027050494494005983e-01 6.913657261495321782e-01 6.864560339795074961e-01 6.920220066524757074e-01 6.975309601543437932e-01 7.027846510888530185e-01 7.076008641493878315e-01 7.118180642481846121e-01 7.152986565366278304e-01 7.179262159799649767e-01 7.195979495942559367e-01 7.202181671442010602e-01 7.196968679624489162e-01 7.179535517780081255e-01 7.149243315251361253e-01 7.105696150739460037e-01 7.048790732392619107e-01 6.978710666747042213e-01 6.895854204776110663e-01 6.800709162655813600e-01
