BlockUplift_2Ma_1kryTimeStep_2mmyr_k_1e-05_m_0.5_n_1.0_LinDiffusion_0.5_6x3km_30mRes_flow__link_to_receiver_node.txt
nrows 100
cellsize 30.0
xllcorner 0.0
ncols 200
yllcorner 0.0
[rows 17 to 33 of 100, columns 0 to 36 of 200]
-1.000000000000000000e+00 3.251900000000000000e+04 3.252000000000000000e+04 3.252100000000000000e+04 3.252200000000000000e+04 3.252300000000000000e+04 3.252400000000000000e+04 3.252500000000000000e+04 3.252600000000000000e+04 3.252700000000000000e+04 3.252800000000000000e+04 3.252900000000000000e+04 3.253000000000000000e+04 3.253100000000000000e+04 3.253200000000000000e+04 3.253300000000000000e+04 3.253400000000000000e+04 3.253500000000000000e+04 3.253600000000000000e+04 3.253700000000000000e+04 3.253800000000000000e+04 3.253900000000000000e+04 3.254000000000000000e+04 3.254100000000000000e+04 3.254200000000000000e+04 3.254300000000000000e+04 3.254400000000000000e+04 3.254500000000000000e+04 3.254600000000000000e+04 3.254700000000000000e+04 3.254800000000000000e+04 3.254900000000000000e+04 3.255000000000000000e+04 3.255100000000000000e+04 3.255200000000000000e+04 3.255300000000000000e+04 3.255400000000000000e+04
-1.000000000000000000e+00 3.212000000000000000e+04 3.212100000000000000e+04 3.212200000000000000e+04 3.212300000000000000e+04 3.212400000000000000e+04 3.212500000000000000e+04 3.212600000000000000e+04 3.212700000000000000e+04 3.212800000000000000e+04 3.212900000000000000e+04 3.213000000000000000e+04 3.213100000000000000e+04 3.213200000000000000e+04 3.213300000000000000e+04 3.213400000000000000e+04 3.213500000000000000e+04 3.213600000000000000e+04 3.213700000000000000e+04 3.213800000000000000e+04 3.213900000000000000e+04 3.214000000000000000e+04 3.214100000000000000e+04 3.214200000000000000e+04 3.214300000000000000e+04 3.214400000000000000e+04 3.214500000000000000e+04 3.214600000000000000e+04 3.214700000000000000e+04 3.214800000000000000e+04 3.214900000000000000e+04 3.215000000000000000e+04 3.215100000000000000e+04 3.215200000000000000e+04 3.215300000000000000e+04 3.215400000000000000e+04 3.215500000000000000e+04
-1.000000000000000000e+00 3.172100000000000000e+04 3.172200000000000000e+04 3.172300000000000000e+04 3.172400000000000000e+04 3.172500000000000000e+04 3.172600000000000000e+04 3.172700000000000000e+04 3.172800000000000000e+04 3.172900000000000000e+04 3.173000000000000000e+04 3.173100000000000000e+04 3.173200000000000000e+04 3.173300000000000000e+04 3.173400000000000000e+04 3.173500000000000000e+04 3.173600000000000000e+04 3.173700000000000000e+04 3.173800000000000000e+04 3.173900000000000000e+04 3.174000000000000000e+04 3.174100000000000000e+04 3.174200000000000000e+04 3.174300000000000000e+04 3.174400000000000000e+04 3.174500000000000000e+04 3.174600000000000000e+04 3.174700000000000000e+04 3.174800000000000000e+04 3.174900000000000000e+04 3.175000000000000000e+04 3.175100000000000000e+04 3.175200000000000000e+04 3.175300000000000000e+04 3.175400000000000000e+04 3.175500000000000000e+04 3.175600000000000000e+04
-1.000000000000000000e+00 3.132200000000000000e+04 3.132300000000000000e+04 3.132400000000000000e+04 3.132500000000000000e+04 3.132600000000000000e+04 3.132700000000000000e+04 3.132800000000000000e+04 3.132900000000000000e+04 3.133000000000000000e+04 3.133100000000000000e+04 3.133200000000000000e+04 3.133300000000000000e+04 3.133400000000000000e+04 3.133500000000000000e+04 3.133600000000000000e+04 3.133700000000000000e+04 3.133800000000000000e+04 3.133900000000000000e+04 3.134000000000000000e+04 3.134100000000000000e+04 3.134200000000000000e+04 3.134300000000000000e+04 3.134400000000000000e+04 3.134500000000000000e+04 3.134600000000000000e+04 3.134700000000000000e+04 3.134800000000000000e+04 3.134900000000000000e+04 3.135000000000000000e+04 3.135100000000000000e+04 3.135200000000000000e+04 3.135300000000000000e+04 3.135400000000000000e+04 3.135500000000000000e+04 3.135600000000000000e+04 3.135700000000000000e+04
-1.000000000000000000e+00 3.092300000000000000e+04 3.092400000000000000e+04 3.092500000000000000e+04 3.092600000000000000e+04 3.092700000000000000e+04 3.092800000000000000e+04 3.092900000000000000e+04 3.093000000000000000e+04 3.093100000000000000e+04 3.093200000000000000e+04 3.093300000000000000e+04 3.093400000000000000e+04 3.093500000000000000e+04 3.093600000000000000e+04 3.093700000000000000e+04 3.093800000000000000e+04 3.093900000000000000e+04 3.094000000000000000e+04 3.094100000000000000e+04 3.094200000000000000e+04 3.094300000000000000e+04 3.094400000000000000e+04 3.094500000000000000e+04 3.094600000000000000e+04 3.094700000000000000e+04 3.094800000000000000e+04 3.094900000000000000e+04 3.095000000000000000e+04 3.095100000000000000e+04 3.095200000000000000e+04 3.095300000000000000e+04 3.095400000000000000e+04 3.095500000000000000e+04 3.095600000000000000e+04 3.095700000000000000e+04 3.095800000000000000e+04
-1.000000000000000000e+00 3.052400000000000000e+04 3.052500000000000000e+04 3.052600000000000000e+04 3.052700000000000000e+04 3.052800000000000000e+04 3.052900000000000000e+04 3.053000000000000000e+04 3.053100000000000000e+04 3.053200000000000000e+04 3.053300000000000000e+04 3.053400000000000000e+04 3.053500000000000000e+04 3.053600000000000000e+04 3.053700000000000000e+04 3.053800000000000000e+04 3.053900000000000000e+04 3.054000000000000000e+04 3.054100000000000000e+04 3.054200000000000000e+04 3.054300000000000000e+04 3.054400000000000000e+04 3.054500000000000000e+04 3.054600000000000000e+04 3.054700000000000000e+04 3.054800000000000000e+04 3.054900000000000000e+04 3.055000000000000000e+04 3.055100000000000000e+04 3.055200000000000000e+04 3.055300000000000000e+04 3.055400000000000000e+04 3.055500000000000000e+04 3.055600000000000000e+04 3.055700000000000000e+04 3.055800000000000000e+04 3.055900000000000000e+04
-1.000000000000000000e+00 3.012500000000000000e+04 3.012600000000000000e+04 3.012700000000000000e+04 3.012800000000000000e+04 3.012900000000000000e+04 3.013000000000000000e+04 3.013100000000000000e+04 3.013200000000000000e+04 3.013300000000000000e+04 3.013400000000000000e+04 3.013500000000000000e+04 3.013600000000000000e+04 3.013700000000000000e+04 3.013800000000000000e+04 3.013900000000000000e+04 3.014000000000000000e+04 3.014100000000000000e+04 3.014200000000000000e+04 3.014300000000000000e+04 3.014400000000000000e+04 3.014500000000000000e+04 3.014600000000000000e+04 3.014700000000000000e+04 3.014800000000000000e+04 3.014900000000000000e+04 3.015000000000000000e+04 3.015100000000000000e+04 3.015200000000000000e+04 3.015300000000000000e+04 3.015400000000000000e+04 3.015500000000000000e+04 3.015600000000000000e+04 3.015700000000000000e+04 3.015800000000000000e+04 3.015900000000000000e+04 3.016000000000000000e+04
-1.000000000000000000e+00 2.972600000000000000e+04 2.972700000000000000e+04 2.972800000000000000e+04 2.972900000000000000e+04 2.973000000000000000e+04 2.973100000000000000e+04 2.973200000000000000e+04 2.973300000000000000e+04 2.973400000000000000e+04 2.973500000000000000e+04 2.973600000000000000e+04 2.973700000000000000e+04 2.973800000000000000e+04 2.973900000000000000e+04 2.974000000000000000e+04 2.974100000000000000e+04 2.974200000000000000e+04 2.974300000000000000e+04 2.974400000000000000e+04 2.974500000000000000e+04 2.974600000000000000e+04 2.974700000000000000e+04 2.974800000000000000e+04 2.974900000000000000e+04 2.975000000000000000e+04 2.975100000000000000e+04 2.975200000000000000e+04 2.975300000000000000e+04 2.975400000000000000e+04 2.975500000000000000e+04 2.975600000000000000e+04 2.975700000000000000e+04 2.975800000000000000e+04 2.975900000000000000e+04 2.976000000000000000e+04 2.976100000000000000e+04
-1.000000000000000000e+00 2.932700000000000000e+04 2.932800000000000000e+04 2.932900000000000000e+04 2.933000000000000000e+04 2.933100000000000000e+04 2.933200000000000000e+04 2.933300000000000000e+04 2.933400000000000000e+04 2.933500000000000000e+04 2.933600000000000000e+04 2.933700000000000000e+04 2.933800000000000000e+04 2.933900000000000000e+04 2.934000000000000000e+04 2.934100000000000000e+04 2.934200000000000000e+04 2.934300000000000000e+04 2.934400000000000000e+04 2.934500000000000000e+04 2.934600000000000000e+04 2.934700000000000000e+04 2.934800000000000000e+04 2.934900000000000000e+04 2.935000000000000000e+04 2.935100000000000000e+04 2.935200000000000000e+04 2.935300000000000000e+04 2.935400000000000000e+04 2.935500000000000000e+04 2.935600000000000000e+04 2.935700000000000000e+04 2.935800000000000000e+04 2.935900000000000000e+04 2.936000000000000000e+04 2.936100000000000000e+04 2.936200000000000000e+04
-1.000000000000000000e+00 2.892800000000000000e+04 2.892900000000000000e+04 2.893000000000000000e+04 2.893100000000000000e+04 2.893200000000000000e+04 2.893300000000000000e+04 2.893400000000000000e+04 2.893500000000000000e+04 2.893600000000000000e+04 2.893700000000000000e+04 2.893800000000000000e+04 2.893900000000000000e+04 2.894000000000000000e+04 2.894100000000000000e+04 2.894200000000000000e+04 2.894300000000000000e+04 2.894400000000000000e+04 2.894500000000000000e+04 2.894600000000000000e+04 2.894700000000000000e+04 2.894800000000000000e+04 2.894900000000000000e+04 2.895000000000000000e+04 2.895100000000000000e+04 2.895200000000000000e+04 2.895300000000000000e+04 2.895400000000000000e+04 2.895500000000000000e+04 2.895600000000000000e+04 2.895700000000000000e+04 2.895800000000000000e+04 2.895900000000000000e+04 2.896000000000000000e+04 2.896100000000000000e+04 2.896200000000000000e+04 2.896300000000000000e+04
-1.000000000000000000e+00 2.852900000000000000e+04 2.853000000000000000e+04 2.853100000000000000e+04 2.853200000000000000e+04 2.853300000000000000e+04 2.853400000000000000e+04 2.853500000000000000e+04 2.853600000000000000e+04 2.853700000000000000e+04 2.853800000000000000e+04 2.853900000000000000e+04 2.854000000000000000e+04 2.854100000000000000e+04 2.854200000000000000e+04 2.854300000000000000e+04 2.854400000000000000e+04 2.854500000000000000e+04 2.854600000000000000e+04 2.854700000000000000e+04 2.854800000000000000e+04 2.854900000000000000e+04 2.855000000000000000e+04 2.855100000000000000e+04 2.855200000000000000e+04 2.855300000000000000e+04 2.855400000000000000e+04 2.855500000000000000e+04 2.855600000000000000e+04 2.855700000000000000e+04 2.855800000000000000e+04 2.855900000000000000e+04 2.856000000000000000e+04 2.856100000000000000e+04 2.856200000000000000e+04 2.856300000000000000e+04 2.856400000000000000e+04
-1.000000000000000000e+00 2.813000000000000000e+04 2.813100000000000000e+04 2.813200000000000000e+04 2.813300000000000000e+04 2.813400000000000000e+04 2.813500000000000000e+04 2.813600000000000000e+04 2.813700000000000000e+04 2.813800000000000000e+04 2.813900000000000000e+04 2.814000000000000000e+04 2.814100000000000000e+04 2.814200000000000000e+04 2.814300000000000000e+04 2.814400000000000000e+04 2.814500000000000000e+04 2.814600000000000000e+04 2.814700000000000000e+04 2.814800000000000000e+04 2.814900000000000000e+04 2.815000000000000000e+04 2.815100000000000000e+04 2.815200000000000000e+04 2.815300000000000000e+04 2.815400000000000000e+04 2.815500000000000000e+04 2.815600000000000000e+04 2.815700000000000000e+04 2.815800000000000000e+04 2.815900000000000000e+04 2.816000000000000000e+04 2.816100000000000000e+04 2.816200000000000000e+04 2.816300000000000000e+04 2.816400000000000000e+04 2.816500000000000000e+04
-1.000000000000000000e+00 2.773100000000000000e+04 2.773200000000000000e+04 2.773300000000000000e+04 2.773400000000000000e+04 2.773500000000000000e+04 2.773600000000000000e+04 2.773700000000000000e+04 2.773800000000000000e+04 2.773900000000000000e+04 2.774000000000000000e+04 2.774100000000000000e+04 2.774200000000000000e+04 2.774300000000000000e+04 2.774400000000000000e+04 2.774500000000000000e+04 2.774600000000000000e+04 2.774700000000000000e+04 2.774800000000000000e+04 2.774900000000000000e+04 2.775000000000000000e+04 2.775100000000000000e+04 2.775200000000000000e+04 2.775300000000000000e+04 2.775400000000000000e+04 2.775500000000000000e+04 2.775600000000000000e+04 2.775700000000000000e+04 2.775800000000000000e+04 2.775900000000000000e+04 2.776000000000000000e+04 2.776100000000000000e+04 2.776200000000000000e+04 2.776300000000000000e+04 2.776400000000000000e+04 2.776500000000000000e+04 2.776600000000000000e+04
-1.000000000000000000e+00 2.733200000000000000e+04 2.733300000000000000e+04 2.733400000000000000e+04 2.733500000000000000e+04 2.733600000000000000e+04 2.733700000000000000e+04 2.733800000000000000e+04 2.733900000000000000e+04 2.734000000000000000e+04 2.734100000000000000e+04 2.734200000000000000e+04 2.734300000000000000e+04 2.734400000000000000e+04 2.734500000000000000e+04 2.734600000000000000e+04 2.734700000000000000e+04 2.734800000000000000e+04 2.734900000000000000e+04 2.735000000000000000e+04 2.735100000000000000e+04 2.735200000000000000e+04 2.735300000000000000e+04 2.735400000000000000e+04 2.735500000000000000e+04 2.735600000000000000e+04 2.735700000000000000e+04 2.735800000000000000e+04 2.735900000000000000e+04 2.736000000000000000e+04 2.736100000000000000e+04 2.736200000000000000e+04 2.736300000000000000e+04 2.736400000000000000e+04 2.736500000000000000e+04 2.736600000000000000e+04 2.736700000000000000e+04
-1.000000000000000000e+00 2.693300000000000000e+04 2.693400000000000000e+04 2.693500000000000000e+04 2.693600000000000000e+04 2.693700000000000000e+04 2.693800000000000000e+04 2.693900000000000000e+04 2.694000000000000000e+04 2.694100000000000000e+04 2.694200000000000000e+04 2.694300000000000000e+04 2.694400000000000000e+04 2.694500000000000000e+04 2.694600000000000000e+04 2.694700000000000000e+04 2.694800000000000000e+04 2.694900000000000000e+04 2.695000000000000000e+04 2.695100000000000000e+04 2.695200000000000000e+04 2.695300000000000000e+04 2.695400000000000000e+04 2.695500000000000000e+04 2.695600000000000000e+04 2.695700000000000000e+04 2.695800000000000000e+04 2.695900000000000000e+04 2.696000000000000000e+04 2.696100000000000000e+04 2.696200000000000000e+04 2.696300000000000000e+04 2.696400000000000000e+04 2.696500000000000000e+04 2.696600000000000000e+04 2.696700000000000000e+04 2.696800000000000000e+04
-1.000000000000000000e+00 2.653400000000000000e+04 2.653500000000000000e+04 2.653600000000000000e+04 2.653700000000000000e+04 2.653800000000000000e+04 2.653900000000000000e+04 2.654000000000000000e+04 2.654100000000000000e+04 2.654200000000000000e+04 2.654300000000000000e+04 2.654400000000000000e+04 2.654500000000000000e+04 2.654600000000000000e+04 2.654700000000000000e+04 2.654800000000000000e+04 2.654900000000000000e+04 2.655000000000000000e+04 2.655100000000000000e+04 2.655200000000000000e+04 2.655300000000000000e+04 2.655400000000000000e+04 2.655500000000000000e+04 2.655600000000000000e+04 2.655700000000000000e+04 2.655800000000000000e+04 2.655900000000000000e+04 2.656000000000000000e+04 2.656100000000000000e+04 2.656200000000000000e+04 2.656300000000000000e+04 2.656400000000000000e+04 2.656500000000000000e+04 2.656600000000000000e+04 2.656700000000000000e+04 2.656800000000000000e+04 2.656900000000000000e+04
-1.000000000000000000e+00 2.613500000000000000e+04 2.613600000000000000e+04 2.613700000000000000e+04 2.613800000000000000e+04 2.613900000000000000e+04 2.614000000000000000e+04 2.614100000000000000e+04 2.614200000000000000e+04 2.614300000000000000e+04 2.614400000000000000e+04 2.614500000000000000e+04 2.614600000000000000e+04 2.614700000000000000e+04 2.614800000000000000e+04 2.614900000000000000e+04 2.615000000000000000e+04 2.615100000000000000e+04 2.615200000000000000e+04 2.615300000000000000e+04 2.615400000000000000e+04 2.615500000000000000e+04 2.615600000000000000e+04 2.615700000000000000e+04 2.615800000000000000e+04 2.615900000000000000e+04 2.616000000000000000e+04 2.616100000000000000e+04 2.616200000000000000e+04 2.616300000000000000e+04 2.616400000000000000e+04 2.616500000000000000e+04 2.616600000000000000e+04 2.616700000000000000e+04 2.616800000000000000e+04 2.616900000000000000e+04 2.617000000000000000e+04
