BlockUplift_2Ma_1kryTimeStep_2mmyr_k_5e-05_m_0.5_n_1.0_LinDiffusion_0.5_6x3km_30mRes_topographic__elevation.txt
nrows 100
cellsize 30.0
xllcorner 0.0
ncols 200
yllcorner 0.0
[rows 17 to 33 of 100, columns 111 to 147 of 200]
4.118313856168035159e+02 4.230379644500027894e+02 4.344012298693529601e+02 4.457962684145424532e+02 4.570797465584982433e+02 4.680710389970478786e+02 4.785456643946905047e+02 4.882421022673999005e+02 4.968812056358164000e+02 5.041941970214099342e+02 5.099512759405300244e+02 5.139813913799057445e+02 5.161776070340138176e+02 5.164905635753779052e+02 5.149192474199287517e+02 5.115079990884589165e+02 5.063513090240471115e+02 4.995995915385607304e+02 4.914568612410649280e+02 4.821668154349834481e+02 4.719926374996101686e+02 4.612012881196757235e+02 4.500614898599421849e+02 4.388568645547073857e+02 4.279057957587601209e+02 4.175730455248023532e+02 4.082598511355099049e+02 4.003701707670923042e+02 3.942651433404217300e+02 3.902251157473065177e+02 3.884318917455380529e+02 3.889680125567158484e+02 3.918190716914726863e+02 3.968695352679628741e+02 4.038974871854807134e+02 4.125834849550911372e+02 4.225427526254368900e+02
4.035384461901807640e+02 4.147208045009755324e+02 4.260565040884169434e+02 4.374297614465536412e+02 4.487031230572328582e+02 4.596994195872301816e+02 4.701957181215440755e+02 4.799302776421331487e+02 4.886218530515138809e+02 4.959974831031788085e+02 5.018209827706533019e+02 5.059130018802908353e+02 5.081574118866963659e+02 5.084966077035472267e+02 5.069245151527726989e+02 5.034853733200442321e+02 4.982789576273955277e+02 4.914650602124137890e+02 4.832585108504663367e+02 4.739120883140274714e+02 4.636934858821340981e+02 4.528676523036108392e+02 4.416940962122884571e+02 4.304411544688457525e+02 4.194095155948554634e+02 4.089502692147400467e+02 3.994629243021158231e+02 3.913677977312513008e+02 3.850606989787848420e+02 3.808668480258248223e+02 3.790084428064774329e+02 3.795887654901241035e+02 3.825862343592345383e+02 3.878531475024649922e+02 3.951229185660880603e+02 4.040345119759991235e+02 4.141760477182626232e+02
3.954702005039238202e+02 4.065852444654199758e+02 4.178556799861764830e+02 4.291763303198044923e+02 4.404169628659983005e+02 4.514047786502784447e+02 4.619186708448807508e+02 4.716962135946877197e+02 4.804528147370573947e+02 4.879093009388390669e+02 4.938204049405450746e+02 4.979954014810812168e+02 5.003059844695621337e+02 5.006839276118311091e+02 4.991167190394841100e+02 4.956482692730339750e+02 4.903845089932453334e+02 4.834964288865552930e+02 4.752122731574611407e+02 4.657970617099358606e+02 4.555263968530993566e+02 4.446664225312286476e+02 4.334699662715602813e+02 4.221914825141298024e+02 4.111138620157635728e+02 4.005726748851250250e+02 3.909621039440222603e+02 3.827138134182064277e+02 3.762525620492990583e+02 3.719429452026946024e+02 3.700432056882401639e+02 3.706748745150867990e+02 3.738089431595356587e+02 3.792675304283833952e+02 3.867431759973119938e+02 3.958380182941528460e+02 4.061177796434035940e+02
3.875617539753237679e+02 3.985707731989479043e+02 4.097444101003594596e+02 4.209894505367433908e+02 4.321839405336556297e+02 4.431599657027751960e+02 4.536980521516893532e+02 4.635340909391609330e+02 4.723782713667895905e+02 4.799424633557334232e+02 4.859688875383502591e+02 4.902517964341350307e+02 4.926475198058190585e+02 4.930751197704247488e+02 4.915149635192109940e+02 4.880112409517316792e+02 4.826775530328920354e+02 4.756981442476922552e+02 4.673171022982696741e+02 4.578144863094118477e+02 4.474769465687097068e+02 4.365750911720144245e+02 4.253580436478980573e+02 4.140685092974260897e+02 4.029723028584075450e+02 3.923883186826852807e+02 3.827021560650389347e+02 3.743516527263309968e+02 3.677841231381213447e+02 3.633970672776165998e+02 3.614795450692312784e+02 3.621684708587011414e+02 3.654274804540870605e+02 3.710513612896151017e+02 3.786965450503013813e+02 3.879337489751252974e+02 3.983110888290653975e+02
3.797563597064611827e+02 3.906283780652551059e+02 4.016832716408195552e+02 4.128407370283477462e+02 4.239875917763570214e+02 4.349607064875734181e+02 4.455414570185088223e+02 4.554624846210010105e+02 4.644262859041312481e+02 4.721323566571330730e+02 4.783062949812281772e+02 4.827231779271752430e+02 4.852206873016406234e+02 4.857035488082555617e+02 4.841453071422216681e+02 4.805922674649895043e+02 4.751683014073256004e+02 4.680735776377987349e+02 4.595704880526531042e+02 4.499565175771780332e+02 4.395319525427973986e+02 4.285747516249726914e+02 4.173332720365929731e+02 4.060408978734796506e+02 3.949475644470668954e+02 3.843547762249149855e+02 3.746365149666438015e+02 3.662315296348695028e+02 3.596029405189127033e+02 3.551742434786401077e+02 3.532598331968300158e+02 3.540092771373753635e+02 3.573794583780336893e+02 3.631413790947114535e+02 3.709206467546547401e+02 3.802620424748703840e+02 3.907004887715662562e+02
3.720206071576383238e+02 3.827381692509006825e+02 3.936674813799903632e+02 4.047411214855005710e+02 4.158541206550416405e+02 4.268471028076868947e+02 4.375008040096622040e+02 4.475425606887149570e+02 4.566643497970494536e+02 4.645495839917478520e+02 4.709029069879823624e+02 4.754760267318424098e+02 4.780849921078175839e+02 4.786193092168570047e+02 4.770471384821053107e+02 4.734200527764760409e+02 4.678759531830931451e+02 4.606342876326731357e+02 4.519782669496414087e+02 4.422246853483664495e+02 4.316892606275197295e+02 4.206594412581557094e+02 4.093853074066265094e+02 3.980932776829140494e+02 3.870188113155023188e+02 3.764456051857088710e+02 3.667332051759891556e+02 3.583160764625555998e+02 3.516663737680983672e+02 3.472267162349046430e+02 3.453315857341588071e+02 3.461409381082781351e+02 3.496060717562102695e+02 3.554781676598692002e+02 3.633573396802140110e+02 3.727675361767891786e+02 3.832342441189884426e+02
3.643646395240280071e+02 3.749315363947939659e+02 3.857501636631644146e+02 3.967642428311301614e+02 4.078748864063945234e+02 4.189242580749041167e+02 4.296902953513634316e+02 4.398927983019859767e+02 4.492106099602368090e+02 4.573078390278378720e+02 4.638645288333704571e+02 4.686056694450142004e+02 4.713236709196408469e+02 4.718930093176610967e+02 4.702789881871570401e+02 4.665425817482766320e+02 4.608401880431312634e+02 4.534141592718739275e+02 4.445707729534670989e+02 4.346472534294779848e+02 4.239754893030182643e+02 4.128535130586552668e+02 4.015348703670478017e+02 3.902410749220499611e+02 3.791946421975088128e+02 3.686614361701958842e+02 3.589842185027452501e+02 3.505884134358133224e+02 3.439488458801416186e+02 3.395208281896894391e+02 3.376541976975076409e+02 3.385175581739127892e+02 3.420581581344873143e+02 3.480113526422076120e+02 3.559567219846868511e+02 3.654018285554475938e+02 3.758657961460156685e+02
3.568616160126883301e+02 3.673101610485207971e+02 3.780597689743337355e+02 3.890613095151181824e+02 4.002180381457119438e+02 4.113703368527138764e+02 4.222908587919708339e+02 4.326900457556974970e+02 4.422320311849950372e+02 4.505599310104298638e+02 4.573273946576963453e+02 4.622312862664696809e+02 4.650401263330119832e+02 4.656148775147640890e+02 4.639212838116466173e+02 4.600340756497831194e+02 4.541323780444781164e+02 4.464844628561430113e+02 4.374209866483752762e+02 4.272995106499406575e+02 4.164674630583758699e+02 4.052332550150470070e+02 3.938546890850489604e+02 3.825500467352766236e+02 3.715306637592851189e+02 3.610452790238076659e+02 3.514185343224871758e+02 3.430631296985318386e+02 3.364511882132005667e+02 3.320451274596192093e+02 3.302060525211231266e+02 3.311098470646985561e+02 3.347012599973431861e+02 3.407034480515766859e+02 3.486797687822166836e+02 3.581251418405555000e+02 3.685549041618229467e+02
3.496562853319156829e+02 3.600501392228458144e+02 3.707988476288173274e+02 3.818542575127198688e+02 3.931164225031154729e+02 4.044201020394145303e+02 4.155305305623647882e+02 4.261481217355598687e+02 4.359225996029203429e+02 4.444768850355998211e+02 4.514393042430734795e+02 4.564800257541710380e+02 4.593457333753547118e+02 4.598867267743108300e+02 4.580726781976512143e+02 4.539956265117677958e+02 4.478602193277695278e+02 4.399619646915218141e+02 4.306554690755066304e+02 4.203168236473602519e+02 4.093067101061387802e+02 3.979422293485848741e+02 3.864851443083056779e+02 3.751517399055403530e+02 3.641443045134491285e+02 3.536962922941582406e+02 3.441145512173525844e+02 3.357972218253715369e+02 3.292100525427010211e+02 3.248182828612084450e+02 3.229909750212336235e+02 3.239101438707250509e+02 3.275193141783983606e+02 3.335324621391420692e+02 3.415003270740351695e+02 3.509083814658392271e+02 3.612705385488626462e+02
3.429524704262506702e+02 3.533811413928207799e+02 3.642149861962265049e+02 3.753994881990006434e+02 3.868258945224647505e+02 3.983200358997049761e+02 4.096387782526371097e+02 4.204735990853680505e+02 4.304624570487051756e+02 4.392117738533839315e+02 4.463288600720497357e+02 4.514617154691641190e+02 4.543395552507775506e+02 4.548058540656132323e+02 4.528371712324054670e+02 4.485446222893077106e+02 4.421587003620524570e+02 4.340008888679175243e+02 4.244469939733770047e+02 4.138878459628641053e+02 4.026933744067466137e+02 3.911861906700341933e+02 3.796305821509214979e+02 3.682415410563139062e+02 3.572147694812711620e+02 3.467715540903950568e+02 3.372033304422185438e+02 3.288942834211759987e+02 3.223024494331962728e+02 3.178934214168612584e+02 3.160419755375793898e+02 3.169354281464651422e+02 3.205171127596015594e+02 3.264943287770475990e+02 3.344083079169513439e+02 3.437379934806153869e+02 3.539982146177651430e+02
3.369759394972327300e+02 3.475398025832036524e+02 3.585462808427484447e+02 3.699277769040845101e+02 3.815624675349816357e+02 3.932656415820670190e+02 4.047866543866269922e+02 4.158110365581272845e+02 4.259697439809411890e+02 4.348588465030838961e+02 4.420716216912566665e+02 4.472409091149334586e+02 4.500844994904762757e+02 4.504432189554540287e+02 4.483023054220034282e+02 4.437913504420862978e+02 4.371640813241450019e+02 4.287638605955274329e+02 4.189826191391009047e+02 4.082203810889444071e+02 3.968509510304555761e+02 3.851980883202687664e+02 3.735261381024164962e+02 3.620488202133814752e+02 3.509576955438065511e+02 3.404659030315328323e+02 3.308536750345054998e+02 3.224943028595404257e+02 3.158393634249900401e+02 3.113545528692328048e+02 3.094196487698468445e+02 3.102272416198333076e+02 3.137217670440911661e+02 3.196063465588460417e+02 3.274157625279555077e+02 3.366253129629442356e+02 3.467529742341120595e+02
3.319207442100965295e+02 3.427099080347181257e+02 3.539581060342385967e+02 3.655805177690397727e+02 3.774407336472538645e+02 3.893443033740309147e+02 4.010357851309121884e+02 4.121991223876004256e+02 4.224641837198913095e+02 4.314240258617047630e+02 4.386661565053161098e+02 4.438163982411965662e+02 4.465877225480323887e+02 4.468220784904470975e+02 4.445136841262630583e+02 4.398076938492593513e+02 4.329758695013807710e+02 4.243770743998734929e+02 4.144126721188885085e+02 4.034853927722003277e+02 3.919669986133475845e+02 3.801775290847056681e+02 3.683782388262017093e+02 3.567808000223938620e+02 3.455744820317158883e+02 3.349682987336688598e+02 3.252363492578817841e+02 3.167457813360787782e+02 3.099451659532714416e+02 3.053023264354002890e+02 3.032033152437930994e+02 3.038475073780916773e+02 3.071828451080296531e+02 3.129115371007832778e+02 3.205654124640403779e+02 3.296190242594433926e+02 3.395951705251807198e+02
3.278973270609302517e+02 3.389714705720593315e+02 3.504959684168728131e+02 3.623684586112620991e+02 3.744397079329353915e+02 3.865086187539023967e+02 3.983188658393862625e+02 4.095574728109387479e+02 4.198589026865886353e+02 4.288201011341107574e+02 4.360306208758414641e+02 4.411169456753960390e+02 4.437931985557526673e+02 4.439052451388351983e+02 4.414552118224690389e+02 4.365992878230582619e+02 4.296205448103768276e+02 4.208859019055124122e+02 4.107990784461516682e+02 3.997592709841871965e+02 3.881308447826784231e+02 3.762256756542052472e+02 3.642986885180143304e+02 3.525580115186756984e+02 3.411913364532056221e+02 3.304064821461020074e+02 3.204759280680565325e+02 3.117657207541253683e+02 3.047260422445984887e+02 2.998306772438229473e+02 2.974753527934295221e+02 2.978698691963176088e+02 3.009699590479322637e+02 3.064815784216813768e+02 3.139377723497439092e+02 3.228149901197922986e+02 3.326412383185042358e+02
3.249025712252106359e+02 3.362793996868911108e+02 3.480742952911651287e+02 3.601707959710743694e+02 3.724112356089319178e+02 3.845922639583878890e+02 3.964606633657432440e+02 4.077103333622445120e+02 4.179845258930914724e+02 4.268891817210949853e+02 4.340218565642728095e+02 4.390156381624355504e+02 4.415902759329165406e+02 4.415971463197640787e+02 4.390443287890850570e+02 4.340939770549616128e+02 4.270336140517577519e+02 4.182311411759458792e+02 4.080864859642477427e+02 3.969904693578362185e+02 3.852962839782780975e+02 3.733045182293152493e+02 3.612611376210601293e+02 3.493688553584381111e+02 3.378131886862871625e+02 3.268018307546648202e+02 3.166083404486234372e+02 3.076015210379911764e+02 3.002375969935748685e+02 2.950010191797099992e+02 2.923022869573251228e+02 2.923673711702514879e+02 2.951660779126265197e+02 3.004141559711584364e+02 3.076503962585543945e+02 3.163549172020359492e+02 3.260592996193553290e+02
3.228232655271876865e+02 3.344797608299876970e+02 3.465048578999545725e+02 3.587738340529590459e+02 3.711260607148757913e+02 3.833602250880511519e+02 3.952291879822056444e+02 4.064358523485252022e+02 4.166343407183961745e+02 4.254423033362313049e+02 4.324687837296795578e+02 4.373571315876939138e+02 4.398354045972998279e+02 4.397610213796629068e+02 4.371458122106741939e+02 4.321533200585267309e+02 4.250697395294688476e+02 4.162583950851812915e+02 4.061111223760829034e+02 3.950076041128237421e+02 3.832882115171703958e+02 3.712409814524788203e+02 3.591014836442413412e+02 3.470653263855724617e+02 3.353142991132240809e+02 3.240551493880155363e+02 3.135629007234883261e+02 3.042108818242699044e+02 2.964644827791051398e+02 2.908232639538248350e+02 2.877182730450105055e+02 2.873985869644761237e+02 2.898554737661947911e+02 2.948209696222218099e+02 3.018435738342823811e+02 3.104072309762523219e+02 3.200431051413883097e+02
3.214698953703212396e+02 3.333549003624699480e+02 3.455507419965627491e+02 3.579306568768352577e+02 3.703358766848257915e+02 3.825701220483966267e+02 3.943936866554361700e+02 4.055188253349399474e+02 4.156106797237327442e+02 4.242992082119856150e+02 4.312062040914511840e+02 4.359868579014873831e+02 4.383786529661902591e+02 4.382448652726677665e+02 4.355991440505691799e+02 4.306029901463799092e+02 4.235372224941363584e+02 4.147570455407907843e+02 4.046439991267542950e+02 3.935659545660284948e+02 3.818508463119745215e+02 3.697747554943802584e+02 3.575628717612549963e+02 3.454027531712089285e+02 3.334707156246081468e+02 3.219705972735347927e+02 3.111774415970181167e+02 3.014688276038091885e+02 2.933206643530342035e+02 2.872508589553396519e+02 2.837161095454594602e+02 2.829950742862386619e+02 2.851071918336333511e+02 2.898060570199090193e+02 2.966520266582076033e+02 3.051308977986734021e+02 3.147674717036797460e+02
3.206256153644153528e+02 3.326776756409389009e+02 3.449827016029094011e+02 3.574167072675172676e+02 3.698257882442828759e+02 3.820199063411907332e+02 3.937666295046561231e+02 4.047866721302506789e+02 4.147551978390523573e+02 4.233138244160211912e+02 4.300969520165170366e+02 4.347717949335710159e+02 4.370853287027925944e+02 4.369061398034378385e+02 4.342482612348067619e+02 4.292689831883356533e+02 4.222414302967622461e+02 4.135109886193968123e+02 4.034484188415671611e+02 3.924106422516074417e+02 3.807149574732384281e+02 3.686274614200596034e+02 3.563642910730980020e+02 3.441050981775788955e+02 3.320196160588081398e+02 3.203068146456790828e+02 3.092396604367549457e+02 2.991985345915726384e+02 2.906697238227373532e+02 2.841910233565053545e+02 2.802479534684487135e+02 2.791529357039588035e+02 2.809575728456849788e+02 2.854393192399775216e+02 2.921697448385930329e+02 3.006324914802911508e+02 3.103392975997584244e+02
