BlockUplift_2Ma_1kryTimeStep_2mmyr_k_0.0001_m_0.5_n_1.0_LinDiffusion_0.5_6x3km_30mRes_topographic__steepest_slope.txt
nrows 100
cellsize 30.0
xllcorner 0.0
ncols 200
yllcorner 0.0
[rows 68 to 84 of 100, columns 37 to 73 of 200]
6.111867497811612066e-02 4.495054322273025343e-02 4.418417936266128693e-02 4.412162194724374153e-02 5.862948257703703980e-02 7.703761577196298338e-02 9.452461267438391768e-02 1.106714827156022457e-01 1.283357275689742949e-01 1.449101969812810753e-01 1.586910639203684414e-01 1.690179412495353972e-01 1.747219428160017574e-01 1.741287261437122480e-01 1.652836980293813096e-01 1.513922801348958069e-01 1.338281060311356518e-01 1.085444291004255962e-01 8.241250797973312392e-02 1.121448530823136308e-01 1.435597195872965748e-01 1.699557103174839656e-01 2.009173185502381442e-01 2.214795225431326342e-01 2.327259764607305104e-01 2.365317898368355654e-01 2.349435817337791887e-01 2.296833567613305038e-01 2.218054201555598182e-01 2.114702893054248023e-01 1.978367065061860386e-01 1.791704273708077666e-01 1.612774404026616759e-01 1.383084832412284915e-01 1.077925563861914515e-01 7.785999230801034232e-02 7.722715488896957081e-02
5.194302783672960500e-02 3.332245264365430587e-02 3.275679283135227854e-02 3.251929229910548863e-02 4.999479804613506800e-02 6.768296953135863325e-02 8.642812863592250205e-02 1.077705541198402811e-01 1.268403399215628780e-01 1.433549516118498846e-01 1.568838303467411377e-01 1.666908490669309628e-01 1.716295842621538836e-01 1.701648838880127357e-01 1.605843776942559031e-01 1.436306688256368813e-01 1.282087716899112939e-01 1.053370264056497779e-01 8.328388646918653826e-02 1.089029048499395996e-01 1.370791509459186874e-01 1.641994664796120051e-01 1.950243032559550727e-01 2.163142381990127150e-01 2.289769249460751610e-01 2.346342296688428974e-01 2.350525605843671317e-01 2.316812150254103642e-01 2.253336084595256861e-01 2.159836277541463401e-01 2.026810103541521468e-01 1.836794586939480556e-01 1.569113404895025043e-01 1.208302580218917482e-01 8.945096000598708186e-02 5.230217192892639561e-02 5.130414566933864939e-02
4.444384514646026324e-02 2.597306797950338017e-02 2.319307888195822759e-02 2.521526902616604005e-02 4.310008521219884509e-02 6.272547217793184027e-02 8.585237613045913763e-02 1.070080309090580273e-01 1.257911737367673199e-01 1.417890095597054423e-01 1.544754953865682123e-01 1.631033302758870263e-01 1.666366117639417610e-01 1.637845747046479117e-01 1.531856216649382929e-01 1.377106314950780341e-01 1.246786791355398299e-01 1.047033480139067385e-01 8.937283524450378991e-02 1.085854922869292777e-01 1.332839441568071936e-01 1.550104333436195247e-01 1.853561276098550648e-01 2.073236110943137700e-01 2.215875007534483243e-01 2.294525847502863203e-01 2.323540090630899502e-01 2.314363524269358041e-01 2.272525252260261253e-01 2.195679958573601709e-01 2.072841181871751814e-01 1.885769627969532680e-01 1.613828289898843193e-01 1.242468486343734496e-01 7.729398074972569643e-02 3.568862069609011339e-02 2.762174148868297083e-02
4.047124374581916040e-02 2.215359984352638020e-02 1.811475619750950797e-02 2.185437715043384715e-02 3.973122322852094129e-02 6.289462757270504467e-02 8.582123913388765846e-02 1.066039872554985918e-01 1.247388165733553933e-01 1.397203922037836832e-01 1.509839515520743081e-01 1.578408364506013184e-01 1.594439662437196203e-01 1.548284927881241058e-01 1.430593950584096719e-01 1.345469324379740261e-01 1.238955050382790912e-01 1.070175105573539509e-01 1.007236308357922355e-01 1.114778647777557030e-01 1.326141788762499607e-01 1.482575775838926302e-01 1.725435497637514970e-01 1.950102443256923890e-01 2.108496187167105407e-01 2.210100014070756347e-01 2.265756138139143616e-01 2.283888994774883885e-01 2.267571123575891079e-01 2.212464412531924551e-01 2.105942273432205580e-01 1.928465017420677441e-01 1.658572227683166034e-01 1.281648601907363627e-01 7.999589751637661839e-02 2.390329768910106484e-02 9.200659188373094821e-03
4.148450493731166422e-02 2.320107931503640614e-02 1.964655571077524032e-02 2.314020511737453420e-02 4.123342016919905734e-02 6.330459517446200557e-02 8.596041289109924988e-02 1.061378657829190331e-01 1.232564084542758509e-01 1.367677488515567918e-01 1.461292043772705884e-01 1.507733762522358856e-01 1.501009783319877389e-01 1.435249201534077312e-01 1.381278465324926874e-01 1.343553396437731917e-01 1.258844633771163957e-01 1.130637564943090950e-01 1.164450435701496617e-01 1.171466754055800613e-01 1.347622670541984979e-01 1.476650011041941435e-01 1.574512515276173530e-01 1.801711684765981147e-01 1.973987212141139480e-01 2.097081465799902900e-01 2.178403459912630069e-01 2.223683564983578720e-01 2.233998998121464186e-01 2.203417112103328579e-01 2.117794136400003024e-01 1.955990731765425150e-01 1.694999705703992277e-01 1.319176107639170314e-01 8.309253845416435247e-02 2.575978632774867522e-02 0.000000000000000000e+00
4.828387330534639199e-02 2.997570159435266821e-02 2.898388677389789406e-02 2.983178667473366727e-02 4.826824038825242719e-02 6.545778479744378264e-02 8.596375037888606685e-02 1.053170766355966265e-01 1.211131932498024782e-01 1.328094513861477199e-01 1.399386306672084912e-01 1.421032794822432721e-01 1.389907147964985767e-01 1.395004632785109833e-01 1.396120533940539421e-01 1.366980235323935200e-01 1.301038628602663449e-01 1.316047788253731088e-01 1.349950328150110179e-01 1.326792248010055519e-01 1.388720355158639397e-01 1.493225351861335592e-01 1.562724069040481445e-01 1.637193047047825756e-01 1.820739461964592520e-01 1.962477015999913588e-01 2.066599407218291107e-01 2.136624372415989737e-01 2.172276491546175636e-01 2.166646225774670198e-01 2.104451304421038060e-01 1.962929182087397861e-01 1.717062340181944591e-01 1.349395797430626431e-01 8.616248924504077422e-02 2.822577716158415628e-02 1.631994398173238414e-03
6.078708445191944448e-02 4.521753167637048570e-02 4.604146450828731224e-02 4.637653009840600471e-02 6.063168701103870128e-02 7.793907663266164132e-02 9.333097814312264762e-02 1.065922312786927867e-01 1.183754080278447418e-01 1.280465899054651913e-01 1.335538033827782245e-01 1.386144151649546796e-01 1.418982051203394879e-01 1.434328022559520910e-01 1.431219953223893393e-01 1.406905091323195633e-01 1.431414696317006019e-01 1.514127597762552624e-01 1.545734213505037813e-01 1.521013590173235230e-01 1.442374950796145583e-01 1.521204989778168482e-01 1.579766072638090768e-01 1.617136432309598248e-01 1.657543710211948906e-01 1.814898891907375800e-01 1.938366710493994449e-01 2.029682615413160307e-01 2.087844865533085570e-01 2.105652867213919366e-01 2.067242347249087231e-01 1.948486240618957366e-01 1.722238277604920542e-01 1.368776763913710226e-01 8.884212920409879921e-02 3.101134897837596466e-02 3.573231044931427999e-03
7.791942890734122884e-02 6.824300369425487234e-02 6.929208087004071204e-02 6.976066805351782696e-02 7.718978114515905042e-02 9.454109620261856584e-02 1.095556448483416823e-01 1.219697937737714982e-01 1.317442296104641419e-01 1.390114031417751250e-01 1.440174253716438313e-01 1.470706173613549883e-01 1.484966958193658926e-01 1.485871132944017459e-01 1.475235112643710489e-01 1.514214573198008340e-01 1.630104390375976264e-01 1.707224095161251343e-01 1.734913446306961815e-01 1.708626395643051410e-01 1.630790523006045989e-01 1.549783557829485514e-01 1.599832346085719170e-01 1.638011845152302359e-01 1.664584166460918724e-01 1.679670614474951251e-01 1.802951626578400690e-01 1.912355683991184552e-01 1.989791745015954405e-01 2.028339562182106814e-01 2.012171053180097091e-01 1.916299997588841453e-01 1.711715318602822777e-01 1.376383787086335186e-01 9.088840212064562551e-02 3.672496822066966676e-02 1.814357028959629262e-02
9.771241130126682994e-02 9.474450770388689880e-02 9.592654594830397896e-02 9.636753767847162921e-02 9.615020132205150116e-02 1.133217364071136962e-01 1.278107464697017248e-01 1.391547285557038494e-01 1.473339709049923396e-01 1.525773404733044014e-01 1.552939188302036033e-01 1.560074959273990980e-01 1.552958240266908430e-01 1.537193297978342865e-01 1.573598135125034159e-01 1.704546766965942539e-01 1.811483134442160858e-01 1.881171760606889509e-01 1.904243979964538314e-01 1.876794855336622048e-01 1.801014661396967143e-01 1.684676135071735414e-01 1.613662230774465800e-01 1.654003142763895706e-01 1.689726316759499469e-01 1.718456802734104338e-01 1.738501610766160499e-01 1.794404541516148865e-01 1.888539230368621591e-01 1.944855707294654568e-01 1.948099213666618368e-01 1.873093593800916890e-01 1.689584808665093307e-01 1.373613795017684935e-01 9.220048243152566270e-02 5.254340903497759646e-02 3.803248597342161197e-02
1.192033850821943020e-01 1.211905146740349382e-01 1.223868186368719108e-01 1.226142634522744829e-01 1.219488222728225962e-01 1.319562027437265472e-01 1.458416172745137795e-01 1.559944245067591551e-01 1.624204211792238672e-01 1.654642314201111852e-01 1.657274065533747565e-01 1.639781405651469237e-01 1.610606928887498845e-01 1.617798994772291221e-01 1.748126520833153674e-01 1.868418550901196906e-01 1.965096751641870754e-01 2.026653710625396232e-01 2.045187715373714410e-01 2.017403229876739146e-01 1.945012165652371949e-01 1.834474952626085897e-01 1.696024797672312789e-01 1.658114180014225725e-01 1.703289897978249590e-01 1.746592641877130481e-01 1.784321207245120888e-01 1.813759168738564853e-01 1.832024279917663367e-01 1.864930104430048974e-01 1.884312806258137130e-01 1.826673116673717401e-01 1.661393738976206236e-01 1.378284209561521090e-01 1.070074723794921662e-01 6.928026615631793783e-02 5.975960861567652244e-02
1.419460578967805531e-01 1.440766614774162124e-01 1.451621281750988257e-01 1.450187845984421131e-01 1.437406840439763300e-01 1.482311877557261626e-01 1.615419444955489559e-01 1.705236628830132106e-01 1.752151664038044121e-01 1.760920135033160194e-01 1.739678240721999891e-01 1.698695539940734411e-01 1.650780573934970963e-01 1.769776200768850005e-01 1.890380083177310155e-01 1.999658750170349719e-01 2.085744693941554428e-01 2.139189546323592706e-01 2.153740966684874192e-01 2.126713560978885087e-01 2.059161703117202424e-01 1.955900294045629095e-01 1.825206604667698740e-01 1.677960541785353255e-01 1.700467442774646898e-01 1.757653837799550423e-01 1.813054705074928774e-01 1.862204235564022536e-01 1.900624975403897299e-01 1.921507419776513070e-01 1.912971361086495126e-01 1.856899998081613656e-01 1.731660624897159440e-01 1.519629983781985161e-01 1.217336275657142086e-01 8.430242614020261316e-02 7.978122338973415995e-02
1.585813774066584247e-01 1.607277697727146348e-01 1.615942637426238948e-01 1.610000862753148965e-01 1.590868001170178958e-01 1.605187490364175240e-01 1.733877735508028428e-01 1.813502230697003892e-01 1.844876789832693154e-01 1.834183400227127336e-01 1.791771625308447025e-01 1.730484385699744554e-01 1.774002124990630702e-01 1.886994331399800273e-01 1.998550476422981947e-01 2.096987191472938494e-01 2.172582042883599851e-01 2.218249542529567575e-01 2.229538655476469844e-01 2.204399667761189618e-01 2.143142338335602970e-01 2.048714491668704452e-01 1.927057001813295700e-01 1.787070249018465062e-01 1.679736339130016021e-01 1.748639947082313018e-01 1.819917398756257521e-01 1.887430357128977998e-01 1.944913901136431644e-01 1.983929208386917553e-01 1.991338197238953778e-01 1.948243070961553913e-01 1.832692162056197005e-01 1.627081293522112948e-01 1.328102208735106593e-01 9.568849524357242453e-02 9.512281658300499043e-02
1.678433790078059928e-01 1.698413403092416674e-01 1.704166339711306877e-01 1.693972291765357963e-01 1.669960260341786240e-01 1.680650746536442308e-01 1.806903950637498146e-01 1.878671250579555529e-01 1.897326607454913605e-01 1.870583618005847715e-01 1.811016466920829238e-01 1.761228840205689150e-01 1.863398547064652744e-01 1.971773726634940826e-01 2.074774959898685323e-01 2.162504010714101921e-01 2.227770009641384663e-01 2.266042253567557563e-01 2.274731669419888247e-01 2.252444991438717070e-01 2.198760137460624153e-01 2.114701475812069131e-01 2.003638173424164282e-01 1.872013676327824727e-01 1.729298346475450499e-01 1.719717763842769365e-01 1.803729765048365796e-01 1.886702005556081807e-01 1.960508079497355616e-01 2.014851096872036507e-01 2.035105953952456859e-01 2.001500968835539240e-01 1.891863333765655963e-01 1.688853545066965889e-01 1.389628613425501480e-01 1.055394717701602786e-01 1.040135132595878531e-01
1.699478729010792111e-01 1.716137902698307016e-01 1.718706465220250779e-01 1.705572905350251633e-01 1.679667359305710705e-01 1.710120392767818243e-01 1.835976458106843845e-01 1.902347244681524552e-01 1.911335975810808940e-01 1.872303263618761981e-01 1.800007194435490065e-01 1.821474739410660904e-01 1.924949751920995711e-01 2.029021417408794492e-01 2.123291617314933544e-01 2.200147055111685290e-01 2.255162331160216749e-01 2.286368053445547444e-01 2.292961036927446683e-01 2.274191404586152487e-01 2.229004587680241400e-01 2.156629916954329873e-01 2.057850420125291180e-01 1.936338933398715767e-01 1.799344228551315039e-01 1.673620335621205935e-01 1.766534033616384558e-01 1.861211992245521141e-01 1.947714845715610710e-01 2.013759254473457272e-01 2.043051157115775840e-01 2.014851851693944262e-01 1.906861182444685443e-01 1.702306001119437973e-01 1.399275144404090176e-01 1.086074038051208362e-01 1.061869795428345697e-01
1.663160731848738749e-01 1.674706296202752298e-01 1.674249059055213651e-01 1.660272875885913380e-01 1.636394104950634754e-01 1.701875505954759671e-01 1.828841856694222445e-01 1.891763807582735324e-01 1.893680487221683362e-01 1.845730450840038506e-01 1.764781722450423918e-01 1.861214167427443500e-01 1.965519022573597452e-01 2.064285116070204706e-01 2.148936135609512688e-01 2.214487111265374952e-01 2.259287019996331081e-01 2.283723098837341925e-01 2.288559567698645880e-01 2.273629993022709128e-01 2.237405210291143476e-01 2.177609579979806198e-01 2.092665474412882531e-01 1.983417724879387722e-01 1.854426065590900063e-01 1.714188050162789578e-01 1.712706397091499633e-01 1.815192427870906955e-01 1.910641560428644747e-01 1.984761447729991302e-01 2.019461398725187762e-01 1.992943823231975997e-01 1.882863150631987059e-01 1.673347166425580290e-01 1.363994161579383246e-01 1.059176129293750990e-01 1.027748889846184510e-01
1.590665411490718439e-01 1.595604190166327041e-01 1.592608151697523511e-01 1.580220816115437688e-01 1.562434546600030560e-01 1.667816994193737912e-01 1.796449410166731098e-01 1.856954853768417735e-01 1.853528646956048853e-01 1.799215123214757961e-01 1.783698023658435716e-01 1.888207165634677720e-01 1.991073946603814648e-01 2.082496141643403464e-01 2.156214608876302063e-01 2.209978160451768758e-01 2.244680904783265818e-01 2.262681469655622724e-01 2.265985464632455093e-01 2.254908990139237457e-01 2.227630581973732149e-01 2.180763829660411490e-01 2.110793813200156077e-01 2.015954448398953047e-01 1.897930985256309211e-01 1.762725827986765526e-01 1.647814555066970388e-01 1.754578906745286881e-01 1.855648581806053909e-01 1.934820393116004067e-01 1.972160353804292832e-01 1.944742440682413753e-01 1.830239550856579966e-01 1.613993126831201330e-01 1.297681174426137396e-01 9.946025705450788068e-02 9.586587473184285391e-02
1.504738423722931373e-01 1.502096098769432897e-01 1.497230504353533886e-01 1.488705271260002405e-01 1.480444853267187111e-01 1.620339115417643583e-01 1.750090964289420514e-01 1.808201325901851453e-01 1.800218078725903947e-01 1.741177502864836579e-01 1.801413938312331764e-01 1.907907450552083217e-01 2.005895134893407317e-01 2.087461828144711318e-01 2.148918966302261480e-01 2.190598585306133828e-01 2.215516929567404592e-01 2.227508625571151812e-01 2.229445061193212896e-01 2.222001168884981948e-01 2.203238346494487132e-01 2.169086083486315431e-01 2.114630542244891331e-01 2.035935061495564580e-01 1.931929853815096410e-01 1.805772509535647774e-01 1.665098766216909498e-01 1.685694904379979875e-01 1.789745366081520184e-01 1.871832153296323353e-01 1.910248383713852027e-01 1.880923002445000491e-01 1.761585597609990339e-01 1.539008397608419565e-01 1.217365107552521447e-01 9.161583990915384001e-02 8.790067967464997023e-02
