BlockTilt_5Ma_1mmyr_m1_n5_k1Minus4_10kyrTimeStep_wLinDiff_30mRes_7p5kmBy15km.txt
nrows 250
cellsize 30.0
xllcorner 0.0
ncols 500
yllcorner 0.0
[rows 170 to 186 of 250, columns 148 to 184 of 500]
7.171672925176328306e+01 7.053932109177601717e+01 6.975763336320669339e+01 6.939067014295422098e+01 6.944475420836248247e+01 6.991191714552984138e+01 7.076988736780022293e+01 7.198376026553741269e+01 7.350907019668235876e+01 7.529569883163536304e+01 7.729193364834256386e+01 7.944805609412532021e+01 8.171904633081750546e+01 8.406625439923627141e+01 8.645811762401716294e+01 8.887014351588975103e+01 9.128441321700334754e+01 9.368881679375500937e+01 9.607615002614979005e+01 9.844312165135355031e+01 1.007892642692710012e+02 1.031157185246053842e+02 1.054238645624761546e+02 1.077137989846093120e+02 1.099826928535179889e+02 1.122231127090032174e+02 1.144214388224166044e+02 1.165565670148263848e+02 1.185991209405929681e+02 1.205114142915553401e+02 1.222483692276804419e+02 1.237595066040836542e+02 1.249919768282763783e+02 1.258944174326769172e+02 1.264212420770573857e+02 1.265368322740100240e+02 1.262190596660544202e+02
7.119563614472751567e+01 6.995529343277863177e+01 6.910923184054138346e+01 6.867649254234281386e+01 6.866340021230520563e+01 6.906196050919771778e+01 6.984986371352431433e+01 7.099217680878142289e+01 7.244444182763675144e+01 7.415661314344100674e+01 7.607714519023397770e+01 7.815660695990560214e+01 8.035040648434487309e+01 8.262047186212627992e+01 8.493596690802961291e+01 8.727326108238840163e+01 8.961541112001349063e+01 9.195136926583612080e+01 9.427505176679476051e+01 9.658432048030735473e+01 9.887987451642302972e+01 1.011640250179797249e+02 1.034393298710737810e+02 1.057070873765093637e+02 1.079657212051221364e+02 1.102091292587390399e+02 1.124251142549057079e+02 1.145940604193199590e+02 1.166880605797703083e+02 1.186707177718993194e+02 1.204978287073598153e+02 1.221190891472466831e+02 1.234808391086292403e+02 1.245297004246580741e+02 1.252167795468475759e+02 1.255019565969684550e+02 1.253577015258478866e+02
7.076181597591518369e+01 6.944788666763865592e+01 6.852306289647451365e+01 6.800641728523321206e+01 6.790455075694838172e+01 6.820999501293813694e+01 6.890118746488263923e+01 6.994410719412121580e+01 7.129530376072672482e+01 7.290576862609310638e+01 7.472497492894174798e+01 7.670446884648796981e+01 7.880059392720235678e+01 8.097618651586410010e+01 8.320130944328938938e+01 8.545323446737461381e+01 8.771592611333976208e+01 8.997924202957624118e+01 9.223798765749872075e+01 9.449088440844984405e+01 9.673945506221477331e+01 9.898680532952285205e+01 1.012362819397131517e+02 1.034900060961540476e+02 1.057473089898728347e+02 1.080031295172777561e+02 1.102464725596034469e+02 1.124590680008847556e+02 1.146144111433379749e+02 1.166773936121022928e+02 1.186047346415856794e+02 1.203463795726078587e+02 1.218479353477959251e+02 1.230540649108054509e+02 1.239125845216283039e+02 1.243788374444025209e+02 1.244198000414471323e+02
7.041165747828486587e+01 6.901424774167507792e+01 6.799741554650557873e+01 6.738027089771064482e+01 6.716995473318893062e+01 6.736004594684361280e+01 6.793046753313696229e+01 6.884899384500714348e+01 7.007411938788159489e+01 7.155877379623957779e+01 7.325423892799042846e+01 7.511366821724998033e+01 7.709479022838594631e+01 7.916162170827992384e+01 8.128523804826090782e+01 8.344379354727011844e+01 8.562203259110600584e+01 8.781050377794552730e+01 9.000461889883047206e+01 9.220362426143306323e+01 9.440949722761942553e+01 9.662575417112519460e+01 9.885615359837399296e+01 1.011032913333852150e+02 1.033671061237858311e+02 1.056433405945323329e+02 1.079220345283081031e+02 1.101861659013122789e+02 1.124105976065959425e+02 1.145615258881395135e+02 1.165966452003400349e+02 1.184662250099173946e+02 1.201152213080192155e+02 1.214864145385134151e+02 1.225243892665885568e+02 1.231799820337503917e+02 1.234146698026925577e+02
7.014065489958059629e+01 6.865126065506454722e+01 6.753114092023707826e+01 6.679944929563825440e+01 6.646408827971850997e+01 6.652012452462227543e+01 6.694959566019905139e+01 6.772282909761094061e+01 6.880107360532572613e+01 7.013997831487789369e+01 7.169331946197551986e+01 7.341640147166712893e+01 7.526871802767306008e+01 7.721568277205673780e+01 7.922945169356896145e+01 8.128900402012610016e+01 8.337970524239581493e+01 8.549255800149175855e+01 8.762328627860551933e+01 8.977132965743663817e+01 9.193877087044729990e+01 9.412919039865879256e+01 9.634643423077724833e+01 9.859328767640170099e+01 1.008700629300080180e+02 1.031731284528831765e+02 1.054934355631557992e+02 1.078151343808164313e+02 1.101144171008613029e+02 1.123587747148156524e+02 1.145068891551448331e+02 1.165093858601852190e+02 1.183106213542169627e+02 1.198515647527751469e+02 1.210736569515123620e+02 1.219233251288416540e+02 1.223566415483295344e+02
6.994427985397909708e+01 6.835623627360442356e+01 6.712409304942065091e+01 6.626704642287282354e+01 6.579391719513147052e+01 6.570158327492521266e+01 6.597466993819681136e+01 6.658663880219611997e+01 6.750212448255072673e+01 6.868011482009578117e+01 7.007743078451007079e+01 7.165196775315428113e+01 7.336529150067627825e+01 7.518438214742704417e+01 7.708251813109711748e+01 7.903943598697605921e+01 8.104096722243622253e+01 8.307834856061548123e+01 8.514735312860770478e+01 8.724732833394597264e+01 8.938017380663363554e+01 9.154925999768094869e+01 9.375827443853459897e+01 9.600998278753166915e+01 9.830490042644954940e+01 1.006398858302962509e+02 1.030066912675310675e+02 1.053905430448042324e+02 1.077688734501558230e+02 1.101103842652263012e+02 1.123746728877629550e+02 1.145126745644889752e+02 1.164681433138549664e+02 1.181802919075131371e+02 1.195875372392574292e+02 1.206320759352844618e+02 1.212647952148630992e+02
6.981858864553807109e+01 6.812729722001418509e+01 6.677721587654694702e+01 6.578757382211911420e+01 6.516819211437049830e+01 6.491794796079396690e+01 6.502434611144370535e+01 6.546435806256711487e+01 6.620642947520363464e+01 6.721331946417774361e+01 6.844529162943086931e+01 6.986316082325554078e+01 7.143080139963208808e+01 7.311689528445339192e+01 7.489588056048459919e+01 7.674820219581168601e+01 7.866004027572101620e+01 8.062269945567680907e+01 8.263180707358787913e+01 8.468641300340560463e+01 8.678803339773904213e+01 8.893964430778447650e+01 9.114461171972190812e+01 9.340553851057221380e+01 9.572301242540150668e+01 9.809425133934398389e+01 1.005116650859842906e+02 1.029613908269241307e+02 1.054219130102456745e+02 1.078629448106702000e+02 1.102448116091657226e+02 1.125186153460295770e+02 1.146274437367495409e+02 1.165087975641908713e+02 1.180982365604949962e+02 1.193340103139620254e+02 1.201621942455066545e+02
6.976053819063531591e+01 6.796347425190424474e+01 6.649234707358240826e+01 6.536640559655972993e+01 6.459648212256452382e+01 6.418350703868510720e+01 6.411797340767363096e+01 6.438052820070574001e+01 6.494364075289736604e+01 6.577408149845072671e+01 6.683579871216545598e+01 6.809274487783670793e+01 6.951127588521224254e+01 7.106188996469366259e+01 7.272023697305581891e+01 7.446746471444893700e+01 7.629004949167037353e+01 7.817927913464352230e+01 8.013053284452149683e+01 8.214245561947439001e+01 8.421607599995087412e+01 8.635387695048856926e+01 8.855880523089574297e+01 9.083319359900849577e+01 9.317757023997877752e+01 9.558934025348308694e+01 9.806134697693204316e+01 1.005803600738563830e+02 1.031255946969923798e+02 1.056674377571246737e+02 1.081666300207276095e+02 1.105742028345177630e+02 1.128324659718001755e+02 1.148772618630181626e+02 1.166415307642555348e+02 1.180599881836028970e+02 1.190744485695207544e+02
6.976801605166825482e+01 6.786455875896201917e+01 6.627183095670078217e+01 6.500909572403986658e+01 6.408815294312461219e+01 6.351192517586015640e+01 6.327383933651139358e+01 6.335819124143854708e+01 6.374148859889636043e+01 6.439457192470395341e+01 6.528516911397755962e+01 6.638048597881875423e+01 6.764947819889276559e+01 6.906456503756857046e+01 7.060268885528113003e+01 7.224575348469450375e+01 7.398055963614966402e+01 7.579838765360699426e+01 7.769436567164324003e+01 7.966672253718242303e+01 8.171597848484474014e+01 8.384408605416948035e+01 8.605350570070369542e+01 8.834618612442686469e+01 9.072241733948143860e+01 9.317953440819273681e+01 9.571047321218375714e+01 9.830221988631868157e+01 1.009342547082533628e+02 1.035771661124093441e+02 1.061916885628181575e+02 1.087284759416106255e+02 1.111289290469537434e+02 1.133273225232822483e+02 1.152543088283862147e+02 1.168416283131578126e+02 1.180275724138508195e+02
6.983961284029896888e+01 6.783076633426601632e+01 6.611802738542998270e+01 6.472069036892581551e+01 6.365144976607125216e+01 6.291507726601350470e+01 6.250775227612322738e+01 6.241723631264660810e+01 6.262392368997841174e+01 6.310262758550771878e+01 6.382482167666403683e+01 6.476099086698559404e+01 6.588276265611135329e+01 6.716457839803889840e+01 6.858478690882054707e+01 7.012616292897691039e+01 7.177594012399580947e+01 7.352548941176173969e+01 7.536977160976567802e+01 7.730666257413022890e+01 7.933620621471041545e+01 8.145981020095700842e+01 8.367936925506556634e+01 8.599628462074898039e+01 8.841034538640138862e+01 9.091844727090379763e+01 9.351314828646027877e+01 9.618110107237497175e+01 9.890146077748650555e+01 1.016444426741259548e+02 1.043702837744778549e+02 1.070289250087142250e+02 1.095607438616142844e+02 1.118986007836230812e+02 1.139712990811145090e+02 1.157083080308197509e+02 1.170453083362896791e+02
6.997418159252879377e+01 6.786226575075222911e+01 6.603278275949931242e+01 6.450511418478546943e+01 6.329277632033264922e+01 6.240220520174634800e+01 6.183207097824260501e+01 6.157330843688802702e+01 6.160992311188406489e+01 6.192048198221224453e+01 6.248006673603949679e+01 6.326239221052269812e+01 6.424178999511025268e+01 6.539482049915648076e+01 6.670138011966859892e+01 6.814527981398855161e+01 6.971435823831002665e+01 7.140024038300887810e+01 7.319785995366439124e+01 7.510484066356904975e+01 7.712079331932972082e+01 7.924654642739358223e+01 8.148329777070628666e+01 8.383165736193136297e+01 8.629054890572446368e+01 8.885594675644713902e+01 9.151944880792230208e+01 9.426672500281294731e+01 9.707593838651584406e+01 9.991630911603635923e+01 1.027470713035851446e+02 1.055171364745830829e+02 1.081657948344833784e+02 1.106247245335890312e+02 1.128214205148865119e+02 1.146839065503582873e+02 1.161463006500992066e+02
7.017024190329476596e+01 6.795862374165945141e+01 6.601690576713069447e+01 6.436466487451711771e+01 6.301619505189938764e+01 6.197941134596367618e+01 6.125518189353235243e+01 6.083726480752891774e+01 6.071292603720227987e+01 6.086418581531149385e+01 6.126952038053118343e+01 6.190576608521278246e+01 6.274995469781424617e+01 6.378085142326251145e+01 6.498005222276522375e+01 6.633259576525223622e+01 6.782713000620245225e+01 6.945572574569558810e+01 7.121344456695391045e+01 7.309775291153793830e+01 7.510784090067114960e+01 7.724386785644504982e+01 7.950612682120119246e+01 8.189410309385877440e+01 8.440539804528148693e+01 8.703449861301459123e+01 8.977139501001427391e+01 9.260008619518593775e+01 9.549706683170732902e+01 9.842995972698845719e+01 1.013565349042654162e+02 1.042244200036306125e+02 1.069718262889536788e+02 1.095295578969019630e+02 1.118244186965872871e+02 1.137838876834016730e+02 1.153416425171112962e+02
7.042529750363459584e+01 6.811821338698960915e+01 6.606967300107052665e+01 6.429961702852884287e+01 6.282312448691102702e+01 6.164943958894759390e+01 6.078135025504623457e+01 6.021508009511006776e+01 5.994077691225830051e+01 5.994357213804343587e+01 6.020507604475187691e+01 6.070509370766719570e+01 6.142331771510912120e+01 6.234078010342069120e+01 6.344091531030222342e+01 6.471017421235518441e+01 6.613821069735699609e+01 6.771771752308127645e+01 6.944400967119844381e+01 7.131444462201795886e+01 7.332774107147857023e+01 7.548322384424244547e+01 7.777999394998981586e+01 8.021600499921639482e+01 8.278702229684598990e+01 8.548544846943552500e+01 8.829901947725849709e+01 9.120940906512285551e+01 9.419083047415196575e+01 9.720879091428106733e+01 1.002192284117860908e+02 1.031683225501275132e+02 1.059932906450192291e+02 1.086244270485409515e+02 1.109884948313049762e+02 1.130133416182620607e+02 1.146333259551790320e+02
7.073514298658274413e+01 6.833763335610063905e+01 6.618838075799897069e+01 6.430791905810183096e+01 6.271218479478317676e+01 6.141166331190088812e+01 6.041083499130105849e+01 5.970806513338177979e+01 5.929601905753698077e+01 5.916259233370812609e+01 5.929224807851470302e+01 5.966757613305995278e+01 6.027085391781377410e+01 6.108540359348710780e+01 6.209659698414316864e+01 6.329243889342523488e+01 6.466373731109696621e+01 6.620392612156653911e+01 6.790863252444967202e+01 6.977507851309670173e+01 7.180138252623792994e+01 7.398579608835217414e+01 7.632588175025043142e+01 7.881761966652612728e+01 8.145442317946873345e+01 8.422604893370224488e+01 8.711740455518021520e+01 9.010728852840296099e+01 9.316714487253290145e+01 9.625997889607255331e+01 9.933965143484755345e+01 1.023508283708260933e+02 1.052298809277984191e+02 1.079069790715614516e+02 1.103094752477872760e+02 1.123664444519584578e+02 1.140139698144469662e+02
7.109323661581933607e+01 6.861118536594970863e+01 6.636795806041558876e+01 6.438496438661694299e+01 6.267913890876760519e+01 6.126219575459220579e+01 6.014015492411341057e+01 5.931326385309952798e+01 5.877638768414206538e+01 5.851986366470544709e+01 5.853072803207914632e+01 5.879415147705519473e+01 5.929488218415260548e+01 6.001850310038622638e+01 6.095235807923857863e+01 6.208607371912662387e+01 6.341167854052430641e+01 6.492337938131443309e+01 6.661708538076878483e+01 6.848977163995563444e+01 7.053875485943653700e+01 7.276092328080922300e+01 7.515193392876052769e+01 7.770536884406170941e+01 8.041183209573200941e+01 8.325797175581344334e+01 8.622542636669099636e+01 8.928972545239373915e+01 9.241922022147446114e+01 9.557418257834794417e+01 9.870627920526607113e+01 1.017586836261858139e+02 1.046671045396143001e+02 1.073619535149748998e+02 1.097717310649200044e+02 1.118274843462968420e+02 1.134679231978848435e+02
7.149021192272374492e+01 6.893045738080130036e+01 6.660066027320200988e+01 6.452342637971408124e+01 6.271688874006526504e+01 6.119405432208120743e+01 5.996241382515049168e+01 5.902391807837242510e+01 5.837538162802909625e+01 5.800930626777444132e+01 5.791503983952097911e+01 5.808011941982312010e+01 5.849161201681047118e+01 5.913727041331221557e+01 6.000636463325918157e+01 6.109011713176196423e+01 6.238174251315667362e+01 6.387615152766990434e+01 6.556941220942414361e+01 6.745806566096680967e+01 6.953837593325756927e+01 7.180556320289026928e+01 7.425303791087775096e+01 7.687162885015172265e+01 7.964878483738236525e+01 8.256772943976115187e+01 8.560656240725468535e+01 8.873733156595473304e+01 9.192514608689286604e+01 9.512746390113140649e+01 9.829375280379753121e+01 1.013657768561300401e+02 1.042787694574377610e+02 1.069636940822863949e+02 1.093506476696668130e+02 1.113732399147712755e+02 1.129735263860809482e+02
7.191359459220824135e+01 6.928406197270406608e+01 6.687587225094533494e+01 6.471316319657051963e+01 6.281550916255115879e+01 6.119733910298045743e+01 5.986762533867420188e+01 5.882992709377944607e+01 5.808283358255466311e+01 5.762079063420592462e+01 5.743522549012189415e+01 5.751582475691705554e+01 5.785178795715479794e+01 5.843288384363908250e+01 5.925017764830324296e+01 6.029636290720753067e+01 6.156570311646685667e+01 6.305364782279952607e+01 6.475622219381818923e+01 6.666929487653827380e+01 6.878781073124395107e+01 7.110504282463018910e+01 7.361188305654621900e+01 7.629616205533825735e+01 7.914197218299030112e+01 8.212896553976302982e+01 8.523161336086538142e+01 8.841844536095368312e+01 9.165133733193563614e+01 9.488497854921152452e+01 9.806671584438495870e+01 1.011370181153267964e+02 1.040308066925778547e+02 1.066798280695111742e+02 1.090160944127705420e+02 1.109761977948860050e+02 1.125060604958905088e+02
