BlockUplift_2Ma_1kryTimeStep_2mmyr_k_5e-05_m_0.5_n_1.0_LinDiffusion_0.25_3x6km_30mRes_flow__link_to_receiver_node.txt
nrows 200
cellsize 30.0
xllcorner 0.0
ncols 100
yllcorner 0.0
[rows 0 to 16 of 200, columns 37 to 73 of 100]
-1.000000000000000000e+00 -1.000000000000000000e+00 -1.000000000000000000e+00 -1.000000000000000000e+00 -1.000000000000000000e+00 -1.000000000000000000e+00 -1.000000000000000000e+00 -1.000000000000000000e+00 -1.000000000000000000e+00 -1.000000000000000000e+00 -1.000000000000000000e+00 -1.000000000000000000e+00 -1.000000000000000000e+00 -1.000000000000000000e+00 -1.000000000000000000e+00 -1.000000000000000000e+00 -1.000000000000000000e+00 -1.000000000000000000e+00 -1.000000000000000000e+00 -1.000000000000000000e+00 -1.000000000000000000e+00 -1.000000000000000000e+00 -1.000000000000000000e+00 -1.000000000000000000e+00 -1.000000000000000000e+00 -1.000000000000000000e+00 -1.000000000000000000e+00 -1.000000000000000000e+00 -1.000000000000000000e+00 -1.000000000000000000e+00 -1.000000000000000000e+00 -1.000000000000000000e+00 -1.000000000000000000e+00 -1.000000000000000000e+00 -1.000000000000000000e+00 -1.000000000000000000e+00 -1.000000000000000000e+00
3.933900000000000000e+04 3.934000000000000000e+04 3.934100000000000000e+04 3.934200000000000000e+04 3.934300000000000000e+04 3.934400000000000000e+04 3.934500000000000000e+04 7.879200000000000000e+04 7.879400000000000000e+04 7.879600000000000000e+04 7.879800000000000000e+04 7.880000000000000000e+04 3.945000000000000000e+04 3.945100000000000000e+04 3.945200000000000000e+04 3.945300000000000000e+04 3.945400000000000000e+04 3.945500000000000000e+04 3.945600000000000000e+04 3.945700000000000000e+04 3.945800000000000000e+04 3.945900000000000000e+04 3.946000000000000000e+04 3.946100000000000000e+04 7.882600000000000000e+04 7.882800000000000000e+04 7.883300000000000000e+04 7.883500000000000000e+04 7.883700000000000000e+04 7.883900000000000000e+04 7.884100000000000000e+04 7.884300000000000000e+04 7.884500000000000000e+04 7.884700000000000000e+04 7.884900000000000000e+04 7.885100000000000000e+04 7.885300000000000000e+04
3.914000000000000000e+04 3.914100000000000000e+04 3.914200000000000000e+04 3.914300000000000000e+04 3.914400000000000000e+04 3.914500000000000000e+04 3.914600000000000000e+04 3.914700000000000000e+04 7.859600000000000000e+04 7.859800000000000000e+04 7.860000000000000000e+04 7.860200000000000000e+04 7.860400000000000000e+04 7.860600000000000000e+04 7.860800000000000000e+04 7.861000000000000000e+04 7.861200000000000000e+04 7.861400000000000000e+04 7.861600000000000000e+04 7.861800000000000000e+04 7.862000000000000000e+04 7.862200000000000000e+04 7.862400000000000000e+04 7.862600000000000000e+04 7.862800000000000000e+04 7.863000000000000000e+04 3.916600000000000000e+04 7.863700000000000000e+04 7.863900000000000000e+04 7.864100000000000000e+04 7.864300000000000000e+04 7.864500000000000000e+04 7.864700000000000000e+04 7.864900000000000000e+04 7.865100000000000000e+04 7.865300000000000000e+04 3.917600000000000000e+04
3.894100000000000000e+04 3.894200000000000000e+04 3.894300000000000000e+04 3.894400000000000000e+04 3.894500000000000000e+04 3.894600000000000000e+04 3.894700000000000000e+04 3.894800000000000000e+04 3.894900000000000000e+04 7.840000000000000000e+04 7.840200000000000000e+04 7.840400000000000000e+04 7.840600000000000000e+04 7.840800000000000000e+04 7.841000000000000000e+04 7.841200000000000000e+04 7.841400000000000000e+04 7.841600000000000000e+04 7.841800000000000000e+04 7.842000000000000000e+04 7.842200000000000000e+04 7.842400000000000000e+04 7.842600000000000000e+04 7.842800000000000000e+04 7.843000000000000000e+04 7.843200000000000000e+04 3.896700000000000000e+04 7.843900000000000000e+04 7.844100000000000000e+04 7.844300000000000000e+04 7.844500000000000000e+04 7.844700000000000000e+04 7.844900000000000000e+04 7.845100000000000000e+04 7.845300000000000000e+04 7.845500000000000000e+04 3.897700000000000000e+04
3.874200000000000000e+04 3.874300000000000000e+04 3.874400000000000000e+04 3.874500000000000000e+04 3.874600000000000000e+04 3.874700000000000000e+04 3.874800000000000000e+04 3.874900000000000000e+04 3.875000000000000000e+04 7.820200000000000000e+04 7.820400000000000000e+04 7.820600000000000000e+04 7.820800000000000000e+04 7.821000000000000000e+04 7.821200000000000000e+04 7.821400000000000000e+04 7.821600000000000000e+04 7.821800000000000000e+04 7.822000000000000000e+04 7.822200000000000000e+04 7.822400000000000000e+04 7.822600000000000000e+04 7.822800000000000000e+04 7.823000000000000000e+04 7.823200000000000000e+04 7.823400000000000000e+04 3.876800000000000000e+04 7.824100000000000000e+04 7.824300000000000000e+04 7.824500000000000000e+04 7.824700000000000000e+04 7.824900000000000000e+04 7.825100000000000000e+04 7.825300000000000000e+04 7.825500000000000000e+04 7.825700000000000000e+04 3.877800000000000000e+04
3.854300000000000000e+04 3.854400000000000000e+04 3.854500000000000000e+04 3.854600000000000000e+04 3.854700000000000000e+04 3.854800000000000000e+04 3.854900000000000000e+04 3.855000000000000000e+04 3.855100000000000000e+04 7.800400000000000000e+04 7.800600000000000000e+04 7.800800000000000000e+04 7.801000000000000000e+04 7.801200000000000000e+04 7.801400000000000000e+04 7.801600000000000000e+04 7.801800000000000000e+04 7.802000000000000000e+04 7.802200000000000000e+04 7.802400000000000000e+04 7.802600000000000000e+04 7.802800000000000000e+04 7.803000000000000000e+04 7.803200000000000000e+04 7.803400000000000000e+04 7.803600000000000000e+04 3.856900000000000000e+04 7.804300000000000000e+04 7.804500000000000000e+04 7.804700000000000000e+04 7.804900000000000000e+04 7.805100000000000000e+04 7.805300000000000000e+04 7.805500000000000000e+04 7.805700000000000000e+04 7.805900000000000000e+04 3.857900000000000000e+04
3.834400000000000000e+04 3.834500000000000000e+04 3.834600000000000000e+04 3.834700000000000000e+04 3.834800000000000000e+04 3.834900000000000000e+04 3.835000000000000000e+04 3.835100000000000000e+04 3.835200000000000000e+04 7.780600000000000000e+04 7.780800000000000000e+04 7.781000000000000000e+04 7.781200000000000000e+04 7.781400000000000000e+04 7.781600000000000000e+04 7.781800000000000000e+04 7.782000000000000000e+04 7.782200000000000000e+04 7.782400000000000000e+04 7.782600000000000000e+04 7.782800000000000000e+04 7.783000000000000000e+04 7.783200000000000000e+04 7.783400000000000000e+04 7.783600000000000000e+04 7.783800000000000000e+04 3.837000000000000000e+04 7.784500000000000000e+04 7.784700000000000000e+04 7.784900000000000000e+04 7.785100000000000000e+04 7.785300000000000000e+04 7.785500000000000000e+04 7.785700000000000000e+04 7.785900000000000000e+04 7.786100000000000000e+04 3.838000000000000000e+04
3.814500000000000000e+04 3.814600000000000000e+04 3.814700000000000000e+04 3.814800000000000000e+04 3.814900000000000000e+04 3.815000000000000000e+04 3.815100000000000000e+04 3.815200000000000000e+04 3.815300000000000000e+04 7.760800000000000000e+04 7.761000000000000000e+04 7.761200000000000000e+04 7.761400000000000000e+04 7.761600000000000000e+04 7.761800000000000000e+04 7.762000000000000000e+04 7.762200000000000000e+04 7.762400000000000000e+04 7.762600000000000000e+04 7.762800000000000000e+04 7.763000000000000000e+04 7.763200000000000000e+04 7.763400000000000000e+04 7.763600000000000000e+04 7.763800000000000000e+04 7.764000000000000000e+04 3.817100000000000000e+04 7.764700000000000000e+04 7.764900000000000000e+04 7.765100000000000000e+04 7.765300000000000000e+04 7.765500000000000000e+04 7.765700000000000000e+04 7.765900000000000000e+04 7.766100000000000000e+04 7.766300000000000000e+04 7.766500000000000000e+04
3.794600000000000000e+04 3.794700000000000000e+04 3.794800000000000000e+04 3.794900000000000000e+04 3.795000000000000000e+04 3.795100000000000000e+04 3.795200000000000000e+04 3.795300000000000000e+04 3.795400000000000000e+04 7.741000000000000000e+04 7.741200000000000000e+04 7.741400000000000000e+04 7.741600000000000000e+04 7.741800000000000000e+04 7.742000000000000000e+04 7.742200000000000000e+04 7.742400000000000000e+04 7.742600000000000000e+04 7.742800000000000000e+04 7.743000000000000000e+04 7.743200000000000000e+04 7.743400000000000000e+04 7.743600000000000000e+04 7.743800000000000000e+04 7.744000000000000000e+04 7.744200000000000000e+04 3.797200000000000000e+04 7.744900000000000000e+04 7.745100000000000000e+04 7.745300000000000000e+04 7.745500000000000000e+04 7.745700000000000000e+04 7.745900000000000000e+04 7.746100000000000000e+04 7.746300000000000000e+04 7.746500000000000000e+04 7.746700000000000000e+04
3.774700000000000000e+04 3.774800000000000000e+04 3.774900000000000000e+04 3.775000000000000000e+04 3.775100000000000000e+04 3.775200000000000000e+04 3.775300000000000000e+04 3.775400000000000000e+04 7.721000000000000000e+04 7.721200000000000000e+04 7.721400000000000000e+04 7.721600000000000000e+04 7.721800000000000000e+04 7.722000000000000000e+04 7.722200000000000000e+04 7.722400000000000000e+04 7.722600000000000000e+04 7.722800000000000000e+04 7.723000000000000000e+04 7.723200000000000000e+04 7.723400000000000000e+04 7.723600000000000000e+04 7.723800000000000000e+04 7.724000000000000000e+04 7.724200000000000000e+04 7.724400000000000000e+04 3.777300000000000000e+04 7.725100000000000000e+04 7.725300000000000000e+04 7.725500000000000000e+04 7.725700000000000000e+04 7.725900000000000000e+04 7.726100000000000000e+04 7.726300000000000000e+04 7.726500000000000000e+04 7.726700000000000000e+04 7.726900000000000000e+04
3.754800000000000000e+04 3.754900000000000000e+04 3.755000000000000000e+04 3.755100000000000000e+04 3.755200000000000000e+04 3.755300000000000000e+04 3.755400000000000000e+04 3.755500000000000000e+04 7.701200000000000000e+04 7.701400000000000000e+04 7.701600000000000000e+04 7.701800000000000000e+04 7.702000000000000000e+04 7.702200000000000000e+04 7.702400000000000000e+04 7.702600000000000000e+04 7.702800000000000000e+04 7.703000000000000000e+04 7.703200000000000000e+04 7.703400000000000000e+04 7.703600000000000000e+04 7.703800000000000000e+04 7.704000000000000000e+04 7.704200000000000000e+04 7.704400000000000000e+04 7.704600000000000000e+04 3.757400000000000000e+04 7.705300000000000000e+04 7.705500000000000000e+04 7.705700000000000000e+04 7.705900000000000000e+04 7.706100000000000000e+04 7.706300000000000000e+04 7.706500000000000000e+04 7.706700000000000000e+04 7.706900000000000000e+04 7.707100000000000000e+04
3.734900000000000000e+04 3.735000000000000000e+04 3.735100000000000000e+04 3.735200000000000000e+04 3.735300000000000000e+04 3.735400000000000000e+04 3.735500000000000000e+04 7.681200000000000000e+04 7.681400000000000000e+04 7.681600000000000000e+04 7.681800000000000000e+04 7.682000000000000000e+04 7.682200000000000000e+04 7.682400000000000000e+04 7.682600000000000000e+04 7.682800000000000000e+04 7.683000000000000000e+04 7.683200000000000000e+04 7.683400000000000000e+04 7.683600000000000000e+04 3.746800000000000000e+04 3.746900000000000000e+04 3.747000000000000000e+04 7.684400000000000000e+04 7.684600000000000000e+04 7.684800000000000000e+04 7.685300000000000000e+04 7.685500000000000000e+04 7.685700000000000000e+04 7.685900000000000000e+04 7.686100000000000000e+04 7.686300000000000000e+04 7.686500000000000000e+04 7.686700000000000000e+04 7.686900000000000000e+04 7.687100000000000000e+04 7.687300000000000000e+04
3.715000000000000000e+04 3.715100000000000000e+04 3.715200000000000000e+04 3.715300000000000000e+04 3.715400000000000000e+04 3.715500000000000000e+04 3.715600000000000000e+04 7.661400000000000000e+04 7.661600000000000000e+04 7.661800000000000000e+04 7.662000000000000000e+04 7.662200000000000000e+04 7.662400000000000000e+04 7.662600000000000000e+04 7.662800000000000000e+04 7.663000000000000000e+04 7.663200000000000000e+04 3.726600000000000000e+04 3.726700000000000000e+04 3.726800000000000000e+04 3.726900000000000000e+04 3.727000000000000000e+04 3.727100000000000000e+04 3.727200000000000000e+04 7.664800000000000000e+04 7.665000000000000000e+04 7.665500000000000000e+04 7.665700000000000000e+04 7.665900000000000000e+04 7.666100000000000000e+04 7.666300000000000000e+04 7.666500000000000000e+04 7.666700000000000000e+04 7.666900000000000000e+04 7.667100000000000000e+04 7.667300000000000000e+04 7.667500000000000000e+04
3.695100000000000000e+04 3.695200000000000000e+04 3.695300000000000000e+04 3.695400000000000000e+04 3.695500000000000000e+04 3.695600000000000000e+04 3.695700000000000000e+04 7.641600000000000000e+04 7.641800000000000000e+04 7.642000000000000000e+04 7.642200000000000000e+04 7.642400000000000000e+04 7.642600000000000000e+04 7.642800000000000000e+04 7.643000000000000000e+04 3.706500000000000000e+04 3.706600000000000000e+04 3.706700000000000000e+04 3.706800000000000000e+04 3.706900000000000000e+04 3.707000000000000000e+04 3.707100000000000000e+04 3.707200000000000000e+04 3.707300000000000000e+04 3.707400000000000000e+04 7.645200000000000000e+04 7.645700000000000000e+04 7.645900000000000000e+04 7.646100000000000000e+04 7.646300000000000000e+04 7.646500000000000000e+04 7.646700000000000000e+04 7.646900000000000000e+04 7.647100000000000000e+04 7.647300000000000000e+04 7.647500000000000000e+04 7.647700000000000000e+04
7.620700000000000000e+04 3.675300000000000000e+04 3.675400000000000000e+04 3.675500000000000000e+04 3.675600000000000000e+04 3.675700000000000000e+04 7.621600000000000000e+04 7.621800000000000000e+04 7.622000000000000000e+04 7.622200000000000000e+04 7.622400000000000000e+04 7.622600000000000000e+04 7.622800000000000000e+04 3.686400000000000000e+04 3.686500000000000000e+04 3.686600000000000000e+04 3.686700000000000000e+04 3.686800000000000000e+04 3.686900000000000000e+04 3.687000000000000000e+04 3.687100000000000000e+04 3.687200000000000000e+04 3.687300000000000000e+04 3.687400000000000000e+04 3.687500000000000000e+04 7.625400000000000000e+04 7.625900000000000000e+04 7.626100000000000000e+04 7.626300000000000000e+04 7.626500000000000000e+04 7.626700000000000000e+04 7.626900000000000000e+04 7.627100000000000000e+04 7.627300000000000000e+04 7.627500000000000000e+04 7.627700000000000000e+04 7.627900000000000000e+04
7.600900000000000000e+04 3.655400000000000000e+04 3.655500000000000000e+04 3.655600000000000000e+04 3.655700000000000000e+04 7.601600000000000000e+04 7.601800000000000000e+04 7.602000000000000000e+04 7.602200000000000000e+04 7.602400000000000000e+04 7.602600000000000000e+04 3.666300000000000000e+04 3.666400000000000000e+04 3.666500000000000000e+04 3.666600000000000000e+04 3.666700000000000000e+04 3.666800000000000000e+04 3.666900000000000000e+04 3.667000000000000000e+04 3.667100000000000000e+04 3.667200000000000000e+04 3.667300000000000000e+04 3.667400000000000000e+04 3.667500000000000000e+04 3.667600000000000000e+04 7.605900000000000000e+04 7.606100000000000000e+04 7.606300000000000000e+04 7.606500000000000000e+04 7.606700000000000000e+04 7.606900000000000000e+04 7.607100000000000000e+04 7.607300000000000000e+04 7.607500000000000000e+04 7.607700000000000000e+04 7.607900000000000000e+04 7.608100000000000000e+04
7.581100000000000000e+04 7.581300000000000000e+04 3.635600000000000000e+04 3.635700000000000000e+04 3.635800000000000000e+04 7.581800000000000000e+04 7.582000000000000000e+04 7.582200000000000000e+04 7.582400000000000000e+04 3.646200000000000000e+04 3.646300000000000000e+04 3.646400000000000000e+04 3.646500000000000000e+04 3.646600000000000000e+04 3.646700000000000000e+04 3.646800000000000000e+04 3.646900000000000000e+04 3.647000000000000000e+04 3.647100000000000000e+04 3.647200000000000000e+04 3.647300000000000000e+04 3.647400000000000000e+04 3.647500000000000000e+04 3.647600000000000000e+04 3.647700000000000000e+04 7.586100000000000000e+04 7.586300000000000000e+04 7.586500000000000000e+04 7.586700000000000000e+04 7.586900000000000000e+04 7.587100000000000000e+04 7.587300000000000000e+04 7.587500000000000000e+04 7.587700000000000000e+04 7.587900000000000000e+04 7.588100000000000000e+04 7.588300000000000000e+04
