BlockUplift_2Ma_1kryTimeStep_2mmyr_k_5e-05_m_0.5_n_1.0_LinDiffusion_0.75_6x3km_30mRes_topographic__steepest_slope.txt
nrows 100
cellsize 30.0
xllcorner 0.0
ncols 200
yllcorner 0.0
[rows 51 to 67 of 100, columns 37 to 73 of 200]
3.101215026357370674e-01 2.892698550708587280e-01 2.639947956536464746e-01 2.341028368059085152e-01 1.996035539941052039e-01 1.607622993345879936e-01 1.309414649078044501e-01 1.034040592992507973e-01 8.349453523794067578e-02 1.113110396959815784e-01 1.430131261347887817e-01 1.715407977274375495e-01 1.964804494510036248e-01 2.288873482918063473e-01 2.582050688599091814e-01 2.831502196603518651e-01 3.040000031627698718e-01 3.211352987672626003e-01 3.349736651516422858e-01 3.459007452364327717e-01 3.541822568639361180e-01 3.598390626012417104e-01 3.624846332046937625e-01 3.611578808960682063e-01 3.542251225623582744e-01 3.394513374174455977e-01 3.143257860673808746e-01 2.766534844270457372e-01 2.253039984895735814e-01 1.608911652940122339e-01 1.035372167986867153e-01 6.031345119827923040e-02 6.016452370747250172e-02 9.568666788969699966e-02 1.502747669911135009e-01 2.152493629208190040e-01 2.673766144096049180e-01
3.041940380534735033e-01 2.825000005181986240e-01 2.566131186839072376e-01 2.263946896917938545e-01 1.919000969012567281e-01 1.585561371811582965e-01 1.345575276265522646e-01 1.081332846441381140e-01 9.655768896000911650e-02 1.218527075436110635e-01 1.526762646350557917e-01 1.803955326386174618e-01 2.046307464220473715e-01 2.252331172276424986e-01 2.536684478909629892e-01 2.781589947311203792e-01 2.988211706954529978e-01 3.160324274764604868e-01 3.302016096932959277e-01 3.417005854474022275e-01 3.507756490599376886e-01 3.574201971762496211e-01 3.612067601785478588e-01 3.611113808111326984e-01 3.554068461487494002e-01 3.417307189826128133e-01 3.174201983092511115e-01 2.801295093354307375e-01 2.286184544405567010e-01 1.634741386962275667e-01 1.045978367349322397e-01 6.044843005255320922e-02 6.020116564481554911e-02 9.691326516911194511e-02 1.532877774631723755e-01 2.191295216676716617e-01 2.715626257336253846e-01
2.972391176776094657e-01 2.747480142561585237e-01 2.483183114886382270e-01 2.178602193135247833e-01 1.834684743063348944e-01 1.617614412223905285e-01 1.387059930011694531e-01 1.133717649725392435e-01 1.105347592462180700e-01 1.331042289499798636e-01 1.629977994885397352e-01 1.898880356915919609e-01 2.134243424026538161e-01 2.334593633268017276e-01 2.500379098871906569e-01 2.730444303992441979e-01 2.933341510519937856e-01 3.104132079253417720e-01 3.246976794552040024e-01 3.365626446713141373e-01 3.462506688784685593e-01 3.537406302394989210e-01 3.585736962074274059e-01 3.596691192719371766e-01 3.552087380229390079e-01 3.427017612834371563e-01 3.193289672046252803e-01 2.825865042914898484e-01 2.311152333152297900e-01 1.654658282216180110e-01 1.070297420115414594e-01 6.287157762527897931e-02 6.253525940779998404e-02 9.965607631034183178e-02 1.559024169864320075e-01 2.223809129933357609e-01 2.749137057847804155e-01
2.892365096864655816e-01 2.660351818210585639e-01 2.391656339157558764e-01 2.085807405572893403e-01 1.852292584571989809e-01 1.655096353171456591e-01 1.433662568442499730e-01 1.202065517132988731e-01 1.251741862188036347e-01 1.447704774088847957e-01 1.736743650083892032e-01 1.997137503447148077e-01 2.225636887519072682e-01 2.420717642059395935e-01 2.582559117805524052e-01 2.712870230267662719e-01 2.877720933328040132e-01 3.045218727526579072e-01 3.186974299016621104e-01 3.306961246553479783e-01 3.407769904377876968e-01 3.489232346498738480e-01 3.546603525659653422e-01 3.568621995694399862e-01 3.536261500372309685e-01 3.423344435746495384e-01 3.200079568458818469e-01 2.839771429268249103e-01 2.327533752082018847e-01 1.668389105108559478e-01 1.110168340719161623e-01 6.785241382576240321e-02 6.742801805358453193e-02 1.040816587255170705e-01 1.586399533628834180e-01 2.249605802015887945e-01 2.773874212090314817e-01
2.802353125530885336e-01 2.564493287712707459e-01 2.292705115804039850e-01 2.053722007028639940e-01 1.887655497350525236e-01 1.697680899425897949e-01 1.484981080759802119e-01 1.353344136246126539e-01 1.402223065890041143e-01 1.565413337693770390e-01 1.843869911020386554e-01 2.095481014917106033e-01 2.317234361216627125e-01 2.507504357713838394e-01 2.666131466204862965e-01 2.794375193811191593e-01 2.894737966905301940e-01 2.986586640630434775e-01 3.125185444462905138e-01 3.244133560032688712e-01 3.346403389397361594e-01 3.432098908876696219e-01 3.496531863824808850e-01 3.528164941159862567e-01 3.507256419966590100e-01 3.406431993889346699e-01 3.194316197851529981e-01 2.842515565601890781e-01 2.334758367353837738e-01 1.720402838209594831e-01 1.166960038616080136e-01 7.561136236239747455e-02 7.509665248413739669e-02 1.103234728290396066e-01 1.654280650517800932e-01 2.268094248923688272e-01 2.789281727030262226e-01
2.703500981588622953e-01 2.461330356340568071e-01 2.226651256849495886e-01 2.088401852816420545e-01 1.927679806811319341e-01 1.744650827926728098e-01 1.540371807933890724e-01 1.508024728229296896e-01 1.554411800880643457e-01 1.681168530918404902e-01 1.948271375268740835e-01 2.190734899594669605e-01 2.405780409425990196e-01 2.591646457389164548e-01 2.747780450502359528e-01 2.874929991465226542e-01 2.975088756660602685e-01 3.051302494165839541e-01 3.107352075335385599e-01 3.181016993706786145e-01 3.282265965655994933e-01 3.369591327433510974e-01 3.438608923320828348e-01 3.477742308208954802e-01 3.466741309407173621e-01 3.377197702320434702e-01 3.176258365594473165e-01 2.833871085879745011e-01 2.332341043655039303e-01 1.798414478496565272e-01 1.240917648193203132e-01 8.621562688972232713e-02 8.561066600047410879e-02 1.184095007754231571e-01 1.738651502851599195e-01 2.278664101763969996e-01 2.794877828549270360e-01
2.597473269406994634e-01 2.375396165216829836e-01 2.261375908369045729e-01 2.126738289167269258e-01 1.971159554645129930e-01 1.794948424730934411e-01 1.604028243714992752e-01 1.663843107590177450e-01 1.706228815823938871e-01 1.792289463526178517e-01 2.047192341040771912e-01 2.280034790874964912e-01 2.488279733708580466e-01 2.670009460789120048e-01 2.824239970525420085e-01 2.951160854491965968e-01 3.052209870119406698e-01 3.129963999152175491e-01 3.187862470699244222e-01 3.229743485016222104e-01 3.259101505151324463e-01 3.306131416734918727e-01 3.376960391940296291e-01 3.420911277376149084e-01 3.417504727981717227e-01 3.337564840572440628e-01 3.146988720742086576e-01 2.814223127619338016e-01 2.361773820563472792e-01 1.890004342782790614e-01 1.330656628230643956e-01 9.949093947373910396e-02 9.880229936454724970e-02 1.282032359299246638e-01 1.837935873267733666e-01 2.308869144252977124e-01 2.790561848060415517e-01
2.503235199050767856e-01 2.410195711508685279e-01 2.298312371254103703e-01 2.167081542211883871e-01 2.016599763787555455e-01 1.847303942032779700e-01 1.763145377178602646e-01 1.818802893618112759e-01 1.855971166602804201e-01 1.896556447139517709e-01 2.138357584466729355e-01 2.360998155020566092e-01 2.562195587935197083e-01 2.739864151456646857e-01 2.892562073476022122e-01 3.019889033397063494e-01 3.122694814201362745e-01 3.203056092863085236e-01 3.264035939620850701e-01 3.309220824687540974e-01 3.341956842800654082e-01 3.364161039845852130e-01 3.374666592795105280e-01 3.367334022673720284e-01 3.363336450127064614e-01 3.290515369279053970e-01 3.108605800679669073e-01 2.827322993357286318e-01 2.463401553804157040e-01 1.991742227995011993e-01 1.432914611896884127e-01 1.149695165894778909e-01 1.142121809703382923e-01 1.393718376737153042e-01 1.948666115766029272e-01 2.419372138666759653e-01 2.783540209550188216e-01
2.537682914615481122e-01 2.445632167452793937e-01 2.335580339730502497e-01 2.207664839843560822e-01 2.062425431037444856e-01 1.900394289461141695e-01 1.920432793488676682e-01 1.971241587500287551e-01 2.002315236511947316e-01 2.014561458227300816e-01 2.220039570812765428e-01 2.431810736667888440e-01 2.625566099068937231e-01 2.799043011130478709e-01 2.950322545706778876e-01 3.078392267105771185e-01 3.183493322495280498e-01 3.267183133154858421e-01 3.332127515684907837e-01 3.381631695740183741e-01 3.418850021733302325e-01 3.445563860177726645e-01 3.460494161534724000e-01 3.457386399473683092e-01 3.423523470791695611e-01 3.339682809519947115e-01 3.182545213840246023e-01 2.929933344084506008e-01 2.568048041275752813e-01 2.098544638000457430e-01 1.542600422246717395e-01 1.318847935424884155e-01 1.310817088837827327e-01 1.513873382380891974e-01 2.065587451828312104e-01 2.534036875319343185e-01 2.896250656743742935e-01
2.571446166323206328e-01 2.479869026756309769e-01 2.371389479836088776e-01 2.246829683659043453e-01 2.107169270762193070e-01 2.008479277179219535e-01 2.074250607549364134e-01 2.119826083914157777e-01 2.144260084653429599e-01 2.148679953608677862e-01 2.291055487889270270e-01 2.491239558626061612e-01 2.677042629011062158e-01 2.846015334474742975e-01 2.995745489771104442e-01 3.124591635968778092e-01 3.232171907492744078e-01 3.319513134250727804e-01 3.388872797466135345e-01 3.443258682060562625e-01 3.485606759440302294e-01 3.517524629911870093e-01 3.537578937939863666e-01 3.539371301255868074e-01 3.510061768545925109e-01 3.430355925895113844e-01 3.276956866799501378e-01 3.027844623545364877e-01 2.669527449747834957e-01 2.204082429995407877e-01 1.653124358247118064e-01 1.492146907508488940e-01 1.483947362822713445e-01 1.635598437136188965e-01 2.182063805001315249e-01 2.646322939432885213e-01 3.004985291422739846e-01
2.602953819750952191e-01 2.511307148769142406e-01 2.404210644990761592e-01 2.283178334024120737e-01 2.149596146484452630e-01 2.161393503671945326e-01 2.223301675541942413e-01 2.263492803255000296e-01 2.281036728056619611e-01 2.277229602713722045e-01 2.350718200100860855e-01 2.538593754677649361e-01 2.715866560897869375e-01 2.879889426312952083e-01 3.027743351961426632e-01 3.157143896624333146e-01 3.267073703372494475e-01 3.358019354383229849e-01 3.431822656062643029e-01 3.491185998604201535e-01 3.538814511611433899e-01 3.576123706202600228e-01 3.601506872624196109e-01 3.608415105033325743e-01 3.583908665528687809e-01 3.508685993815582882e-01 3.359572756038339270e-01 3.114809679120585928e-01 2.761263122369808087e-01 2.301369771812740717e-01 1.756970972452080448e-01 1.657697410927966020e-01 1.649651862621283327e-01 1.750978922351713596e-01 2.290706918209597376e-01 2.749206348137411271e-01 3.102972505273900450e-01
2.630893305654156133e-01 2.538659656863465064e-01 2.432850485542341068e-01 2.315638282394263670e-01 2.230154273532529430e-01 2.308480110292956966e-01 2.366546261006154395e-01 2.401360982916798947e-01 2.412012221898445774e-01 2.399917137810367307e-01 2.398765774747221302e-01 2.573656217012936787e-01 2.741805301329880429e-01 2.900358590709065099e-01 3.045881804004265114e-01 3.175437112071128887e-01 3.287358951225362036e-01 3.381580767745172023e-01 3.459518081890758379e-01 3.523560211616370563e-01 3.576175482525973393e-01 3.618582326113570224e-01 3.648999746085180851e-01 3.660739992538948884e-01 3.640799105386747780e-01 3.569933955192475805e-01 3.425179161111375770e-01 3.185112463051681386e-01 2.836976433795759256e-01 2.383479546645513591e-01 1.846474451728296051e-01 1.803193739444376720e-01 1.795635542083885983e-01 1.851901633201551434e-01 2.384149357557035220e-01 2.835949068430533848e-01 3.183989565843579617e-01
2.654191385787010860e-01 2.560945951077197580e-01 2.456447222397524222e-01 2.343454498167156508e-01 2.372907478163824579e-01 2.448841925982492285e-01 2.503101252068916094e-01 2.532649912283583826e-01 2.536612320181120817e-01 2.516479385042449390e-01 2.475928362697345508e-01 2.596605062774853812e-01 2.755067695124105986e-01 2.907612014068620132e-01 3.050289965608840581e-01 3.179506762106000806e-01 3.292936390564251137e-01 3.389940643168375400e-01 3.471489370148699294e-01 3.539643365506273121e-01 3.596625043993872950e-01 3.643453958865550679e-01 3.678182386092284650e-01 3.694005464699648411e-01 3.677896875754194106e-01 3.610735317234846087e-01 3.469838664283071417e-01 3.234180103798466321e-01 2.891382819854408370e-01 2.444343311381144412e-01 1.932765389876787421e-01 1.917452307817417989e-01 1.910704870417551660e-01 1.931017424043191544e-01 2.455892006327171362e-01 2.900859626280986037e-01 3.243060255381818302e-01
2.671963978202113732e-01 2.577445580599831976e-01 2.474423361752620121e-01 2.416441882971772370e-01 2.508228997497231605e-01 2.581698781426723377e-01 2.632159163567621141e-01 2.656622780194178857e-01 2.654275918419614078e-01 2.626633468870276378e-01 2.577362983752740089e-01 2.607937466857989661e-01 2.756215307085906341e-01 2.902231954493202926e-01 3.041542671919949536e-01 3.169903822857066955e-01 3.284320418027565913e-01 3.383559230805374130e-01 3.468114020675721054e-01 3.539688434925389315e-01 3.600238688176284896e-01 3.650577145895229636e-01 3.688595319555811880e-01 3.707393972412089678e-01 3.693966050789877498e-01 3.629370816933749633e-01 3.491274825336024845e-01 3.259097623489538575e-01 2.920852001094785266e-01 2.479568138230710816e-01 2.004171828475316830e-01 1.992016940123031987e-01 1.986371051607505878e-01 1.987971349619821748e-01 2.501143709000148152e-01 2.939976850652551987e-01 3.276999172260631754e-01
2.683478648817549383e-01 2.587650486402456873e-01 2.486430095438652843e-01 2.545106126848868944e-01 2.635500954751250902e-01 2.706311717513907866e-01 2.752946594224018328e-01 2.772566248704000369e-01 2.764442768549448259e-01 2.730061046259701363e-01 2.672960770966653632e-01 2.608401844957927151e-01 2.746080458776579136e-01 2.885094704777892427e-01 3.020540441590500169e-01 3.147549949366489352e-01 3.262459297530187485e-01 3.363415797454862854e-01 3.450397356941661831e-01 3.524707682563777977e-01 3.588001595478850780e-01 3.640863600320568549e-01 3.681021891306638372e-01 3.701499932272079296e-01 3.689346304003219834e-01 3.625852812836290462e-01 3.489093048804400854e-01 3.258982510354092588e-01 2.923947355900047840e-01 2.487138917999685006e-01 2.031274057477266692e-01 2.022529337658947324e-01 2.018214198093441214e-01 2.019030614593447237e-01 2.517527065718085377e-01 2.951594131368860396e-01 3.284757899316515517e-01
2.688151902447715180e-01 2.591237626697009966e-01 2.561749192876580650e-01 2.665491337615075174e-01 2.754104661738115967e-01 2.821959107342517092e-01 2.864724034520899631e-01 2.879801999266760615e-01 2.866567111836218484e-01 2.826416841182435857e-01 2.762646593433032427e-01 2.680150527389590365e-01 2.725695966966820705e-01 2.857285868724278588e-01 2.988405264541052486e-01 3.113607595947594509e-01 3.228573853633419088e-01 3.330812221033937481e-01 3.419740904953525451e-01 3.496210337370472820e-01 3.561525349411268082e-01 3.616008988436151261e-01 3.657212969318237028e-01 3.678092015660086034e-01 3.665778612828682337e-01 3.601840085038674477e-01 3.464806897842874212e-01 3.235137793743309009e-01 2.901709358309197406e-01 2.467819736644034367e-01 2.015072104887868365e-01 2.009501811599704868e-01 2.006651571629286535e-01 2.007120456299702482e-01 2.505483359336000970e-01 2.936515164285573576e-01 3.267521476254461876e-01
2.685578685931372389e-01 2.588064602752059296e-01 2.674368559641152610e-01 2.777122284199909363e-01 2.863417806844097413e-01 2.927956133774235470e-01 2.966815876324725987e-01 2.977718546342032480e-01 2.960145870323970252e-01 2.915350299525982791e-01 2.846275169282970752e-01 2.757368450989796660e-01 2.696236736124366096e-01 2.820033121855740066e-01 2.946400015108621151e-01 3.069379550436900916e-01 3.184029877092023342e-01 3.287211799178462734e-01 3.377743370788829913e-01 3.455964940170092037e-01 3.522775079529388842e-01 3.578192820572714816e-01 3.619571767569390586e-01 3.639798405228233391e-01 3.626108202811882397e-01 3.560375268908529955e-01 3.421623572418913128e-01 3.190892626739251781e-01 2.857548455250827346e-01 2.425083501594903768e-01 1.961214583782956711e-01 1.958206168176597484e-01 1.956831241766337770e-01 1.959814384479948712e-01 2.468223898240849423e-01 2.897937900092608099e-01 3.228506055017340559e-01
