BlockUplift_2Ma_1kryTimeStep_2mmyr_k_5e-05_m_0.5_n_1.0_LinDiffusion_0.25_3x6km_30mRes_topographic__steepest_slope.txt
nrows 200
cellsize 30.0
xllcorner 0.0
ncols 100
yllcorner 0.0
[rows 170 to 186 of 200, columns 37 to 73 of 100]
2.307484246523775484e-01 3.205375403855185712e-01 3.500149721188653418e-01 3.382922814674050871e-01 3.088181789724250281e-01 2.773135544982551215e-01 2.499943348948751864e-01 2.270290188384744001e-01 2.059996025976810474e-01 1.837285762189139748e-01 1.570720202434358614e-01 1.368474616995804805e-01 1.144674965705990005e-01 9.246873834432942085e-02 1.160098066966603614e-01 1.465880637578829693e-01 1.703839687352979859e-01 2.004393379868152636e-01 2.266818499391566322e-01 2.464307590845199458e-01 2.617915971113679574e-01 2.751575728914749108e-01 2.880430932301938918e-01 2.980776908882484810e-01 2.951721593580737824e-01 2.616497778888567383e-01 1.817348874356539967e-01 5.733048282865903927e-02 2.025361181042389588e-02 8.475484411928514705e-02 2.059610726521356183e-01 2.801241307440880401e-01 3.059927744149007478e-01 2.992763933105370144e-01 2.765488083406732467e-01 2.459436443940489769e-01 2.076563383723017409e-01
2.299029483691171494e-01 3.153005243516479594e-01 3.404852398693501980e-01 3.257984156341331983e-01 2.950249417237477134e-01 2.634284826107091138e-01 2.365769780907849562e-01 2.142070956910780977e-01 1.937284949664710154e-01 1.722131511125241654e-01 1.618408715448920454e-01 1.464666919830278635e-01 1.253268619809243256e-01 1.151059686984846481e-01 1.293563040059290403e-01 1.576515282422907283e-01 1.800720333936248196e-01 1.960585963128075870e-01 2.147385642045009091e-01 2.336825038151090494e-01 2.486225398288354482e-01 2.619850328689210528e-01 2.755062412595293830e-01 2.872406028314714033e-01 2.874127393800799957e-01 2.580469414689280372e-01 1.823692705497047539e-01 6.127814035331671794e-02 1.716219945091855548e-02 7.859711276113756639e-02 1.981210112160004255e-01 2.707041371160358034e-01 2.953882147200189712e-01 2.885404328684681441e-01 2.671285092978777920e-01 2.392336799203642894e-01 2.047467012664156982e-01
2.249819937401028314e-01 3.043594412833348084e-01 3.246453785178521345e-01 3.073683908923892094e-01 2.763601327171864575e-01 2.460674607433863403e-01 2.211050016861292877e-01 2.005482300107208349e-01 1.908011134981980883e-01 1.833398411469942257e-01 1.722680321204120846e-01 1.568318994573428826e-01 1.366779059010102271e-01 1.378117345240828795e-01 1.419951774329813454e-01 1.679718549127930116e-01 1.892758718264967166e-01 2.051616742871273935e-01 2.154812300640700506e-01 2.214004751413739258e-01 2.352484013520950157e-01 2.478412976374414767e-01 2.612760243312403641e-01 2.741443357700816819e-01 2.771542282546614611e-01 2.522664559055404765e-01 1.818375355156466866e-01 6.554900500747844194e-02 2.356716737479018844e-02 7.070883622312369721e-02 1.878034824037593808e-01 2.589359990892792784e-01 2.832255796493176603e-01 2.773024633444289289e-01 2.582242678619086629e-01 2.338821267161705353e-01 2.066714386393558589e-01
2.159357209666235289e-01 2.887778490904565620e-01 3.046804931049602039e-01 2.859954944641794894e-01 2.561943221105759672e-01 2.286052328385068111e-01 2.158822902630501417e-01 2.104773336061514510e-01 2.038084541140432193e-01 1.946147398717028576e-01 1.822260090391895349e-01 1.664964082129791190e-01 1.561556974925802366e-01 1.595099449122538149e-01 1.582314015780582339e-01 1.762939366893608584e-01 1.965040851138136480e-01 2.125877713718681838e-01 2.239146367949905458e-01 2.305638016873519658e-01 2.334659637183451319e-01 2.348062848356032017e-01 2.473422211914704516e-01 2.605173730090058482e-01 2.657326316676185685e-01 2.451871233922517379e-01 1.805869015411407930e-01 9.186175005242130931e-02 5.968549205858740547e-02 8.559380867139460003e-02 1.757238224821241201e-01 2.460624523832374566e-01 2.712272176257120582e-01 2.675509286064164938e-01 2.558839091766325624e-01 2.431728602379939763e-01 2.239706047291713520e-01
2.040742020592328232e-01 2.711673096870237942e-01 2.842661271311361926e-01 2.659158224430863693e-01 2.489123186821785294e-01 2.399971493938375666e-01 2.322591073460234801e-01 2.245522020551840303e-01 2.154141708757526252e-01 2.039657035171107136e-01 1.901058708947798714e-01 1.742642101336863147e-01 1.765321157156127529e-01 1.795567822928073043e-01 1.772333029239130664e-01 1.818684979991789519e-01 2.007558565267248685e-01 2.170029895957807375e-01 2.294924740621273607e-01 2.377850484989127711e-01 2.424516575323370227e-01 2.450572923865751152e-01 2.475663896460100488e-01 2.504068857341982257e-01 2.550747446899137572e-01 2.382837799606851437e-01 1.919106291633606576e-01 1.222708788867776231e-01 9.751069186664693134e-02 1.073633360990162572e-01 1.913874321724328698e-01 2.492482884645753904e-01 2.752975534114389111e-01 2.791368148167898688e-01 2.717965640939400407e-01 2.586504480984599397e-01 2.395563450588766574e-01
2.133142567551457314e-01 2.652020589995496835e-01 2.826580889976982869e-01 2.789947835022353329e-01 2.678622773221240871e-01 2.563984861996573272e-01 2.459661239421724321e-01 2.354554655883183134e-01 2.236052357866133711e-01 2.099359225613330326e-01 1.948997973004689410e-01 1.868327826293883220e-01 1.946769230484164948e-01 1.975449543647717632e-01 1.942985517422414488e-01 1.856838739088023660e-01 2.017061869559919063e-01 2.178307350422948319e-01 2.312981711207186264e-01 2.411358855526914147e-01 2.475242325766792428e-01 2.518474504474677578e-01 2.560953201671717916e-01 2.609286366274243263e-01 2.624335447285490730e-01 2.504220284795862228e-01 2.130011171969871386e-01 1.473031746860637425e-01 1.273403255318337757e-01 1.357178463830763238e-01 2.035914576375580376e-01 2.607815691057252527e-01 2.867121466095858273e-01 2.903863783317809921e-01 2.827485009221453183e-01 2.694831800249786746e-01 2.508818902453963107e-01
2.388127579958087277e-01 2.868762802252544653e-01 3.014439933316176434e-01 2.954056188776034708e-01 2.819514668618610109e-01 2.680047616728917226e-01 2.549250338226691226e-01 2.417305751464250974e-01 2.274254575798849709e-01 2.119591034649565831e-01 1.963073258797533582e-01 2.018633025785628032e-01 2.103231229593272300e-01 2.131287597786704624e-01 2.092415724168925351e-01 1.993396869336294119e-01 1.996096825808867659e-01 2.152404343380048823e-01 2.293522791438455111e-01 2.404441738620013702e-01 2.482667630219262400e-01 2.539790983795682799e-01 2.595582945363248961e-01 2.658441300800898910e-01 2.692344909289819399e-01 2.597614811964736869e-01 2.252437991281753260e-01 1.617643947602943888e-01 1.424292631184428670e-01 1.480030502724394015e-01 2.063758824914032897e-01 2.629880083945841940e-01 2.891394436720651773e-01 2.932361224110308640e-01 2.860781619789580787e-01 2.735751998143159947e-01 2.563629842356410227e-01
2.537712050130979113e-01 2.993729282289928073e-01 3.122935880925750141e-01 3.048953026094463059e-01 2.898665701990771892e-01 2.739671350472234757e-01 2.586526976883374296e-01 2.431744118171432767e-01 2.268871799567102332e-01 2.102016600630797760e-01 2.015893808057370451e-01 2.144151470404570548e-01 2.232439783312268333e-01 2.259920631131961954e-01 2.218290065370193131e-01 2.112702377324808256e-01 1.961202861046947021e-01 2.098572269623250608e-01 2.243008937306811279e-01 2.363879978644899404e-01 2.453958319792814424e-01 2.521761318280191788e-01 2.586022482728978500e-01 2.655843008410727624e-01 2.697021870484175299e-01 2.611171207074494127e-01 2.274232791604091641e-01 1.639576398667505763e-01 1.415745763565790238e-01 1.431672736100286503e-01 1.996632395512586700e-01 2.555754824032918648e-01 2.821156331465521361e-01 2.871677504654606694e-01 2.813314029016782403e-01 2.705979045853778020e-01 2.557804731627111305e-01
2.573355851594035237e-01 3.023858784020666546e-01 3.152986109269011461e-01 3.077960740260579642e-01 2.920686169429463352e-01 2.748037699013838875e-01 2.576855939203132051e-01 2.403332136241308759e-01 2.225516029076093638e-01 2.052280052867159477e-01 2.110224311394309493e-01 2.244763373718275945e-01 2.332742927817804401e-01 2.359162810433351465e-01 2.318392854902716349e-01 2.213421300157610572e-01 2.056833483958276643e-01 2.024359345401116617e-01 2.169785205988407351e-01 2.299226075059171703e-01 2.400421322807149427e-01 2.477725985594738112e-01 2.547389336163439211e-01 2.617579029649407807e-01 2.654337871735762411e-01 2.560022848120938055e-01 2.210338186639838609e-01 1.556428835762199980e-01 1.287440534383326451e-01 1.259091626834911437e-01 1.870320227109859290e-01 2.418811975624867716e-01 2.686229861728123836e-01 2.747618910170295803e-01 2.706676595050598322e-01 2.622772703663149296e-01 2.504231652192491220e-01
2.508064066929832081e-01 2.971838043832317200e-01 3.116987081446762065e-01 3.052754601135499457e-01 2.896176439937039881e-01 2.714553794013938037e-01 2.528613992647167352e-01 2.339785984652760220e-01 2.151555317185597782e-01 2.019724531399428313e-01 2.186250893938653517e-01 2.320174522376717563e-01 2.403748844389871353e-01 2.428491916150216923e-01 2.391510114309980395e-01 2.293550531618417099e-01 2.141180834895924645e-01 1.950505745631801457e-01 2.081251613833124681e-01 2.218695668899384466e-01 2.331742758660382830e-01 2.419536567875177346e-01 2.494168325299163935e-01 2.561026107751098735e-01 2.584972282414466083e-01 2.469306950010282942e-01 2.092746278998596221e-01 1.410484257780095230e-01 1.109432355398671660e-01 1.045387097372904861e-01 1.740322624806577290e-01 2.274800850990193746e-01 2.626908694383464082e-01 2.724992246807549923e-01 2.656586734327845423e-01 2.518897074862853080e-01 2.426959298903913487e-01
2.363931358214134693e-01 2.854243861072698896e-01 3.027632554079013882e-01 2.983459274290699015e-01 2.833663758655273757e-01 2.646835155936109185e-01 2.449032668926797163e-01 2.248336670595946218e-01 2.054296571974314756e-01 2.075891071923275377e-01 2.243838368746395306e-01 2.370736339742298415e-01 2.446635842628523960e-01 2.469186049083598733e-01 2.437898514541871064e-01 2.351579677363626331e-01 2.211206045977623658e-01 2.025723482137896381e-01 1.983081563815350667e-01 2.127916642654819612e-01 2.253941116687906976e-01 2.354432668892432468e-01 2.435871993038946914e-01 2.499291639029041223e-01 2.507522205635665524e-01 2.365825311070207104e-01 1.959677629417559408e-01 1.253841014464168180e-01 9.535086909550850864e-02 9.223944631507664804e-02 1.655873772199519811e-01 2.251985999721815290e-01 2.627980468644438017e-01 2.693947504061933729e-01 2.594023735029855060e-01 2.427429713168076375e-01 2.350258421683860677e-01
2.164046097219992915e-01 2.685989185980635630e-01 2.893817709425545726e-01 2.875501931524805377e-01 2.737286634498000693e-01 2.549180504121643653e-01 2.343306769677580004e-01 2.135203906415187869e-01 1.940574834313820163e-01 2.121778906463769598e-01 2.282948592420126488e-01 2.397852567884721509e-01 2.463950181978414034e-01 2.483952067364754157e-01 2.459233443306416689e-01 2.387171320273893116e-01 2.264208150656363272e-01 2.092588374180275879e-01 1.885923188934716110e-01 2.030451914690225568e-01 2.169921157827073566e-01 2.285382634567186821e-01 2.376844034436090825e-01 2.440000002580537675e-01 2.435446098040593421e-01 2.271770980089387049e-01 1.844208548403583336e-01 1.130118167223059245e-01 8.654156100093454707e-02 9.156304699398938596e-02 1.636592141067186035e-01 2.262874964902522323e-01 2.596924398407035595e-01 2.624101847130802523e-01 2.491161108337607288e-01 2.364345158514230827e-01 2.286313017975809547e-01
1.929556343283303221e-01 2.480173378062670297e-01 2.722138727395375102e-01 2.731693370803811027e-01 2.608784474282221932e-01 2.424165817213283503e-01 2.215690736384322013e-01 2.006187383192584994e-01 1.966521219750617944e-01 2.156512019564056915e-01 2.304280393205630217e-01 2.403893960546232278e-01 2.459111011647711620e-01 2.476343511680748066e-01 2.458237975340755443e-01 2.401296972395556284e-01 2.298734481430860510e-01 2.147164691733507991e-01 1.953402367933160522e-01 1.928764062327465167e-01 2.080855203637405337e-01 2.212707680406264810e-01 2.317725094330483904e-01 2.385867093339544831e-01 2.375565236734732966e-01 2.199596328240257248e-01 1.764074048343842183e-01 1.058840636513768696e-01 8.495037943415630066e-02 9.524772662818227487e-02 1.665775215911345919e-01 2.246796446441417516e-01 2.538307800763064392e-01 2.530679813448074578e-01 2.397769270412488662e-01 2.322463207105765204e-01 2.231174045671196482e-01
1.682559416561655308e-01 2.377485051232281765e-01 2.703351873811039585e-01 2.685827931091149257e-01 2.451947471946356039e-01 2.275870167757775842e-01 2.071462386954774082e-01 1.867601757041962296e-01 2.001922814502918868e-01 2.179801499278847532e-01 2.309348082716425610e-01 2.391850163398222262e-01 2.435884073501673186e-01 2.450209533446169874e-01 2.438207464906194388e-01 2.395986076327266401e-01 2.314785047983164701e-01 2.186931486646017109e-01 2.012939350184249632e-01 1.824976900844667571e-01 1.987407622814463259e-01 2.135659132344341071e-01 2.257035966156066553e-01 2.335677322551180379e-01 2.327628554927043125e-01 2.149526709551775605e-01 1.717376247419595270e-01 1.031189663462898781e-01 8.744249525191870320e-02 9.989797880608460023e-02 1.704569512617677141e-01 2.206347606017355079e-01 2.464181516084972545e-01 2.439352820027278768e-01 2.377160088662246817e-01 2.281101105607816204e-01 2.171810161778110482e-01
1.571712675757233058e-01 2.321855776438236374e-01 2.635795617672120894e-01 2.591604355379653613e-01 2.307297274703690448e-01 2.112806442464672252e-01 1.918551458475855065e-01 1.826531186287591313e-01 2.033135991816550359e-01 2.192076469489516455e-01 2.300237145941954053e-01 2.364928102527286968e-01 2.397964321954319245e-01 2.409283435937657203e-01 2.402571786483903848e-01 2.373894059138748902e-01 2.313548288602125524e-01 2.210927357741416244e-01 2.061185339273038097e-01 1.870921387657745183e-01 1.890539462182261043e-01 2.053548124741216840e-01 2.192474640576403122e-01 2.285580723337006792e-01 2.285678581158237521e-01 2.111717021641520975e-01 1.687327090790019246e-01 1.020135892202010952e-01 8.964353304759574426e-02 1.023112040879514406e-01 1.716442362770202457e-01 2.184230088239303702e-01 2.393329102818188281e-01 2.412888155622700814e-01 2.335441116682014928e-01 2.221754136679428282e-01 2.097105967075086896e-01
1.509685257746959108e-01 2.231622541417460637e-01 2.514433498395414746e-01 2.433322618734441167e-01 2.109671511491380269e-01 1.948177251394981047e-01 1.767478817477023123e-01 1.870894760529291656e-01 2.059421291160797862e-01 2.194214283854573067e-01 2.279230961917472487e-01 2.326202678140158187e-01 2.348701619762389725e-01 2.356933556502515958e-01 2.354580155734301572e-01 2.337881950990549629e-01 2.296955748811659592e-01 2.219468618076457234e-01 2.096388259303457458e-01 1.928149628725913944e-01 1.791899450408366290e-01 1.966425492826566757e-01 2.121978341665096135e-01 2.230868114673324465e-01 2.241378460428687935e-01 2.072649612897819460e-01 1.653717885540584298e-01 9.986488112486749391e-02 8.858709180740546862e-02 1.011659049745292777e-01 1.685945340329025044e-01 2.137807287641856624e-01 2.336508513622719274e-01 2.348385977790818091e-01 2.261986194931183136e-01 2.137572445673836807e-01 2.004172287621325266e-01
1.438471594955913757e-01 2.110254236712667819e-01 2.344947172111669087e-01 2.220021535257406808e-01 1.940378126195932695e-01 1.796517078338898676e-01 1.700433148930879101e-01 1.917597080998381387e-01 2.079996538536879880e-01 2.187141193230109082e-01 2.248458887000898132e-01 2.278371488543295131e-01 2.290959903341312498e-01 2.296057655628312433e-01 2.297137497503300152e-01 2.290729261794311467e-01 2.267280120848534919e-01 2.213731245960204319e-01 2.118104274386093666e-01 1.975460154056814244e-01 1.792788201347022548e-01 1.875387519971153938e-01 2.044563145975309693e-01 2.167904587699768237e-01 2.188024861744624072e-01 2.022468693435109377e-01 1.604420102280966209e-01 9.548536808015489763e-02 8.415699061459799846e-02 9.741185563655520296e-02 1.622568257650061629e-01 2.055401883833766485e-01 2.244102637925077526e-01 2.251586731886797699e-01 2.161644243193995563e-01 2.033169298312021145e-01 1.897848779578155398e-01
