BlockUplift_2Ma_1kryTimeStep_2mmyr_k_5e-05_m_0.5_n_1.0_LinDiffusion_0.75_6x3km_30mRes_topographic__steepest_slope.txt
nrows 100
cellsize 30.0
xllcorner 0.0
ncols 200
yllcorner 0.0
[rows 0 to 16 of 100, columns 148 to 184 of 200]
0.000000000000000000e+00 0.000000000000000000e+00 0.000000000000000000e+00 0.000000000000000000e+00 0.000000000000000000e+00 0.000000000000000000e+00 0.000000000000000000e+00 0.000000000000000000e+00 0.000000000000000000e+00 0.000000000000000000e+00 0.000000000000000000e+00 0.000000000000000000e+00 0.000000000000000000e+00 0.000000000000000000e+00 0.000000000000000000e+00 0.000000000000000000e+00 0.000000000000000000e+00 0.000000000000000000e+00 0.000000000000000000e+00 0.000000000000000000e+00 0.000000000000000000e+00 0.000000000000000000e+00 0.000000000000000000e+00 0.000000000000000000e+00 0.000000000000000000e+00 0.000000000000000000e+00 0.000000000000000000e+00 0.000000000000000000e+00 0.000000000000000000e+00 0.000000000000000000e+00 0.000000000000000000e+00 0.000000000000000000e+00 0.000000000000000000e+00 0.000000000000000000e+00 0.000000000000000000e+00 0.000000000000000000e+00 0.000000000000000000e+00
6.480720005513423976e-02 8.624553763140359319e-02 1.123659348703010125e-01 1.355023822280941315e-01 1.553634623184848296e-01 1.718524950144228458e-01 1.850275191293841714e-01 1.950468467992057808e-01 2.021102018715964788e-01 2.064032239374644917e-01 2.080508961939434298e-01 2.070854146918729155e-01 2.034363106399344756e-01 1.969525722199743367e-01 1.874636673542113274e-01 1.748755773731924534e-01 1.592806773420231137e-01 1.430597232069306946e-01 1.297180331518337781e-01 1.153573204715135636e-01 1.006463760969978499e-01 8.617588323707946196e-02 7.231322583499315282e-02 6.498393239058183890e-02 6.508331726496029146e-02 6.510134262206293543e-02 6.503834056326998625e-02 7.167709373451794375e-02 8.549216731066050512e-02 9.991884278179354040e-02 1.146101461031633073e-01 1.289887256565785956e-01 1.423888021249667957e-01 1.582428165592470182e-01 1.739969497391787856e-01 1.867605839540450174e-01 1.964229152441172854e-01
8.848329975179296258e-02 1.098678044660006958e-01 1.297761894309533981e-01 1.478218271773425463e-01 1.637565621751484179e-01 1.774665691863588912e-01 1.889530592292823497e-01 1.983017616168368247e-01 2.056454407565276032e-01 2.111231381684558206e-01 2.148396006262530133e-01 2.168297992128314089e-01 2.170366561074616174e-01 2.153130246752520405e-01 2.114579195012053769e-01 2.052888244263774975e-01 1.967369741376734094e-01 1.859363260103213400e-01 1.732686296248405200e-01 1.593343761880246789e-01 1.448433577780303128e-01 1.304507166923317973e-01 1.269514835498815331e-01 1.273766783874672737e-01 1.275629678654202903e-01 1.275956158313799049e-01 1.274752034962489122e-01 1.271168104584262382e-01 1.297935052774489562e-01 1.441650554104688953e-01 1.586597656750203811e-01 1.726340325293630740e-01 1.853787007305734702e-01 1.962841640087109041e-01 2.049541797884290861e-01 2.112405981093915530e-01 2.152030030759811696e-01
1.111021514115776015e-01 1.332115724951188629e-01 1.539631119888280886e-01 1.729519285062476874e-01 1.899061467320372898e-01 2.046880498929131154e-01 2.172806458335117263e-01 2.277612285614986076e-01 2.362645975819800404e-01 2.429390635032513124e-01 2.478991389754348906e-01 2.511811674105098868e-01 2.527122443478094227e-01 2.523064631160951699e-01 2.497015955325798398e-01 2.446400403951709546e-01 2.369803613220771710e-01 2.268061443581274317e-01 2.144878512880384891e-01 2.006603327006409310e-01 1.861054266424473913e-01 1.831719908771560767e-01 1.842939674066959299e-01 1.848819213283983687e-01 1.851356758191324559e-01 1.851767256671526807e-01 1.850057706542505287e-01 1.845017045277889678e-01 1.834625548247534599e-01 1.854257321272977377e-01 2.000025830342896105e-01 2.138902400515070301e-01 2.263052733918713977e-01 2.366011107032018335e-01 2.443907347962678278e-01 2.495755303901161792e-01 2.522883269352965696e-01
1.320913799603725403e-01 1.549684737646045973e-01 1.765897888876734323e-01 1.965337248598109932e-01 2.145046427673066025e-01 2.303403723380644252e-01 2.440055607144679950e-01 2.555696697616779978e-01 2.651705251620217196e-01 2.729661454016413802e-01 2.790795563748152963e-01 2.835446558179555709e-01 2.862662009014019793e-01 2.870113351668807100e-01 2.854490249498293220e-01 2.812429205275711608e-01 2.741824806327680109e-01 2.643137570999117281e-01 2.520174797305983483e-01 2.379893921296231951e-01 2.313412876600030588e-01 2.336369913600681858e-01 2.350129124386626245e-01 2.357290947688928384e-01 2.360329127460886467e-01 2.360744624485998089e-01 2.358544361137470957e-01 2.352231241584794019e-01 2.339310456518167713e-01 2.317133297451202112e-01 2.372895422774385643e-01 2.513921027391046725e-01 2.638024002026678194e-01 2.738104412317697300e-01 2.810164284424944703e-01 2.853575973227359119e-01 2.870354321251810115e-01
1.510333866191114205e-01 1.746785559930094933e-01 1.971537791003728501e-01 2.180235738472904028e-01 2.369690627991779264e-01 2.538027586132401425e-01 2.684697169275005457e-01 2.810305686480481513e-01 2.916254159950125158e-01 3.004210570961435289e-01 3.075473655559834985e-01 3.130330660832632006e-01 3.167570191481894892e-01 3.184360088790088583e-01 3.176686297869764641e-01 3.140421126932835261e-01 3.072847509321778303e-01 2.974191141141468986e-01 2.848549381971470784e-01 2.703687889987364534e-01 2.737319931771253212e-01 2.763764882037511028e-01 2.779674441635658355e-01 2.787976205713031397e-01 2.791453490414293470e-01 2.791793665947883141e-01 2.789002789664815629e-01 2.781397725465997728e-01 2.766179876403877524e-01 2.740385585101345334e-01 2.701879165494536772e-01 2.841426694172872192e-01 2.968324930815895435e-01 3.068528221263881473e-01 3.137724247436259883e-01 3.175498866646712104e-01 3.184465446721191917e-01
1.708847134388974953e-01 1.920543805807719273e-01 2.153291113874173657e-01 2.370584095281994541e-01 2.569007422972238164e-01 2.746420095952576967e-01 2.902055885353955755e-01 3.036411666930806108e-01 3.150893126815283440e-01 3.247241200792915228e-01 3.326811273887961273e-01 3.389831703094415838e-01 3.434834434729109875e-01 3.458503092819629754e-01 3.456164781366985461e-01 3.423004010322899804e-01 3.355799820583182935e-01 3.254672809261729971e-01 3.124142490762903401e-01 3.035737637638628028e-01 3.078959594737852856e-01 3.108546959200680360e-01 3.126634768014772137e-01 3.136248481141516442e-01 3.140277886366561466e-01 3.140477749497374016e-01 3.136853110431767622e-01 3.127655001221796849e-01 3.109989079177921667e-01 3.080815052393366948e-01 3.037979364863266363e-01 3.115730890691920107e-01 3.247556123785511617e-01 3.350332168978142344e-01 3.419306240287988130e-01 3.454148312710466628e-01 3.457957180002349529e-01
1.890692923837605233e-01 2.069750678766324181e-01 2.309643296978736715e-01 2.534578360189002622e-01 2.740916353556638874e-01 2.926232830037975852e-01 3.089518386154187501e-01 3.231133173854350282e-01 3.352464689752186477e-01 3.455312365598394719e-01 3.541086625071088179e-01 3.609974003788350427e-01 3.660291814209368222e-01 3.688310537172226344e-01 3.688797201327684849e-01 3.656365867925285840e-01 3.587410855236064511e-01 3.482047176291127033e-01 3.345275139816344390e-01 3.291069825959463402e-01 3.338101305512509720e-01 3.371016268672936689e-01 3.391759647337854178e-01 3.403188185982439218e-01 3.408068997837744862e-01 3.408092330940424852e-01 3.403262601110119134e-01 3.391898485477781722e-01 3.371242504054540179e-01 3.338449706850193932e-01 3.291590829348554625e-01 3.335401448090657972e-01 3.473420994215939417e-01 3.580464276696009862e-01 3.651289467629999508e-01 3.685556268785053491e-01 3.686728657134360487e-01
2.040762714182126902e-01 2.194614345163055646e-01 2.440604903644191803e-01 2.672050111893753410e-01 2.885082725882942012e-01 3.076974134780938175e-01 3.246443036523030679e-01 3.393683594757478938e-01 3.520041651257109772e-01 3.627364253688974416e-01 3.717126902870195870e-01 3.789514439177245064e-01 3.842706688012907379e-01 3.872675179217183739e-01 3.873767056089218452e-01 3.840169045179884222e-01 3.768005762455071128e-01 3.657443225749252846e-01 3.513941079567795001e-01 3.468086126990669871e-01 3.519070538507094170e-01 3.555926678721126333e-01 3.580150640533835138e-01 3.594147926357379452e-01 3.600324416679048789e-01 3.600170011369660528e-01 3.593689237569113737e-01 3.579405691059699968e-01 3.554938618726396493e-01 3.517921879083227288e-01 3.466909497382346106e-01 3.502695007318222253e-01 3.647317201714767587e-01 3.759510401753549669e-01 3.833577645566286218e-01 3.869120719382658780e-01 3.869856986847344249e-01
2.161764470736405597e-01 2.296406458087948133e-01 2.547366584391849154e-01 2.784128831008780836e-01 3.002588399732818436e-01 3.199690300303271173e-01 3.373853361363492454e-01 3.525077789674753714e-01 3.654646215826588551e-01 3.764446836827738951e-01 3.856040084841012017e-01 3.929666863473654792e-01 3.983472197436053186e-01 4.013272469533389897e-01 4.013160551122758601e-01 3.977048925807318835e-01 3.900891359441682749e-01 3.784913743640911377e-01 3.634938138929918461e-01 3.574075476934183149e-01 3.629435168276472501e-01 3.671058457966163702e-01 3.699740297126974387e-01 3.717163215009918753e-01 3.725143912519797706e-01 3.724842741933305779e-01 3.716265268670326805e-01 3.698270310661844751e-01 3.669080940876028873e-01 3.627078334965707085e-01 3.571547047925378027e-01 3.622625508349952561e-01 3.773531148762824250e-01 3.891016286511391753e-01 3.969038477419636335e-01 4.007143758699885927e-01 4.009210609437058315e-01
2.256946011583636502e-01 2.377089952363287406e-01 2.631914427326544903e-01 2.872842676071160617e-01 3.095517919092287684e-01 3.296537743982883018e-01 3.473996803939564115e-01 3.627677185401210758e-01 3.758780040345655604e-01 3.869231974123625295e-01 3.960704166956554584e-01 4.033560999917341627e-01 4.086028521528060620e-01 4.113925479140824182e-01 4.111264566739915582e-01 4.071832882528824693e-01 3.991488697675932840e-01 3.870481645823280470e-01 3.714837493692463299e-01 3.618491482442683371e-01 3.678671363195348820e-01 3.725842671037203901e-01 3.759883154570104469e-01 3.781518515013563841e-01 3.791779104250432852e-01 3.791383773667253987e-01 3.780340223326163485e-01 3.757955371797322419e-01 3.723250966049836963e-01 3.675583239785870093e-01 3.615174592275915422e-01 3.701886644327985199e-01 3.858233288228792301e-01 3.980567760795757359e-01 4.062671791869371107e-01 4.104082804465173928e-01 4.108773315352995392e-01
2.329671134354725781e-01 2.438993690961125671e-01 2.696677647615717266e-01 2.940736941079113431e-01 3.166546929545120403e-01 3.370340903631480756e-01 3.549871263898375373e-01 3.704683508840881379e-01 3.835883042057717240e-01 3.945434493912658991e-01 4.035146995904686507e-01 4.105576767682218020e-01 4.155146929775689890e-01 4.179834078540517472e-01 4.173737805312971449e-01 4.130653406287584928e-01 4.046393100515668362e-01 3.921157847683734432e-01 3.760976102321924031e-01 3.611755271759723995e-01 3.676988548229606635e-01 3.730211878154288119e-01 3.770230323108610948e-01 3.796639198273548121e-01 3.809533044878549157e-01 3.809103519730892007e-01 3.795361781215831343e-01 3.768149672711388343e-01 3.727434336975894436e-01 3.673713407316465118e-01 3.608292370773919511e-01 3.747827237277702173e-01 3.908473518695862459e-01 4.034824364942377617e-01 4.120694288967936547e-01 4.165693504022386917e-01 4.173847185866641496e-01
2.383155676735100315e-01 2.484567667584798856e-01 2.744251854214290187e-01 2.990563849573945610e-01 3.218597427152645740e-01 3.424211550063860354e-01 3.604806449010545255e-01 3.759679550111057478e-01 3.889830570358422390e-01 3.997262719864114189e-01 4.083947431017180274e-01 4.150694183627954836e-01 4.196227994260435246e-01 4.216823319045654994e-01 4.206814405159228221e-01 4.160116010851236390e-01 4.072519742948479959e-01 3.944081765304727760e-01 3.780611793910337304e-01 3.593353811317929192e-01 3.634417375193322863e-01 3.693758405773204800e-01 3.739950509584199501e-01 3.771359603163280672e-01 3.787053822337289599e-01 3.786644267377596296e-01 3.770147128283800608e-01 3.737994188096175896e-01 3.691186418915454737e-01 3.631455281111850009e-01 3.580807124689521226e-01 3.767621009670319432e-01 3.931331047221597319e-01 4.060668732583023743e-01 4.149706301914764528e-01 4.198228506041726260e-01 4.210293956872683818e-01
2.420341327504881290e-01 2.516222388889062800e-01 2.777210017165167577e-01 3.025064635256375922e-01 3.254589904786883148e-01 3.461269035931912597e-01 3.642149366194945004e-01 3.796276392845661096e-01 3.924538647335893971e-01 4.028978329116404411e-01 4.111747484658492269e-01 4.173957375181417961e-01 4.214719923312945093e-01 4.230722213568953727e-01 4.216653434879695239e-01 4.166633706560178840e-01 4.076440477198613466e-01 3.945879350407958119e-01 3.780320724169193292e-01 3.590472895046480373e-01 3.560200870224737857e-01 3.625213052260790048e-01 3.677287000477747481e-01 3.713539546286976356e-01 3.731984987929176101e-01 3.731635325724293462e-01 3.712513500183225457e-01 3.675661972802212740e-01 3.623141986957875704e-01 3.557933787095047817e-01 3.578455280524207582e-01 3.767700679443784506e-01 3.933305103469790232e-01 4.064570504178969257e-01 4.156047097250749056e-01 4.207801769483359156e-01 4.223923523029687321e-01
2.443860279927965451e-01 2.536236726745812464e-01 2.797990425619032995e-01 3.046837940912887621e-01 3.277291228216852037e-01 3.484465452489868276e-01 3.665063583497325528e-01 3.817882989316269127e-01 3.943699932738232716e-01 4.044595326221679388e-01 4.122912370592801135e-01 4.180096291168232114e-01 4.215706092310249620e-01 4.226925507172489271e-01 4.208887577174373895e-01 4.155978597256559937e-01 4.063955870817431149e-01 3.932272305265045453e-01 3.765657405302514915e-01 3.574015901629968295e-01 3.462477635816545440e-01 3.532210824233838475e-01 3.589397321663360119e-01 3.629960665072398118e-01 3.650894894523200040e-01 3.650628237066731452e-01 3.629192016357819517e-01 3.588226472735754902e-01 3.530819801510271527e-01 3.461142898532974521e-01 3.562545307295099106e-01 3.753460548679339870e-01 3.919964913768912429e-01 4.052195071030265661e-01 4.145377674280755209e-01 4.199962407133941977e-01 4.220075091123889899e-01
2.456042607997384608e-01 2.546711950384180079e-01 2.808840557929102588e-01 3.058274105862144321e-01 3.289238389317540312e-01 3.496496723807608342e-01 3.676424728871088843e-01 3.827582666721426330e-01 3.950637815907462880e-01 4.047708920667162369e-01 4.121332905463022112e-01 4.173303998885368182e-01 4.203662238274386009e-01 4.210139893598794925e-01 4.188371213170362095e-01 4.133046938586064645e-01 4.039892293662911693e-01 3.907919619527829846e-01 3.741048368346191477e-01 3.548155505603103332e-01 3.348205789731461546e-01 3.421279131300062892e-01 3.482398662971225578e-01 3.526415702730427149e-01 3.549391556304897222e-01 3.549216266818992493e-01 3.525930818894721375e-01 3.481729831843779488e-01 3.420642150570983864e-01 3.347908237147919630e-01 3.537116685911961822e-01 3.729183926907642666e-01 3.895825470526279033e-01 4.028233366565712181e-01 4.122475453673587475e-01 4.179468422630159274e-01 4.203384835161792510e-01
2.458931342524048602e-01 2.549552326302100269e-01 2.811795839030909461e-01 3.061532365884268581e-01 3.292713119349652828e-01 3.499772802821486395e-01 3.678783995357812198e-01 3.828087476206408768e-01 3.948249247523560324e-01 4.041425085596280775e-01 4.110341419939921859e-01 4.157140903204599169e-01 4.182354099432353256e-01 4.184283629263090831e-01 4.159093369880465518e-01 4.101797906923250747e-01 4.008077707170888959e-01 3.876437814820364869e-01 3.709858816379487112e-01 3.516016819686765271e-01 3.305559356144394667e-01 3.297966726447858488e-01 3.361532814278518910e-01 3.407900583651307103e-01 3.432330103130141197e-01 3.432243894620910507e-01 3.407693363931552089e-01 3.361358463219744630e-01 3.298079021380241893e-01 3.296073183155454611e-01 3.505199023474031006e-01 3.698126894441300938e-01 3.864387184234231998e-01 3.996398264249272914e-01 4.091193807765659551e-01 4.150219755963913126e-01 4.177704465236107834e-01
