BlockUplift_2Ma_1kryTimeStep_2mmyr_k_5e-05_m_0.5_n_1.0_LinDiffusion_0.5_6x3km_30mRes_topographic__steepest_slope.txt
nrows 100
cellsize 30.0
xllcorner 0.0
ncols 200
yllcorner 0.0
[rows 68 to 84 of 100, columns 0 to 36 of 200]
0.000000000000000000e+00 2.150182444369363455e-01 2.475355372532724307e-01 2.921018084530175862e-01 3.325933397474805098e-01 3.675766998848534195e-01 3.959644466602366686e-01 4.172037021063576545e-01 4.312044276693799971e-01 4.379686862263852953e-01 4.370320479738864505e-01 4.269630429248261194e-01 4.052420923935503572e-01 3.687837940456189512e-01 3.151194032990731198e-01 2.438776579711570414e-01 1.659462353946101476e-01 1.320590295240843259e-01 9.716171815910380760e-02 1.396580450610693802e-01 1.919989118346469015e-01 2.669282081863618150e-01 3.239488624315119414e-01 3.630164404663010491e-01 3.866116790283105620e-01 3.983758978803536022e-01 4.018461931868813619e-01 3.996766535385262165e-01 3.934189927394053377e-01 3.837018035048743170e-01 3.705696156638585426e-01 3.537958010994070035e-01 3.330903632989191121e-01 3.082139754002052312e-01 2.790480234857511954e-01 2.493049906898283652e-01 2.402589727512729756e-01
0.000000000000000000e+00 2.099653335374834229e-01 2.434476439828197891e-01 2.876891200851810493e-01 3.279312863260512856e-01 3.627449747614324704e-01 3.909861604865357831e-01 4.119935053150448057e-01 4.255075748748189390e-01 4.312774518584748806e-01 4.284979129248821517e-01 4.153698721545518446e-01 3.891335646899388712e-01 3.468076140683498676e-01 2.865469252094005603e-01 2.091215639005637172e-01 1.446968123947452167e-01 1.106142510525387479e-01 1.082635705750251143e-01 1.515346729393943492e-01 2.251727522998692166e-01 2.937996148503524974e-01 3.432498985442322126e-01 3.747641769577058080e-01 3.916920141832605506e-01 3.979964926438536166e-01 3.970987882102728350e-01 3.913292128656100655e-01 3.819216091794582213e-01 3.693107457184349185e-01 3.534888006078859002e-01 3.342768281920048823e-01 3.114817361303437449e-01 2.849810817714342193e-01 2.576525597045644100e-01 2.518077449901631182e-01 2.437784509894727059e-01
0.000000000000000000e+00 2.048984477517440950e-01 2.383967524441960861e-01 2.817432114778397056e-01 3.211653316447428130e-01 3.552826405420774214e-01 3.829335272458882500e-01 4.033748102725994156e-01 4.161847834949675695e-01 4.208475421072936373e-01 4.162010119189085144e-01 4.000869587294246799e-01 3.695652151569286392e-01 3.218696672814132520e-01 2.558975333885286640e-01 1.736081182581123705e-01 1.237440719551727852e-01 9.064353251542626999e-02 1.194510453590559851e-01 1.734579003441694967e-01 2.542424675912371979e-01 3.159602020372062614e-01 3.578207178717406345e-01 3.821647795207619991e-01 3.929558077223561097e-01 3.942723727447078885e-01 3.893263184845447422e-01 3.801387162353677129e-01 3.676990185177118065e-01 3.523254657910115384e-01 3.340044787095962642e-01 3.126137135855969751e-01 2.880408540450181132e-01 2.633801572160295867e-01 2.597756883440154874e-01 2.544977793143231581e-01 2.474655727352332857e-01
0.000000000000000000e+00 2.004106398289574598e-01 2.325545932495383661e-01 2.743309209791727765e-01 3.122720360881890422e-01 3.450933542635804541e-01 3.716583454828599753e-01 3.911726128840053440e-01 4.030634480875469050e-01 4.065425662819701635e-01 4.000799704874883345e-01 3.811697015259882804e-01 3.467461167456367122e-01 2.943498058745321333e-01 2.237015710234100674e-01 1.379510499041129157e-01 1.026761966459531494e-01 7.955164701535788474e-02 1.298190407274814329e-01 2.039012848064260253e-01 2.789055647037353425e-01 3.333523668937630191e-01 3.677256658361121588e-01 3.852868709976254302e-01 3.904078466482076015e-01 3.871425878175538404e-01 3.784521728759349113e-01 3.660822549705793905e-01 3.508376210726974476e-01 3.329637104440545392e-01 3.124520530594906975e-01 2.892219075676678020e-01 2.672309006950301935e-01 2.651302544973777597e-01 2.617347139342959261e-01 2.569992568079609296e-01 2.509649078722506754e-01
0.000000000000000000e+00 1.972329361985610263e-01 2.262910119909923856e-01 2.658004048193371993e-01 3.016063920453610492e-01 3.325606830764701316e-01 3.575862448912053293e-01 3.758599412065405376e-01 3.870967398940621251e-01 3.916629320908072143e-01 3.820859081914325661e-01 3.593020633144228260e-01 3.214340183841565279e-01 2.650737181472113124e-01 1.908162536372262352e-01 1.068945615023911416e-01 8.129588243439135609e-02 8.626001985567953445e-02 1.419888557307435462e-01 2.301475671323743311e-01 2.988205033649052322e-01 3.458685129446725792e-01 3.729740032244317494e-01 3.841619358449264721e-01 3.840628592182867007e-01 3.766232235462458333e-01 3.645439920990336535e-01 3.493271142176534449e-01 3.316246549238978103e-01 3.116175460394866037e-01 2.892874656066756756e-01 2.697840676644902569e-01 2.686150022813677540e-01 2.664451162999511569e-01 2.632291627473117845e-01 2.590360377283018600e-01 2.702148593203712035e-01
0.000000000000000000e+00 1.961456901876857672e-01 2.201486738948144894e-01 2.567655531893018317e-01 2.898901707003142536e-01 3.185349708964434479e-01 3.416977239891140772e-01 3.660581033492187886e-01 3.849605442303252745e-01 3.903017421038280643e-01 3.801013868244723648e-01 3.517468554079414278e-01 3.027161670243306846e-01 2.353473756807449579e-01 1.585045283759515811e-01 8.218046649202695453e-02 6.000685997756344953e-02 9.062116077117857160e-02 1.679305125429597922e-01 2.515120371850732561e-01 3.135862392460362913e-01 3.533230496977154411e-01 3.735099010843204725e-01 3.788042028745754464e-01 3.739906462047040692e-01 3.628604526277646181e-01 3.478528566751359907e-01 3.302387803037381553e-01 3.105184599111964761e-01 2.887918621682122877e-01 2.715154425245607239e-01 2.708391826325382556e-01 2.693816224686880756e-01 2.671041525669559102e-01 2.640659612495999120e-01 2.736599896372657326e-01 2.958663668780616152e-01
0.000000000000000000e+00 1.978421594356044866e-01 2.147474965196001784e-01 2.479909615277239854e-01 2.780664445176890820e-01 3.041501408637578008e-01 3.260811984234465166e-01 3.588392167705251046e-01 3.796831262532653906e-01 3.864862861592522902e-01 3.765110712495499112e-01 3.465575388388534295e-01 2.939930984440148332e-01 2.184460999645902179e-01 1.283668403674401159e-01 5.815804728590781569e-02 3.997041154077578262e-02 9.277404064879969658e-02 1.887632559962109380e-01 2.673622248222310982e-01 3.228021456023943414e-01 3.555155789089013973e-01 3.692882225223229620e-01 3.692953465233709265e-01 3.603946250627548809e-01 3.461833753972513028e-01 3.288251506624751408e-01 3.093475552608566659e-01 2.880787333224645863e-01 2.728013307521560682e-01 2.723167010585297310e-01 2.711785561878061190e-01 2.693806492362350591e-01 2.669872937601006080e-01 2.746238069772667933e-01 2.983183596790127123e-01 3.192273499386866775e-01
0.000000000000000000e+00 2.027844565599527527e-01 2.106496550689530012e-01 2.402183845651191529e-01 2.670767182006975049e-01 2.905465827375583454e-01 3.132677406187459046e-01 3.477714609712705962e-01 3.708334399965745320e-01 3.796446376186717320e-01 3.706970011520477892e-01 3.401733412093155828e-01 2.852859463473293999e-01 2.061868201422006053e-01 1.074916228669659801e-01 3.698852277256700627e-02 2.731134021785547317e-02 1.092800934707052335e-01 2.038732159368995267e-01 2.772281120922637232e-01 3.261880500715487186e-01 3.523602521881220584e-01 3.604044905118693465e-01 3.558980473049132565e-01 3.436889819790290290e-01 3.271298454422046920e-01 3.080740531005886629e-01 2.872770059550958655e-01 2.738997701142344421e-01 2.734545619693203311e-01 2.723768076133276095e-01 2.707080936758766709e-01 2.685505644583111584e-01 2.736606861486962083e-01 2.982486086343480447e-01 3.206447324511676467e-01 3.399428747370090154e-01
0.000000000000000000e+00 2.111001572396456194e-01 2.082361272534209995e-01 2.340038681910155405e-01 2.576534204779417081e-01 2.786195366862351253e-01 2.968705763615313575e-01 3.329582588781638264e-01 3.582882030939326112e-01 3.694252889510844517e-01 3.621437922670424081e-01 3.320356796772784835e-01 2.761340467463118675e-01 1.950233448237137790e-01 9.431292050265464855e-02 2.109007586909778312e-02 2.596409044277933273e-02 1.219798854353844747e-01 2.129580762714605724e-01 2.809201511483261360e-01 3.237273291451723822e-01 3.440360892317670394e-01 3.472293446283572504e-01 3.391507890756562116e-01 3.245366472696815663e-01 3.064237975747687304e-01 2.863082692650559813e-01 2.749528559847163600e-01 2.745336801031691421e-01 2.734022797725896292e-01 2.716417371972817407e-01 2.694088471246145478e-01 2.712668233877943980e-01 2.962688664670111161e-01 3.195926990323887940e-01 3.403406281437847958e-01 3.577413226015854208e-01
0.000000000000000000e+00 2.225519776630430213e-01 2.163003081035640152e-01 2.296237063193386774e-01 2.502022851307706408e-01 2.688832893363235499e-01 2.847036993787673831e-01 3.148246678544381894e-01 3.422596950451653464e-01 3.557965786966026944e-01 3.506030558686906717e-01 3.217632764111575394e-01 2.661374577216975013e-01 1.846393890126648840e-01 8.366265710051265514e-02 1.271914964968156453e-02 2.701802711071086757e-02 1.293470052482670607e-01 2.160807509979103258e-01 2.786313283853170675e-01 3.157933606402527626e-01 3.311085709971536284e-01 3.304963388819051606e-01 3.199008134076762877e-01 3.038210996507946793e-01 2.848971021537257120e-01 2.760345651492994157e-01 2.757266191330161598e-01 2.745503312274922281e-01 2.726135535965036327e-01 2.701173227115967190e-01 2.679002674887925872e-01 2.929179063145208040e-01 3.167196457316388547e-01 3.384008867058450054e-01 3.571710941523207339e-01 3.724453783015898578e-01
0.000000000000000000e+00 2.365829441627008978e-01 2.301443555936041607e-01 2.270676009863440703e-01 2.447938782087765996e-01 2.614672960639648491e-01 2.760399166507815916e-01 2.940395697485892468e-01 3.232724794010067848e-01 3.390909448029466033e-01 3.362048838112769999e-01 3.093157730459826782e-01 2.551458591519500940e-01 1.748356667954472643e-01 7.532478761229223496e-02 1.354949338457345220e-02 3.182943801582378135e-02 1.317023083322680921e-01 2.136996109950966283e-01 2.710035569572264991e-01 3.032230798180791109e-01 3.145796159264070413e-01 3.113046540136688578e-01 2.992507874548740454e-01 2.825466686915926173e-01 2.772293615625577856e-01 2.771664963341362586e-01 2.760193560912592714e-01 2.739234152715347426e-01 2.710997698525303146e-01 2.678601125115043224e-01 2.886783400424254298e-01 3.125862826468420730e-01 3.347892535374853429e-01 3.544612569944698977e-01 3.709814625109430497e-01 3.839848973265996279e-01
0.000000000000000000e+00 2.524136628536818305e-01 2.459756507507412093e-01 2.336603198892722444e-01 2.412328041413775992e-01 2.561979409209236835e-01 2.698464100075930738e-01 2.806059696999740338e-01 3.020985579560203638e-01 3.199823969588531103e-01 3.194828062265732682e-01 2.950611572237714086e-01 2.433536670212409492e-01 1.656317826933350890e-01 6.913600141172082658e-02 2.424940892925159588e-02 4.113113556325643377e-02 1.296477384918356679e-01 2.066694960055125707e-01 2.591339608770653058e-01 2.873038903090844309e-01 2.958344838806643562e-01 2.910180325849504590e-01 2.784192266027682994e-01 2.786764834278088743e-01 2.790329289119777845e-01 2.779931939664689322e-01 2.757870229159825604e-01 2.726495717404398555e-01 2.689091654260198361e-01 2.839732544853953988e-01 3.076770022624524814e-01 3.300680540814264763e-01 3.502760550356697200e-01 3.676271484065561368e-01 3.817146792383586673e-01 3.924018152420842287e-01
0.000000000000000000e+00 2.691588689548334856e-01 2.628853123042896867e-01 2.508520518031815416e-01 2.391563520657431219e-01 2.527055638254004366e-01 2.657457827400903638e-01 2.765542676371784414e-01 2.829307420128464035e-01 2.993896659392599191e-01 3.012948204676585418e-01 2.797212531489947085e-01 2.312709413850939089e-01 1.572582983122856604e-01 7.715658209362072362e-02 4.412342202038341266e-02 5.476697976765479425e-02 1.240371891678137273e-01 1.961919403490819946e-01 2.444918872903049933e-01 2.696473302430082986e-01 2.764717395396208421e-01 2.763025921281279662e-01 2.804478123494339448e-01 2.815583813816088798e-01 2.807134127515131250e-01 2.784194901467704764e-01 2.749869491457828108e-01 2.707493495925745175e-01 2.791582662377114499e-01 3.023949431501345431e-01 3.247035924844453580e-01 3.451609508102554402e-01 3.630282030567210660e-01 3.778394260225051426e-01 3.894194882437090888e-01 3.978423999928603627e-01
0.000000000000000000e+00 2.859362027148051877e-01 2.799668276573782921e-01 2.684753669186827896e-01 2.522980865926939265e-01 2.505214984496036412e-01 2.632282972359785700e-01 2.744084357789025042e-01 2.817488232217653654e-01 2.822971774221905705e-01 2.826481103560060659e-01 2.642031832113152512e-01 2.195783531265609045e-01 1.566284351596052837e-01 9.460119815879836080e-02 7.099716455490370781e-02 7.580480309041111309e-02 1.355698965470702733e-01 1.901944671727457958e-01 2.312811161357448964e-01 2.585239804171363676e-01 2.743343382240215900e-01 2.820955213777135429e-01 2.847897388475735259e-01 2.844155259339072317e-01 2.820705722536354654e-01 2.783279299968930975e-01 2.735883879948318720e-01 2.745260742080034566e-01 2.970608912855491890e-01 3.190643845008082624e-01 3.395492605163667466e-01 3.576982976042880069e-01 3.729718363356691047e-01 3.851390225991319083e-01 3.942450670265221224e-01 4.005377651926863569e-01
0.000000000000000000e+00 3.019516752647594671e-01 2.964035430094990597e-01 2.856688554304810390e-01 2.704473205993574991e-01 2.517156254402797000e-01 2.617319202646609111e-01 2.735179850805866675e-01 2.821284292018899631e-01 2.845754926036517252e-01 2.773352093190177836e-01 2.570443135585378513e-01 2.218944036929093033e-01 1.731585872980273000e-01 1.158649226931166565e-01 1.015287067493460399e-01 1.073155176880362660e-01 1.511490353361107097e-01 2.034172866148095393e-01 2.424278143218530079e-01 2.678205646905028048e-01 2.819087545078392543e-01 2.879810298089340304e-01 2.889676737330688083e-01 2.868761228890458481e-01 2.828672924276822154e-01 2.776071983603501936e-01 2.715881948004360003e-01 2.919234505138452729e-01 3.134278858994766215e-01 3.337665706789901265e-01 3.520284253179662981e-01 3.675832535910255050e-01 3.801287456385239460e-01 3.896649477902381364e-01 3.964231659476335490e-01 4.007773190445438893e-01
0.000000000000000000e+00 3.165558031661021010e-01 3.115250036999233085e-01 3.017228306563396467e-01 2.876827520498115853e-01 2.702107212353439536e-01 2.607225748529524156e-01 2.732207387657279440e-01 2.832457734190012566e-01 2.877876279941280480e-01 2.833265977692944193e-01 2.664953975305476286e-01 2.353973774601606783e-01 1.910506191401435960e-01 1.380295640542100466e-01 1.319536998919024484e-01 1.379243973665571221e-01 1.659097592335865845e-01 2.158404091870410046e-01 2.528407717452099135e-01 2.764491156584736875e-01 2.888391619982166314e-01 2.931940093338823439e-01 2.924152250389949748e-01 2.885608564665993470e-01 2.828931581159525588e-01 2.761894352426556565e-01 2.871649613886347874e-01 3.079940413350925610e-01 3.280440137687700708e-01 3.462980631882241478e-01 3.620177380056910921e-01 3.748112185511738859e-01 3.846180133763169584e-01 3.916385479945158066e-01 3.962424506973481475e-01 3.988809206908532357e-01
0.000000000000000000e+00 3.292702800084678638e-01 3.248330619380520035e-01 3.161047694106182693e-01 3.034289872490091855e-01 2.874056235239464963e-01 2.689014416874916380e-01 2.729476939876330777e-01 2.843501400446850069e-01 2.909502299268351133e-01 2.892089626110938561e-01 2.757025007132230532e-01 2.483737442860093625e-01 2.079150771122610375e-01 1.584127148923017980e-01 1.590231657135916521e-01 1.644637260035144155e-01 1.782637357860427929e-01 2.260504772918578986e-01 2.612918705844483047e-01 2.833706027276548522e-01 2.942791794125136362e-01 2.970836084885363215e-01 2.946750379253921803e-01 2.891944754058178857e-01 2.820321513982809170e-01 2.828873483591773375e-01 3.028912715920313303e-01 3.225340872749740129e-01 3.406930355037890990e-01 3.565088505099633376e-01 3.694821526372417675e-01 3.794746202993053430e-01 3.866422791375583867e-01 3.913387465760990724e-01 3.940208965635122462e-01 3.951744477864821414e-01
