BlockUplift_2Ma_1kryTimeStep_5mmyr_k_1e-05_m_0.5_n_1.0_LinDiffusion_1.0_6x3km_30mRes_topographic__steepest_slope.txt
nrows 100
cellsize 30.0
xllcorner 0.0
ncols 200
yllcorner 0.0
[rows 51 to 67 of 100, columns 74 to 110 of 200]
2.539460138713927062e+00 2.539460139238599368e+00 2.539460139728286325e+00 2.539460140180881176e+00 2.539460140594595128e+00 2.539460140967973345e+00 2.539460141299908269e+00 2.539460141589582332e+00 2.539460141836525686e+00 2.539460142040434132e+00 2.539460142201293458e+00 2.539460142319239999e+00 2.539460142394545983e+00 2.539460142427621303e+00 2.539460142418996202e+00 2.539460142369231566e+00 2.539460142278994859e+00 2.539460142149027710e+00 2.539460141980073971e+00 2.539460141773027591e+00 2.539460141528782966e+00 2.539460141248476521e+00 2.539460140933230470e+00 2.539460140584424153e+00 2.539460140203573246e+00 2.539460139792345306e+00 2.539460139352695656e+00 2.539460138886715956e+00 2.539460138396755884e+00 2.539460137885392488e+00 2.539460137355429747e+00 2.539460136809808866e+00 2.539460136251757927e+00 2.539460135684612485e+00 2.539460135111843098e+00 2.539460134537042446e+00 2.539460133963863608e+00
2.525501055136434747e+00 2.525501055679099771e+00 2.525501056184611848e+00 2.525501056650758525e+00 2.525501057075704825e+00 2.525501057458071408e+00 2.525501057796767146e+00 2.525501058091109918e+00 2.525501058340690275e+00 2.525501058545311484e+00 2.525501058705109880e+00 2.525501058820327493e+00 2.525501058891389317e+00 2.525501058918810937e+00 2.525501058903122154e+00 2.525501058845050828e+00 2.525501058745294181e+00 2.525501058604489479e+00 2.525501058423515133e+00 2.525501058203159843e+00 2.525501057944377958e+00 2.525501057648140701e+00 2.525501057315644449e+00 2.525501056948148193e+00 2.525501056547166723e+00 2.525501056114368925e+00 2.525501055651663496e+00 2.525501055161233577e+00 2.525501054645489241e+00 2.525501054107068377e+00 2.525501053548866004e+00 2.525501052974065352e+00 2.525501052385970890e+00 2.525501051788114459e+00 2.525501051184194878e+00 2.525501050578031759e+00 2.525501049973566392e+00
2.510950144104754145e+00 2.510950144666276085e+00 2.510950145188235005e+00 2.510950145668357614e+00 2.510950146104824032e+00 2.510950146496240265e+00 2.510950146841666175e+00 2.510950147140435185e+00 2.510950147392319920e+00 2.510950147597319937e+00 2.510950147755647954e+00 2.510950147867758275e+00 2.510950147934166488e+00 2.510950147955524514e+00 2.510950147932529131e+00 2.510950147865893545e+00 2.510950147756330075e+00 2.510950147604626093e+00 2.510950147411540545e+00 2.510950147177830605e+00 2.510950146904421310e+00 2.510950146592207055e+00 2.510950146242294068e+00 2.510950145855940896e+00 2.510950145434526437e+00 2.510950144979748888e+00 2.510950144493532932e+00 2.510950143978046167e+00 2.510950143435729753e+00 2.510950142869372126e+00 2.510950142281975328e+00 2.510950141676797198e+00 2.510950141057386009e+00 2.510950140427454791e+00 2.510950139790959934e+00 2.510950139151949312e+00 2.510950138514590257e+00
2.495873465542187475e+00 2.495873466123430084e+00 2.495873466662472673e+00 2.495873467156995318e+00 2.495873467605179030e+00 2.495873468005690210e+00 2.495873468357619362e+00 2.495873468660526395e+00 2.495873468914320714e+00 2.495873469119184396e+00 2.495873469275557088e+00 2.495873469384014331e+00 2.495873469445314186e+00 2.495873469460214711e+00 2.495873469429549463e+00 2.495873469354076502e+00 2.495873469234599629e+00 2.495873469071860473e+00 2.495873468866602884e+00 2.495873468619553837e+00 2.495873468331501588e+00 2.495873468003310336e+00 2.495873467635965515e+00 2.495873467230588449e+00 2.495873466788589123e+00 2.495873466311528954e+00 2.495873465801332625e+00 2.495873465260168178e+00 2.495873464690566923e+00 2.495873464095347938e+00 2.495873463477649601e+00 2.495873462840927370e+00 2.495873462188865410e+00 2.495873461525449422e+00 2.495873460854818315e+00 2.495873460181322390e+00 2.495873459509433179e+00
2.480333262621919221e+00 2.480333263223868379e+00 2.480333263780660769e+00 2.480333264289962703e+00 2.480333264749985389e+00 2.480333265159439637e+00 2.480333265517629115e+00 2.480333265824250066e+00 2.480333266079378429e+00 2.480333266283499594e+00 2.480333266437234396e+00 2.480333266541462578e+00 2.480333266597093189e+00 2.480333266605051268e+00 2.480333266566321804e+00 2.480333266481769439e+00 2.480333266352211741e+00 2.480333266178407214e+00 2.480333265961007783e+00 2.480333265700710221e+00 2.480333265398136700e+00 2.480333265054090131e+00 2.480333264669328130e+00 2.480333264244973357e+00 2.480333263782207087e+00 2.480333263282636924e+00 2.480333262748051215e+00 2.480333262180647758e+00 2.480333261583003601e+00 2.480333260958013764e+00 2.480333260308952958e+00 2.480333259639413424e+00 2.480333258953320907e+00 2.480333258254844075e+00 2.480333257548439363e+00 2.480333256838730627e+00 2.480333256130446085e+00
2.464388073171372984e+00 2.464388073794922640e+00 2.464388074370132742e+00 2.464388074894562575e+00 2.464388075366453545e+00 2.464388075784684773e+00 2.464388076148664730e+00 2.464388076458377874e+00 2.464388076714143061e+00 2.464388076916717907e+00 2.464388077067072302e+00 2.464388077166283164e+00 2.464388077215532213e+00 2.464388077216017159e+00 2.464388077168799374e+00 2.464388077074894046e+00 2.464388076935150274e+00 2.464388076750265277e+00 2.464388076520875437e+00 2.464388076247511439e+00 2.464388075930689315e+00 2.464388075570953518e+00 2.464388075169062997e+00 2.464388074725775368e+00 2.464388074242302995e+00 2.464388073719995464e+00 2.464388073160656223e+00 2.464388072566498611e+00 2.464388071940053937e+00 2.464388071284338455e+00 2.464388070602747671e+00 2.464388069899086986e+00 2.464388069177463780e+00 2.464388068442334045e+00 2.464388067698382478e+00 2.464388066950550460e+00 2.464388066203946348e+00
2.448092846408295831e+00 2.448092847054461618e+00 2.448092847648695169e+00 2.448092848188541115e+00 2.448092848672270616e+00 2.448092849098884471e+00 2.448092849468063381e+00 2.448092849780020064e+00 2.448092850035512580e+00 2.448092850235555673e+00 2.448092850381499375e+00 2.448092850474767879e+00 2.448092850516877750e+00 2.448092850509207441e+00 2.448092850453061242e+00 2.448092850349515626e+00 2.448092850199479198e+00 2.448092850003649623e+00 2.448092849762482093e+00 2.448092849476400712e+00 2.448092849145708350e+00 2.448092848770769159e+00 2.448092848351992146e+00 2.448092847890105173e+00 2.448092847385942239e+00 2.448092846840866699e+00 2.448092846256531452e+00 2.448092845635058801e+00 2.448092844979085747e+00 2.448092844291689385e+00 2.448092843576402444e+00 2.448092842837179983e+00 2.448092842078464670e+00 2.448092841304908784e+00 2.448092840521546076e+00 2.448092839733620352e+00 2.448092838946604566e+00
2.431499063924563053e+00 2.431499064594421000e+00 2.431499065208299726e+00 2.431499065763712775e+00 2.431499066259038777e+00 2.431499066693519673e+00 2.431499067067049324e+00 2.431499067380264112e+00 2.431499067634255606e+00 2.431499067830524385e+00 2.431499067970844585e+00 2.431499068057079604e+00 2.431499068091034221e+00 2.431499068074481240e+00 2.431499068008861286e+00 2.431499067895432020e+00 2.431499067735073183e+00 2.431499067528435809e+00 2.431499067275884496e+00 2.431499066977615531e+00 2.431499066633660000e+00 2.431499066244062757e+00 2.431499065809020976e+00 2.431499065328883713e+00 2.431499064804377941e+00 2.431499064236549934e+00 2.431499063626991752e+00 2.431499062977779069e+00 2.431499062291535118e+00 2.431499061571427589e+00 2.431499060821185498e+00 2.431499060044977067e+00 2.431499059247426153e+00 2.431499058433579830e+00 2.431499057608789371e+00 2.431499056778617884e+00 2.431499055948916244e+00
2.414654863920804750e+00 2.414654864615416230e+00 2.414654865249516114e+00 2.414654865820633045e+00 2.414654866327252236e+00 2.414654866768796815e+00 2.414654867145600292e+00 2.414654867458678744e+00 2.414654867709669084e+00 2.414654867900647428e+00 2.414654868033828006e+00 2.414654868111620001e+00 2.414654868136328236e+00 2.414654868109952890e+00 2.414654868034282753e+00 2.414654867910667413e+00 2.414654867740061217e+00 2.414654867522995296e+00 2.414654867259620641e+00 2.414654866949861756e+00 2.414654866593430871e+00 2.414654866190069971e+00 2.414654865739506384e+00 2.414654865241815607e+00 2.414654864697331593e+00 2.414654864106933196e+00 2.414654863472045054e+00 2.414654862794653578e+00 2.414654862077410868e+00 2.414654861323576096e+00 2.414654860537045256e+00 2.414654859722259239e+00 2.414654858884114130e+00 2.414654858027976747e+00 2.414654857159545642e+00 2.414654856284854212e+00 2.414654855410041545e+00
2.397605167781875934e+00 2.397605168502408013e+00 2.397605169157320137e+00 2.397605169744065456e+00 2.397605170261355667e+00 2.397605170708948297e+00 2.397605171087585862e+00 2.397605171398845325e+00 2.397605171644999977e+00 2.397605171828702808e+00 2.397605171952954972e+00 2.397605172020667030e+00 2.397605172034673160e+00 2.397605171997459816e+00 2.397605171911103117e+00 2.397605171777058786e+00 2.397605171596326912e+00 2.397605171369286747e+00 2.397605171095892551e+00 2.397605170775644279e+00 2.397605170407890451e+00 2.397605169991841922e+00 2.397605169526847657e+00 2.397605169012422266e+00 2.397605168448656787e+00 2.397605167836066808e+00 2.397605167175818952e+00 2.397605166469868987e+00 2.397605165720869902e+00 2.397605164932231858e+00 2.397605164108002285e+00 2.397605163252895633e+00 2.397605162372216547e+00 2.397605161471650259e+00 2.397605160557304771e+00 2.397605159635562089e+00 2.397605158713091988e+00
2.380391808165525980e+00 2.380391808913160823e+00 2.380391809589339935e+00 2.380391810191576862e+00 2.380391810718735179e+00 2.380391811170966321e+00 2.380391811549619430e+00 2.380391811856922502e+00 2.380391812095892234e+00 2.380391812270029828e+00 2.380391812383034544e+00 2.380391812438665600e+00 2.380391812440317612e+00 2.380391812391038364e+00 2.380391812293191744e+00 2.380391812148521691e+00 2.380391811957906611e+00 2.380391811721604522e+00 2.380391811439237060e+00 2.380391811109833000e+00 2.380391810732241265e+00 2.380391810305051425e+00 2.380391809826975624e+00 2.380391809297103922e+00 2.380391808714906077e+00 2.380391808080594362e+00 2.380391807395123127e+00 2.380391806660282050e+00 2.380391805878783185e+00 2.380391805054114407e+00 2.380391804190639782e+00 2.380391803293423258e+00 2.380391802368058141e+00 2.380391801420743469e+00 2.380391800457982932e+00 2.380391799486611948e+00 2.380391798513725732e+00
2.363053657854743417e+00 2.363053658630769771e+00 2.363053659328670619e+00 2.363053659946005247e+00 2.363053660481894802e+00 2.363053660937036060e+00 2.363053661313370135e+00 2.363053661614033629e+00 2.363053661842953623e+00 2.363053662004586108e+00 2.363053662103629993e+00 2.363053662144693590e+00 2.363053662132021504e+00 2.363053662069235727e+00 2.363053661959095830e+00 2.363053661803542038e+00 2.363053661603483402e+00 2.363053661358905266e+00 2.363053661068958533e+00 2.363053660732172379e+00 2.363053660346622564e+00 2.363053659910186344e+00 2.363053659420923491e+00 2.363053658877106500e+00 2.363053658277688651e+00 2.363053657622413262e+00 2.363053656911930922e+00 2.363053656147940274e+00 2.363053655333093861e+00 2.363053654471165554e+00 2.363053653566779211e+00 2.363053652625361156e+00 2.363053651653035381e+00 2.363053650656426363e+00 2.363053649642582243e+00 2.363053648618809621e+00 2.363053647592581186e+00
2.345626758698153846e+00 2.345626759503905756e+00 2.345626760223892049e+00 2.345626760855717752e+00 2.345626761398883264e+00 2.345626761854631148e+00 2.345626762225780926e+00 2.345626762516485719e+00 2.345626762731793047e+00 2.345626762877373039e+00 2.345626762959106326e+00 2.345626762982662150e+00 2.345626762953270550e+00 2.345626762875220539e+00 2.345626762751877870e+00 2.345626762585304004e+00 2.345626762376377794e+00 2.345626762124781273e+00 2.345626761829119555e+00 2.345626761487195289e+00 2.345626761096157864e+00 2.345626760653037213e+00 2.345626760154845947e+00 2.345626759599099387e+00 2.345626758984038496e+00 2.345626758308783977e+00 2.345626757573639587e+00 2.345626756780181399e+00 2.345626755931137453e+00 2.345626755030495225e+00 2.345626754083286691e+00 2.345626753095439110e+00 2.345626752073621812e+00 2.345626751025035261e+00 2.345626749957227641e+00 2.345626748878036683e+00 2.345626747795464873e+00
2.328144450025411150e+00 2.328144450862327908e+00 2.328144451604657661e+00 2.328144452250095586e+00 2.328144452798566633e+00 2.328144453252070978e+00 2.328144453614458875e+00 2.328144453891082044e+00 2.328144454088411752e+00 2.328144454213573411e+00 2.328144454273888275e+00 2.328144454276389386e+00 2.328144454227367710e+00 2.328144454132098140e+00 2.328144453994446028e+00 2.328144453816776149e+00 2.328144453599876762e+00 2.328144453342990250e+00 2.328144453044024065e+00 2.328144452699810518e+00 2.328144452306454060e+00 2.328144451859755826e+00 2.328144451355622646e+00 2.328144450790523567e+00 2.328144450161699019e+00 2.328144449467708821e+00 2.328144448708432623e+00 2.328144447885218238e+00 2.328144447000992656e+00 2.328144446060029349e+00 2.328144445067831025e+00 2.328144444030991966e+00 2.328144442956848525e+00 2.328144441853252644e+00 2.328144440728404430e+00 2.328144439590702497e+00 2.328144438448559228e+00
2.310637495977168054e+00 2.310637496846842165e+00 2.310637497611696567e+00 2.310637498269564549e+00 2.310637498820869773e+00 2.310637499268523243e+00 2.310637499617678170e+00 2.310637499875171308e+00 2.310637500049173010e+00 2.310637500148595702e+00 2.310637500182520121e+00 2.310637500159585578e+00 2.310637500087508123e+00 2.310637499972593378e+00 2.310637499819464757e+00 2.310637499630729508e+00 2.310637499407039108e+00 2.310637499147090601e+00 2.310637498847897042e+00 2.310637498505078380e+00 2.310637498113373933e+00 2.310637497667100249e+00 2.310637497160754172e+00 2.310637496589409423e+00 2.310637495949337428e+00 2.310637495238188510e+00 2.310637494455371144e+00 2.310637493602128778e+00 2.310637492681507865e+00 2.310637491698253054e+00 2.310637490658579374e+00 2.310637489569808078e+00 2.310637488440140164e+00 2.310637487278230040e+00 2.310637486093052306e+00 2.310637484893534932e+00 2.310637483688590788e+00
2.293134211224393315e+00 2.293134212128491889e+00 2.293134212915932224e+00 2.293134213584615555e+00 2.293134214135625459e+00 2.293134214573039120e+00 2.293134214903428170e+00 2.293134215135561593e+00 2.293134215279686305e+00 2.293134215346890326e+00 2.293134215348360705e+00 2.293134215294753808e+00 2.293134215195429260e+00 2.293134215058072911e+00 2.293134214888088440e+00 2.293134214688454353e+00 2.293134214459594755e+00 2.293134214199494814e+00 2.293134213903984531e+00 2.293134213567213919e+00 2.293134213182179248e+00 2.293134212741362532e+00 2.293134212237418978e+00 2.293134211663846234e+00 2.293134211015505297e+00 2.293134210289091701e+00 2.293134209483484121e+00 2.293134208599758583e+00 2.293134207641287503e+00 2.293134206613422155e+00 2.293134205523248870e+00 2.293134204379119634e+00 2.293134203190273279e+00 2.293134201966426922e+00 2.293134200717319438e+00 2.293134199452583566e+00 2.293134198181542072e+00
2.275660584570914580e+00 2.275660585511384948e+00 2.275660586321282430e+00 2.275660586998704549e+00 2.275660587545538238e+00 2.275660587967149873e+00 2.275660588272050422e+00 2.275660588471221768e+00 2.275660588577451016e+00 2.275660588604478285e+00 2.275660588566120079e+00 2.275660588475413082e+00 2.275660588343862312e+00 2.275660588180699051e+00 2.275660587992327510e+00 2.275660587782135647e+00 2.275660587550229597e+00 2.275660587293706794e+00 2.275660587006927749e+00 2.275660586682109354e+00 2.275660586310058076e+00 2.275660585880958209e+00 2.275660585385208101e+00 2.275660584814265253e+00 2.275660584161353750e+00 2.275660583422002947e+00 2.275660582594416059e+00 2.275660581679646022e+00 2.275660580681437839e+00 2.275660579606035849e+00 2.275660578461687233e+00 2.275660577258107331e+00 2.275660576005892111e+00 2.275660574715971052e+00 2.275660573399106212e+00 2.275660572065620002e+00 2.275660570725252185e+00
