BlockUplift_2Ma_1kryTimeStep_2mmyr_k_0.0001_m_0.5_n_1.0_LinDiffusion_0.75_6x3km_30mRes_flow__link_to_receiver_node.txt
nrows 100
cellsize 30.0
xllcorner 0.0
ncols 200
yllcorner 0.0
[rows 51 to 67 of 100, columns 74 to 110 of 200]
1.922500000000000000e+04 1.922600000000000000e+04 1.922700000000000000e+04 1.922800000000000000e+04 1.922900000000000000e+04 1.923000000000000000e+04 1.923100000000000000e+04 1.923200000000000000e+04 1.923300000000000000e+04 1.923400000000000000e+04 1.923500000000000000e+04 1.923600000000000000e+04 5.857600000000000000e+04 5.858100000000000000e+04 5.858300000000000000e+04 1.924100000000000000e+04 1.924200000000000000e+04 1.924300000000000000e+04 1.924400000000000000e+04 1.924500000000000000e+04 1.924600000000000000e+04 1.924700000000000000e+04 1.924800000000000000e+04 1.924900000000000000e+04 1.925000000000000000e+04 1.925100000000000000e+04 1.925200000000000000e+04 1.925300000000000000e+04 1.925400000000000000e+04 1.925500000000000000e+04 1.925600000000000000e+04 5.861700000000000000e+04 1.905800000000000000e+04 5.861800000000000000e+04 1.925900000000000000e+04 1.926000000000000000e+04 1.926100000000000000e+04
1.882600000000000000e+04 1.882700000000000000e+04 1.882800000000000000e+04 1.882900000000000000e+04 1.883000000000000000e+04 1.883100000000000000e+04 1.883200000000000000e+04 1.883300000000000000e+04 1.883400000000000000e+04 1.883500000000000000e+04 1.883600000000000000e+04 5.817600000000000000e+04 5.818100000000000000e+04 5.818300000000000000e+04 5.818500000000000000e+04 5.818700000000000000e+04 1.884300000000000000e+04 1.884400000000000000e+04 1.884500000000000000e+04 1.884600000000000000e+04 1.884700000000000000e+04 1.884800000000000000e+04 1.884900000000000000e+04 1.885000000000000000e+04 1.885100000000000000e+04 1.885200000000000000e+04 1.885300000000000000e+04 1.885400000000000000e+04 1.885500000000000000e+04 1.885600000000000000e+04 1.885700000000000000e+04 5.821900000000000000e+04 1.865900000000000000e+04 5.822000000000000000e+04 1.886000000000000000e+04 1.886100000000000000e+04 1.886200000000000000e+04
1.842700000000000000e+04 1.842800000000000000e+04 1.842900000000000000e+04 1.843000000000000000e+04 1.843100000000000000e+04 1.843200000000000000e+04 1.843300000000000000e+04 1.843400000000000000e+04 1.843500000000000000e+04 1.843600000000000000e+04 5.777600000000000000e+04 5.777800000000000000e+04 5.778300000000000000e+04 5.778500000000000000e+04 5.778700000000000000e+04 5.778900000000000000e+04 5.779100000000000000e+04 5.779300000000000000e+04 1.844600000000000000e+04 1.844700000000000000e+04 1.844800000000000000e+04 1.844900000000000000e+04 1.845000000000000000e+04 1.845100000000000000e+04 1.845200000000000000e+04 1.845300000000000000e+04 1.845400000000000000e+04 1.845500000000000000e+04 1.845600000000000000e+04 1.845700000000000000e+04 1.845800000000000000e+04 5.782100000000000000e+04 1.826000000000000000e+04 5.782200000000000000e+04 1.846100000000000000e+04 1.846200000000000000e+04 1.846300000000000000e+04
1.802800000000000000e+04 1.802900000000000000e+04 1.803000000000000000e+04 1.803100000000000000e+04 1.803200000000000000e+04 1.803300000000000000e+04 1.803400000000000000e+04 1.803500000000000000e+04 1.803600000000000000e+04 5.737600000000000000e+04 5.737800000000000000e+04 5.738000000000000000e+04 5.738500000000000000e+04 5.738700000000000000e+04 5.738900000000000000e+04 5.739100000000000000e+04 5.739300000000000000e+04 5.739500000000000000e+04 5.739700000000000000e+04 5.739900000000000000e+04 1.804900000000000000e+04 1.805000000000000000e+04 1.805100000000000000e+04 1.805200000000000000e+04 1.805300000000000000e+04 1.805400000000000000e+04 1.805500000000000000e+04 1.805600000000000000e+04 1.805700000000000000e+04 1.805800000000000000e+04 5.742100000000000000e+04 5.742300000000000000e+04 1.786100000000000000e+04 5.742400000000000000e+04 5.742600000000000000e+04 1.806300000000000000e+04 1.806400000000000000e+04
1.762900000000000000e+04 1.763000000000000000e+04 1.763100000000000000e+04 1.763200000000000000e+04 1.763300000000000000e+04 1.763400000000000000e+04 1.763500000000000000e+04 1.763600000000000000e+04 1.763700000000000000e+04 5.697800000000000000e+04 5.698000000000000000e+04 1.744100000000000000e+04 5.698700000000000000e+04 5.698900000000000000e+04 5.699100000000000000e+04 5.699300000000000000e+04 5.699500000000000000e+04 5.699700000000000000e+04 5.699900000000000000e+04 5.700100000000000000e+04 5.700300000000000000e+04 5.700500000000000000e+04 5.700700000000000000e+04 5.700900000000000000e+04 1.765400000000000000e+04 1.765500000000000000e+04 1.765600000000000000e+04 1.765700000000000000e+04 5.701900000000000000e+04 5.702100000000000000e+04 5.702300000000000000e+04 1.746100000000000000e+04 1.746200000000000000e+04 5.702600000000000000e+04 5.702800000000000000e+04 5.703000000000000000e+04 1.766500000000000000e+04
1.723000000000000000e+04 1.723100000000000000e+04 1.723200000000000000e+04 1.723300000000000000e+04 1.723400000000000000e+04 1.723500000000000000e+04 1.723600000000000000e+04 5.657600000000000000e+04 5.657800000000000000e+04 5.658000000000000000e+04 5.658200000000000000e+04 1.704200000000000000e+04 1.704300000000000000e+04 5.659100000000000000e+04 5.659300000000000000e+04 5.659500000000000000e+04 5.659700000000000000e+04 5.659900000000000000e+04 5.660100000000000000e+04 5.660300000000000000e+04 5.660500000000000000e+04 5.660700000000000000e+04 5.660900000000000000e+04 5.661100000000000000e+04 5.661300000000000000e+04 5.661500000000000000e+04 5.661700000000000000e+04 5.661900000000000000e+04 5.662100000000000000e+04 5.662300000000000000e+04 5.662500000000000000e+04 1.706200000000000000e+04 1.706300000000000000e+04 1.706400000000000000e+04 5.663000000000000000e+04 5.663200000000000000e+04 5.663400000000000000e+04
1.683100000000000000e+04 1.683200000000000000e+04 1.683300000000000000e+04 1.683400000000000000e+04 1.683500000000000000e+04 1.683600000000000000e+04 5.617600000000000000e+04 5.617800000000000000e+04 5.618000000000000000e+04 5.618200000000000000e+04 5.618400000000000000e+04 1.664300000000000000e+04 1.664400000000000000e+04 5.619300000000000000e+04 5.619500000000000000e+04 5.619700000000000000e+04 5.619900000000000000e+04 5.620100000000000000e+04 5.620300000000000000e+04 5.620500000000000000e+04 5.620700000000000000e+04 5.620900000000000000e+04 5.621100000000000000e+04 5.621300000000000000e+04 5.621500000000000000e+04 5.621700000000000000e+04 5.621900000000000000e+04 5.622100000000000000e+04 5.622300000000000000e+04 5.622500000000000000e+04 5.622700000000000000e+04 1.666300000000000000e+04 1.666400000000000000e+04 1.666500000000000000e+04 5.623200000000000000e+04 5.623400000000000000e+04 5.623600000000000000e+04
1.643200000000000000e+04 1.643300000000000000e+04 1.643400000000000000e+04 5.577200000000000000e+04 5.577400000000000000e+04 5.577600000000000000e+04 5.577800000000000000e+04 5.578000000000000000e+04 5.578200000000000000e+04 5.578400000000000000e+04 1.624300000000000000e+04 1.624400000000000000e+04 1.624500000000000000e+04 5.579500000000000000e+04 5.579700000000000000e+04 5.579900000000000000e+04 5.580100000000000000e+04 5.580300000000000000e+04 5.580500000000000000e+04 5.580700000000000000e+04 5.580900000000000000e+04 5.581100000000000000e+04 5.581300000000000000e+04 5.581500000000000000e+04 5.581700000000000000e+04 5.581900000000000000e+04 5.582100000000000000e+04 5.582300000000000000e+04 5.582500000000000000e+04 5.582700000000000000e+04 5.582900000000000000e+04 1.626400000000000000e+04 1.626500000000000000e+04 1.626600000000000000e+04 5.583400000000000000e+04 5.583600000000000000e+04 5.583800000000000000e+04
5.536800000000000000e+04 5.537000000000000000e+04 5.537200000000000000e+04 5.537400000000000000e+04 5.537600000000000000e+04 5.537800000000000000e+04 5.538000000000000000e+04 5.538200000000000000e+04 5.538400000000000000e+04 5.538600000000000000e+04 1.584400000000000000e+04 1.584500000000000000e+04 1.584600000000000000e+04 5.539700000000000000e+04 5.539900000000000000e+04 5.540100000000000000e+04 5.540300000000000000e+04 5.540500000000000000e+04 5.540700000000000000e+04 5.540900000000000000e+04 5.541100000000000000e+04 5.541300000000000000e+04 5.541500000000000000e+04 5.541700000000000000e+04 5.541900000000000000e+04 5.542100000000000000e+04 5.542300000000000000e+04 5.542500000000000000e+04 5.542700000000000000e+04 5.542900000000000000e+04 5.543100000000000000e+04 1.586500000000000000e+04 1.586600000000000000e+04 1.586700000000000000e+04 5.543600000000000000e+04 5.543800000000000000e+04 5.544000000000000000e+04
5.497000000000000000e+04 5.497200000000000000e+04 5.497400000000000000e+04 5.497600000000000000e+04 5.497800000000000000e+04 5.498000000000000000e+04 5.498200000000000000e+04 5.498400000000000000e+04 5.498600000000000000e+04 5.498800000000000000e+04 1.544500000000000000e+04 1.544600000000000000e+04 1.544700000000000000e+04 5.499900000000000000e+04 5.500100000000000000e+04 5.500300000000000000e+04 5.500500000000000000e+04 5.500700000000000000e+04 5.500900000000000000e+04 5.501100000000000000e+04 5.501300000000000000e+04 5.501500000000000000e+04 5.501700000000000000e+04 5.501900000000000000e+04 5.502100000000000000e+04 5.502300000000000000e+04 5.502500000000000000e+04 5.502700000000000000e+04 5.502900000000000000e+04 5.503100000000000000e+04 5.503300000000000000e+04 1.546600000000000000e+04 1.546700000000000000e+04 1.546800000000000000e+04 5.503800000000000000e+04 5.504000000000000000e+04 5.504200000000000000e+04
5.457200000000000000e+04 5.457400000000000000e+04 5.457600000000000000e+04 5.457800000000000000e+04 5.458000000000000000e+04 5.458200000000000000e+04 5.458400000000000000e+04 5.458600000000000000e+04 5.458800000000000000e+04 1.504500000000000000e+04 1.504600000000000000e+04 1.504700000000000000e+04 1.504800000000000000e+04 5.460100000000000000e+04 5.460300000000000000e+04 5.460500000000000000e+04 5.460700000000000000e+04 5.460900000000000000e+04 5.461100000000000000e+04 5.461300000000000000e+04 5.461500000000000000e+04 5.461700000000000000e+04 5.461900000000000000e+04 5.462100000000000000e+04 5.462300000000000000e+04 5.462500000000000000e+04 5.462700000000000000e+04 5.462900000000000000e+04 5.463100000000000000e+04 5.463300000000000000e+04 5.463500000000000000e+04 1.506700000000000000e+04 1.506800000000000000e+04 1.506900000000000000e+04 5.464000000000000000e+04 5.464200000000000000e+04 5.464400000000000000e+04
5.417400000000000000e+04 5.417600000000000000e+04 5.417800000000000000e+04 5.418000000000000000e+04 5.418200000000000000e+04 5.418400000000000000e+04 5.418600000000000000e+04 5.418800000000000000e+04 5.419000000000000000e+04 1.464600000000000000e+04 1.464700000000000000e+04 1.464800000000000000e+04 1.464900000000000000e+04 5.420300000000000000e+04 5.420500000000000000e+04 5.420700000000000000e+04 5.420900000000000000e+04 5.421100000000000000e+04 5.421300000000000000e+04 5.421500000000000000e+04 5.421700000000000000e+04 5.421900000000000000e+04 5.422100000000000000e+04 5.422300000000000000e+04 5.422500000000000000e+04 5.422700000000000000e+04 5.422900000000000000e+04 5.423100000000000000e+04 5.423300000000000000e+04 5.423500000000000000e+04 5.423700000000000000e+04 1.466800000000000000e+04 1.466900000000000000e+04 1.467000000000000000e+04 5.424200000000000000e+04 5.424400000000000000e+04 5.424600000000000000e+04
5.377600000000000000e+04 5.377800000000000000e+04 5.378000000000000000e+04 5.378200000000000000e+04 5.378400000000000000e+04 5.378600000000000000e+04 5.378800000000000000e+04 5.379000000000000000e+04 5.379200000000000000e+04 1.424700000000000000e+04 1.424800000000000000e+04 1.424900000000000000e+04 1.425000000000000000e+04 5.380500000000000000e+04 5.380700000000000000e+04 5.380900000000000000e+04 5.381100000000000000e+04 5.381300000000000000e+04 5.381500000000000000e+04 5.381700000000000000e+04 5.381900000000000000e+04 5.382100000000000000e+04 5.382300000000000000e+04 5.382500000000000000e+04 5.382700000000000000e+04 5.382900000000000000e+04 5.383100000000000000e+04 5.383300000000000000e+04 5.383500000000000000e+04 5.383700000000000000e+04 5.383900000000000000e+04 1.426900000000000000e+04 1.427000000000000000e+04 1.427100000000000000e+04 5.384400000000000000e+04 5.384600000000000000e+04 5.384800000000000000e+04
5.337800000000000000e+04 5.338000000000000000e+04 5.338200000000000000e+04 5.338400000000000000e+04 5.338600000000000000e+04 5.338800000000000000e+04 5.339000000000000000e+04 5.339200000000000000e+04 1.384700000000000000e+04 1.384800000000000000e+04 1.384900000000000000e+04 1.385000000000000000e+04 1.385100000000000000e+04 1.385200000000000000e+04 5.340900000000000000e+04 5.341100000000000000e+04 5.341300000000000000e+04 5.341500000000000000e+04 5.341700000000000000e+04 5.341900000000000000e+04 5.342100000000000000e+04 5.342300000000000000e+04 5.342500000000000000e+04 5.342700000000000000e+04 5.342900000000000000e+04 5.343100000000000000e+04 5.343300000000000000e+04 5.343500000000000000e+04 5.343700000000000000e+04 5.343900000000000000e+04 5.344100000000000000e+04 1.387000000000000000e+04 1.387100000000000000e+04 1.387200000000000000e+04 5.344600000000000000e+04 5.344800000000000000e+04 5.345000000000000000e+04
5.298000000000000000e+04 5.298200000000000000e+04 5.298400000000000000e+04 5.298600000000000000e+04 5.298800000000000000e+04 5.299000000000000000e+04 5.299200000000000000e+04 5.299400000000000000e+04 1.344800000000000000e+04 1.344900000000000000e+04 1.345000000000000000e+04 1.345100000000000000e+04 1.345200000000000000e+04 1.345300000000000000e+04 5.301100000000000000e+04 5.301300000000000000e+04 5.301500000000000000e+04 5.301700000000000000e+04 5.301900000000000000e+04 5.302100000000000000e+04 5.302300000000000000e+04 5.302500000000000000e+04 5.302700000000000000e+04 5.302900000000000000e+04 5.303100000000000000e+04 5.303300000000000000e+04 5.303500000000000000e+04 5.303700000000000000e+04 5.303900000000000000e+04 5.304100000000000000e+04 5.304300000000000000e+04 1.347100000000000000e+04 1.347200000000000000e+04 1.347300000000000000e+04 5.304800000000000000e+04 5.305000000000000000e+04 5.305200000000000000e+04
5.258200000000000000e+04 5.258400000000000000e+04 5.258600000000000000e+04 5.258800000000000000e+04 5.259000000000000000e+04 5.259200000000000000e+04 5.259400000000000000e+04 5.259600000000000000e+04 1.304900000000000000e+04 1.305000000000000000e+04 1.305100000000000000e+04 1.305200000000000000e+04 1.305300000000000000e+04 1.305400000000000000e+04 5.261300000000000000e+04 5.261500000000000000e+04 5.261700000000000000e+04 5.261900000000000000e+04 5.262100000000000000e+04 5.262300000000000000e+04 5.262500000000000000e+04 5.262700000000000000e+04 5.262900000000000000e+04 5.263100000000000000e+04 5.263300000000000000e+04 5.263500000000000000e+04 5.263700000000000000e+04 5.263900000000000000e+04 5.264100000000000000e+04 5.264300000000000000e+04 5.264500000000000000e+04 1.307200000000000000e+04 1.307300000000000000e+04 1.307400000000000000e+04 5.265000000000000000e+04 5.265200000000000000e+04 5.265400000000000000e+04
5.218400000000000000e+04 5.218600000000000000e+04 5.218800000000000000e+04 5.219000000000000000e+04 5.219200000000000000e+04 5.219400000000000000e+04 5.219600000000000000e+04 1.264900000000000000e+04 1.265000000000000000e+04 1.265100000000000000e+04 1.265200000000000000e+04 1.265300000000000000e+04 1.265400000000000000e+04 1.265500000000000000e+04 1.265600000000000000e+04 5.221700000000000000e+04 5.221900000000000000e+04 5.222100000000000000e+04 5.222300000000000000e+04 5.222500000000000000e+04 5.222700000000000000e+04 5.222900000000000000e+04 5.223100000000000000e+04 5.223300000000000000e+04 5.223500000000000000e+04 5.223700000000000000e+04 5.223900000000000000e+04 5.224100000000000000e+04 5.224300000000000000e+04 5.224500000000000000e+04 5.224700000000000000e+04 1.267300000000000000e+04 1.267400000000000000e+04 1.267500000000000000e+04 5.225200000000000000e+04 5.225400000000000000e+04 5.225600000000000000e+04
