BlockUplift_2Ma_1kryTimeStep_2mmyr_k_0.0001_m_0.5_n_1.0_LinDiffusion_0.5_6x3km_30mRes_topographic__elevation.txt
nrows 100
cellsize 30.0
xllcorner 0.0
ncols 200
yllcorner 0.0
[rows 17 to 33 of 100, columns 37 to 73 of 200]
1.872354929742950844e+02 1.855537642354667867e+02 1.848869979218851540e+02 1.852795346010147739e+02 1.867147652461136715e+02 1.891144434851021003e+02 1.923503611994050289e+02 1.962677195999692401e+02 2.007143287760535486e+02 2.055654047145926029e+02 2.107338469023961522e+02 2.161611603654243936e+02 2.217917657282079347e+02 2.275395119416114653e+02 2.332578150432831023e+02 2.387242362354227510e+02 2.436472768687526980e+02 2.476978501089892006e+02 2.505604779759398468e+02 2.519915469241221899e+02 2.518674881077180316e+02 2.502077190394909678e+02 2.471656693970395509e+02 2.429925121149795189e+02 2.379871162136209932e+02 2.324487427524546206e+02 2.266458753796695476e+02 2.208074154843971257e+02 2.151340158214006806e+02 2.098200896202849037e+02 2.050732709417949309e+02 2.011194314998563470e+02 1.981876551751728925e+02 1.964783331174190835e+02 1.961249301688162063e+02 1.971629538307943221e+02 1.995173741120964621e+02
1.840347477443579010e+02 1.821138574194124544e+02 1.812938632531989072e+02 1.816306770668361423e+02 1.831002079715721322e+02 1.856012762354871484e+02 1.889769448184624707e+02 1.930482832294540003e+02 1.976495187875092654e+02 2.026524150373462305e+02 2.079716289609794728e+02 2.135499446699337227e+02 2.193291347471843267e+02 2.252161154432589569e+02 2.310547825405854496e+02 2.366126832856861029e+02 2.415892270108281821e+02 2.456478672430978065e+02 2.484679735325576644e+02 2.498043063437318381e+02 2.495368184880856006e+02 2.476947387932168851e+02 2.444472587603780767e+02 2.400650719388792709e+02 2.348668098740591574e+02 2.291679399884362169e+02 2.232464794850080239e+02 2.173323775530409137e+02 2.116187676327405143e+02 2.062859523936773769e+02 2.015247820730416208e+02 1.975464786486941478e+02 1.945714030796489169e+02 1.927982033802861395e+02 1.923636759992270413e+02 1.933085588515920392e+02 1.955629769384392205e+02
1.812262756666701193e+02 1.790389590147865420e+02 1.780437113186163174e+02 1.783103908018659070e+02 1.798107581964387123e+02 1.824241357600819811e+02 1.859669002116150409e+02 1.902352300628152193e+02 1.950456122768148646e+02 2.002593740432209302e+02 2.057846796412704009e+02 2.115580374069630238e+02 2.175134052383034771e+02 2.235489636227521544e+02 2.295007958599249491e+02 2.351311096323473748e+02 2.401368349057980254e+02 2.441811708104814329e+02 2.469446157052982187e+02 2.481841949587437171e+02 2.477838090932183377e+02 2.457791520369062823e+02 2.423487374686267231e+02 2.377748163118659193e+02 2.323883398022836673e+02 2.265159900669123090e+02 2.204440438320006592e+02 2.144061869221215204e+02 2.085938323057596904e+02 2.031803749260108702e+02 1.983464808899315415e+02 1.942931284518620316e+02 1.912335850514465392e+02 1.893641802290997020e+02 1.888235764635396379e+02 1.896566878891945862e+02 1.917987730834330193e+02
1.787934840637155105e+02 1.763235860568855173e+02 1.751409402760126000e+02 1.753323848900935218e+02 1.768689058989882312e+02 1.796130281068361967e+02 1.833550703359688328e+02 1.878638720225345367e+02 1.929326961226139474e+02 1.984051149489854708e+02 2.041755329663886300e+02 2.101687790861531937e+02 2.163085776674504643e+02 2.224851687395105557e+02 2.285303637998244426e+02 2.342065014884418588e+02 2.392145216191729276e+02 2.432239165385988429e+02 2.459218474763476650e+02 2.470709683996193462e+02 2.465593235741523586e+02 2.444256592759151090e+02 2.408512232679014176e+02 2.361213830706832084e+02 2.305709911637343055e+02 2.245314419138878179e+02 2.182940906472126414e+02 2.120970832825041157e+02 2.061343781272082083e+02 2.005790657380132984e+02 1.956088704332397015e+02 1.914207732216613636e+02 1.882252013675103228e+02 1.862183594613784123e+02 1.855415890662282550e+02 1.862442705330993249e+02 1.882670034510263974e+02
1.766934892817133402e+02 1.739406374167980971e+02 1.725715724544016041e+02 1.726929256378755895e+02 1.742776807783458253e+02 1.771732802631502182e+02 1.811435203022443829e+02 1.859267400324965536e+02 1.912876720098033445e+02 1.970461729403322408e+02 2.030780512113481961e+02 2.092940462857432351e+02 2.156080518142193796e+02 2.219051248077432490e+02 2.280170447979200787e+02 2.337111815087849607e+02 2.386974917108714749e+02 2.426564933740771721e+02 2.452860004017543076e+02 2.463568320766185309e+02 2.457614340151484669e+02 2.435390149277311309e+02 2.398681896061547434e+02 2.350301360345077342e+02 2.293557603498443598e+02 2.231743271788974141e+02 2.167777337604968864e+02 2.104071469286858473e+02 2.042608855246866426e+02 1.985163023088289265e+02 1.933544488643138379e+02 1.889749868195767704e+02 1.855914739864907119e+02 1.834046451362353309e+02 1.825617824817591099e+02 1.831187566463053145e+02 1.850223028225912287e+02
1.748599018863547769e+02 1.718402365409061758e+02 1.702989573276088890e+02 1.703641930968703093e+02 1.720125990849280413e+02 1.750773368045059044e+02 1.792948342749890003e+02 1.843702883708743627e+02 1.900362011006305352e+02 1.960853051273021777e+02 2.023729977050720947e+02 2.087963390450557313e+02 2.152617767831432047e+02 2.216526813557817377e+02 2.278044636014651303e+02 2.334927778522441884e+02 2.384393633862669049e+02 2.423382444293898175e+02 2.449001830126521213e+02 2.459059909164345186e+02 2.452532319567463333e+02 2.429805015221371889e+02 2.392605914714078210e+02 2.343654483949624705e+02 2.286159178433333068e+02 2.223329855759386646e+02 2.158039373142900388e+02 2.092696589132397662e+02 2.029319572574539734e+02 1.969741999767821596e+02 1.915848724641800800e+02 1.869720693710100932e+02 1.833589236278323540e+02 1.809568959483370918e+02 1.799243880608117365e+02 1.803273153627084753e+02 1.821199454300796958e+02
1.732128522074622765e+02 1.699559444791139811e+02 1.682671620671567894e+02 1.682961646162152647e+02 1.700236312827678660e+02 1.732686015410858147e+02 1.777396475060224645e+02 1.831076775538801371e+02 1.890717135372764801e+02 1.953968587725031512e+02 2.019189705641701380e+02 2.085237006862006410e+02 2.151131128314100067e+02 2.215718468031586781e+02 2.277410870734484831e+02 2.334059201846875453e+02 2.383003901575106909e+02 2.421325631677756007e+02 2.446271852703075353e+02 2.455766065856050773e+02 2.448850533082113543e+02 2.425912705640465390e+02 2.388615473270764937e+02 2.339562164696057494e+02 2.281821771377854589e+02 2.218472816941351766e+02 2.152290988863811378e+02 2.085636847143097157e+02 2.020531703602916025e+02 1.958858800396913296e+02 1.902591902014495702e+02 1.853935209459215798e+02 1.815272931178828912e+02 1.788891958202246144e+02 1.776548054161924313e+02 1.779044655390304399e+02 1.796016860030152884e+02
1.716742415909209853e+02 1.682179292893272020e+02 1.664128205595956445e+02 1.664283587326912937e+02 1.682483169909764058e+02 1.716774035857172009e+02 1.763966450451937362e+02 1.820433991168256682e+02 1.882844770828655498e+02 1.948593178984009739e+02 2.015868684687467010e+02 2.083442849338669021e+02 2.150317946188671101e+02 2.215368599810941816e+02 2.277067102707717652e+02 2.333350842634351636e+02 2.381671870277148457e+02 2.419244793785917409e+02 2.443461894525702292e+02 2.452379810537976539e+02 2.445133358336438789e+02 2.422137028933809972e+02 2.385004798889001449e+02 2.336224169289701535e+02 2.278706868338685751e+02 2.215365721403177588e+02 2.148832890135104776e+02 2.081369339819045763e+02 2.014952480686402509e+02 1.951482110314620400e+02 1.893010580700640162e+02 1.841881919480028671e+02 1.800674346147089864e+02 1.771903521753756650e+02 1.757554599509578566e+02 1.758618509261078771e+02 1.774838918709108384e+02
1.701850320545119359e+02 1.665704842933775183e+02 1.646831129518238583e+02 1.647088654164008972e+02 1.666325768206651503e+02 1.702441778033866342e+02 1.751982760849396357e+02 1.811010904615655761e+02 1.875904791195963810e+02 1.943838102699209287e+02 2.012864973286373242e+02 2.081698030476721328e+02 2.149334843243346995e+02 2.214677397784668358e+02 2.276244604467301258e+02 2.332039143084564046e+02 2.379604498380612938e+02 2.416279018741059019e+02 2.439605888917263030e+02 2.447798464294067173e+02 2.440120542350034043e+02 2.417053908024348061e+02 2.380197375891031299e+02 2.331941337402448937e+02 2.275039089215805745e+02 2.212215896501204497e+02 2.145920625098251548e+02 2.078262880318677048e+02 2.011121096903407590e+02 1.946363846536081326e+02 1.886092060112536331e+02 1.832784595552374469e+02 1.789234598122598641e+02 1.758226396246595016e+02 1.742019954675648421e+02 1.741828743382376388e+02 1.757516855147960086e+02
1.687211658269512782e+02 1.649898462577312728e+02 1.630551161235273980e+02 1.631150175696304245e+02 1.651525173469049150e+02 1.689420541655974546e+02 1.741134667436319319e+02 1.802453674456345709e+02 1.869511597440290984e+02 1.939305592197011379e+02 2.009788859431357650e+02 2.079633942432732283e+02 2.147835075654308241e+02 2.213307321958380385e+02 2.274591353359035963e+02 2.329727244547672456e+02 2.376327690533635177e+02 2.411846286128531744e+02 2.433987551721356795e+02 2.441151403342278172e+02 2.432775065779636066e+02 2.409457743778744145e+02 2.372828401950672514e+02 2.325211563154542773e+02 2.269213197118415053e+02 2.207359782506325701e+02 2.141884792088167728e+02 2.074698188654289766e+02 2.007522540686136381e+02 1.942139558685714178e+02 1.880654956952892292e+02 1.825658984980799460e+02 1.780159823042493201e+02 1.747229895504961803e+02 1.729431757959202685e+02 1.728223705819540896e+02 1.743595970724020958e+02
1.673048464508740381e+02 1.634976772509055820e+02 1.615506888045410108e+02 1.616688891610247651e+02 1.638297501587765623e+02 1.677911569367481093e+02 1.731599896664762639e+02 1.794913449353158796e+02 1.863792992333584380e+02 1.935106733429982455e+02 2.006739796891842502e+02 2.077337385442957896e+02 2.145883400066154536e+02 2.211283953893481851e+02 2.272071696813778487e+02 2.326294886551313823e+02 2.371614951601237351e+02 2.405595705628178109e+02 2.426117260045500643e+02 2.431799396920514198e+02 2.422300518792642947e+02 2.398391409554578217e+02 2.361782224817057454e+02 2.314770720055325910e+02 2.259836264100404719e+02 2.199305650294331258e+02 2.135174454095622991e+02 2.069111976513560194e+02 2.002631337799942628e+02 1.937369640331268954e+02 1.875385135467188320e+02 1.819341354410022404e+02 1.772442195814357149e+02 1.738046145002597598e+02 1.719026107829512853e+02 1.717092466955308794e+02 1.732360176435621497e+02
1.660078708746975735e+02 1.621656012179088862e+02 1.602413070540377191e+02 1.604415233342315332e+02 1.627341862374809409e+02 1.668592611331364708e+02 1.724024351191993674e+02 1.788995848963666901e+02 1.859308844717010913e+02 1.931752056407584917e+02 2.004175013460049968e+02 2.075205948556513249e+02 2.143808415773233946e+02 2.208855488062020527e+02 2.268841898193925317e+02 2.321796712703625474e+02 2.365412454651884957e+02 2.397360520155136783e+02 2.415711540837926918e+02 2.419337001808460172e+02 2.408161400789710171e+02 2.383178844145150208e+02 2.346231784083747698e+02 2.299634310409668956e+02 2.245768107252806942e+02 2.186770773239901189e+02 2.124390228113949490e+02 2.060025987503114777e+02 1.994936948897267825e+02 1.930561506622619277e+02 1.868855059031777159e+02 1.812505681882229283e+02 1.764876389412481217e+02 1.729588384210559866e+02 1.709811458659609968e+02 1.707498760323053659e+02 1.722880225836249508e+02
1.649435412644220378e+02 1.611067388483076854e+02 1.592385671885417935e+02 1.595418464693367753e+02 1.619710057390631448e+02 1.662467139687122426e+02 1.719352351384974043e+02 1.785576051366830370e+02 1.856856742430025520e+02 1.929954803338506792e+02 2.002718022338008836e+02 2.073769110744518684e+02 2.142042530637612288e+02 2.206356233594124774e+02 2.265140049925579433e+02 2.316379774814252528e+02 2.357783888274468040e+02 2.387128954473208466e+02 2.402687832819387950e+02 2.403608737887152529e+02 2.390118063811880234e+02 2.363476090002687044e+02 2.325702980913027602e+02 2.279172140490167351e+02 2.226202864002859485e+02 2.168766211529241446e+02 2.108368632740346413e+02 2.046127751618747936e+02 1.983018631392268958e+02 1.920237287930708305e+02 1.859584031676518521e+02 1.803717006743507625e+02 1.756107246807495414e+02 1.720594599649112126e+02 1.700609988243660666e+02 1.698321647515539894e+02 1.714054721961350083e+02
1.642442645197973263e+02 1.604517117391886813e+02 1.586684793472005026e+02 1.590893187455255031e+02 1.616519850050621017e+02 1.660570158179921521e+02 1.718532739447934432e+02 1.785513876767449517e+02 1.857204491337018624e+02 1.930387999638914209e+02 2.002945435283884592e+02 2.073507667076049756e+02 2.140974648324591669e+02 2.204091379375320798e+02 2.261200480347256132e+02 2.310224515572567157e+02 2.348874887133202094e+02 2.375029383223335628e+02 2.387168492274406049e+02 2.384731118465507791e+02 2.368267098119983700e+02 2.339331221576299242e+02 2.300155522472009579e+02 2.253210728939814089e+02 2.200792046985318393e+02 2.144737599407612834e+02 2.086335851607625216e+02 2.026431386044995691e+02 1.965707043129055194e+02 1.905090515278070029e+02 1.846185303532884348e+02 1.791565601806199197e+02 1.744748975510832167e+02 1.709730816532654956e+02 1.690144865992796497e+02 1.688327126606237698e+02 1.704666758761492531e+02
1.640245748961631591e+02 1.603099535874288222e+02 1.586316338127938934e+02 1.591736491390333867e+02 1.618555928156324626e+02 1.663582407951515449e+02 1.722156043025309771e+02 1.789322715987026129e+02 1.860797524616327792e+02 1.933434176475974766e+02 2.005179755073321815e+02 2.074687654173974352e+02 2.140821353659235911e+02 2.202240504510813537e+02 2.257184374841244221e+02 2.303497599117508230e+02 2.338883909702104802e+02 2.361316181159318432e+02 2.369479971585324165e+02 2.363105254652880092e+02 2.343069339758818614e+02 2.311231386577499336e+02 2.270053572177770320e+02 2.222131962799555538e+02 2.169774153445131901e+02 2.114726154218851946e+02 2.058097553027627384e+02 2.000490693609611128e+02 1.942312773783751538e+02 1.884220895791423516e+02 1.827597679443586856e+02 1.774886892954663153e+02 1.729586681243622479e+02 1.695769956696122165e+02 1.677194657431793701e+02 1.676298492766682955e+02 1.693492314860174304e+02
1.643347710386522635e+02 1.607228056877748088e+02 1.591569340208599215e+02 1.598102286019929750e+02 1.625850376704503049e+02 1.671444556019397112e+02 1.730108244822918664e+02 1.796866711384125210e+02 1.867500933502009843e+02 1.938971182758228906e+02 2.009315693003650267e+02 2.077222364532888150e+02 2.141519112655475112e+02 2.200774481642274907e+02 2.253116401682397907e+02 2.296303992916811865e+02 2.328026299842909452e+02 2.346343179687875136e+02 2.350134209459929480e+02 2.339406190751470547e+02 2.315348968351359531e+02 2.280115405149926460e+02 2.236397229701299523e+02 2.186929726549008706e+02 2.134062459577785660e+02 2.079492092386809645e+02 2.024199639621353128e+02 1.968595425490739501e+02 1.912852571264748462e+02 1.857381720465623971e+02 1.803343270860430039e+02 1.753018360673381721e+02 1.709822727960250006e+02 1.677820989715251585e+02 1.660802337900722989e+02 1.661225749425175593e+02 1.679473005761811635e+02
1.651175188205452002e+02 1.616215194698314406e+02 1.601624662537968788e+02 1.609048656055596496e+02 1.637373554309106964e+02 1.683092068342643586e+02 1.741347076422355258e+02 1.807174164706308375e+02 1.876444918553730190e+02 1.946244443788148146e+02 2.014714212316284545e+02 2.080583643521845545e+02 2.142648969987463659e+02 2.199390444492594270e+02 2.248827427475979164e+02 2.288635309490549616e+02 2.316486358829216670e+02 2.330517777296767861e+02 2.329783482938826182e+02 2.314537977303432683e+02 2.286249536061706351e+02 2.247333180967011970e+02 2.200689666164387859e+02 2.149190868804259367e+02 2.095247061880751573e+02 2.040545030070452412e+02 1.985992944250171206e+02 1.931873478218885225e+02 1.878188516388524079e+02 1.825151494848791742e+02 1.773723732950861631e+02 1.726010771664122956e+02 1.685293678691024013e+02 1.655544587523718860e+02 1.640486092251604191e+02 1.642511297548149685e+02 1.661918445315700126e+02
