BlockUplift_2Ma_1kryTimeStep_5mmyr_k_0.0001_m_0.5_n_1.0_LinDiffusion_1.0_6x3km_30mRes_flow__link_to_receiver_node.txt
nrows 100
cellsize 30.0
xllcorner 0.0
ncols 200
yllcorner 0.0
[rows 68 to 84 of 100, columns 74 to 110 of 200]
5.178600000000000000e+04 5.178800000000000000e+04 5.179000000000000000e+04 5.179200000000000000e+04 5.179400000000000000e+04 1.224800000000000000e+04 5.180100000000000000e+04 5.180300000000000000e+04 5.180500000000000000e+04 5.180700000000000000e+04 5.180900000000000000e+04 1.245400000000000000e+04 1.245500000000000000e+04 1.245600000000000000e+04 1.245700000000000000e+04 1.245800000000000000e+04 1.245900000000000000e+04 1.246000000000000000e+04 1.246100000000000000e+04 1.246200000000000000e+04 1.246300000000000000e+04 1.246400000000000000e+04 1.246500000000000000e+04 1.246600000000000000e+04 1.246700000000000000e+04 1.246800000000000000e+04 5.184100000000000000e+04 1.227000000000000000e+04 1.227100000000000000e+04 5.184400000000000000e+04 1.247200000000000000e+04 1.247300000000000000e+04 1.247400000000000000e+04 1.247500000000000000e+04 1.247600000000000000e+04 1.247700000000000000e+04 1.247800000000000000e+04
5.138800000000000000e+04 5.139000000000000000e+04 5.139200000000000000e+04 5.139400000000000000e+04 1.184800000000000000e+04 1.184900000000000000e+04 1.185000000000000000e+04 5.140500000000000000e+04 5.140700000000000000e+04 5.140900000000000000e+04 5.141100000000000000e+04 1.205500000000000000e+04 1.205600000000000000e+04 1.205700000000000000e+04 1.205800000000000000e+04 1.205900000000000000e+04 1.206000000000000000e+04 1.206100000000000000e+04 1.206200000000000000e+04 1.206300000000000000e+04 1.206400000000000000e+04 1.206500000000000000e+04 1.206600000000000000e+04 1.206700000000000000e+04 1.206800000000000000e+04 1.206900000000000000e+04 5.144300000000000000e+04 1.187100000000000000e+04 1.187200000000000000e+04 5.144600000000000000e+04 1.207300000000000000e+04 1.207400000000000000e+04 1.207500000000000000e+04 1.207600000000000000e+04 1.207700000000000000e+04 1.207800000000000000e+04 1.207900000000000000e+04
5.099000000000000000e+04 5.099200000000000000e+04 5.099400000000000000e+04 5.099600000000000000e+04 1.144900000000000000e+04 1.145000000000000000e+04 1.145100000000000000e+04 5.100700000000000000e+04 5.100900000000000000e+04 5.101100000000000000e+04 5.101300000000000000e+04 5.101500000000000000e+04 1.165700000000000000e+04 1.165800000000000000e+04 1.165900000000000000e+04 1.166000000000000000e+04 1.166100000000000000e+04 1.166200000000000000e+04 1.166300000000000000e+04 1.166400000000000000e+04 1.166500000000000000e+04 1.166600000000000000e+04 1.166700000000000000e+04 1.166800000000000000e+04 1.166900000000000000e+04 1.167000000000000000e+04 1.167100000000000000e+04 1.147200000000000000e+04 1.147300000000000000e+04 5.104800000000000000e+04 1.167400000000000000e+04 1.167500000000000000e+04 1.167600000000000000e+04 1.167700000000000000e+04 1.167800000000000000e+04 1.167900000000000000e+04 1.168000000000000000e+04
5.059200000000000000e+04 5.059400000000000000e+04 5.059600000000000000e+04 5.059800000000000000e+04 1.105000000000000000e+04 1.105100000000000000e+04 1.105200000000000000e+04 1.105300000000000000e+04 5.061100000000000000e+04 5.061300000000000000e+04 5.061500000000000000e+04 5.061700000000000000e+04 5.061900000000000000e+04 1.125900000000000000e+04 1.126000000000000000e+04 1.126100000000000000e+04 1.126200000000000000e+04 1.126300000000000000e+04 1.126400000000000000e+04 1.126500000000000000e+04 1.126600000000000000e+04 1.126700000000000000e+04 1.126800000000000000e+04 1.126900000000000000e+04 1.127000000000000000e+04 1.127100000000000000e+04 1.127200000000000000e+04 1.107300000000000000e+04 1.107400000000000000e+04 1.127400000000000000e+04 1.127500000000000000e+04 1.127600000000000000e+04 1.127700000000000000e+04 1.127800000000000000e+04 1.127900000000000000e+04 1.128000000000000000e+04 1.128100000000000000e+04
5.019400000000000000e+04 5.019600000000000000e+04 5.019800000000000000e+04 1.065000000000000000e+04 1.065100000000000000e+04 1.065200000000000000e+04 1.065300000000000000e+04 1.065400000000000000e+04 5.021300000000000000e+04 5.021500000000000000e+04 5.021700000000000000e+04 5.021900000000000000e+04 5.022100000000000000e+04 5.022300000000000000e+04 1.086100000000000000e+04 1.086200000000000000e+04 1.086300000000000000e+04 1.086400000000000000e+04 1.086500000000000000e+04 1.086600000000000000e+04 1.086700000000000000e+04 1.086800000000000000e+04 1.086900000000000000e+04 1.087000000000000000e+04 1.087100000000000000e+04 1.087200000000000000e+04 1.087300000000000000e+04 1.067400000000000000e+04 1.067500000000000000e+04 1.087500000000000000e+04 1.087600000000000000e+04 1.087700000000000000e+04 1.087800000000000000e+04 1.087900000000000000e+04 1.088000000000000000e+04 1.088100000000000000e+04 1.088200000000000000e+04
4.979600000000000000e+04 4.979800000000000000e+04 4.980000000000000000e+04 1.025100000000000000e+04 1.025200000000000000e+04 1.025300000000000000e+04 1.025400000000000000e+04 1.025500000000000000e+04 1.025600000000000000e+04 4.981700000000000000e+04 4.981900000000000000e+04 4.982100000000000000e+04 4.982300000000000000e+04 4.982500000000000000e+04 1.046200000000000000e+04 1.046300000000000000e+04 1.046400000000000000e+04 1.046500000000000000e+04 1.046600000000000000e+04 1.046700000000000000e+04 1.046800000000000000e+04 1.046900000000000000e+04 1.047000000000000000e+04 1.047100000000000000e+04 1.047200000000000000e+04 1.047300000000000000e+04 1.047400000000000000e+04 1.027500000000000000e+04 1.027600000000000000e+04 1.047600000000000000e+04 1.047700000000000000e+04 1.047800000000000000e+04 1.047900000000000000e+04 1.048000000000000000e+04 1.048100000000000000e+04 1.048200000000000000e+04 1.048300000000000000e+04
4.939800000000000000e+04 4.940000000000000000e+04 4.940200000000000000e+04 9.852000000000000000e+03 9.853000000000000000e+03 9.854000000000000000e+03 9.855000000000000000e+03 9.856000000000000000e+03 9.857000000000000000e+03 4.941900000000000000e+04 4.942100000000000000e+04 4.942300000000000000e+04 4.942500000000000000e+04 4.942700000000000000e+04 4.942900000000000000e+04 1.006400000000000000e+04 1.006500000000000000e+04 1.006600000000000000e+04 1.006700000000000000e+04 1.006800000000000000e+04 1.006900000000000000e+04 1.007000000000000000e+04 1.007100000000000000e+04 1.007200000000000000e+04 1.007300000000000000e+04 1.007400000000000000e+04 1.007500000000000000e+04 9.876000000000000000e+03 9.877000000000000000e+03 1.007700000000000000e+04 1.007800000000000000e+04 1.007900000000000000e+04 1.008000000000000000e+04 1.008100000000000000e+04 1.008200000000000000e+04 1.008300000000000000e+04 1.008400000000000000e+04
4.900000000000000000e+04 4.900200000000000000e+04 9.452000000000000000e+03 9.453000000000000000e+03 9.454000000000000000e+03 9.455000000000000000e+03 9.456000000000000000e+03 9.457000000000000000e+03 9.458000000000000000e+03 9.459000000000000000e+03 4.902300000000000000e+04 4.902500000000000000e+04 4.902700000000000000e+04 4.902900000000000000e+04 4.903100000000000000e+04 4.903300000000000000e+04 9.666000000000000000e+03 9.667000000000000000e+03 9.668000000000000000e+03 9.669000000000000000e+03 9.670000000000000000e+03 9.671000000000000000e+03 9.672000000000000000e+03 9.673000000000000000e+03 9.674000000000000000e+03 9.675000000000000000e+03 9.676000000000000000e+03 9.477000000000000000e+03 9.478000000000000000e+03 9.678000000000000000e+03 9.679000000000000000e+03 9.680000000000000000e+03 9.681000000000000000e+03 9.682000000000000000e+03 9.683000000000000000e+03 9.684000000000000000e+03 9.685000000000000000e+03
4.860200000000000000e+04 4.860400000000000000e+04 9.053000000000000000e+03 9.054000000000000000e+03 9.055000000000000000e+03 9.056000000000000000e+03 9.057000000000000000e+03 9.058000000000000000e+03 9.059000000000000000e+03 9.060000000000000000e+03 9.061000000000000000e+03 4.862700000000000000e+04 4.862900000000000000e+04 4.863100000000000000e+04 4.863300000000000000e+04 4.863500000000000000e+04 4.863700000000000000e+04 9.268000000000000000e+03 9.269000000000000000e+03 9.270000000000000000e+03 9.271000000000000000e+03 9.272000000000000000e+03 9.273000000000000000e+03 9.274000000000000000e+03 9.275000000000000000e+03 9.276000000000000000e+03 9.277000000000000000e+03 9.078000000000000000e+03 9.079000000000000000e+03 9.279000000000000000e+03 9.280000000000000000e+03 9.281000000000000000e+03 9.282000000000000000e+03 9.283000000000000000e+03 9.284000000000000000e+03 9.285000000000000000e+03 9.286000000000000000e+03
4.820400000000000000e+04 8.653000000000000000e+03 8.654000000000000000e+03 8.655000000000000000e+03 8.656000000000000000e+03 8.657000000000000000e+03 8.658000000000000000e+03 8.659000000000000000e+03 8.660000000000000000e+03 8.661000000000000000e+03 8.662000000000000000e+03 4.822900000000000000e+04 4.823100000000000000e+04 4.823300000000000000e+04 4.823500000000000000e+04 4.823700000000000000e+04 4.823900000000000000e+04 4.824100000000000000e+04 8.870000000000000000e+03 8.871000000000000000e+03 8.872000000000000000e+03 8.873000000000000000e+03 8.874000000000000000e+03 8.875000000000000000e+03 8.876000000000000000e+03 8.877000000000000000e+03 4.825900000000000000e+04 8.679000000000000000e+03 8.680000000000000000e+03 4.826200000000000000e+04 8.881000000000000000e+03 8.882000000000000000e+03 8.883000000000000000e+03 8.884000000000000000e+03 8.885000000000000000e+03 8.886000000000000000e+03 8.887000000000000000e+03
8.253000000000000000e+03 8.254000000000000000e+03 8.255000000000000000e+03 8.256000000000000000e+03 8.257000000000000000e+03 8.258000000000000000e+03 8.259000000000000000e+03 8.260000000000000000e+03 8.261000000000000000e+03 8.262000000000000000e+03 8.263000000000000000e+03 8.264000000000000000e+03 4.783300000000000000e+04 4.783500000000000000e+04 4.783700000000000000e+04 4.783900000000000000e+04 4.784100000000000000e+04 4.784300000000000000e+04 4.784500000000000000e+04 8.472000000000000000e+03 8.473000000000000000e+03 8.474000000000000000e+03 8.475000000000000000e+03 8.476000000000000000e+03 8.477000000000000000e+03 8.478000000000000000e+03 4.786100000000000000e+04 8.280000000000000000e+03 8.281000000000000000e+03 4.786400000000000000e+04 8.482000000000000000e+03 8.483000000000000000e+03 8.484000000000000000e+03 8.485000000000000000e+03 8.486000000000000000e+03 8.487000000000000000e+03 8.488000000000000000e+03
7.854000000000000000e+03 7.855000000000000000e+03 7.856000000000000000e+03 7.857000000000000000e+03 7.858000000000000000e+03 7.859000000000000000e+03 7.860000000000000000e+03 7.861000000000000000e+03 7.862000000000000000e+03 7.863000000000000000e+03 7.864000000000000000e+03 7.865000000000000000e+03 7.866000000000000000e+03 4.743700000000000000e+04 4.743900000000000000e+04 4.744100000000000000e+04 4.744300000000000000e+04 4.744500000000000000e+04 4.744700000000000000e+04 4.744900000000000000e+04 8.074000000000000000e+03 8.075000000000000000e+03 8.076000000000000000e+03 8.077000000000000000e+03 8.078000000000000000e+03 4.746100000000000000e+04 4.746300000000000000e+04 7.881000000000000000e+03 7.882000000000000000e+03 4.746600000000000000e+04 4.746800000000000000e+04 8.084000000000000000e+03 8.085000000000000000e+03 8.086000000000000000e+03 8.087000000000000000e+03 8.088000000000000000e+03 4.748000000000000000e+04
7.455000000000000000e+03 7.456000000000000000e+03 7.457000000000000000e+03 7.458000000000000000e+03 7.459000000000000000e+03 7.460000000000000000e+03 7.461000000000000000e+03 7.462000000000000000e+03 7.463000000000000000e+03 7.464000000000000000e+03 7.465000000000000000e+03 7.466000000000000000e+03 7.467000000000000000e+03 7.468000000000000000e+03 4.704100000000000000e+04 4.704300000000000000e+04 4.704500000000000000e+04 4.704700000000000000e+04 4.704900000000000000e+04 4.705100000000000000e+04 4.705300000000000000e+04 4.705500000000000000e+04 7.677000000000000000e+03 7.678000000000000000e+03 4.706100000000000000e+04 4.706300000000000000e+04 4.706500000000000000e+04 7.482000000000000000e+03 7.483000000000000000e+03 4.706800000000000000e+04 4.707000000000000000e+04 4.707200000000000000e+04 7.686000000000000000e+03 7.687000000000000000e+03 4.707800000000000000e+04 4.708000000000000000e+04 4.708200000000000000e+04
7.056000000000000000e+03 7.057000000000000000e+03 7.058000000000000000e+03 7.059000000000000000e+03 7.060000000000000000e+03 7.061000000000000000e+03 7.062000000000000000e+03 7.063000000000000000e+03 7.064000000000000000e+03 7.065000000000000000e+03 7.066000000000000000e+03 7.067000000000000000e+03 7.068000000000000000e+03 7.069000000000000000e+03 4.664300000000000000e+04 4.664500000000000000e+04 4.664700000000000000e+04 4.664900000000000000e+04 4.665100000000000000e+04 4.665300000000000000e+04 4.665500000000000000e+04 4.665700000000000000e+04 4.665900000000000000e+04 4.666100000000000000e+04 4.666300000000000000e+04 4.666500000000000000e+04 4.666700000000000000e+04 7.083000000000000000e+03 7.084000000000000000e+03 4.667000000000000000e+04 4.667200000000000000e+04 4.667400000000000000e+04 4.667600000000000000e+04 4.667800000000000000e+04 4.668000000000000000e+04 4.668200000000000000e+04 4.668400000000000000e+04
6.657000000000000000e+03 6.658000000000000000e+03 6.659000000000000000e+03 6.660000000000000000e+03 6.661000000000000000e+03 6.662000000000000000e+03 6.663000000000000000e+03 6.664000000000000000e+03 6.665000000000000000e+03 6.666000000000000000e+03 6.667000000000000000e+03 6.668000000000000000e+03 6.669000000000000000e+03 6.670000000000000000e+03 6.671000000000000000e+03 4.624700000000000000e+04 4.624900000000000000e+04 4.625100000000000000e+04 4.625300000000000000e+04 4.625500000000000000e+04 4.625700000000000000e+04 4.625900000000000000e+04 4.626100000000000000e+04 4.626300000000000000e+04 4.626500000000000000e+04 4.626700000000000000e+04 4.626900000000000000e+04 6.684000000000000000e+03 6.685000000000000000e+03 4.627200000000000000e+04 4.627400000000000000e+04 4.627600000000000000e+04 4.627800000000000000e+04 4.628000000000000000e+04 4.628200000000000000e+04 4.628400000000000000e+04 4.628600000000000000e+04
6.258000000000000000e+03 6.259000000000000000e+03 6.260000000000000000e+03 6.261000000000000000e+03 6.262000000000000000e+03 6.263000000000000000e+03 6.264000000000000000e+03 6.265000000000000000e+03 6.266000000000000000e+03 6.267000000000000000e+03 6.268000000000000000e+03 6.269000000000000000e+03 6.270000000000000000e+03 6.271000000000000000e+03 6.272000000000000000e+03 6.273000000000000000e+03 4.585100000000000000e+04 4.585300000000000000e+04 4.585500000000000000e+04 4.585700000000000000e+04 4.585900000000000000e+04 4.586100000000000000e+04 4.586300000000000000e+04 4.586500000000000000e+04 4.586700000000000000e+04 4.586900000000000000e+04 4.587100000000000000e+04 6.285000000000000000e+03 6.286000000000000000e+03 6.287000000000000000e+03 4.587600000000000000e+04 4.587800000000000000e+04 4.588000000000000000e+04 4.588200000000000000e+04 4.588400000000000000e+04 4.588600000000000000e+04 4.588800000000000000e+04
5.859000000000000000e+03 5.860000000000000000e+03 5.861000000000000000e+03 5.862000000000000000e+03 5.863000000000000000e+03 5.864000000000000000e+03 5.865000000000000000e+03 5.866000000000000000e+03 5.867000000000000000e+03 5.868000000000000000e+03 5.869000000000000000e+03 5.870000000000000000e+03 5.871000000000000000e+03 5.872000000000000000e+03 5.873000000000000000e+03 5.874000000000000000e+03 5.875000000000000000e+03 4.545500000000000000e+04 4.545700000000000000e+04 4.545900000000000000e+04 4.546100000000000000e+04 4.546300000000000000e+04 4.546500000000000000e+04 4.546700000000000000e+04 4.546900000000000000e+04 4.547100000000000000e+04 5.885000000000000000e+03 5.886000000000000000e+03 5.887000000000000000e+03 5.888000000000000000e+03 4.547800000000000000e+04 4.548000000000000000e+04 4.548200000000000000e+04 4.548400000000000000e+04 4.548600000000000000e+04 4.548800000000000000e+04 4.549000000000000000e+04
