BlockUplift_2Ma_1kryTimeStep_2mmyr_k_5e-05_m_0.5_n_1.0_LinDiffusion_1_6x3km_30mRes_surface_water__discharge.txt
nrows 100
cellsize 30.0
xllcorner 0.0
ncols 200
yllcorner 0.0
[rows 68 to 84 of 100, columns 0 to 36 of 200]
0.000000000000000000e+00 1.919700000000000000e+06 1.440000000000000000e+04 1.260000000000000000e+04 1.170000000000000000e+04 1.080000000000000000e+04 9.900000000000000000e+03 9.000000000000000000e+03 8.100000000000000000e+03 7.200000000000000000e+03 6.300000000000000000e+03 5.400000000000000000e+03 4.500000000000000000e+03 3.600000000000000000e+03 2.700000000000000000e+03 1.800000000000000000e+03 9.000000000000000000e+02 1.710000000000000000e+04 1.620000000000000000e+04 1.440000000000000000e+04 1.350000000000000000e+04 1.170000000000000000e+04 9.900000000000000000e+03 8.100000000000000000e+03 6.300000000000000000e+03 4.500000000000000000e+03 1.800000000000000000e+03 9.000000000000000000e+02 2.700000000000000000e+03 3.600000000000000000e+03 5.400000000000000000e+03 7.200000000000000000e+03 9.000000000000000000e+03 1.080000000000000000e+04 1.260000000000000000e+04 1.530000000000000000e+04 3.150000000000000000e+04
0.000000000000000000e+00 1.935000000000000000e+06 1.350000000000000000e+04 1.170000000000000000e+04 1.080000000000000000e+04 9.900000000000000000e+03 9.000000000000000000e+03 8.100000000000000000e+03 7.200000000000000000e+03 6.300000000000000000e+03 5.400000000000000000e+03 4.500000000000000000e+03 3.600000000000000000e+03 2.700000000000000000e+03 1.800000000000000000e+03 9.000000000000000000e+02 1.800000000000000000e+04 1.710000000000000000e+04 1.530000000000000000e+04 1.440000000000000000e+04 1.260000000000000000e+04 1.080000000000000000e+04 9.000000000000000000e+03 7.200000000000000000e+03 5.400000000000000000e+03 2.700000000000000000e+03 9.000000000000000000e+02 1.800000000000000000e+03 3.600000000000000000e+03 4.500000000000000000e+03 6.300000000000000000e+03 8.100000000000000000e+03 9.900000000000000000e+03 1.170000000000000000e+04 1.350000000000000000e+04 1.620000000000000000e+04 3.240000000000000000e+04
0.000000000000000000e+00 1.949400000000000000e+06 1.260000000000000000e+04 9.900000000000000000e+03 9.000000000000000000e+03 8.100000000000000000e+03 7.200000000000000000e+03 6.300000000000000000e+03 5.400000000000000000e+03 4.500000000000000000e+03 3.600000000000000000e+03 2.700000000000000000e+03 1.800000000000000000e+03 9.000000000000000000e+02 9.000000000000000000e+02 1.890000000000000000e+04 1.800000000000000000e+04 1.620000000000000000e+04 1.530000000000000000e+04 1.350000000000000000e+04 1.170000000000000000e+04 9.900000000000000000e+03 8.100000000000000000e+03 6.300000000000000000e+03 3.600000000000000000e+03 9.000000000000000000e+02 1.800000000000000000e+03 2.700000000000000000e+03 4.500000000000000000e+03 5.400000000000000000e+03 7.200000000000000000e+03 9.000000000000000000e+03 1.080000000000000000e+04 1.260000000000000000e+04 1.440000000000000000e+04 1.710000000000000000e+04 3.330000000000000000e+04
0.000000000000000000e+00 1.962900000000000000e+06 1.080000000000000000e+04 9.000000000000000000e+03 8.100000000000000000e+03 7.200000000000000000e+03 6.300000000000000000e+03 5.400000000000000000e+03 4.500000000000000000e+03 3.600000000000000000e+03 2.700000000000000000e+03 1.800000000000000000e+03 9.000000000000000000e+02 1.800000000000000000e+03 1.980000000000000000e+04 1.890000000000000000e+04 1.710000000000000000e+04 1.620000000000000000e+04 1.440000000000000000e+04 1.260000000000000000e+04 1.080000000000000000e+04 9.000000000000000000e+03 7.200000000000000000e+03 4.500000000000000000e+03 1.800000000000000000e+03 9.000000000000000000e+02 2.700000000000000000e+03 3.600000000000000000e+03 5.400000000000000000e+03 6.300000000000000000e+03 8.100000000000000000e+03 9.900000000000000000e+03 1.170000000000000000e+04 1.350000000000000000e+04 1.530000000000000000e+04 1.800000000000000000e+04 3.420000000000000000e+04
0.000000000000000000e+00 1.974600000000000000e+06 9.900000000000000000e+03 9.000000000000000000e+02 6.300000000000000000e+03 5.400000000000000000e+03 4.500000000000000000e+03 3.600000000000000000e+03 2.700000000000000000e+03 1.800000000000000000e+03 9.000000000000000000e+02 9.000000000000000000e+02 2.700000000000000000e+03 2.070000000000000000e+04 1.980000000000000000e+04 1.800000000000000000e+04 1.710000000000000000e+04 1.530000000000000000e+04 1.350000000000000000e+04 1.170000000000000000e+04 9.900000000000000000e+03 8.100000000000000000e+03 5.400000000000000000e+03 2.700000000000000000e+03 9.000000000000000000e+02 1.800000000000000000e+03 3.600000000000000000e+03 4.500000000000000000e+03 6.300000000000000000e+03 7.200000000000000000e+03 9.000000000000000000e+03 1.080000000000000000e+04 1.260000000000000000e+04 1.440000000000000000e+04 1.620000000000000000e+04 1.890000000000000000e+04 3.510000000000000000e+04
0.000000000000000000e+00 1.985400000000000000e+06 1.800000000000000000e+03 7.200000000000000000e+03 9.000000000000000000e+02 9.000000000000000000e+02 1.800000000000000000e+03 9.000000000000000000e+02 9.000000000000000000e+02 9.000000000000000000e+02 1.800000000000000000e+03 3.600000000000000000e+03 2.160000000000000000e+04 2.070000000000000000e+04 1.890000000000000000e+04 1.800000000000000000e+04 1.620000000000000000e+04 1.440000000000000000e+04 1.260000000000000000e+04 1.080000000000000000e+04 9.000000000000000000e+03 6.300000000000000000e+03 3.600000000000000000e+03 1.800000000000000000e+03 9.000000000000000000e+02 2.700000000000000000e+03 4.500000000000000000e+03 5.400000000000000000e+03 7.200000000000000000e+03 8.100000000000000000e+03 9.900000000000000000e+03 1.170000000000000000e+04 1.350000000000000000e+04 1.530000000000000000e+04 1.710000000000000000e+04 1.980000000000000000e+04 3.600000000000000000e+04
0.000000000000000000e+00 1.988100000000000000e+06 8.100000000000000000e+03 1.800000000000000000e+03 1.800000000000000000e+03 2.700000000000000000e+03 9.000000000000000000e+02 1.800000000000000000e+03 1.800000000000000000e+03 2.700000000000000000e+03 4.500000000000000000e+03 2.250000000000000000e+04 2.160000000000000000e+04 1.980000000000000000e+04 1.890000000000000000e+04 1.710000000000000000e+04 1.530000000000000000e+04 1.350000000000000000e+04 1.170000000000000000e+04 9.900000000000000000e+03 7.200000000000000000e+03 4.500000000000000000e+03 2.700000000000000000e+03 9.000000000000000000e+02 1.800000000000000000e+03 3.600000000000000000e+03 5.400000000000000000e+03 6.300000000000000000e+03 8.100000000000000000e+03 9.000000000000000000e+03 1.080000000000000000e+04 1.260000000000000000e+04 1.440000000000000000e+04 1.620000000000000000e+04 1.800000000000000000e+04 2.070000000000000000e+04 3.690000000000000000e+04
0.000000000000000000e+00 1.997100000000000000e+06 2.700000000000000000e+03 2.700000000000000000e+03 3.600000000000000000e+03 1.800000000000000000e+03 2.700000000000000000e+03 2.700000000000000000e+03 3.600000000000000000e+03 5.400000000000000000e+03 2.340000000000000000e+04 2.250000000000000000e+04 2.070000000000000000e+04 1.980000000000000000e+04 1.800000000000000000e+04 1.620000000000000000e+04 1.440000000000000000e+04 1.260000000000000000e+04 1.080000000000000000e+04 8.100000000000000000e+03 5.400000000000000000e+03 3.600000000000000000e+03 9.000000000000000000e+02 1.800000000000000000e+03 2.700000000000000000e+03 4.500000000000000000e+03 6.300000000000000000e+03 7.200000000000000000e+03 9.000000000000000000e+03 9.900000000000000000e+03 1.170000000000000000e+04 1.350000000000000000e+04 1.530000000000000000e+04 1.710000000000000000e+04 1.890000000000000000e+04 2.160000000000000000e+04 3.780000000000000000e+04
0.000000000000000000e+00 2.000700000000000000e+06 3.600000000000000000e+03 4.500000000000000000e+03 2.700000000000000000e+03 3.600000000000000000e+03 3.600000000000000000e+03 4.500000000000000000e+03 6.300000000000000000e+03 2.430000000000000000e+04 2.340000000000000000e+04 2.160000000000000000e+04 2.070000000000000000e+04 1.890000000000000000e+04 1.710000000000000000e+04 1.530000000000000000e+04 1.350000000000000000e+04 1.170000000000000000e+04 9.000000000000000000e+03 6.300000000000000000e+03 4.500000000000000000e+03 9.000000000000000000e+02 1.800000000000000000e+03 2.700000000000000000e+03 3.600000000000000000e+03 5.400000000000000000e+03 7.200000000000000000e+03 8.100000000000000000e+03 9.900000000000000000e+03 1.080000000000000000e+04 1.260000000000000000e+04 1.440000000000000000e+04 1.620000000000000000e+04 1.800000000000000000e+04 1.980000000000000000e+04 2.250000000000000000e+04 3.870000000000000000e+04
0.000000000000000000e+00 2.005200000000000000e+06 5.400000000000000000e+03 3.600000000000000000e+03 4.500000000000000000e+03 4.500000000000000000e+03 5.400000000000000000e+03 7.200000000000000000e+03 2.520000000000000000e+04 2.430000000000000000e+04 2.250000000000000000e+04 2.160000000000000000e+04 1.980000000000000000e+04 1.800000000000000000e+04 1.620000000000000000e+04 1.440000000000000000e+04 1.260000000000000000e+04 9.900000000000000000e+03 7.200000000000000000e+03 5.400000000000000000e+03 1.800000000000000000e+03 9.000000000000000000e+02 2.700000000000000000e+03 3.600000000000000000e+03 4.500000000000000000e+03 6.300000000000000000e+03 8.100000000000000000e+03 9.000000000000000000e+03 1.080000000000000000e+04 1.170000000000000000e+04 1.350000000000000000e+04 1.530000000000000000e+04 1.710000000000000000e+04 1.890000000000000000e+04 2.070000000000000000e+04 2.340000000000000000e+04 3.960000000000000000e+04
0.000000000000000000e+00 2.006100000000000000e+06 9.900000000000000000e+03 5.400000000000000000e+03 5.400000000000000000e+03 6.300000000000000000e+03 8.100000000000000000e+03 2.610000000000000000e+04 2.520000000000000000e+04 2.340000000000000000e+04 2.250000000000000000e+04 2.070000000000000000e+04 1.890000000000000000e+04 1.710000000000000000e+04 1.530000000000000000e+04 1.350000000000000000e+04 1.080000000000000000e+04 8.100000000000000000e+03 6.300000000000000000e+03 2.700000000000000000e+03 9.000000000000000000e+02 1.800000000000000000e+03 3.600000000000000000e+03 4.500000000000000000e+03 5.400000000000000000e+03 7.200000000000000000e+03 9.000000000000000000e+03 9.900000000000000000e+03 1.170000000000000000e+04 1.260000000000000000e+04 1.440000000000000000e+04 1.620000000000000000e+04 1.800000000000000000e+04 1.980000000000000000e+04 2.160000000000000000e+04 2.430000000000000000e+04 4.050000000000000000e+04
0.000000000000000000e+00 2.007000000000000000e+06 1.620000000000000000e+04 6.300000000000000000e+03 7.200000000000000000e+03 9.000000000000000000e+03 2.700000000000000000e+04 2.610000000000000000e+04 2.430000000000000000e+04 2.340000000000000000e+04 2.160000000000000000e+04 1.980000000000000000e+04 1.800000000000000000e+04 1.620000000000000000e+04 1.440000000000000000e+04 1.170000000000000000e+04 9.000000000000000000e+03 7.200000000000000000e+03 3.600000000000000000e+03 9.000000000000000000e+02 1.800000000000000000e+03 2.700000000000000000e+03 4.500000000000000000e+03 5.400000000000000000e+03 6.300000000000000000e+03 8.100000000000000000e+03 9.900000000000000000e+03 1.080000000000000000e+04 1.260000000000000000e+04 1.350000000000000000e+04 1.530000000000000000e+04 1.710000000000000000e+04 1.890000000000000000e+04 2.070000000000000000e+04 2.250000000000000000e+04 2.520000000000000000e+04 4.140000000000000000e+04
0.000000000000000000e+00 2.007900000000000000e+06 2.340000000000000000e+04 8.100000000000000000e+03 9.900000000000000000e+03 2.790000000000000000e+04 2.700000000000000000e+04 2.520000000000000000e+04 2.430000000000000000e+04 2.250000000000000000e+04 2.070000000000000000e+04 1.890000000000000000e+04 1.710000000000000000e+04 1.530000000000000000e+04 1.260000000000000000e+04 9.900000000000000000e+03 8.100000000000000000e+03 4.500000000000000000e+03 1.800000000000000000e+03 9.000000000000000000e+02 2.700000000000000000e+03 3.600000000000000000e+03 5.400000000000000000e+03 6.300000000000000000e+03 7.200000000000000000e+03 9.000000000000000000e+03 1.080000000000000000e+04 1.170000000000000000e+04 1.350000000000000000e+04 1.440000000000000000e+04 1.620000000000000000e+04 1.800000000000000000e+04 1.980000000000000000e+04 2.160000000000000000e+04 2.340000000000000000e+04 2.610000000000000000e+04 4.230000000000000000e+04
0.000000000000000000e+00 2.008800000000000000e+06 3.240000000000000000e+04 1.080000000000000000e+04 2.880000000000000000e+04 2.790000000000000000e+04 2.610000000000000000e+04 2.520000000000000000e+04 2.340000000000000000e+04 2.160000000000000000e+04 1.980000000000000000e+04 1.800000000000000000e+04 1.620000000000000000e+04 1.350000000000000000e+04 1.080000000000000000e+04 9.000000000000000000e+03 5.400000000000000000e+03 2.700000000000000000e+03 9.000000000000000000e+02 1.800000000000000000e+03 3.600000000000000000e+03 4.500000000000000000e+03 6.300000000000000000e+03 7.200000000000000000e+03 8.100000000000000000e+03 9.900000000000000000e+03 1.170000000000000000e+04 1.260000000000000000e+04 1.440000000000000000e+04 1.530000000000000000e+04 1.710000000000000000e+04 1.890000000000000000e+04 2.070000000000000000e+04 2.250000000000000000e+04 2.430000000000000000e+04 2.700000000000000000e+04 4.320000000000000000e+04
0.000000000000000000e+00 2.009700000000000000e+06 4.410000000000000000e+04 2.970000000000000000e+04 2.880000000000000000e+04 2.700000000000000000e+04 2.610000000000000000e+04 2.430000000000000000e+04 2.250000000000000000e+04 2.070000000000000000e+04 1.890000000000000000e+04 1.710000000000000000e+04 1.440000000000000000e+04 1.170000000000000000e+04 9.900000000000000000e+03 6.300000000000000000e+03 3.600000000000000000e+03 9.000000000000000000e+02 1.800000000000000000e+03 2.700000000000000000e+03 4.500000000000000000e+03 5.400000000000000000e+03 7.200000000000000000e+03 8.100000000000000000e+03 9.000000000000000000e+03 1.080000000000000000e+04 1.260000000000000000e+04 1.350000000000000000e+04 1.530000000000000000e+04 1.620000000000000000e+04 1.800000000000000000e+04 1.980000000000000000e+04 2.160000000000000000e+04 2.340000000000000000e+04 2.520000000000000000e+04 2.790000000000000000e+04 4.410000000000000000e+04
0.000000000000000000e+00 2.010600000000000000e+06 7.470000000000000000e+04 2.970000000000000000e+04 2.790000000000000000e+04 2.700000000000000000e+04 2.520000000000000000e+04 2.340000000000000000e+04 2.160000000000000000e+04 1.980000000000000000e+04 1.800000000000000000e+04 1.530000000000000000e+04 1.260000000000000000e+04 1.080000000000000000e+04 7.200000000000000000e+03 4.500000000000000000e+03 1.800000000000000000e+03 9.000000000000000000e+02 2.700000000000000000e+03 3.600000000000000000e+03 5.400000000000000000e+03 6.300000000000000000e+03 8.100000000000000000e+03 9.000000000000000000e+03 9.900000000000000000e+03 1.170000000000000000e+04 1.350000000000000000e+04 1.440000000000000000e+04 1.620000000000000000e+04 1.710000000000000000e+04 1.890000000000000000e+04 2.070000000000000000e+04 2.250000000000000000e+04 2.430000000000000000e+04 2.610000000000000000e+04 2.880000000000000000e+04 4.500000000000000000e+04
0.000000000000000000e+00 2.011500000000000000e+06 1.053000000000000000e+05 2.880000000000000000e+04 2.790000000000000000e+04 2.610000000000000000e+04 2.430000000000000000e+04 2.250000000000000000e+04 2.070000000000000000e+04 1.890000000000000000e+04 1.620000000000000000e+04 1.350000000000000000e+04 1.170000000000000000e+04 8.100000000000000000e+03 5.400000000000000000e+03 2.700000000000000000e+03 9.000000000000000000e+02 1.800000000000000000e+03 3.600000000000000000e+03 4.500000000000000000e+03 6.300000000000000000e+03 7.200000000000000000e+03 9.000000000000000000e+03 9.900000000000000000e+03 1.080000000000000000e+04 1.260000000000000000e+04 1.440000000000000000e+04 1.530000000000000000e+04 1.710000000000000000e+04 1.800000000000000000e+04 1.980000000000000000e+04 2.160000000000000000e+04 2.340000000000000000e+04 2.520000000000000000e+04 2.700000000000000000e+04 2.970000000000000000e+04 4.590000000000000000e+04
