BlockUplift_2Ma_1kryTimeStep_2mmyr_k_0.0001_m_0.5_n_1.0_LinDiffusion_1_6x3km_30mRes_flow__link_to_receiver_node.txt
nrows 100
cellsize 30.0
xllcorner 0.0
ncols 200
yllcorner 0.0
[rows 51 to 67 of 100, columns 74 to 110 of 200]
5.855500000000000000e+04 1.922700000000000000e+04 1.922800000000000000e+04 1.922900000000000000e+04 1.923000000000000000e+04 1.923100000000000000e+04 1.923200000000000000e+04 1.923300000000000000e+04 1.923400000000000000e+04 1.923500000000000000e+04 1.923600000000000000e+04 1.923700000000000000e+04 1.923800000000000000e+04 1.923900000000000000e+04 1.924000000000000000e+04 1.924100000000000000e+04 1.924200000000000000e+04 1.924300000000000000e+04 1.924400000000000000e+04 1.924500000000000000e+04 1.924600000000000000e+04 1.924700000000000000e+04 1.924800000000000000e+04 1.924900000000000000e+04 5.860300000000000000e+04 5.860500000000000000e+04 1.905200000000000000e+04 1.905300000000000000e+04 5.860800000000000000e+04 5.861000000000000000e+04 1.925500000000000000e+04 1.925600000000000000e+04 1.925700000000000000e+04 1.925800000000000000e+04 1.925900000000000000e+04 1.926000000000000000e+04 1.926100000000000000e+04
5.815700000000000000e+04 1.882800000000000000e+04 1.882900000000000000e+04 1.883000000000000000e+04 1.883100000000000000e+04 1.883200000000000000e+04 1.883300000000000000e+04 1.883400000000000000e+04 1.883500000000000000e+04 1.883600000000000000e+04 1.883700000000000000e+04 1.883800000000000000e+04 1.883900000000000000e+04 1.884000000000000000e+04 1.884100000000000000e+04 1.884200000000000000e+04 1.884300000000000000e+04 1.884400000000000000e+04 1.884500000000000000e+04 1.884600000000000000e+04 1.884700000000000000e+04 1.884800000000000000e+04 1.884900000000000000e+04 1.885000000000000000e+04 5.820500000000000000e+04 5.820700000000000000e+04 1.865300000000000000e+04 1.865400000000000000e+04 5.821000000000000000e+04 5.821200000000000000e+04 1.885600000000000000e+04 1.885700000000000000e+04 1.885800000000000000e+04 1.885900000000000000e+04 1.886000000000000000e+04 1.886100000000000000e+04 1.886200000000000000e+04
5.775900000000000000e+04 1.842900000000000000e+04 1.843000000000000000e+04 1.843100000000000000e+04 1.843200000000000000e+04 1.843300000000000000e+04 1.843400000000000000e+04 1.843500000000000000e+04 1.843600000000000000e+04 1.843700000000000000e+04 1.843800000000000000e+04 1.843900000000000000e+04 1.844000000000000000e+04 1.844100000000000000e+04 1.844200000000000000e+04 1.844300000000000000e+04 1.844400000000000000e+04 1.844500000000000000e+04 1.844600000000000000e+04 1.844700000000000000e+04 1.844800000000000000e+04 1.844900000000000000e+04 1.845000000000000000e+04 1.845100000000000000e+04 5.780700000000000000e+04 5.780900000000000000e+04 1.825400000000000000e+04 1.825500000000000000e+04 5.781200000000000000e+04 5.781400000000000000e+04 1.845700000000000000e+04 1.845800000000000000e+04 1.845900000000000000e+04 1.846000000000000000e+04 1.846100000000000000e+04 1.846200000000000000e+04 1.846300000000000000e+04
5.736100000000000000e+04 1.803000000000000000e+04 1.803100000000000000e+04 1.803200000000000000e+04 1.803300000000000000e+04 1.803400000000000000e+04 1.803500000000000000e+04 1.803600000000000000e+04 1.803700000000000000e+04 1.803800000000000000e+04 1.803900000000000000e+04 1.804000000000000000e+04 1.804100000000000000e+04 1.804200000000000000e+04 1.804300000000000000e+04 1.804400000000000000e+04 1.804500000000000000e+04 1.804600000000000000e+04 1.804700000000000000e+04 1.804800000000000000e+04 1.804900000000000000e+04 1.805000000000000000e+04 1.805100000000000000e+04 1.805200000000000000e+04 5.740900000000000000e+04 5.741100000000000000e+04 1.785500000000000000e+04 1.785600000000000000e+04 5.741400000000000000e+04 5.741600000000000000e+04 1.805800000000000000e+04 1.805900000000000000e+04 1.806000000000000000e+04 1.806100000000000000e+04 1.806200000000000000e+04 1.806300000000000000e+04 1.806400000000000000e+04
5.696300000000000000e+04 1.763100000000000000e+04 1.763200000000000000e+04 1.763300000000000000e+04 1.763400000000000000e+04 1.763500000000000000e+04 1.763600000000000000e+04 1.763700000000000000e+04 1.763800000000000000e+04 1.763900000000000000e+04 1.764000000000000000e+04 1.764100000000000000e+04 1.764200000000000000e+04 1.764300000000000000e+04 1.764400000000000000e+04 1.764500000000000000e+04 1.764600000000000000e+04 1.764700000000000000e+04 1.764800000000000000e+04 1.764900000000000000e+04 1.765000000000000000e+04 1.765100000000000000e+04 1.765200000000000000e+04 1.765300000000000000e+04 5.701100000000000000e+04 5.701300000000000000e+04 1.745600000000000000e+04 1.745700000000000000e+04 5.701600000000000000e+04 5.701800000000000000e+04 1.765900000000000000e+04 1.766000000000000000e+04 1.766100000000000000e+04 1.766200000000000000e+04 1.766300000000000000e+04 1.766400000000000000e+04 1.766500000000000000e+04
5.656500000000000000e+04 5.656700000000000000e+04 1.723300000000000000e+04 1.723400000000000000e+04 1.723500000000000000e+04 1.723600000000000000e+04 1.723700000000000000e+04 1.723800000000000000e+04 1.723900000000000000e+04 1.724000000000000000e+04 1.724100000000000000e+04 1.724200000000000000e+04 1.724300000000000000e+04 1.724400000000000000e+04 1.724500000000000000e+04 1.724600000000000000e+04 1.724700000000000000e+04 1.724800000000000000e+04 1.724900000000000000e+04 1.725000000000000000e+04 1.725100000000000000e+04 1.725200000000000000e+04 1.725300000000000000e+04 1.725400000000000000e+04 5.661300000000000000e+04 5.661500000000000000e+04 1.705700000000000000e+04 1.705800000000000000e+04 5.661800000000000000e+04 5.662000000000000000e+04 1.726000000000000000e+04 1.726100000000000000e+04 1.726200000000000000e+04 1.726300000000000000e+04 1.726400000000000000e+04 1.726500000000000000e+04 1.726600000000000000e+04
5.616700000000000000e+04 5.616900000000000000e+04 1.683400000000000000e+04 1.683500000000000000e+04 1.683600000000000000e+04 1.683700000000000000e+04 1.683800000000000000e+04 1.683900000000000000e+04 1.684000000000000000e+04 1.684100000000000000e+04 1.684200000000000000e+04 1.684300000000000000e+04 1.684400000000000000e+04 1.684500000000000000e+04 1.684600000000000000e+04 1.684700000000000000e+04 1.684800000000000000e+04 1.684900000000000000e+04 1.685000000000000000e+04 1.685100000000000000e+04 1.685200000000000000e+04 1.685300000000000000e+04 1.685400000000000000e+04 1.685500000000000000e+04 5.621500000000000000e+04 5.621700000000000000e+04 1.665800000000000000e+04 1.665900000000000000e+04 5.622000000000000000e+04 5.622200000000000000e+04 1.686100000000000000e+04 1.686200000000000000e+04 1.686300000000000000e+04 1.686400000000000000e+04 1.686500000000000000e+04 1.686600000000000000e+04 1.686700000000000000e+04
5.576900000000000000e+04 5.577100000000000000e+04 1.643500000000000000e+04 1.643600000000000000e+04 1.643700000000000000e+04 1.643800000000000000e+04 1.643900000000000000e+04 1.644000000000000000e+04 1.644100000000000000e+04 1.644200000000000000e+04 1.644300000000000000e+04 1.644400000000000000e+04 1.644500000000000000e+04 1.644600000000000000e+04 1.644700000000000000e+04 1.644800000000000000e+04 1.644900000000000000e+04 1.645000000000000000e+04 1.645100000000000000e+04 1.645200000000000000e+04 1.645300000000000000e+04 1.645400000000000000e+04 1.645500000000000000e+04 1.645600000000000000e+04 5.581700000000000000e+04 5.581900000000000000e+04 1.625900000000000000e+04 1.626000000000000000e+04 5.582200000000000000e+04 5.582400000000000000e+04 1.646200000000000000e+04 1.646300000000000000e+04 1.646400000000000000e+04 1.646500000000000000e+04 1.646600000000000000e+04 1.646700000000000000e+04 1.646800000000000000e+04
5.537100000000000000e+04 5.537300000000000000e+04 5.537500000000000000e+04 1.603700000000000000e+04 1.603800000000000000e+04 1.603900000000000000e+04 1.604000000000000000e+04 1.604100000000000000e+04 1.604200000000000000e+04 1.604300000000000000e+04 1.604400000000000000e+04 1.604500000000000000e+04 1.604600000000000000e+04 1.604700000000000000e+04 1.604800000000000000e+04 1.604900000000000000e+04 1.605000000000000000e+04 1.605100000000000000e+04 1.605200000000000000e+04 1.605300000000000000e+04 1.605400000000000000e+04 1.605500000000000000e+04 1.605600000000000000e+04 1.605700000000000000e+04 5.541900000000000000e+04 5.542100000000000000e+04 1.586000000000000000e+04 1.586100000000000000e+04 5.542400000000000000e+04 5.542600000000000000e+04 1.606300000000000000e+04 1.606400000000000000e+04 1.606500000000000000e+04 1.606600000000000000e+04 1.606700000000000000e+04 1.606800000000000000e+04 1.606900000000000000e+04
5.497300000000000000e+04 5.497500000000000000e+04 5.497700000000000000e+04 1.563800000000000000e+04 1.563900000000000000e+04 1.564000000000000000e+04 1.564100000000000000e+04 1.564200000000000000e+04 1.564300000000000000e+04 1.564400000000000000e+04 1.564500000000000000e+04 1.564600000000000000e+04 1.564700000000000000e+04 1.564800000000000000e+04 1.564900000000000000e+04 1.565000000000000000e+04 1.565100000000000000e+04 1.565200000000000000e+04 1.565300000000000000e+04 1.565400000000000000e+04 1.565500000000000000e+04 1.565600000000000000e+04 1.565700000000000000e+04 1.565800000000000000e+04 5.502100000000000000e+04 5.502300000000000000e+04 1.546100000000000000e+04 1.546200000000000000e+04 5.502600000000000000e+04 1.566300000000000000e+04 1.566400000000000000e+04 1.566500000000000000e+04 1.566600000000000000e+04 1.566700000000000000e+04 1.566800000000000000e+04 1.566900000000000000e+04 1.567000000000000000e+04
1.503600000000000000e+04 5.457700000000000000e+04 5.457900000000000000e+04 1.523900000000000000e+04 1.524000000000000000e+04 1.524100000000000000e+04 1.524200000000000000e+04 1.524300000000000000e+04 1.524400000000000000e+04 1.524500000000000000e+04 1.524600000000000000e+04 1.524700000000000000e+04 1.524800000000000000e+04 1.524900000000000000e+04 1.525000000000000000e+04 1.525100000000000000e+04 1.525200000000000000e+04 1.525300000000000000e+04 1.525400000000000000e+04 1.525500000000000000e+04 1.525600000000000000e+04 1.525700000000000000e+04 1.525800000000000000e+04 1.525900000000000000e+04 1.526000000000000000e+04 5.462500000000000000e+04 1.506200000000000000e+04 1.506300000000000000e+04 5.462800000000000000e+04 1.526400000000000000e+04 1.526500000000000000e+04 1.526600000000000000e+04 1.526700000000000000e+04 1.526800000000000000e+04 1.526900000000000000e+04 1.527000000000000000e+04 1.527100000000000000e+04
1.463700000000000000e+04 5.417900000000000000e+04 5.418100000000000000e+04 5.418300000000000000e+04 1.484100000000000000e+04 1.484200000000000000e+04 1.484300000000000000e+04 1.484400000000000000e+04 1.484500000000000000e+04 1.484600000000000000e+04 1.484700000000000000e+04 1.484800000000000000e+04 1.484900000000000000e+04 1.485000000000000000e+04 1.485100000000000000e+04 1.485200000000000000e+04 1.485300000000000000e+04 1.485400000000000000e+04 1.485500000000000000e+04 1.485600000000000000e+04 1.485700000000000000e+04 1.485800000000000000e+04 1.485900000000000000e+04 1.486000000000000000e+04 1.486100000000000000e+04 5.422700000000000000e+04 1.466300000000000000e+04 1.466400000000000000e+04 5.423000000000000000e+04 1.486500000000000000e+04 1.486600000000000000e+04 1.486700000000000000e+04 1.486800000000000000e+04 1.486900000000000000e+04 1.487000000000000000e+04 1.487100000000000000e+04 1.487200000000000000e+04
1.423800000000000000e+04 5.378100000000000000e+04 5.378300000000000000e+04 5.378500000000000000e+04 5.378700000000000000e+04 1.444300000000000000e+04 1.444400000000000000e+04 1.444500000000000000e+04 1.444600000000000000e+04 1.444700000000000000e+04 1.444800000000000000e+04 1.444900000000000000e+04 1.445000000000000000e+04 1.445100000000000000e+04 1.445200000000000000e+04 1.445300000000000000e+04 1.445400000000000000e+04 1.445500000000000000e+04 1.445600000000000000e+04 1.445700000000000000e+04 1.445800000000000000e+04 1.445900000000000000e+04 1.446000000000000000e+04 1.446100000000000000e+04 1.446200000000000000e+04 5.382900000000000000e+04 1.426400000000000000e+04 1.426500000000000000e+04 5.383200000000000000e+04 1.446600000000000000e+04 1.446700000000000000e+04 1.446800000000000000e+04 1.446900000000000000e+04 1.447000000000000000e+04 1.447100000000000000e+04 1.447200000000000000e+04 1.447300000000000000e+04
1.383900000000000000e+04 1.384000000000000000e+04 5.338500000000000000e+04 5.338700000000000000e+04 5.338900000000000000e+04 1.404400000000000000e+04 1.404500000000000000e+04 1.404600000000000000e+04 1.404700000000000000e+04 1.404800000000000000e+04 1.404900000000000000e+04 1.405000000000000000e+04 1.405100000000000000e+04 1.405200000000000000e+04 1.405300000000000000e+04 1.405400000000000000e+04 1.405500000000000000e+04 1.405600000000000000e+04 1.405700000000000000e+04 1.405800000000000000e+04 1.405900000000000000e+04 1.406000000000000000e+04 1.406100000000000000e+04 1.406200000000000000e+04 1.406300000000000000e+04 5.343100000000000000e+04 1.386500000000000000e+04 1.386600000000000000e+04 5.343400000000000000e+04 1.406700000000000000e+04 1.406800000000000000e+04 1.406900000000000000e+04 1.407000000000000000e+04 1.407100000000000000e+04 1.407200000000000000e+04 1.407300000000000000e+04 1.407400000000000000e+04
1.344000000000000000e+04 1.344100000000000000e+04 5.298700000000000000e+04 5.298900000000000000e+04 5.299100000000000000e+04 5.299300000000000000e+04 1.364600000000000000e+04 1.364700000000000000e+04 1.364800000000000000e+04 1.364900000000000000e+04 1.365000000000000000e+04 1.365100000000000000e+04 1.365200000000000000e+04 1.365300000000000000e+04 1.365400000000000000e+04 1.365500000000000000e+04 1.365600000000000000e+04 1.365700000000000000e+04 1.365800000000000000e+04 1.365900000000000000e+04 1.366000000000000000e+04 1.366100000000000000e+04 1.366200000000000000e+04 1.366300000000000000e+04 1.366400000000000000e+04 5.303300000000000000e+04 1.346600000000000000e+04 1.346700000000000000e+04 5.303600000000000000e+04 1.366800000000000000e+04 1.366900000000000000e+04 1.367000000000000000e+04 1.367100000000000000e+04 1.367200000000000000e+04 1.367300000000000000e+04 1.367400000000000000e+04 1.367500000000000000e+04
1.304100000000000000e+04 1.304200000000000000e+04 5.258900000000000000e+04 5.259100000000000000e+04 5.259300000000000000e+04 5.259500000000000000e+04 5.259700000000000000e+04 1.324800000000000000e+04 1.324900000000000000e+04 1.325000000000000000e+04 1.325100000000000000e+04 1.325200000000000000e+04 1.325300000000000000e+04 1.325400000000000000e+04 1.325500000000000000e+04 1.325600000000000000e+04 1.325700000000000000e+04 1.325800000000000000e+04 1.325900000000000000e+04 1.326000000000000000e+04 1.326100000000000000e+04 1.326200000000000000e+04 1.326300000000000000e+04 1.326400000000000000e+04 1.326500000000000000e+04 5.263500000000000000e+04 1.306700000000000000e+04 1.306800000000000000e+04 5.263800000000000000e+04 1.326900000000000000e+04 1.327000000000000000e+04 1.327100000000000000e+04 1.327200000000000000e+04 1.327300000000000000e+04 1.327400000000000000e+04 1.327500000000000000e+04 1.327600000000000000e+04
1.264200000000000000e+04 1.264300000000000000e+04 1.264400000000000000e+04 5.219300000000000000e+04 5.219500000000000000e+04 5.219700000000000000e+04 5.219900000000000000e+04 1.284900000000000000e+04 1.285000000000000000e+04 1.285100000000000000e+04 1.285200000000000000e+04 1.285300000000000000e+04 1.285400000000000000e+04 1.285500000000000000e+04 1.285600000000000000e+04 1.285700000000000000e+04 1.285800000000000000e+04 1.285900000000000000e+04 1.286000000000000000e+04 1.286100000000000000e+04 1.286200000000000000e+04 1.286300000000000000e+04 1.286400000000000000e+04 1.286500000000000000e+04 1.286600000000000000e+04 5.223700000000000000e+04 1.266800000000000000e+04 1.266900000000000000e+04 5.224000000000000000e+04 1.287000000000000000e+04 1.287100000000000000e+04 1.287200000000000000e+04 1.287300000000000000e+04 1.287400000000000000e+04 1.287500000000000000e+04 1.287600000000000000e+04 1.287700000000000000e+04
