BlockUplift_2Ma_1kryTimeStep_2mmyr_k_5e-05_m_0.5_n_1.0_LinDiffusion_0.75_6x3km_30mRes_topographic__elevation.txt
nrows 100
cellsize 30.0
xllcorner 0.0
ncols 200
yllcorner 0.0
[rows 0 to 16 of 100, columns 0 to 36 of 200]
4.958860154717253162e-04 6.147936763459492786e-04 9.584487523550086789e-04 4.623249246550352790e-04 2.448736235010656628e-04 8.778263461504934220e-04 1.976695417041751765e-04 7.979753164377012672e-04 4.989359889450660761e-04 2.900541526161691985e-04 7.064944010589555793e-04 2.727333844385725482e-04 1.131817610165635136e-04 5.659509532783025014e-04 4.344319523449432369e-04 5.941867985423623542e-04 5.466274137938524234e-04 8.991197892315248418e-04 4.817324424888194180e-04 4.635103909694752045e-04 3.418153269453847527e-04 7.653172505935168621e-05 2.735457322506884537e-04 9.030470100633144689e-04 7.969992963173771604e-04 3.283617560931149254e-04 5.286195992573782323e-04 8.214636983962220716e-04 2.847810243317452331e-04 5.818685962083278585e-04 1.286825163648823835e-04 8.905448589143283365e-05 3.427704006379719078e-04 5.903210667310190276e-04 9.972022173706193184e-04 8.323100810228710889e-04 8.435133725161731268e-04
4.092705047137166108e-04 6.311195586890268032e+02 6.302504491264157878e+02 6.285391696453125405e+02 6.260373813739458910e+02 6.228173670119447252e+02 6.189666927249963919e+02 6.145825035774590788e+02 6.097664074870650666e+02 6.046207870045020627e+02 5.992470500845921606e+02 5.937458278817613291e+02 5.882185355387554182e+02 5.827691667581382262e+02 5.775048816366353321e+02 5.725340767390629253e+02 5.679613291350179907e+02 5.638798051337215611e+02 5.603630495351244463e+02 5.574589326966020053e+02 5.551883783104051417e+02 5.535501383496072094e+02 5.525307033840115309e+02 5.521162970710867057e+02 5.523027756076771766e+02 5.530997455790210324e+02 5.545272399173250051e+02 5.566060592794534614e+02 5.593452356684674669e+02 5.627310152449816769e+02 5.667209366723798212e+02 5.712444490785456992e+02 5.762090727471016862e+02 5.815093926144986654e+02 5.870357630768282888e+02 5.926804035626264522e+02 5.983399971306070029e+02
3.978426562322375805e-04 6.300561374758032116e+02 6.291790866382043532e+02 6.274519071473862368e+02 6.249263011948776239e+02 6.216747569262035995e+02 6.177852807267680646e+02 6.133556810595845263e+02 6.084883589288415351e+02 6.032864937595279571e+02 5.978522116835291627e+02 5.922868088902333739e+02 5.866924640672008309e+02 5.811742640324895319e+02 5.758409989572096492e+02 5.708032927388510416e+02 5.661683709423040227e+02 5.620320542150593610e+02 5.584700004496984320e+02 5.555311658640041514e+02 5.532363132801937127e+02 5.515829585172651832e+02 5.505558172592391202e+02 5.501395187672554812e+02 5.503291353004110533e+02 5.511345929344209935e+02 5.525771878943237425e+02 5.546793831453602479e+02 5.574515618868258571e+02 5.608804099375470287e+02 5.649227166686899864e+02 5.695061079179761236e+02 5.745356265964368276e+02 5.799032622243456672e+02 5.854971076012894855e+02 5.912076901094845880e+02 5.969305636706927771e+02
8.387608860180041084e-04 6.279626948589423137e+02 6.270703712637603076e+02 6.253125571618799086e+02 6.227409379324985821e+02 6.194282868412138896e+02 6.154633621702735127e+02 6.109451936596727819e+02 6.059777073907374643e+02 6.006656704577731034e+02 5.951126894984478213e+02 5.894214643041431145e+02 5.836957709022426570e+02 5.780429135944981454e+02 5.725749073854470907e+02 5.674067197701757550e+02 5.626507010820582764e+02 5.584077832352750193e+02 5.547576743802886767e+02 5.517513894841339379e+02 5.494093406196218439e+02 5.477266185815057042e+02 5.466844793531688538e+02 5.462644502030193507e+02 5.464600789630317195e+02 5.472819128402379647e+02 5.487537067697463726e+02 5.509011660524738545e+02 5.537373248765633207e+02 5.572497644812467570e+02 5.613938728156844036e+02 5.660937928756443398e+02 5.712498064849013417e+02 5.767488905955428891e+02 5.824747390648147984e+02 5.883145449950870898e+02 5.941615815451743856e+02
8.274658215697287995e-04 6.249023615148009867e+02 6.239885953986981804e+02 6.221876409742882288e+02 6.195509348205167726e+02 6.161513905272302054e+02 6.120785955636174549e+02 6.074331594281203479e+02 6.023211397107164657e+02 5.968496511421146806e+02 5.911246008821468649e+02 5.852509415249377298e+02 5.793349860071424473e+02 5.734874173363712089e+02 5.678249887119524146e+02 5.624689126047460377e+02 5.575388209812350624e+02 5.531428583116867230e+02 5.493664153400704890e+02 5.462633601800561109e+02 5.438535475467216429e+02 5.421285799271322503e+02 5.410647686872882787e+02 5.406392150419281961e+02 5.408432911464880135e+02 5.416884273275871919e+02 5.432018861716129550e+02 5.454140115354891805e+02 5.483416563187771544e+02 5.519737462882818591e+02 5.562637649128275825e+02 5.611309942627902956e+02 5.664690185842109713e+02 5.721577134330211720e+02 5.780744724389007843e+02 5.841016162312097322e+02 5.901289601576141877e+02
8.145779429955592741e-04 6.209614425714221397e+02 6.200216618576260998e+02 6.181681459625492607e+02 6.154516432617576811e+02 6.119447882409606336e+02 6.077377768048744429e+02 6.029328876580840415e+02 5.976387253424345545e+02 5.919654293221944954e+02 5.860220501139446014e+02 5.799167307796994919e+02 5.737593448206495168e+02 5.676651152942750969e+02 5.617569020954746293e+02 5.561637581532983177e+02 5.510143295694095968e+02 5.464256257636177452e+02 5.424899953560059203e+02 5.392647858481806225e+02 5.367691479177929068e+02 5.349903831450537837e+02 5.338987115826080299e+02 5.334657780670817147e+02 5.336802655990589983e+02 5.345546825357886291e+02 5.361206079978915113e+02 5.384141074488259164e+02 5.414567634472197142e+02 5.452392055034194982e+02 5.497126381901107379e+02 5.547904285838126270e+02 5.603579608771764242e+02 5.662863509372197086e+02 5.724451170360971446e+02 5.787103342335893785e+02 5.849671873519822611e+02
6.963818555170028747e-04 6.162412911122977448e+02 6.152727887752372453e+02 6.133609215646342818e+02 6.105551193927375380e+02 6.069270529766828304e+02 6.025669990683074957e+02 5.975786930192687123e+02 5.920734545574156300e+02 5.861649691789514236e+02 5.799662153120203811e+02 5.735894699614374304e+02 5.671491933146767224e+02 5.607662288940267672e+02 5.545706865278559690e+02 5.487006743065014689e+02 5.432951030739229736e+02 5.384810274341266449e+02 5.343586991949597405e+02 5.309894882701646566e+02 5.283918903311027861e+02 5.265485080768094122e+02 5.254228201956099156e+02 5.249803958266016934e+02 5.252069018179354316e+02 5.261160213201272882e+02 5.277441161275584136e+02 5.301335939944290203e+02 5.333112602851365409e+02 5.372695789874469483e+02 5.419571383102907021e+02 5.472806245835736263e+02 5.531161676434409173e+02 5.593249439126144580e+02 5.657674112350772475e+02 5.723122579679516093e+02 5.788389350595664382e+02
3.274947719497592748e-04 6.108500724160982145e+02 6.098520703108571297e+02 6.078798581335668132e+02 6.049807884377280516e+02 6.012246848852215635e+02 5.967011190907437594e+02 5.915147808699791767e+02 5.857795939452087168e+02 5.796130806351861793e+02 5.731327670500754721e+02 5.664558903037456048e+02 5.597024016286651431e+02 5.529996524505264688e+02 5.464858313995439403e+02 5.403088787904254104e+02 5.346187230070562464e+02 5.295532042216437958e+02 5.252211764227979529e+02 5.216886222718651425e+02 5.189737903915961397e+02 5.170547740323763719e+02 5.158883114004391928e+02 5.154337964624063488e+02 5.156737831198189497e+02 5.166230986928640050e+02 5.183229146043638593e+02 5.208219935665599678e+02 5.241522702510118279e+02 5.283077812864630687e+02 5.332340622740840672e+02 5.388305487849818292e+02 5.449634654822428956e+02 5.514833481436169222e+02 5.582408367897015751e+02 5.650963917271429864e+02 5.719227878441257644e+02
3.929906607532629258e-05 6.048956342554163257e+02 6.038691394024350529e+02 6.018381504828362267e+02 5.988471477790853896e+02 5.949631343079017824e+02 5.902740281592915608e+02 5.848847402466432186e+02 5.789114123182897629e+02 5.724754110475814741e+02 5.656991642654269299e+02 5.587054478387304925e+02 5.516203507267516670e+02 5.445783079729910696e+02 5.377260180368210740e+02 5.312215559707766488e+02 5.252261365047623940e+02 5.198887482133021649e+02 5.153274030401454411e+02 5.116134657497255489e+02 5.087658494726837830e+02 5.067590548709772520e+02 5.055438492918276552e+02 5.050739523108684352e+02 5.053289706904670879e+02 5.063246978554284397e+02 5.081066326009369618e+02 5.107291863588314413e+02 5.142286055661080582e+02 5.185996985058901600e+02 5.237842750226760700e+02 5.296740315631103613e+02 5.361249622751369088e+02 5.429767056753098586e+02 5.500697680776277139e+02 5.572559010543483282e+02 5.644005241859883881e+02
5.866571410753084219e-04 5.984802014393119407e+02 5.974276877524116571e+02 5.953424717497840675e+02 5.922654314729637690e+02 5.882598106023285709e+02 5.834108861598385829e+02 5.778229205173172431e+02 5.716136588006352213e+02 5.649080242555990026e+02 5.578333690001303466e+02 5.505182366084236492e+02 5.430951295878492147e+02 5.357057330422640007e+02 5.285052274506330150e+02 5.216616364966033643e+02 5.153472775279482221e+02 5.097223390090408088e+02 5.049144888748397761e+02 5.010015119492948088e+02 4.980044832640210757e+02 4.958960234218592404e+02 4.946225186836199441e+02 4.941331489406387050e+02 4.944050175245021137e+02 4.954545542501215891e+02 4.973305685698827006e+02 5.000916480239065436e+02 5.037767398560010292e+02 5.083799957209624836e+02 5.138384899023058097e+02 5.200356733637866000e+02 5.268172257443404760e+02 5.340120241219710806e+02 5.414505600302437642e+02 5.489758010415646368e+02 5.564454866188787037e+02
3.050046558999352988e-05 5.916970629650425053e+02 5.906220424189847336e+02 5.884893191407915083e+02 5.853355905905706322e+02 5.812195519751817301e+02 5.762229370799033177e+02 5.704484667393458039e+02 5.640147270801929835e+02 5.570496503122827789e+02 5.496851920834136536e+02 5.420554950327770030e+02 5.342993176453109072e+02 5.265652996625354945e+02 5.190165933738859394e+02 5.118305087113250806e+02 5.051898703339214194e+02 4.992658586260711786e+02 4.941962804264516080e+02 4.900666661106296829e+02 4.869023276175633441e+02 4.846764857910391697e+02 4.833335222560829720e+02 4.828198213671037706e+02 4.831106988900430110e+02 4.842227547598087085e+02 4.862065879956049343e+02 4.891227563208056495e+02 4.930105246990679007e+02 4.978613293246855278e+02 5.036061288949305776e+02 5.101195454561300267e+02 5.172370323768440130e+02 5.247771763631376416e+02 5.325609835306465811e+02 5.404229878928390463e+02 5.482133409330556333e+02
8.292865108206092699e-04 5.846289910343683687e+02 5.835355526972588223e+02 5.813633177436207689e+02 5.781444317326701139e+02 5.739324832954098383e+02 5.688049473067483177e+02 5.628621951831647721e+02 5.562228437075755210e+02 5.490171028524177927e+02 5.413809127580318545e+02 5.334534660269442838e+02 5.253791888571029176e+02 5.173129244572580774e+02 5.094248274027247021e+02 5.019003968976012970e+02 4.949320055788010677e+02 4.887013892193965603e+02 4.833569531872301468e+02 4.789935275966375343e+02 4.756432098493626768e+02 4.732829414126709935e+02 4.718581415751875170e+02 4.713146682068154973e+02 4.716270091173141736e+02 4.728113646598485502e+02 4.749181828861600252e+02 4.780071670583795367e+02 4.821148599305515177e+02 4.872273808287511656e+02 4.932678646495369890e+02 5.001014370124524930e+02 5.075535428517960099e+02 5.154332309341122027e+02 5.235529219530245655e+02 5.317394826278858773e+02 5.398360057831524728e+02
5.810741496071486099e-04 5.773479107558971464e+02 5.762403001456081029e+02 5.740369890381178948e+02 5.707654234508290756e+02 5.664737944117349571e+02 5.612348494437600266e+02 5.551459717141387955e+02 5.483250486088911657e+02 5.409037528001140345e+02 5.330211817502645317e+02 5.248207248692096982e+02 5.164515238988739156e+02 5.080734844791075489e+02 4.998624054785703947e+02 4.920105153680622152e+02 4.847184666669817830e+02 4.781778992135120347e+02 4.725482027336321948e+02 4.679351665867653196e+02 4.643805121719586282e+02 4.618684509281980013e+02 4.603489528850697070e+02 4.597700062421769189e+02 4.601064238118988214e+02 4.613733785309807445e+02 4.636189361424175104e+02 4.668986838545598630e+02 4.712429398313517481e+02 4.766295291964827356e+02 4.829718363559017007e+02 4.901247815572689888e+02 4.979041344640021407e+02 5.061103925818387665e+02 5.145486083593738158e+02 5.230391212550554201e+02 5.314189042163985732e+02
2.731506685667756161e-04 5.699153197486933777e+02 5.687976087558316749e+02 5.665714224784094313e+02 5.632595641768622272e+02 5.589047939501393785e+02 5.535749254989656265e+02 5.473639308901381355e+02 5.403883367459113742e+02 5.327804811830586686e+02 5.246816974520532995e+02 5.162385314169544017e+02 5.076036402181902645e+02 4.989405755983143536e+02 4.904291454480171524e+02 4.822665826713082424e+02 4.746603083403268784e+02 4.678110072655865679e+02 4.618892920262348980e+02 4.570135153467024338e+02 4.532379196363610276e+02 4.505577008717648937e+02 4.489311191410336050e+02 4.483111626326759733e+02 4.486742461209117323e+02 4.500338780320898309e+02 4.524333736137818391e+02 4.559207294050352175e+02 4.605163200358011295e+02 4.661865426605602352e+02 4.728330430744231307e+02 4.802998651603039093e+02 4.883935601803323152e+02 4.969072542448581089e+02 5.056401003876069353e+02 5.144073524052279254e+02 5.230411384285347367e+02
7.072251649383355784e-04 5.623830664888469073e+02 5.612589348521139527e+02 5.590173753834300214e+02 5.556767652656135397e+02 5.512746136294762209e+02 5.458738301870106397e+02 5.395647764860216284e+02 5.324621626495002147e+02 5.246982970157662294e+02 5.164158459150542058e+02 5.077634159050989524e+02 4.988958726501487035e+02 4.899788656582650219e+02 4.811944362304196829e+02 4.727429492421891268e+02 4.648369167365318049e+02 4.576850136936986360e+02 4.514690931137496364e+02 4.463214543413112665e+02 4.423115748809807997e+02 4.394492362674303081e+02 4.377046912807759327e+02 4.370388176125461541e+02 4.374309503597221465e+02 4.388923310497332864e+02 4.414591779566538889e+02 4.451684460139962880e+02 4.500268948744687805e+02 4.559864436012160809e+02 4.629351272672799951e+02 4.707055774318054091e+02 4.790957278296856998e+02 4.878926676101283419e+02 4.968912950065549126e+02 5.059034248787825732e+02 5.147578431911473444e+02
7.341330560963944428e-04 5.547942480659072544e+02 5.536668707352216643e+02 5.514164834599703227e+02 5.480573582698624477e+02 5.436220832513778305e+02 5.381688776314255165e+02 5.317844910482664318e+02 5.245815497771344553e+02 5.166917935089448974e+02 5.082584299565286301e+02 4.994310967122615921e+02 4.903655945968648098e+02 4.812281384817386538e+02 4.722012308488761505e+02 4.634864730843893881e+02 4.552997106081762126e+02 4.478563838192351909e+02 4.413493290636035340e+02 4.359258142376172032e+02 4.316728678657443652e+02 4.286180877978659396e+02 4.267471362604434262e+02 4.260315007674613526e+02 4.264547092680574565e+02 4.280252020729622586e+02 4.307699203209546113e+02 4.347115715786221699e+02 4.398399260303066285e+02 4.460896861797060069e+02 4.533336898322079946e+02 4.613928489363517542e+02 4.700572438874984300e+02 4.791093748573311473e+02 4.883416220258569069e+02 4.975641018508319462e+02 5.066038598280154588e+02
6.315949542448928450e-05 5.471841174492114988e+02 5.460561345162180942e+02 5.438024182366592640e+02 5.404335072047405220e+02 5.359774827257211882e+02 5.304882074943429870e+02 5.240489700097712102e+02 5.167702175721426556e+02 5.087827595331248176e+02 5.002297231529202577e+02 4.912609056051282437e+02 4.820319194799045590e+02 4.727081583313286615e+02 4.634709478563789844e+02 4.545213257104505260e+02 4.460767224490680292e+02 4.383579915068648916e+02 4.315683993569982135e+02 4.258707487597012573e+02 4.213713756870711222e+02 4.181183506145842443e+02 4.161156690417973323e+02 4.153478158002807845e+02 4.158036573155910105e+02 4.174883875587786406e+02 4.204177738729924272e+02 4.245974995573310480e+02 4.299974749639950460e+02 4.365329468554062373e+02 4.440603913381439725e+02 4.523889930776142023e+02 4.613019130726698336e+02 4.705785767596904066e+02 4.800105879552222632e+02 4.894080848678095776e+02 4.985979435235661299e+02
