BlockUplift_2Ma_1kryTimeStep_2mmyr_k_0.0001_m_0.5_n_1.0_LinDiffusion_0.75_6x3km_30mRes_topographic__elevation.txt
nrows 100
cellsize 30.0
xllcorner 0.0
ncols 200
yllcorner 0.0
[rows 34 to 50 of 100, columns 148 to 184 of 200]
1.497922258538608560e+02 1.496955417901779128e+02 1.509699598861471941e+02 1.534932242239360960e+02 1.570493901931144478e+02 1.613742587594727524e+02 1.662047525664558520e+02 1.713186634389265350e+02 1.765566279152405400e+02 1.818252978076732234e+02 1.870862750714674121e+02 1.923377416889815947e+02 1.975949922199731361e+02 2.028736693518840752e+02 2.081770074853054950e+02 2.134868274592381567e+02 2.187576269339070336e+02 2.239135248591065022e+02 2.288484666638537135e+02 2.334304621487498252e+02 2.375104161799855831e+02 2.409353100634884868e+02 2.435643482133568227e+02 2.452856191294104065e+02 2.460302626895164906e+02 2.457813572404102729e+02 2.445757352450701774e+02 2.424984278211944115e+02 2.396709887974144522e+02 2.362361238814454794e+02 2.323415608256502196e+02 2.281258698692421945e+02 2.237081204561930576e+02 2.191821272373975376e+02 2.146149297572112573e+02 2.100483473165893429e+02 2.055021159999762688e+02
1.478618656066087169e+02 1.477407479056734019e+02 1.489549419877665741e+02 1.513839688540944621e+02 1.548140392176864566e+02 1.589838101836316469e+02 1.636341536870818629e+02 1.685481745720504705e+02 1.735732133745477768e+02 1.786237774620935284e+02 1.836700232552645957e+02 1.887188074489487235e+02 1.937936010856485609e+02 1.989171385259200520e+02 2.040981657490204952e+02 2.093220823810441118e+02 2.145448617414620003e+02 2.196900243130537831e+02 2.246490538566306441e+02 2.292859744950766867e+02 2.334465735550195973e+02 2.369719604808472013e+02 2.397150487024589722e+02 2.415575371872959067e+02 2.424244501758814181e+02 2.422935053554367357e+02 2.411975086818511045e+02 2.392193675903274084e+02 2.364807899016071246e+02 2.331269108083719175e+02 2.293096915578938990e+02 2.251728555677184715e+02 2.208404452884411739e+02 2.164100209116579663e+02 2.119503877192009895e+02 2.075028329338045410e+02 2.030843872964113643e+02
1.454628002017840629e+02 1.453141732732481728e+02 1.464627321228187213e+02 1.487911725910203415e+02 1.520899685466842470e+02 1.561028543191732183e+02 1.605764249909408079e+02 1.653000745558175879e+02 1.701279500090194290e+02 1.749817928505016766e+02 1.798392293993098860e+02 1.847144986126182289e+02 1.896379255814430849e+02 1.946380692187065051e+02 1.997279931731841600e+02 2.048955444463032052e+02 2.100970948844290263e+02 2.152545528561905996e+02 2.202560179355932348e+02 2.249607369675419193e+02 2.292087626945474597e+02 2.328349293464863479e+02 2.356856960077400061e+02 2.376364547673088623e+02 2.386064251401944887e+02 2.385684660250202853e+02 2.375520060449344157e+02 2.356385933789880482e+02 2.329509628001860619e+02 2.296376792083800069e+02 2.258560918124551620e+02 2.217563923195544930e+02 2.174690306541949667e+02 2.130967666602980444e+02 2.087115009171416204e+02 2.043550410395444317e+02 2.000423729594072029e+02
1.426311380640037783e+02 1.424531017707009539e+02 1.435348035343797903e+02 1.457629395943767747e+02 1.489335231060931051e+02 1.527966522471952544e+02 1.571055344911525253e+02 1.616561087035278774e+02 1.663089327940018904e+02 1.709920889515720432e+02 1.756895084057718464e+02 1.804215815538426568e+02 1.852243237070261443e+02 1.901310766103086962e+02 1.951583044877390023e+02 2.002954902828099932e+02 2.054986790742682956e+02 2.106875152289393895e+02 2.157461293113776435e+02 2.205284727578225272e+02 2.248684210211324057e+02 2.285941879599655238e+02 2.315455658545276378e+02 2.335915992183654453e+02 2.346458609008182350e+02 2.346767081167903939e+02 2.337107186400608896e+02 2.318287306300607327e+02 2.291552383425552932e+02 2.258430415837421208e+02 2.220557784641272292e+02 2.179511446286902867e+02 2.136671894220246486e+02 2.093131929749542053e+02 2.049655107934773355e+02 2.006677325091791317e+02 1.964338167190902595e+02
1.394369723085989392e+02 1.392281428395159253e+02 1.402446455716921321e+02 1.423774760075252459e+02 1.454286744177956621e+02 1.491551241655700721e+02 1.533167669061085405e+02 1.577157911454190753e+02 1.622184775520154290e+02 1.667582942921176823e+02 1.713244146947191666e+02 1.759423399769120238e+02 1.806528327372638500e+02 1.854931990765679473e+02 1.904826093836715586e+02 1.956116030557359977e+02 2.008354220067957385e+02 2.060710551382649101e+02 2.111983291746742850e+02 2.160655882119944522e+02 2.205002172052920457e+02 2.243234989328906011e+02 2.273682921652291782e+02 2.294971416742168060e+02 2.306180080662578860e+02 2.306950069405790487e+02 2.297523344750871672e+02 2.278707298330811852e+02 2.251771136037627628e+02 2.218291830309707109e+02 2.179975207448874528e+02 2.138480305007971936e+02 2.095271948300976419e+02 2.051518347962743292e+02 2.008039604885622964e+02 1.965302358243573622e+02 1.923448326308197807e+02
1.359744993081855284e+02 1.357333300176533726e+02 1.366876819174675575e+02 1.387327829026463633e+02 1.416765947046319809e+02 1.452825602915670231e+02 1.493169390422009712e+02 1.535875441018402796e+02 1.579655873927765981e+02 1.623890409638878509e+02 1.668514220018363972e+02 1.713824790660280257e+02 1.760269205072375200e+02 1.808252946433878776e+02 1.857988560648057046e+02 1.909387036662604942e+02 1.961989206284727629e+02 2.014936173328212305e+02 2.066981837550383148e+02 2.116552475802543256e+02 2.161855549742804214e+02 2.201032440460864450e+02 2.232339944292709788e+02 2.254336613071233444e+02 2.266045660095519167e+02 2.267067926199442809e+02 2.257626025627069168e+02 2.238532373880603075e+02 2.211086715951963413e+02 2.176920416771079374e+02 2.137812926440518027e+02 2.095508877959704250e+02 2.051561558997399004e+02 2.007220723820191495e+02 1.963371995422461396e+02 1.920524439532677832e+02 1.878835163235554546e+02
1.323507310114377447e+02 1.320751573884543575e+02 1.329707097069909025e+02 1.349366336991056414e+02 1.377863868031340644e+02 1.412893848617573838e+02 1.452175073146199793e+02 1.493834311336955238e+02 1.536625123855175445e+02 1.579964304943017623e+02 1.623822379157595890e+02 1.668531014282375793e+02 1.714568324127659480e+02 1.762364031815483827e+02 1.812144272505262848e+02 1.863820093755669234e+02 1.916917491166634591e+02 1.970547885866445199e+02 2.023421705266707988e+02 2.073909716503901564e+02 2.120154287989519446e+02 2.160225569572824043e+02 2.192307739588865161e+02 2.214891402510377532e+02 2.226943323663260514e+02 2.228025962041870969e+02 2.218346692347404314e+02 2.198728418729156147e+02 2.170506752144076188e+02 2.135371185012791386e+02 2.095176274387060573e+02 2.051752021299938633e+02 2.006739838956246444e+02 1.961472621258263871e+02 1.916906715841280118e+02 1.873603071659368311e+02 1.831747251973634434e+02
1.286750009577608296e+02 1.283626473511245933e+02 1.292028026430928094e+02 1.310985664862755584e+02 1.338684013285348158e+02 1.372869994458419569e+02 1.411310746805430654e+02 1.452173692764833675e+02 1.494245906191690096e+02 1.536973070762806515e+02 1.580352114198863944e+02 1.624738871108062881e+02 1.670631638998260939e+02 1.718473572269516012e+02 1.768494946319712540e+02 1.820600150621735054e+02 1.874297310816839683e+02 1.928668975581521181e+02 1.982386010191309822e+02 2.033769237604971920e+02 2.080901488813824471e+02 2.121785936489435187e+02 2.154536638544345237e+02 2.177577484257413971e+02 2.189819857706845028e+02 2.190789792823087794e+02 2.180682629963907573e+02 2.160335578247766364e+02 2.131123155019085402e+02 2.094793803702203263e+02 2.053275105288897748e+02 2.008478013343469115e+02 1.962127122887114012e+02 1.915635465870255132e+02 1.870031345379211700e+02 1.825934379590375158e+02 1.783570832173025735e+02
1.250505985359621661e+02 1.246995828103886197e+02 1.254884928555421624e+02 1.273242775318363726e+02 1.300299981746083233e+02 1.333849494132449820e+02 1.371698709707087573e+02 1.412047062997279170e+02 1.453705982412324431e+02 1.496139854566239933e+02 1.539360229120675854e+02 1.583733637732176192e+02 1.629764106161026120e+02 1.677894258109774626e+02 1.728346946077638790e+02 1.781012527453428334e+02 1.835379207560875727e+02 1.890504050396189086e+02 1.945026207156081455e+02 1.997227046981569458e+02 2.045140852987078688e+02 2.086713462487808783e+02 2.119996062628016773e+02 2.143350623569792504e+02 2.155636172508500294e+02 2.156344433942872740e+02 2.145660354519842201e+02 2.124436283834630785e+02 2.094084720217254585e+02 2.056409352112572719e+02 2.013403922279163680e+02 1.967051083656950539e+02 1.919148909753370162e+02 1.871183077298108799e+02 1.824251176715011411e+02 1.779035435589568124e+02 1.735813768500265439e+02
1.215687717671566475e+02 1.211789165863669808e+02 1.219228695023537909e+02 1.237115624141849821e+02 1.263723307815957639e+02 1.296883960075271318e+02 1.334436188447617155e+02 1.374600849544584946e+02 1.416201678648443760e+02 1.458707932820318831e+02 1.502129961091609687e+02 1.546827601330957407e+02 1.593292917804394904e+02 1.641951972260457069e+02 1.693008008211483570e+02 1.746330854016904937e+02 1.801388998163819792e+02 1.857220831143814053e+02 1.912446017171023129e+02 1.965322093123506875e+02 2.013851423644272813e+02 2.055937934986746143e+02 2.089582577838760358e+02 2.113094507761039154e+02 2.125285976024437105e+02 2.125616846502339570e+02 2.114261327144764664e+02 2.092083772856495045e+02 2.060528440417678269e+02 2.021444696918928230e+02 1.976879794224194598e+02 1.928873472520183441e+02 1.879282750788156875e+02 1.829654126203232920e+02 1.781147997675020349e+02 1.734510054974053617e+02 1.690078845208067548e+02
1.183045019633090646e+02 1.178785897675130201e+02 1.185875342060907940e+02 1.203463780399821133e+02 1.229863421902839349e+02 1.262937445870935989e+02 1.300544033320903736e+02 1.340911337321111887e+02 1.382859194823195423e+02 1.425843641146034031e+02 1.469854262460816301e+02 1.515224175548233347e+02 1.562414652292947892e+02 1.611819613827940429e+02 1.663612354308193062e+02 1.717638515661906808e+02 1.773350475197620426e+02 1.829778425117876850e+02 1.885538610463407281e+02 1.938884470063397885e+02 1.987807592516563773e+02 2.030190295549918744e+02 2.064000823933609468e+02 2.087508868125198660e+02 2.099488250017435576e+02 2.099370005273258357e+02 2.087315364518816239e+02 2.064193434856048839e+02 2.031468390936082358e+02 1.991019525044279987e+02 1.944928999791106037e+02 1.895273776933920260e+02 1.843950767096651475e+02 1.792551446530335681e+02 1.742288778889958110e+02 1.693969212170641754e+02 1.647997834444067280e+02
1.153132067455136536e+02 1.148578670275130236e+02 1.155464307743415873e+02 1.172979542690528660e+02 1.199468692237227714e+02 1.232814030853493534e+02 1.270877486473660554e+02 1.311875902545789643e+02 1.354604798546496909e+02 1.398485622648093454e+02 1.443465919163061528e+02 1.489832263976503839e+02 1.537998423666818155e+02 1.588314212964687897e+02 1.640917038717041407e+02 1.695629108256025859e+02 1.751894091085841296e+02 1.808747374398556644e+02 1.864820032229535229e+02 1.918383037948274819e+02 1.967440504413992528e+02 2.009876207888096076e+02 2.043646523592411484e+02 2.066998344913189953e+02 2.078677910793732622e+02 2.078091327553837289e+02 2.065383385112871224e+02 2.041417473641977836e+02 2.007661256680355280e+02 1.966003114368944580e+02 1.918536721214650527e+02 1.867352275565879154e+02 1.814364016985252590e+02 1.761189252033652224e+02 1.709079684489165913e+02 1.658895708926919212e+02 1.611110382645012180e+02
1.126279127766242993e+02 1.121538296506079604e+02 1.128413465372872082e+02 1.146129934879424752e+02 1.173052486420988174e+02 1.207065563864412923e+02 1.246014203585192064e+02 1.288081294602357616e+02 1.332014965658248116e+02 1.377180002632611036e+02 1.423462190099700990e+02 1.471085512011146363e+02 1.520404981831012208e+02 1.571720622624995087e+02 1.625134063414120646e+02 1.680449693260950710e+02 1.737112955805997103e+02 1.794179016471481418e+02 1.850311734252086069e+02 1.903820244960516845e+02 1.952743636884925422e+02 1.994990180152780681e+02 2.028526220509830580e+02 2.051594262641079354e+02 2.062925604559352735e+02 2.061906404815230758e+02 2.048661395249690713e+02 2.024036323922979079e+02 1.989483545746891480e+02 1.946877039495343524e+02 1.898296208269030103e+02 1.845818591156712500e+02 1.791351523356701136e+02 1.736516999063813955e+02 1.682588682224534580e+02 1.630469766509889382e+02 1.580697012608939644e+02
1.102571869820364299e+02 1.097785279390904805e+02 1.104879361927504533e+02 1.123102945084960709e+02 1.150823763126239356e+02 1.185906307964350646e+02 1.226154207120842017e+02 1.269691744221241976e+02 1.315196871013084206e+02 1.361958404297849654e+02 1.409785746755233049e+02 1.458831106224554048e+02 1.509387216665676021e+02 1.561706078084002343e+02 1.615859741104140141e+02 1.671644289468025306e+02 1.728518746391804086e+02 1.785571534808286174e+02 1.841514344719772396e+02 1.894711318996931766e+02 1.943255316574662004e+02 1.985099416896678690e+02 2.018240408596020075e+02 2.040934753041408385e+02 2.051912270721440450e+02 2.050545286859973544e+02 2.036935834031164916e+02 2.011900727849823909e+02 1.976858629122002071e+02 1.933646094548852830e+02 1.884303209266031160e+02 1.830869906540305010e+02 1.775223145527340591e+02 1.718968373657945392e+02 1.663382761030332517e+02 1.609397355075093969e+02 1.557602296752925497e+02
1.081847667973855920e+02 1.077179754763227635e+02 1.084738512097600420e+02 1.103779156362494405e+02 1.132649553728396796e+02 1.169168394150066064e+02 1.211071908984502414e+02 1.256402268739019661e+02 1.303748237458369204e+02 1.352309439584391271e+02 1.401812007561052269e+02 1.452335641314345196e+02 1.504115360573248097e+02 1.557363594672978877e+02 1.612133464992243432e+02 1.668224019681501318e+02 1.725118707015038808e+02 1.781949401307899734e+02 1.837485770681539918e+02 1.890158185270062177e+02 1.938126617016289970e+02 1.979404734716034966e+02 2.012037099223655900e+02 2.034310879394500944e+02 2.044967712689449115e+02 2.043373174726275181e+02 2.029605754993158371e+02 2.004444447760051276e+02 1.969258729887074253e+02 1.925828048734105948e+02 1.876131778859301562e+02 1.822150989292631209e+02 1.765712011495643594e+02 1.708384586326047270e+02 1.651431134793670310e+02 1.595793323502595342e+02 1.542099258085361555e+02
1.063719635373310268e+02 1.059342328429161313e+02 1.067605068921074718e+02 1.087747608093040981e+02 1.118071774536370810e+02 1.156323545003740350e+02 1.200147458540206884e+02 1.247484484112333121e+02 1.296821873216368033e+02 1.347264988685619471e+02 1.398458421916502914e+02 1.450416657095940991e+02 1.503328050162550937e+02 1.557378171033296610e+02 1.612613556481454680e+02 1.668846650806651724e+02 1.725593141612079364e+02 1.782033872341660583e+02 1.837000960573990653e+02 1.888996199449339315e+02 1.936254238926651396e+02 1.976860091871850784e+02 2.008919539900909683e+02 2.030764739627698532e+02 2.041161512201063886e+02 2.039476387189895092e+02 2.025765531145119951e+02 2.000764551935142492e+02 1.965782596456795943e+02 1.922527395780846859e+02 1.872901705543944786e+02 1.818811960470378608e+02 1.762018619687912349e+02 1.704040510902104870e+02 1.646109321513773409e+02 1.589160078619066780e+02 1.533840636483509456e+02
1.047633641165793961e+02 1.043711494019641890e+02 1.052891117214949332e+02 1.074372395583506545e+02 1.106384332910771917e+02 1.146575205275761817e+02 1.192478107859164567e+02 1.241920440006503128e+02 1.293283665388650832e+02 1.345582132131709443e+02 1.398388127930382439e+02 1.451664016817415472e+02 1.505566065859067351e+02 1.560266761844939936e+02 1.615817201079969152e+02 1.672050655877148699e+02 1.728518656581683786e+02 1.784451675454585029e+02 1.838743688160545560e+02 1.889968138059342948e+02 1.936437242885996000e+02 1.976313908125416958e+02 2.007775064402399039e+02 2.029209576662096310e+02 2.039418509164452189e+02 2.037777223413108345e+02 2.024322526597132708e+02 1.999744292260356247e+02 1.965284621447965492e+02 1.922570202631550274e+02 1.873417006702284766e+02 1.819646902758605620e+02 1.762944826123573421e+02 1.704768473147963164e+02 1.646306767235877260e+02 1.588473233662099062e+02 1.531917518642488574e+02
