BlockUplift_2Ma_1kryTimeStep_2mmyr_k_5e-05_m_0.5_n_1.0_LinDiffusion_0.25_3x6km_30mRes_topographic__elevation.txt
nrows 200
cellsize 30.0
xllcorner 0.0
ncols 100
yllcorner 0.0
[rows 51 to 67 of 200, columns 37 to 73 of 100]
2.413777474023659693e+02 2.367949770245046750e+02 2.325964588901311743e+02 2.289657945000263055e+02 2.261527645079532931e+02 2.244158053868754621e+02 2.239295998071253848e+02 2.247092818530603040e+02 2.266025070842607647e+02 2.293533309814091865e+02 2.326919422061720297e+02 2.363982765458754898e+02 2.403210951653366863e+02 2.443674397343538089e+02 2.484853527729148368e+02 2.526520513183015737e+02 2.568680244822497798e+02 2.611531985057476390e+02 2.655424042832411828e+02 2.700794384624211375e+02 2.748099455861460001e+02 2.797733160949878197e+02 2.849933702169526555e+02 2.904670585361343456e+02 2.961498990259069046e+02 3.019367153337268519e+02 3.076380714568741155e+02 3.129592105627195906e+02 3.174982275248211749e+02 3.207848597490477687e+02 3.223688640297441452e+02 3.219362429599043480e+02 3.194023670619010318e+02 3.149326303223670038e+02 3.088810767287459953e+02 3.016866815488376687e+02 2.937891286059859226e+02
2.421940231390247220e+02 2.375251257802202929e+02 2.331979545032594672e+02 2.293683128982680159e+02 2.262615641540860167e+02 2.241330456486033427e+02 2.231876524100021300e+02 2.234968896701305994e+02 2.249661660519581403e+02 2.273735811301550882e+02 2.304510149193213522e+02 2.339569862983270809e+02 2.377115401832172950e+02 2.415971730518036225e+02 2.455458944355298456e+02 2.495274327243323853e+02 2.535420078738486040e+02 2.576148276351984805e+02 2.617896462852304467e+02 2.661209878891276048e+02 2.706657756916214908e+02 2.754748434702289615e+02 2.805839622733915348e+02 2.860031946656691844e+02 2.917028440827128861e+02 2.975941188406473543e+02 3.035042411657344701e+02 3.091518406717575544e+02 3.141386788533762910e+02 3.179802725690249190e+02 3.201889532725697904e+02 3.203938934034574686e+02 3.184491232402821197e+02 3.144733832369877291e+02 3.088006883635665645e+02 3.018741732098782791e+02 2.941463355329626665e+02
2.430880024976166283e+02 2.383403921497457816e+02 2.338992386585670999e+02 2.298943120455148232e+02 2.265239124248303426e+02 2.240315182904657547e+02 2.226407150622947029e+02 2.224722409958721130e+02 2.234912773719264862e+02 2.255189802764978992e+02 2.282981997986790077e+02 2.315706069570582599e+02 2.351274646547760483e+02 2.388253109906270026e+02 2.425803443515080176e+02 2.463575437582577763e+02 2.501611580267808108e+02 2.540258234941864259e+02 2.580067599460349470e+02 2.621694957080783297e+02 2.665803315343006830e+02 2.712978591522764305e+02 2.763646132563600872e+02 2.817971611705705186e+02 2.875726912925375132e+02 2.936101845114634443e+02 2.997455843396093655e+02 3.057058361081715816e+02 3.110965272541019999e+02 3.154256210221987544e+02 3.181800904900497358e+02 3.189460366797449637e+02 3.175269105856591523e+02 3.139995192616083273e+02 3.086767307542052663e+02 3.020017689007935928e+02 2.944365774575076102e+02
2.440327198252817595e+02 2.392131299693262463e+02 2.346716232138631142e+02 2.305146468121278929e+02 2.269128333894427954e+02 2.240911065065391199e+02 2.222802809430509683e+02 2.216402342643739871e+02 2.221934483198911323e+02 2.238100039342813545e+02 2.262529421176251674e+02 2.292542303225093292e+02 2.325800163021894775e+02 2.360632551253770259e+02 2.396078189874294253e+02 2.431788472456624959e+02 2.467893769163001707e+02 2.504861297897538464e+02 2.543352741595696784e+02 2.584097576670828289e+02 2.627793962330067075e+02 2.675031995422858131e+02 2.726221302080994064e+02 2.781502212081672383e+02 2.840622428155592729e+02 2.902762673044151143e+02 2.966303766337482557e+02 3.028572606287812619e+02 3.085695389678608080e+02 3.132772838126953161e+02 3.164568813345042599e+02 3.176676159953777301e+02 3.166753549921884314e+02 3.135212015241093013e+02 3.084960330177158312e+02 3.020382393454174235e+02 2.946149483101967235e+02
2.449973023539023131e+02 2.401096290301302076e+02 2.354780480018962123e+02 2.311891834995152237e+02 2.273874282583167314e+02 2.242750907377414364e+02 2.220799727439313926e+02 2.209890489065221573e+02 2.210751847451601861e+02 2.222593211916804137e+02 2.243332764429912913e+02 2.270295197196166725e+02 2.300977791375851496e+02 2.333545541111201942e+02 2.366976569366806871e+02 2.400972134783334297e+02 2.435768433090896963e+02 2.471930293694421721e+02 2.510167482290250689e+02 2.551197638841381377e+02 2.595658474039769317e+02 2.644049480660943345e+02 2.696675861502100133e+02 2.753573056305561977e+02 2.814397727687770043e+02 2.878272431769750597e+02 2.943575168663255681e+02 3.007699948008123556e+02 3.066895945232240592e+02 3.116385477524149223e+02 3.150968210295770291e+02 3.166126699645519125e+02 3.159277654715325525e+02 3.130547662937250379e+02 3.082625259690626081e+02 3.019795697226138600e+02 2.946729559069147513e+02
2.459496976400864696e+02 2.409930390530896034e+02 2.362760954795279247e+02 2.318697898895740366e+02 2.278955864200314636e+02 2.245320854178487764e+02 2.219961934610444132e+02 2.204895814217007342e+02 2.201252807473676398e+02 2.208732759536301842e+02 2.225616894045909362e+02 2.249363124106350256e+02 2.277435983602179590e+02 2.307939824503843909e+02 2.339853519897104945e+02 2.372936902107900039e+02 2.407484609555903319e+02 2.444065977670749703e+02 2.483322634168479510e+02 2.525845219184560335e+02 2.572113140502296460e+02 2.622461224621575298e+02 2.677040329504981173e+02 2.735753312517183531e+02 2.798157513348591010e+02 2.863324522970464727e+02 2.929647985727057744e+02 2.994617109597515423e+02 3.054646161129403481e+02 3.105145800221790182e+02 3.141051947894649174e+02 3.157864452118521967e+02 3.152883127575487947e+02 3.126032479874484693e+02 3.079796127271987416e+02 3.018318466765019821e+02 2.946209881186774169e+02
2.468604799904412914e+02 2.418287572438285906e+02 2.370250468512421662e+02 2.325090307765041189e+02 2.283839690067882486e+02 2.248064676182430048e+02 2.219778543735154983e+02 2.201036789176066577e+02 2.193257578357096520e+02 2.196585996491812693e+02 2.209724169290298050e+02 2.230395377980070180e+02 2.256174167919641036e+02 2.285200809537439000e+02 2.316475463873142075e+02 2.349758641748619539e+02 2.385287276627013568e+02 2.423495559849893937e+02 2.464829507522825054e+02 2.509660756890377513e+02 2.558260544303418271e+02 2.610786456411322547e+02 2.667250713168688776e+02 2.727458224300469283e+02 2.790910973176440280e+02 2.856672247865373038e+02 2.923182276968530005e+02 2.988039214426933654e+02 3.047825134289643074e+02 3.098151183742813259e+02 3.134136651141636776e+02 3.151390767054479625e+02 3.147212228711298962e+02 3.121418445932731629e+02 3.076324244979402351e+02 3.015904704433506254e+02 2.944646651512804283e+02
2.477065855131271519e+02 2.425898460228103772e+02 2.376930084703278965e+02 2.330689498884713089e+02 2.288081849858362773e+02 2.250492826440169267e+02 2.219768780782189310e+02 2.197928825588036545e+02 2.186576082806178363e+02 2.186239354123104590e+02 2.196068009851417742e+02 2.214148960999137330e+02 2.238272585549642031e+02 2.266663468607822267e+02 2.298305461833846834e+02 2.332850557428729132e+02 2.370338877786150533e+02 2.410946296732561507e+02 2.454846693728479750e+02 2.502170747337980572e+02 2.553004340366154281e+02 2.607378779523895105e+02 2.665231277729026829e+02 2.726332871781590939e+02 2.790184416048147682e+02 2.855875634903150058e+02 2.921900504163193091e+02 2.985943641271675233e+02 3.044713857248296449e+02 3.093990660455125976e+02 3.129087854559451216e+02 3.145796554154543401e+02 3.141530483866574173e+02 3.116111541605500292e+02 3.071744385851213792e+02 3.012222088864593275e+02 2.941843243791165605e+02
2.484745237499705297e+02 2.432610303505714455e+02 2.382615653538039453e+02 2.335263058516766250e+02 2.291385864600752029e+02 2.252243980754264499e+02 2.219539049722720847e+02 2.195219212879146369e+02 2.180993405565568537e+02 2.177700239565074014e+02 2.184914582564886985e+02 2.201117687362055051e+02 2.224352330500092307e+02 2.252918294305811457e+02 2.285712711133319033e+02 2.322174102581828095e+02 2.362051542712131322e+02 2.405213804106262501e+02 2.451568945547234648e+02 2.501055961043205116e+02 2.553646346973190475e+02 2.609318613697632259e+02 2.667998226676352260e+02 2.729467952925885470e+02 2.793250770237685288e+02 2.858460241520641603e+02 2.923613711938074289e+02 2.986427184891048796e+02 3.043670691138079292e+02 3.091244649081268676e+02 3.124661780918499971e+02 3.139968850156536178e+02 3.134820263387850900e+02 3.109171478864824962e+02 3.065197659542299107e+02 3.006516154542462118e+02 2.937178514700955247e+02
2.491628008815725082e+02 2.438415582987239532e+02 2.387289319313474607e+02 2.338759839132792706e+02 2.293640700306215194e+02 2.253127336276634765e+02 2.218822921946003248e+02 2.192605056662669085e+02 2.176232832237572552e+02 2.170768794184634203e+02 2.176139515430868130e+02 2.191178974586742925e+02 2.214156652160016847e+02 2.243410644205723941e+02 2.277698562437140026e+02 2.316199470330144550e+02 2.358359987128733906e+02 2.403774920116922260e+02 2.452152274474830449e+02 2.503315562389097977e+02 2.557189275364272589e+02 2.613747119361183877e+02 2.672928166719013348e+02 2.734529963049060370e+02 2.798079597853844689e+02 2.862676629461813036e+02 2.926805986656788718e+02 2.988146996876894264e+02 3.043465131776914632e+02 3.088743545764774581e+02 3.119710903744162351e+02 3.132753697778686046e+02 3.125900195620152431e+02 3.099378575037057999e+02 3.055433484849341426e+02 2.997538142227816707e+02 2.929460302546847856e+02
2.497809188315898723e+02 2.443453032448024942e+02 2.391111207367195277e+02 2.341332668112978865e+02 2.294955844397300382e+02 2.253170763346431329e+02 2.217538172891967463e+02 2.189886191020476360e+02 2.171985305087202107e+02 2.165030406241262710e+02 2.169192832914782798e+02 2.183574656581880618e+02 2.206622002116073133e+02 2.236688431795357133e+02 2.272391322846555113e+02 2.312676144471288353e+02 2.356741774620861634e+02 2.403982130970890410e+02 2.453977057175989671e+02 2.506488321336448735e+02 2.561421754305459899e+02 2.618750484891585870e+02 2.678412054359828289e+02 2.740188673172122549e+02 2.803569212746019161e+02 2.867586266372341015e+02 2.930630927166303081e+02 2.990282203824891099e+02 3.043249226545770512e+02 3.085579090823582078e+02 3.113249501049786545e+02 3.123074986664881862e+02 3.113582952158976127e+02 3.085404677488505172e+02 3.040959176382461919e+02 2.983634748923689699e+02 2.916919570444621286e+02
2.503396403941013659e+02 2.447928281567908186e+02 2.394358666522654175e+02 2.343296879809662130e+02 2.295640574232926383e+02 2.252623526829750915e+02 2.215816678489269691e+02 2.187026720974905629e+02 2.168010136841933502e+02 2.160012169562164104e+02 2.163342441484979020e+02 2.177285354851362627e+02 2.200425875306326873e+02 2.231143752054619824e+02 2.267962436252279588e+02 2.309661219159384302e+02 2.355264765278368202e+02 2.404029517281270785e+02 2.455447555496683094e+02 2.509232011372714908e+02 2.565260031253781108e+02 2.623478636615408277e+02 2.683789110503938105e+02 2.745917585549601085e+02 2.809268577684160277e+02 2.872756008676739157e+02 2.934621750010920209e+02 2.992293002844313605e+02 3.042389649523664161e+02 3.081025087308369166e+02 3.104471536828340845e+02 3.110051852884238315e+02 3.096888344930040944e+02 3.066109798327370868e+02 3.020395485082019604e+02 2.963122301450277973e+02 2.897549343769560437e+02
2.508285329532413641e+02 2.451903786158318326e+02 2.397233557391232921e+02 2.344957311682620684e+02 2.296054181844424420e+02 2.251836956686713904e+02 2.213929025793719632e+02 2.184144358881263202e+02 2.164215532916213078e+02 2.155382491470183481e+02 2.158015352309221271e+02 2.171520960168483896e+02 2.194608960024631301e+02 2.225718003830786529e+02 2.263339293668051084e+02 2.306154036351069578e+02 2.353068689589073585e+02 2.403235013151545445e+02 2.456064406037347680e+02 2.511207636949822586e+02 2.568486794472766519e+02 2.627790626130550891e+02 2.688949491124192832e+02 2.751596320126042770e+02 2.815010116584377897e+02 2.877940252640023004e+02 2.938432505013363993e+02 2.993725444368288322e+02 3.040338990740300460e+02 3.074478998886952468e+02 3.092768950035189164e+02 3.093104531712900211e+02 3.075253254792733628e+02 3.040875534604419386e+02 2.992947142470555377e+02 2.934890362357740514e+02 2.869811581593308460e+02
2.511832636488886976e+02 2.454964924036147238e+02 2.399531453843045199e+02 2.346289221083204097e+02 2.296307830808229937e+02 2.250999658210678547e+02 2.212071008830943981e+02 2.181371355375184748e+02 2.160617178076327036e+02 2.151021281761868806e+02 2.152974498302731376e+02 2.165974884923439845e+02 2.188855398453319197e+02 2.220144277097851386e+02 2.258348859386385357e+02 2.302099259906649422e+02 2.350215359306999687e+02 2.401755452339889700e+02 2.456043709087338129e+02 2.512650610059053520e+02 2.571319815320433690e+02 2.631856069458692104e+02 2.693990821004670693e+02 2.757231835425744748e+02 2.820694968868335764e+02 2.882922996924992844e+02 2.941727124393394774e+02 2.994138186586251891e+02 3.036592928255507218e+02 3.065444580917949224e+02 3.077738531651122003e+02 3.071992357948944914e+02 3.048621658623260373e+02 3.009784770434468442e+02 2.958721375222917800e+02 2.898906182461294065e+02 2.833356301467056824e+02
2.512555315641577920e+02 2.455868927397269488e+02 2.400260357383889129e+02 2.346545783330894608e+02 2.295879118181938168e+02 2.249777133435133862e+02 2.210045863858171344e+02 2.178594356531553160e+02 2.157143052978237563e+02 2.146882827231790714e+02 2.148215007831780099e+02 2.160714898359009339e+02 2.183335788120959648e+02 2.214709958267661989e+02 2.253387655819641111e+02 2.297975845404760094e+02 2.347227577439845163e+02 2.400115720282722407e+02 2.455875030306761744e+02 2.513986496451410346e+02 2.574101344705092060e+02 2.635921861162429991e+02 2.699056618315472065e+02 2.762857292050288720e+02 2.826238757186716839e+02 2.887497446468915996e+02 2.944181760388411249e+02 2.993118045927292883e+02 3.030708865173210711e+02 3.053540639025586074e+02 3.059165704447576672e+02 3.046760954345551795e+02 3.017356535975887937e+02 2.973521692941271226e+02 2.918665382414635019e+02 2.856259980020960256e+02 2.789251664023703370e+02
2.508099696289964129e+02 2.452412320708318703e+02 2.397428233652532867e+02 2.343989709595524289e+02 2.293311959200375441e+02 2.247002280024486822e+02 2.206963398683793969e+02 2.175172708068969882e+02 2.153370644013639037e+02 2.142739150429184747e+02 2.143691186826369233e+02 2.155869506461999947e+02 2.178337629073024004e+02 2.209832702079099533e+02 2.248962684446574940e+02 2.294334467600561993e+02 2.344657092235810580e+02 2.398834668540399662e+02 2.456020955232930021e+02 2.515607597604119974e+02 2.577145548106167325e+02 2.640218667069363505e+02 2.704288067313573833e+02 2.768516093479620963e+02 2.831577471496578369e+02 2.891486680972281533e+02 2.945515769830338400e+02 2.990316644971010192e+02 3.022339291579934866e+02 3.038514560407657541e+02 3.036993993528431020e+02 3.017639756812797600e+02 2.982041363408878283e+02 2.933066679801617056e+02 2.874167835569511453e+02 2.808717205404208812e+02 2.739560227033911701e+02
2.495727608670142672e+02 2.441803494043598732e+02 2.388303901015569295e+02 2.336052522335357935e+02 2.286289288781859170e+02 2.240679164755523800e+02 2.201192433197113303e+02 2.169853741531362061e+02 2.148412714199569393e+02 2.138036423563370647e+02 2.139138976817978630e+02 2.151412830482755965e+02 2.174015722778781594e+02 2.205788571098402713e+02 2.245416381847634852e+02 2.291539777786121874e+02 2.342860409687663150e+02 2.398243191730412036e+02 2.456778387832600856e+02 2.517772684783679438e+02 2.580668851689517282e+02 2.644913329551114316e+02 2.709790818691740242e+02 2.774237456391028331e+02 2.836649053763296706e+02 2.894731482579044837e+02 2.945487582222701235e+02 2.985454466316616617e+02 3.011238702216421075e+02 3.020238982189380863e+02 3.011290593352742917e+02 2.984949170307724557e+02 2.943296619701266650e+02 2.889388435461962672e+02 2.826599782370240632e+02 2.758100964630057774e+02 2.686585780712606493e+02
