BlockUplift_2Ma_1kryTimeStep_2mmyr_k_1e-05_m_0.5_n_1.0_LinDiffusion_0.75_6x3km_30mRes_topographic__steepest_slope.txt
nrows 100
cellsize 30.0
xllcorner 0.0
ncols 200
yllcorner 0.0
[rows 51 to 67 of 100, columns 0 to 36 of 200]
0.000000000000000000e+00 1.040784321972455517e+00 1.040784321927109568e+00 1.040784321836758952e+00 1.040784321702017179e+00 1.040784321523816836e+00 1.040784321303340310e+00 1.040784321042012017e+00 1.040784320741424018e+00 1.040784320403319363e+00 1.040784320029555010e+00 1.040784319622048315e+00 1.040784319182800344e+00 1.040784318713811718e+00 1.040784318217136795e+00 1.040784317694836592e+00 1.040784317149026084e+00 1.040784316581880420e+00 1.040784315995658016e+00 1.040784315392738746e+00 1.040784314775654140e+00 1.040784314147087164e+00 1.040784313509910408e+00 1.040784312867200745e+00 1.040784312222225116e+00 1.040784311578439203e+00 1.040784310939466106e+00 1.040784310309042393e+00 1.040784309690987675e+00 1.040784309089144655e+00 1.040784308507340938e+00 1.040784307949297771e+00 1.040784307418592514e+00 1.040784306918597801e+00 1.040784306452420926e+00 1.040784306022904504e+00 1.040784305632556972e+00
0.000000000000000000e+00 1.031595143761122380e+00 1.031595143714002960e+00 1.031595143620112731e+00 1.031595143480164234e+00 1.031595143295203298e+00 1.031595143066518450e+00 1.031595142795670883e+00 1.031595142484403871e+00 1.031595142134604792e+00 1.031595141748258948e+00 1.031595141327405374e+00 1.031595140874105754e+00 1.031595140390421328e+00 1.031595139878413558e+00 1.031595139340167000e+00 1.031595138777758214e+00 1.031595138193317052e+00 1.031595137589056410e+00 1.031595136967318194e+00 1.031595136330588414e+00 1.031595135681542708e+00 1.031595135023091414e+00 1.031595134358372023e+00 1.031595133690734745e+00 1.031595133023794686e+00 1.031595132361349032e+00 1.031595131707338853e+00 1.031595131065834448e+00 1.031595130440943420e+00 1.031595129836743174e+00 1.031595129257213195e+00 1.031595128706173092e+00 1.031595128187200228e+00 1.031595127703606840e+00 1.031595127258356115e+00 1.031595126854070621e+00
0.000000000000000000e+00 1.022365213017716767e+00 1.022365212968664672e+00 1.022365212870977258e+00 1.022365212725450556e+00 1.022365212533221213e+00 1.022365212295774928e+00 1.022365212014832103e+00 1.022365211692310094e+00 1.022365211330270585e+00 1.022365210930850754e+00 1.022365210496203325e+00 1.022365210028495675e+00 1.022365209529834784e+00 1.022365209002290110e+00 1.022365208447937768e+00 1.022365207868786818e+00 1.022365207266913378e+00 1.022365206644455293e+00 1.022365206003663207e+00 1.022365205346977834e+00 1.022365204677036399e+00 1.022365203996749461e+00 1.022365203309292703e+00 1.022365202618152669e+00 1.022365201927065481e+00 1.022365201240033050e+00 1.022365200561262011e+00 1.022365199895072463e+00 1.022365199245860001e+00 1.022365198618012894e+00 1.022365198015813714e+00 1.022365197443339868e+00 1.022365196904426510e+00 1.022365196402589937e+00 1.022365195940938110e+00 1.022365195522199066e+00
0.000000000000000000e+00 1.013118416574373848e+00 1.013118416523229870e+00 1.013118416421411982e+00 1.013118416269829458e+00 1.013118416069778593e+00 1.013118415822934049e+00 1.013118415531221173e+00 1.013118415196784916e+00 1.013118414821875923e+00 1.013118414408806123e+00 1.013118413959909869e+00 1.013118413477415380e+00 1.013118412963505355e+00 1.013118412420279446e+00 1.013118411849723177e+00 1.013118411253791873e+00 1.013118410634456179e+00 1.013118409993732483e+00 1.013118409333749970e+00 1.013118408656858538e+00 1.013118407965627465e+00 1.013118407262951770e+00 1.013118406552067974e+00 1.013118405836523017e+00 1.013118405120242871e+00 1.013118404407441719e+00 1.013118403702583326e+00 1.013118403010321300e+00 1.013118402335385415e+00 1.013118401682519654e+00 1.013118401056332551e+00 1.013118400461242574e+00 1.013118399901350219e+00 1.013118399380384060e+00 1.013118398901641237e+00 1.013118398467948600e+00
0.000000000000000000e+00 1.003876369548925229e+00 1.003876369495492415e+00 1.003876369389157253e+00 1.003876369230965793e+00 1.003876369022426163e+00 1.003876368765425742e+00 1.003876368462147228e+00 1.003876368114993145e+00 1.003876367726487251e+00 1.003876367299161076e+00 1.003876366835493084e+00 1.003876366337855597e+00 1.003876365808484161e+00 1.003876365249455782e+00 1.003876364662695142e+00 1.003876364050059644e+00 1.003876363413344963e+00 1.003876362754408502e+00 1.003876362075235784e+00 1.003876361377979309e+00 1.003876360665162837e+00 1.003876359939605889e+00 1.003876359204552093e+00 1.003876358463670293e+00 1.003876357721052548e+00 1.003876356981155960e+00 1.003876356248762702e+00 1.003876355528890096e+00 1.003876354826669148e+00 1.003876354147238636e+00 1.003876353495616103e+00 1.003876352876576172e+00 1.003876352294552410e+00 1.003876351753524521e+00 1.003876351256985711e+00 1.003876350807846984e+00
0.000000000000000000e+00 9.946585537338857863e-01 9.946585536779063430e-01 9.946585535665841693e-01 9.946585534011167518e-01 9.946585531832624616e-01 9.946585529151737992e-01 9.946585525993820731e-01 9.946585522386082179e-01 9.946585518356642064e-01 9.946585513933617895e-01 9.946585509143763826e-01 9.946585504012243062e-01 9.946585498562020566e-01 9.946585492813558860e-01 9.946585486785124441e-01 9.946585480493771447e-01 9.946585473955338319e-01 9.946585467186120910e-01 9.946585460203398732e-01 9.946585453027410040e-01 9.946585445680966586e-01 9.946585438191883899e-01 9.946585430592449484e-01 9.946585422920483088e-01 9.946585415218502924e-01 9.946585407534029866e-01 9.946585399918528303e-01 9.946585392426338101e-01 9.946585385113622113e-01 9.946585378036313374e-01 9.946585371249360152e-01 9.946585364804831908e-01 9.946585358750629213e-01 9.946585353129800966e-01 9.946585347979104430e-01 9.946585343328858686e-01
0.000000000000000000e+00 9.854824526054623002e-01 9.854824525466483465e-01 9.854824524297630672e-01 9.854824522562163347e-01 9.854824520280393019e-01 9.854824517477861479e-01 9.854824514183443407e-01 9.854824510428443762e-01 9.854824506244691529e-01 9.854824501663567160e-01 9.854824496714476023e-01 9.854824491424172273e-01 9.854824485816152668e-01 9.854824479910272439e-01 9.854824473723814426e-01 9.854824467271328103e-01 9.854824460566002919e-01 9.854824453620949498e-01 9.854824446450720643e-01 9.854824439072141784e-01 9.854824431506510329e-01 9.854824423779897646e-01 9.854824415924440251e-01 9.854824407978639567e-01 9.854824399987365258e-01 9.854824392001243494e-01 9.854824384075981936e-01 9.854824376270926445e-01 9.854824368647390198e-01 9.854824361267294774e-01 9.854824354191122904e-01 9.854824347475944490e-01 9.854824341174207580e-01 9.854824335331916485e-01 9.854824329988408627e-01 9.854824325174907917e-01
0.000000000000000000e+00 9.763636824630755884e-01 9.763636824010707427e-01 9.763636822778987145e-01 9.763636820952759088e-01 9.763636818555861963e-01 9.763636815618118581e-01 9.763636812173407398e-01 9.763636808257805111e-01 9.763636803908146700e-01 9.763636799159447488e-01 9.763636794044373568e-01 9.763636788591459892e-01 9.763636782824695048e-01 9.763636776763746639e-01 9.763636770423621547e-01 9.763636763816028186e-01 9.763636756950745399e-01 9.763636749836716033e-01 9.763636742484247399e-01 9.763636734906678827e-01 9.763636727122161352e-01 9.763636719154799026e-01 9.763636711036269844e-01 9.763636702805683631e-01 9.763636694510220426e-01 9.763636686204260062e-01 9.763636677948321907e-01 9.763636669807662649e-01 9.763636661850380039e-01 9.763636654145064764e-01 9.763636646758527826e-01 9.763636639754016411e-01 9.763636633189094471e-01 9.763636627113820854e-01 9.763636621569692364e-01 9.763636616589564943e-01
0.000000000000000000e+00 9.673161192978227962e-01 9.673161192321572122e-01 9.673161191018607719e-01 9.673161189089417578e-01 9.673161186562500014e-01 9.673161183473212299e-01 9.673161179861419212e-01 9.673161175769489084e-01 9.673161171239637035e-01 9.673161166312184145e-01 9.673161161023244858e-01 9.673161155403856570e-01 9.673161149478725074e-01 9.673161143266270079e-01 9.673161136779261371e-01 9.673161130025694776e-01 9.673161123010420859e-01 9.673161115737192173e-01 9.673161108210971415e-01 9.673161100440287319e-01 9.673161092439045428e-01 9.673161084228960593e-01 9.673161075840236434e-01 9.673161067313003070e-01 9.673161058696716497e-01 9.673161050050149701e-01 9.673161041439698460e-01 9.673161032937741544e-01 9.673161024619958415e-01 9.673161016563085468e-01 9.673161008842006137e-01 9.673161001527091907e-01 9.673160994681742064e-01 9.673160988360678392e-01 9.673160982608427494e-01 9.673160977458489240e-01
0.000000000000000000e+00 9.583520210695799513e-01 9.583520209997080652e-01 9.583520208612109625e-01 9.583520206564950517e-01 9.583520203889899225e-01 9.583520200628944385e-01 9.583520196829643512e-01 9.583520192541831184e-01 9.583520187814958957e-01 9.583520182695299816e-01 9.583520177223666670e-01 9.583520171433822510e-01 9.583520165351235853e-01 9.583520158993148463e-01 9.583520152368957268e-01 9.583520145481770891e-01 9.583520138330338112e-01 9.583520130911703516e-01 9.583520123223934206e-01 9.583520115269038575e-01 9.583520107055885084e-01 9.583520098602245074e-01 9.583520089936806707e-01 9.583520081100005417e-01 9.583520072144400270e-01 9.583520063133619260e-01 9.583520054141103639e-01 9.583520045247496677e-01 9.583520036538136777e-01 9.583520028099390409e-01 9.583520020015612317e-01 9.583520012365777108e-01 9.583520005220520499e-01 9.583519998639872250e-01 9.583519992671502008e-01 9.583519987350048730e-01
0.000000000000000000e+00 9.494821451448464122e-01 9.494821450700858811e-01 9.494821449220693932e-01 9.494821447037149476e-01 9.494821444191378079e-01 9.494821440734123597e-01 9.494821436722115093e-01 9.494821432214697321e-01 9.494821427270153658e-01 9.494821421942295503e-01 9.494821416277697823e-01 9.494821410313344368e-01 9.494821404075612925e-01 9.494821397580002209e-01 9.494821390831779118e-01 9.494821383827759531e-01 9.494821376558965076e-01 9.494821369013682899e-01 9.494821361181190467e-01 9.494821353055233892e-01 9.494821344637671690e-01 9.494821335941537876e-01 9.494821326993019284e-01 9.494821317832892182e-01 9.494821308516862013e-01 9.494821299114580837e-01 9.494821289707715550e-01 9.494821280387213402e-01 9.494821271249672678e-01 9.494821262393353667e-01 9.494821253914096371e-01 9.494821245901182705e-01 9.494821238433814869e-01 9.494821231578308707e-01 9.494821225386014252e-01 9.494821219892476405e-01
0.000000000000000000e+00 9.407158607133548900e-01 9.407158606328569483e-01 9.407158604736991503e-01 9.407158602394133373e-01 9.407158599349979555e-01 9.407158595665880974e-01 9.407158591410204052e-01 9.407158586654077448e-01 9.407158581466698033e-01 9.407158575911352960e-01 9.407158570041473933e-01 9.407158563898292414e-01 9.407158557509205377e-01 9.407158550887364523e-01 9.407158544032692138e-01 9.407158536934123738e-01 9.407158529572673400e-01 9.407158521925680361e-01 9.407158513971012326e-01 9.407158505691995964e-01 9.407158497081657966e-01 9.407158488146365460e-01 9.407158478908967947e-01 9.407158469410394908e-01 9.407158459709989984e-01 9.407158449884377438e-01 9.407158440025303880e-01 9.407158430236033375e-01 9.407158420627069750e-01 9.407158411311077328e-01 9.407158402397726160e-01 9.407158393988841460e-01 9.407158386173970488e-01 9.407158379026782091e-01 9.407158372602907326e-01 9.407158366938347394e-01
0.000000000000000000e+00 9.320612560602322683e-01 9.320612559729510860e-01 9.320612558006283743e-01 9.320612555475766836e-01 9.320612552198971335e-01 9.320612548250285512e-01 9.320612543712779585e-01 9.320612538672056191e-01 9.320612533211108941e-01 9.320612527404666947e-01 9.320612521314993737e-01 9.320612514988473318e-01 9.320612508453564038e-01 9.320612501720423326e-01 9.320612494782343216e-01 9.320612487618139541e-01 9.320612480196359684e-01 9.320612472480281907e-01 9.320612464433527533e-01 9.320612456025856307e-01 9.320612447238810772e-01 9.320612438070497996e-01 9.320612428539258865e-01 9.320612418685640943e-01 9.320612408573083485e-01 9.320612398286811651e-01 9.320612387930661269e-01 9.320612377623054279e-01 9.320612367491207806e-01 9.320612357665367664e-01 9.320612348272258041e-01 9.320612339428824278e-01 9.320612331237081438e-01 9.320612323779527975e-01 9.320612317116456769e-01 9.320612311284587337e-01
0.000000000000000000e+00 9.235252406232803413e-01 9.235252405279121835e-01 9.235252403399158982e-01 9.235252400645852511e-01 9.235252397093821619e-01 9.235252392834013557e-01 9.235252387967307630e-01 9.235252382597763932e-01 9.235252376825201504e-01 9.235252370738976646e-01 9.235252364412114279e-01 9.235252357897214548e-01 9.235252351224175760e-01 9.235252344399479396e-01 9.235252337407852119e-01 9.235252330215416583e-01 9.235252322774992750e-01 9.235252315032046466e-01 9.235252306932124622e-01 9.235252298428008322e-01 9.235252289486614030e-01 9.235252280095171962e-01 9.235252270265922325e-01 9.235252260038767647e-01 9.235252249482035491e-01 9.235252238690956350e-01 9.235252227784334078e-01 9.235252216898781619e-01 9.235252206182394952e-01 9.235252195786832763e-01 9.235252185859508245e-01 9.235252176536050683e-01 9.235252167933329925e-01 9.235252160144569178e-01 9.235252153235327111e-01 9.235252147242515308e-01
0.000000000000000000e+00 9.151136418119260041e-01 9.151136417068528317e-01 9.151136415000830082e-01 9.151136411981194430e-01 9.151136408101138153e-01 9.151136403472188707e-01 9.151136398217810664e-01 9.151136392464688241e-01 9.151136386333860173e-01 9.151136379932495180e-01 9.151136373347185105e-01 9.151136366638411568e-01 9.151136359837702683e-01 9.151136352946878105e-01 9.151136345939865357e-01 9.151136338767021927e-01 9.151136331361158227e-01 9.151136323645648885e-01 9.151136315543074717e-01 9.151136306984539726e-01 9.151136297918545104e-01 9.151136288318449941e-01 9.151136278188384265e-01 9.151136267567078209e-01 9.151136256528427104e-01 9.151136245180017115e-01 9.151136233658652142e-01 9.151136222123682495e-01 9.151136210748480604e-01 9.151136199711193964e-01 9.151136189184626568e-01 9.151136179326991860e-01 9.151136170273540538e-01 9.151136162130001361e-01 9.151136154968374514e-01 9.151136148824965399e-01
0.000000000000000000e+00 9.068312966061550240e-01 9.068312964893721073e-01 9.068312962599633931e-01 9.068312959259401396e-01 9.068312954985875418e-01 9.068312949916086385e-01 9.068312944201504244e-01 9.068312937997007328e-01 9.068312931449971082e-01 9.068312924690076215e-01 9.068312917820549046e-01 9.068312910911647817e-01 9.068312903996950114e-01 9.068312897072398071e-01 9.068312890098582102e-01 9.068312883005925640e-01 9.068312875702455589e-01 9.068312868083504563e-01 9.068312860042889723e-01 9.068312851484469084e-01 9.068312842333094981e-01 9.068312832544545010e-01 9.068312822112564175e-01 9.068312811073724333e-01 9.068312799508665423e-01 9.068312787540018238e-01 9.068312775326603514e-01 9.068312763055587089e-01 9.068312750931795119e-01 9.068312739165738101e-01 9.068312727961521658e-01 9.068312717505174758e-01 9.068312707954230278e-01 9.068312699429498247e-01 9.068312692010219722e-01 9.068312685731712008e-01
0.000000000000000000e+00 8.986821379894005535e-01 8.986821378584030073e-01 8.986821376015579066e-01 8.986821372287597809e-01 8.986821367539240546e-01 8.986821361939405506e-01 8.986821355674540213e-01 8.986821348934616038e-01 8.986821341899864368e-01 8.986821334727779220e-01 8.986821327542353632e-01 8.986821320426126025e-01 8.986821313415058743e-01 8.986821306497972950e-01 8.986821299618744652e-01 8.986821292683013773e-01 8.986821285567619944e-01 8.986821278132954838e-01 8.986821270236646786e-01 8.986821261748104694e-01 8.986821252562587903e-01 8.986821242613094451e-01 8.986821231880071092e-01 8.986821220397132048e-01 8.986821208252915305e-01 8.986821195588011735e-01 8.986821182588831114e-01 8.986821169476684190e-01 8.986821156495087282e-01 8.986821143894719865e-01 8.986821131918304451e-01 8.986821120785823958e-01 8.986821110681982860e-01 8.986821101746158558e-01 8.986821094065703397e-01 8.986821087673964037e-01
