BlockUplift_2Ma_1kryTimeStep_2mmyr_k_5e-05_m_0.5_n_1.0_LinDiffusion_1_6x3km_30mRes_flow__link_to_receiver_node.txt
nrows 100
cellsize 30.0
xllcorner 0.0
ncols 200
yllcorner 0.0
[rows 51 to 67 of 100, columns 148 to 184 of 200]
1.910000000000000000e+04 1.910100000000000000e+04 1.910200000000000000e+04 1.910300000000000000e+04 1.910400000000000000e+04 1.910500000000000000e+04 1.910600000000000000e+04 1.910700000000000000e+04 1.910800000000000000e+04 5.872100000000000000e+04 5.872300000000000000e+04 5.872500000000000000e+04 5.872700000000000000e+04 5.872900000000000000e+04 5.873100000000000000e+04 5.873300000000000000e+04 5.873500000000000000e+04 5.873700000000000000e+04 1.931800000000000000e+04 1.931900000000000000e+04 1.932000000000000000e+04 1.932100000000000000e+04 1.932200000000000000e+04 1.932300000000000000e+04 1.932400000000000000e+04 1.932500000000000000e+04 1.932600000000000000e+04 1.932700000000000000e+04 1.932800000000000000e+04 1.932900000000000000e+04 1.933000000000000000e+04 5.876500000000000000e+04 5.876700000000000000e+04 5.876900000000000000e+04 5.877100000000000000e+04 5.877300000000000000e+04 5.877500000000000000e+04
1.870100000000000000e+04 1.870200000000000000e+04 1.870300000000000000e+04 1.870400000000000000e+04 1.870500000000000000e+04 1.870600000000000000e+04 1.870700000000000000e+04 1.870800000000000000e+04 1.870900000000000000e+04 5.832300000000000000e+04 5.832500000000000000e+04 5.832700000000000000e+04 5.832900000000000000e+04 5.833100000000000000e+04 5.833300000000000000e+04 5.833500000000000000e+04 5.833700000000000000e+04 5.833900000000000000e+04 5.834100000000000000e+04 5.834300000000000000e+04 1.892100000000000000e+04 1.892200000000000000e+04 1.892300000000000000e+04 1.892400000000000000e+04 1.892500000000000000e+04 1.892600000000000000e+04 1.892700000000000000e+04 1.892800000000000000e+04 1.892900000000000000e+04 1.893000000000000000e+04 1.893100000000000000e+04 1.893200000000000000e+04 5.836900000000000000e+04 5.837100000000000000e+04 5.837300000000000000e+04 5.837500000000000000e+04 5.837700000000000000e+04
1.830200000000000000e+04 1.830300000000000000e+04 1.830400000000000000e+04 1.830500000000000000e+04 1.830600000000000000e+04 1.830700000000000000e+04 1.830800000000000000e+04 1.830900000000000000e+04 1.831000000000000000e+04 1.831100000000000000e+04 5.792700000000000000e+04 5.792900000000000000e+04 5.793100000000000000e+04 5.793300000000000000e+04 5.793500000000000000e+04 5.793700000000000000e+04 5.793900000000000000e+04 5.794100000000000000e+04 5.794300000000000000e+04 5.794500000000000000e+04 5.794700000000000000e+04 1.852300000000000000e+04 1.852400000000000000e+04 1.852500000000000000e+04 1.852600000000000000e+04 1.852700000000000000e+04 1.852800000000000000e+04 1.852900000000000000e+04 1.853000000000000000e+04 1.853100000000000000e+04 1.853200000000000000e+04 1.853300000000000000e+04 5.797100000000000000e+04 5.797300000000000000e+04 5.797500000000000000e+04 5.797700000000000000e+04 5.797900000000000000e+04
1.790300000000000000e+04 1.790400000000000000e+04 1.790500000000000000e+04 1.790600000000000000e+04 1.790700000000000000e+04 1.790800000000000000e+04 1.790900000000000000e+04 1.791000000000000000e+04 1.791100000000000000e+04 1.791200000000000000e+04 1.791300000000000000e+04 5.753100000000000000e+04 5.753300000000000000e+04 5.753500000000000000e+04 5.753700000000000000e+04 5.753900000000000000e+04 5.754100000000000000e+04 5.754300000000000000e+04 5.754500000000000000e+04 5.754700000000000000e+04 5.754900000000000000e+04 5.755100000000000000e+04 5.755300000000000000e+04 1.812600000000000000e+04 1.812700000000000000e+04 1.812800000000000000e+04 1.812900000000000000e+04 1.813000000000000000e+04 1.813100000000000000e+04 1.813200000000000000e+04 1.813300000000000000e+04 1.813400000000000000e+04 1.813500000000000000e+04 5.757500000000000000e+04 5.757700000000000000e+04 5.757900000000000000e+04 5.758100000000000000e+04
1.750400000000000000e+04 1.750500000000000000e+04 1.750600000000000000e+04 1.750700000000000000e+04 1.750800000000000000e+04 1.750900000000000000e+04 1.751000000000000000e+04 1.751100000000000000e+04 1.751200000000000000e+04 1.751300000000000000e+04 1.751400000000000000e+04 5.713300000000000000e+04 5.713500000000000000e+04 5.713700000000000000e+04 5.713900000000000000e+04 5.714100000000000000e+04 5.714300000000000000e+04 5.714500000000000000e+04 5.714700000000000000e+04 5.714900000000000000e+04 5.715100000000000000e+04 5.715300000000000000e+04 5.715500000000000000e+04 5.715700000000000000e+04 1.772800000000000000e+04 1.772900000000000000e+04 1.773000000000000000e+04 1.773100000000000000e+04 1.773200000000000000e+04 1.773300000000000000e+04 1.773400000000000000e+04 1.773500000000000000e+04 1.773600000000000000e+04 1.773700000000000000e+04 5.717900000000000000e+04 5.718100000000000000e+04 5.718300000000000000e+04
1.710500000000000000e+04 1.710600000000000000e+04 1.710700000000000000e+04 1.710800000000000000e+04 1.710900000000000000e+04 1.711000000000000000e+04 1.711100000000000000e+04 1.711200000000000000e+04 1.711300000000000000e+04 1.711400000000000000e+04 1.711500000000000000e+04 1.711600000000000000e+04 5.673700000000000000e+04 5.673900000000000000e+04 5.674100000000000000e+04 5.674300000000000000e+04 5.674500000000000000e+04 5.674700000000000000e+04 5.674900000000000000e+04 5.675100000000000000e+04 5.675300000000000000e+04 5.675500000000000000e+04 5.675700000000000000e+04 5.675900000000000000e+04 5.676100000000000000e+04 5.676300000000000000e+04 1.733100000000000000e+04 1.733200000000000000e+04 1.733300000000000000e+04 1.733400000000000000e+04 1.733500000000000000e+04 1.733600000000000000e+04 1.733700000000000000e+04 1.733800000000000000e+04 5.678100000000000000e+04 5.678300000000000000e+04 5.678500000000000000e+04
1.670600000000000000e+04 1.670700000000000000e+04 1.670800000000000000e+04 1.670900000000000000e+04 1.671000000000000000e+04 1.671100000000000000e+04 1.671200000000000000e+04 1.671300000000000000e+04 1.671400000000000000e+04 1.671500000000000000e+04 1.671600000000000000e+04 1.671700000000000000e+04 1.671800000000000000e+04 5.634100000000000000e+04 5.634300000000000000e+04 5.634500000000000000e+04 5.634700000000000000e+04 5.634900000000000000e+04 5.635100000000000000e+04 5.635300000000000000e+04 5.635500000000000000e+04 5.635700000000000000e+04 5.635900000000000000e+04 5.636100000000000000e+04 5.636300000000000000e+04 5.636500000000000000e+04 5.636700000000000000e+04 1.693300000000000000e+04 1.693400000000000000e+04 1.693500000000000000e+04 1.693600000000000000e+04 1.693700000000000000e+04 1.693800000000000000e+04 1.693900000000000000e+04 1.694000000000000000e+04 5.638500000000000000e+04 5.638700000000000000e+04
1.630700000000000000e+04 1.630800000000000000e+04 1.630900000000000000e+04 1.631000000000000000e+04 1.631100000000000000e+04 1.631200000000000000e+04 1.631300000000000000e+04 1.631400000000000000e+04 1.631500000000000000e+04 1.631600000000000000e+04 1.631700000000000000e+04 1.631800000000000000e+04 1.631900000000000000e+04 5.594300000000000000e+04 5.594500000000000000e+04 5.594700000000000000e+04 5.594900000000000000e+04 5.595100000000000000e+04 5.595300000000000000e+04 5.595500000000000000e+04 5.595700000000000000e+04 5.595900000000000000e+04 5.596100000000000000e+04 5.596300000000000000e+04 5.596500000000000000e+04 5.596700000000000000e+04 5.596900000000000000e+04 5.597100000000000000e+04 1.653500000000000000e+04 1.653600000000000000e+04 1.653700000000000000e+04 1.653800000000000000e+04 1.653900000000000000e+04 1.654000000000000000e+04 1.654100000000000000e+04 5.598700000000000000e+04 5.598900000000000000e+04
1.590800000000000000e+04 1.590900000000000000e+04 1.591000000000000000e+04 1.591100000000000000e+04 1.591200000000000000e+04 1.591300000000000000e+04 1.591400000000000000e+04 1.591500000000000000e+04 1.591600000000000000e+04 1.591700000000000000e+04 1.591800000000000000e+04 1.591900000000000000e+04 1.592000000000000000e+04 1.592100000000000000e+04 5.554700000000000000e+04 5.554900000000000000e+04 5.555100000000000000e+04 5.555300000000000000e+04 5.555500000000000000e+04 5.555700000000000000e+04 5.555900000000000000e+04 5.556100000000000000e+04 5.556300000000000000e+04 5.556500000000000000e+04 5.556700000000000000e+04 5.556900000000000000e+04 5.557100000000000000e+04 5.557300000000000000e+04 5.557500000000000000e+04 1.613700000000000000e+04 1.613800000000000000e+04 1.613900000000000000e+04 1.614000000000000000e+04 1.614100000000000000e+04 1.614200000000000000e+04 5.558900000000000000e+04 5.559100000000000000e+04
1.550900000000000000e+04 1.551000000000000000e+04 1.551100000000000000e+04 1.551200000000000000e+04 1.551300000000000000e+04 1.551400000000000000e+04 1.551500000000000000e+04 1.551600000000000000e+04 1.551700000000000000e+04 1.551800000000000000e+04 1.551900000000000000e+04 1.552000000000000000e+04 1.552100000000000000e+04 1.552200000000000000e+04 1.552300000000000000e+04 5.515100000000000000e+04 5.515300000000000000e+04 5.515500000000000000e+04 5.515700000000000000e+04 5.515900000000000000e+04 5.516100000000000000e+04 5.516300000000000000e+04 5.516500000000000000e+04 5.516700000000000000e+04 5.516900000000000000e+04 5.517100000000000000e+04 5.517300000000000000e+04 5.517500000000000000e+04 5.517700000000000000e+04 5.517900000000000000e+04 5.518100000000000000e+04 1.574000000000000000e+04 1.574100000000000000e+04 1.574200000000000000e+04 1.574300000000000000e+04 5.519100000000000000e+04 5.519300000000000000e+04
1.511000000000000000e+04 1.511100000000000000e+04 1.511200000000000000e+04 1.511300000000000000e+04 1.511400000000000000e+04 1.511500000000000000e+04 1.511600000000000000e+04 1.511700000000000000e+04 1.511800000000000000e+04 1.511900000000000000e+04 1.512000000000000000e+04 1.512100000000000000e+04 1.512200000000000000e+04 1.512300000000000000e+04 1.512400000000000000e+04 5.475300000000000000e+04 5.475500000000000000e+04 5.475700000000000000e+04 5.475900000000000000e+04 5.476100000000000000e+04 5.476300000000000000e+04 5.476500000000000000e+04 5.476700000000000000e+04 5.476900000000000000e+04 5.477100000000000000e+04 5.477300000000000000e+04 5.477500000000000000e+04 5.477700000000000000e+04 5.477900000000000000e+04 5.478100000000000000e+04 5.478300000000000000e+04 5.478500000000000000e+04 1.534200000000000000e+04 1.534300000000000000e+04 1.534400000000000000e+04 5.479300000000000000e+04 5.479500000000000000e+04
1.471100000000000000e+04 1.471200000000000000e+04 1.471300000000000000e+04 1.471400000000000000e+04 1.471500000000000000e+04 1.471600000000000000e+04 1.471700000000000000e+04 1.471800000000000000e+04 1.471900000000000000e+04 1.472000000000000000e+04 1.472100000000000000e+04 1.472200000000000000e+04 1.472300000000000000e+04 1.472400000000000000e+04 1.472500000000000000e+04 1.472600000000000000e+04 5.435700000000000000e+04 5.435900000000000000e+04 5.436100000000000000e+04 5.436300000000000000e+04 5.436500000000000000e+04 5.436700000000000000e+04 5.436900000000000000e+04 5.437100000000000000e+04 5.437300000000000000e+04 5.437500000000000000e+04 5.437700000000000000e+04 5.437900000000000000e+04 5.438100000000000000e+04 5.438300000000000000e+04 5.438500000000000000e+04 5.438700000000000000e+04 5.438900000000000000e+04 5.439100000000000000e+04 5.439300000000000000e+04 5.439500000000000000e+04 5.439700000000000000e+04
1.431200000000000000e+04 1.431300000000000000e+04 1.431400000000000000e+04 1.431500000000000000e+04 1.431600000000000000e+04 1.431700000000000000e+04 1.431800000000000000e+04 1.431900000000000000e+04 1.432000000000000000e+04 1.432100000000000000e+04 1.432200000000000000e+04 1.432300000000000000e+04 1.432400000000000000e+04 1.432500000000000000e+04 1.432600000000000000e+04 1.432700000000000000e+04 5.395900000000000000e+04 5.396100000000000000e+04 5.396300000000000000e+04 5.396500000000000000e+04 5.396700000000000000e+04 5.396900000000000000e+04 5.397100000000000000e+04 5.397300000000000000e+04 5.397500000000000000e+04 5.397700000000000000e+04 5.397900000000000000e+04 5.398100000000000000e+04 5.398300000000000000e+04 5.398500000000000000e+04 5.398700000000000000e+04 5.398900000000000000e+04 5.399100000000000000e+04 5.399300000000000000e+04 5.399500000000000000e+04 5.399700000000000000e+04 5.399900000000000000e+04
1.391300000000000000e+04 1.391400000000000000e+04 1.391500000000000000e+04 1.391600000000000000e+04 1.391700000000000000e+04 1.391800000000000000e+04 1.391900000000000000e+04 1.392000000000000000e+04 1.392100000000000000e+04 1.392200000000000000e+04 1.392300000000000000e+04 1.392400000000000000e+04 1.392500000000000000e+04 1.392600000000000000e+04 1.392700000000000000e+04 1.392800000000000000e+04 1.392900000000000000e+04 5.356300000000000000e+04 5.356500000000000000e+04 5.356700000000000000e+04 5.356900000000000000e+04 5.357100000000000000e+04 5.357300000000000000e+04 5.357500000000000000e+04 5.357700000000000000e+04 5.357900000000000000e+04 5.358100000000000000e+04 5.358300000000000000e+04 5.358500000000000000e+04 5.358700000000000000e+04 5.358900000000000000e+04 5.359100000000000000e+04 5.359300000000000000e+04 5.359500000000000000e+04 5.359700000000000000e+04 5.359900000000000000e+04 5.360100000000000000e+04
1.351400000000000000e+04 1.351500000000000000e+04 1.351600000000000000e+04 1.351700000000000000e+04 1.351800000000000000e+04 1.351900000000000000e+04 1.352000000000000000e+04 1.352100000000000000e+04 1.352200000000000000e+04 1.352300000000000000e+04 1.352400000000000000e+04 1.352500000000000000e+04 1.352600000000000000e+04 1.352700000000000000e+04 1.352800000000000000e+04 1.352900000000000000e+04 1.353000000000000000e+04 5.316500000000000000e+04 5.316700000000000000e+04 5.316900000000000000e+04 5.317100000000000000e+04 5.317300000000000000e+04 5.317500000000000000e+04 5.317700000000000000e+04 5.317900000000000000e+04 5.318100000000000000e+04 5.318300000000000000e+04 5.318500000000000000e+04 5.318700000000000000e+04 5.318900000000000000e+04 5.319100000000000000e+04 5.319300000000000000e+04 5.319500000000000000e+04 5.319700000000000000e+04 5.319900000000000000e+04 5.320100000000000000e+04 5.320300000000000000e+04
1.311500000000000000e+04 1.311600000000000000e+04 1.311700000000000000e+04 1.311800000000000000e+04 1.311900000000000000e+04 1.312000000000000000e+04 1.312100000000000000e+04 1.312200000000000000e+04 1.312300000000000000e+04 1.312400000000000000e+04 1.312500000000000000e+04 1.312600000000000000e+04 1.312700000000000000e+04 1.312800000000000000e+04 1.312900000000000000e+04 1.313000000000000000e+04 1.313100000000000000e+04 1.313200000000000000e+04 5.276900000000000000e+04 5.277100000000000000e+04 5.277300000000000000e+04 5.277500000000000000e+04 5.277700000000000000e+04 5.277900000000000000e+04 5.278100000000000000e+04 5.278300000000000000e+04 5.278500000000000000e+04 5.278700000000000000e+04 5.278900000000000000e+04 5.279100000000000000e+04 5.279300000000000000e+04 5.279500000000000000e+04 5.279700000000000000e+04 5.279900000000000000e+04 5.280100000000000000e+04 5.280300000000000000e+04 5.280500000000000000e+04
1.271600000000000000e+04 1.271700000000000000e+04 1.271800000000000000e+04 1.271900000000000000e+04 1.272000000000000000e+04 1.272100000000000000e+04 1.272200000000000000e+04 1.272300000000000000e+04 1.272400000000000000e+04 1.272500000000000000e+04 1.272600000000000000e+04 1.272700000000000000e+04 1.272800000000000000e+04 1.272900000000000000e+04 1.273000000000000000e+04 1.273100000000000000e+04 1.273200000000000000e+04 1.273300000000000000e+04 5.237100000000000000e+04 5.237300000000000000e+04 5.237500000000000000e+04 5.237700000000000000e+04 5.237900000000000000e+04 5.238100000000000000e+04 5.238300000000000000e+04 5.238500000000000000e+04 5.238700000000000000e+04 5.238900000000000000e+04 5.239100000000000000e+04 5.239300000000000000e+04 5.239500000000000000e+04 5.239700000000000000e+04 5.239900000000000000e+04 5.240100000000000000e+04 5.240300000000000000e+04 5.240500000000000000e+04 5.240700000000000000e+04
