BlockUplift_2Ma_1kryTimeStep_2mmyr_k_1e-05_m_0.5_n_1.0_LinDiffusion_0.5_3x6km_30mRes_topographic__steepest_slope.txt
nrows 200
cellsize 30.0
xllcorner 0.0
ncols 100
yllcorner 0.0
[rows 34 to 50 of 200, columns 0 to 36 of 100]
0.000000000000000000e+00 1.254514466057374600e+00 1.254514307328221001e+00 1.254513990032197990e+00 1.254513514493722504e+00 1.254512881199010055e+00 1.254512090795636414e+00 1.254511144091732922e+00 1.254510042055350549e+00 1.254508785813398752e+00 1.254507376650553896e+00 1.254505816007834618e+00 1.254504105481373699e+00 1.254502246820569100e+00 1.254500241926492343e+00 1.254498092849902102e+00 1.254495801789198506e+00 1.254493371088149845e+00 1.254490803233647922e+00 1.254488100853041077e+00 1.254485266711572011e+00 1.254482303709589130e+00 1.254479214879605342e+00 1.254476003383206306e+00 1.254472672507836339e+00 1.254469225663554788e+00 1.254465666379565025e+00 1.254461998300469894e+00 1.254458225182876641e+00 1.254454350891304193e+00 1.254450379394484116e+00 1.254446314761162196e+00 1.254442161156081648e+00 1.254437922835753172e+00 1.254433604143969205e+00 1.254429209507619269e+00 1.254424743432036804e+00
0.000000000000000000e+00 1.242379302372531358e+00 1.242379151431623585e+00 1.242378849704179222e+00 1.242378397498684173e+00 1.242377795277570751e+00 1.242377043656582192e+00 1.242376143404362754e+00 1.242375095441472288e+00 1.242373900839614409e+00 1.242372560820437455e+00 1.242371076754428261e+00 1.242369450159427791e+00 1.242367682699144327e+00 1.242365776181471482e+00 1.242363732556668765e+00 1.242361553915361627e+00 1.242359242486448467e+00 1.242356800634919045e+00 1.242354230859336939e+00 1.242351535789445460e+00 1.242348718183393430e+00 1.242345780924991594e+00 1.242342727020877557e+00 1.242339559597364085e+00 1.242336281897314709e+00 1.242332897276795300e+00 1.242329409201905266e+00 1.242325821244882444e+00 1.242322137080873246e+00 1.242318360483886774e+00 1.242314495323292522e+00 1.242310545559484947e+00 1.242306515240231057e+00 1.242302408496319233e+00 1.242298229537527776e+00 1.242293982648167594e+00
0.000000000000000000e+00 1.229750091769832077e+00 1.229749948510698188e+00 1.229749662138844180e+00 1.229749232947172866e+00 1.229748661374545415e+00 1.229747948005494029e+00 1.229747093569479421e+00 1.229746098940374122e+00 1.229744965135341817e+00 1.229743693313988251e+00 1.229742284777118222e+00 1.229740740965401757e+00 1.229739063457979453e+00 1.229737253970870414e+00 1.229735314355108633e+00 1.229733246595120955e+00 1.229731052806497749e+00 1.229728735233948100e+00 1.229726296249054940e+00 1.229723738347805240e+00 1.229721064148149301e+00 1.229718276387287368e+00 1.229715377918970898e+00 1.229712371710517393e+00 1.229709260839899843e+00 1.229706048492562376e+00 1.229702737958208170e+00 1.229699332627584907e+00 1.229695835988817043e+00 1.229692251624025401e+00 1.229688583205643226e+00 1.229684834492779100e+00 1.229681009327168839e+00 1.229677111629613684e+00 1.229673145395569600e+00 1.229669114691478216e+00
0.000000000000000000e+00 1.216730643414590807e+00 1.216730507698199792e+00 1.216730236404252263e+00 1.216729829810158980e+00 1.216729288331710679e+00 1.216728612522698816e+00 1.216727803074309167e+00 1.216726860814333122e+00 1.216725786706547296e+00 1.216724581849515152e+00 1.216723247475632208e+00 1.216721784949837959e+00 1.216720195768220991e+00 1.216718481556517961e+00 1.216716644068507547e+00 1.216714685184145717e+00 1.216712606907822236e+00 1.216710411366147992e+00 1.216708100805953929e+00 1.216705677591971790e+00 1.216703144204454246e+00 1.216700503236612940e+00 1.216697757392027235e+00 1.216694909481960574e+00 1.216691962422434381e+00 1.216688919231364796e+00 1.216685783025362344e+00 1.216682557016671717e+00 1.216679244509987212e+00 1.216675848898936874e+00 1.216672373662701423e+00 1.216668822362529045e+00 1.216665198638050560e+00 1.216661506203611909e+00 1.216657748844515163e+00 1.216653930413106766e+00
0.000000000000000000e+00 1.203414453136186557e+00 1.203414324795752055e+00 1.203414068246123181e+00 1.203413683749689378e+00 1.203413171699730722e+00 1.203412532619904551e+00 1.203411767163864443e+00 1.203410876114533901e+00 1.203409860383332308e+00 1.203408721009206372e+00 1.203407459157657788e+00 1.203406076119517776e+00 1.203404573309671877e+00 1.203402952265620662e+00 1.203401214645888784e+00 1.203399362228431801e+00 1.203397396908758354e+00 1.203395320698079196e+00 1.203393135721216867e+00 1.203390844214542676e+00 1.203388448523537546e+00 1.203385951100729878e+00 1.203383354502860492e+00 1.203380661388518957e+00 1.203377874515384471e+00 1.203374996737481162e+00 1.203372031002178710e+00 1.203368980347310435e+00 1.203365847897960750e+00 1.203362636863509305e+00 1.203359350534174199e+00 1.203355992277738595e+00 1.203352565536124574e+00 1.203349073821891491e+00 1.203345520714704797e+00 1.203341909857635894e+00
0.000000000000000000e+00 1.189885317604481907e+00 1.189885196449389060e+00 1.189884954263152439e+00 1.189884591293457472e+00 1.189884107911545197e+00 1.189883504611877196e+00 1.189882782011515427e+00 1.189881940849606190e+00 1.189880981986607411e+00 1.189879906403393806e+00 1.189878715200257009e+00 1.189877409595889501e+00 1.189875990926020588e+00 1.189874460642143639e+00 1.189872820310135193e+00 1.189871071608422426e+00 1.189869216326511880e+00 1.189867256363186243e+00 1.189865193724411574e+00 1.189863030521397969e+00 1.189860768968628690e+00 1.189858411381252701e+00 1.189855960173084259e+00 1.189853417854025430e+00 1.189850787027459500e+00 1.189848070387688583e+00 1.189845270717281300e+00 1.189842390884041423e+00 1.189839433838324023e+00 1.189836402609823152e+00 1.189833300304705244e+00 1.189830130102260908e+00 1.189826895251856920e+00 1.189823599069465443e+00 1.189820244934420179e+00 1.189816836285823909e+00
0.000000000000000000e+00 1.176217956223763350e+00 1.176217842043661310e+00 1.176217613800236039e+00 1.176217271726970104e+00 1.176216816173761393e+00 1.176216247606635124e+00 1.176215566607152097e+00 1.176214773872000796e+00 1.176213870212131862e+00 1.176212856552001584e+00 1.176211733928721470e+00 1.176210503490801695e+00 1.176209166497240721e+00 1.176207724316054692e+00 1.176206178422990023e+00 1.176204530400036585e+00 1.176202781933852748e+00 1.176200934813884214e+00 1.176198990930818811e+00 1.176196952274479735e+00 1.176194820931838469e+00 1.176192599085015944e+00 1.176190289008961054e+00 1.176187893069163604e+00 1.176185413719319284e+00 1.176182853498721759e+00 1.176180215029808185e+00 1.176177501015460258e+00 1.176174714236261298e+00 1.176171857547645638e+00 1.176168933876958089e+00 1.176165946220650405e+00 1.176162897641097604e+00 1.176159791263444276e+00 1.176156630272498615e+00 1.176153417909548304e+00
0.000000000000000000e+00 1.162478632580056681e+00 1.162478525148374908e+00 1.162478310394908565e+00 1.162477988539361240e+00 1.162477559910985336e+00 1.162477024948233018e+00 1.162476384198438017e+00 1.162475638317103765e+00 1.162474788067296094e+00 1.162473834318992205e+00 1.162472778047943800e+00 1.162471620334993849e+00 1.162470362364744325e+00 1.162469005424448643e+00 1.162467550902799074e+00 1.162466000288365331e+00 1.162464355168170593e+00 1.162462617226068140e+00 1.162460788241090448e+00 1.162458870085598894e+00 1.162456864723344641e+00 1.162454774207602348e+00 1.162452600678943737e+00 1.162450346363220977e+00 1.162448013569170824e+00 1.162445604686202616e+00 1.162443122181836541e+00 1.162440568599352853e+00 1.162437946555034296e+00 1.162435258735695198e+00 1.162432507895815981e+00 1.162429696854800021e+00 1.162426828494047548e+00 1.162423905754167208e+00 1.162420931631822807e+00 1.162417909176717057e+00
0.000000000000000000e+00 1.148725768563311656e+00 1.148725667640686288e+00 1.148725465898708942e+00 1.148725163543743655e+00 1.148724760885140084e+00 1.148724258334853809e+00 1.148723656407037108e+00 1.148722955717554894e+00 1.148722156983346121e+00 1.148721261021652618e+00 1.148720268749275464e+00 1.148719181181604654e+00 1.148717999431528414e+00 1.148716724708523040e+00 1.148715358317076607e+00 1.148713901655779912e+00 1.148712356215567887e+00 1.148710723578445503e+00 1.148709005415730733e+00 1.148707203486401429e+00 1.148705319635428213e+00 1.148703355791758529e+00 1.148701313966421278e+00 1.148699196250511978e+00 1.148697004813023614e+00 1.148694741898695248e+00 1.148692409825677441e+00 1.148690010983227650e+00 1.148687547829270850e+00 1.148685022887927287e+00 1.148682438746876366e+00 1.148679798054778711e+00 1.148677103518624287e+00 1.148674357900820953e+00 1.148671564016588764e+00 1.148668724730957047e+00
0.000000000000000000e+00 1.135010545458029263e+00 1.135010450795334691e+00 1.135010261566791634e+00 1.135009977966061845e+00 1.135009600283243936e+00 1.135009128904797215e+00 1.135008564313087165e+00 1.135007907085764600e+00 1.135007157895340013e+00 1.135006317508517215e+00 1.135005386785238990e+00 1.135004366677943244e+00 1.135003258230714573e+00 1.135002062577950666e+00 1.135000780943467680e+00 1.134999414639075166e+00 1.134997965063409220e+00 1.134996433700431906e+00 1.134994822117884494e+00 1.134993131965817748e+00 1.134991364974848649e+00 1.134989522954371388e+00 1.134987607790844732e+00 1.134985621445730342e+00 1.134983565953613605e+00 1.134981443420110647e+00 1.134979256019702509e+00 1.134977005993565990e+00 1.134974695647285037e+00 1.134972327348456655e+00 1.134969903524430945e+00 1.134967426659613920e+00 1.134964899293163354e+00 1.134962324016290269e+00 1.134959703469606618e+00 1.134957040340532242e+00
0.000000000000000000e+00 1.121377487351628677e+00 1.121377398692751104e+00 1.121377221465733376e+00 1.121376955851883350e+00 1.121376602123033583e+00 1.121376160641163189e+00 1.121375631857957522e+00 1.121375016314626327e+00 1.121374314641040426e+00 1.121373527555260763e+00 1.121372655862842294e+00 1.121371700455938480e+00 1.121370662312377364e+00 1.121369542494767391e+00 1.121368342149359432e+00 1.121367062504941670e+00 1.121365704871489788e+00 1.121364270638923744e+00 1.121362761275713549e+00 1.121361178327379138e+00 1.121359523414836579e+00 1.121357798232884395e+00 1.121356004548412555e+00 1.121354144198615677e+00 1.121352219089173152e+00 1.121350231192203228e+00 1.121348182544458449e+00 1.121346075245037266e+00 1.121343911453383635e+00 1.121341693387102989e+00 1.121339423319553497e+00 1.121337103577813243e+00 1.121334736539984167e+00 1.121332324633037114e+00 1.121329870330191714e+00 1.121327376148459232e+00
0.000000000000000000e+00 1.107865023159259499e+00 1.107864940243613594e+00 1.107864774497177907e+00 1.107864526089588297e+00 1.107864195275033214e+00 1.107863782392056740e+00 1.107863287863241064e+00 1.107862712194643384e+00 1.107862055975450177e+00 1.107861319877292861e+00 1.107860504653581213e+00 1.107859611138731770e+00 1.107858640247347148e+00 1.107857592973308103e+00 1.107856470388666414e+00 1.107855273642690097e+00 1.107854003960589306e+00 1.107852662642411223e+00 1.107851251061598985e+00 1.107849770663597244e+00 1.107848222964503249e+00 1.107846609549384631e+00 1.107844932070808364e+00 1.107843192247052411e+00 1.107841391860483693e+00 1.107839532755573009e+00 1.107837616837211270e+00 1.107835646068648705e+00 1.107833622469539980e+00 1.107831548113881626e+00 1.107829425127980993e+00 1.107827255688137891e+00 1.107825042018551587e+00 1.107822786389003111e+00 1.107820491112579520e+00 1.107818158543265374e+00
0.000000000000000000e+00 1.094506024405154765e+00 1.094505946969957177e+00 1.094505792178764203e+00 1.094505560190039750e+00 1.094505251241222776e+00 1.094504865648483927e+00 1.094504403806498383e+00 1.094503866187945595e+00 1.094503253343176219e+00 1.094502565899377666e+00 1.094501804560301661e+00 1.094500970105279247e+00 1.094500063388538003e+00 1.094499085338278110e+00 1.094498036955883435e+00 1.094496919314709382e+00 1.094495733559127437e+00 1.094494480903297928e+00 1.094493162629972538e+00 1.094491780089219990e+00 1.094490334696987199e+00 1.094488827933719266e+00 1.094487261342859119e+00 1.094485636529240358e+00 1.094483955157405264e+00 1.094482218950194374e+00 1.094480429686579326e+00 1.094478589200176932e+00 1.094476699377249451e+00 1.094474762154853398e+00 1.094472779518719019e+00 1.094470753501461058e+00 1.094468686180334771e+00 1.094466579675190676e+00 1.094464436146260322e+00 1.094462257792035098e+00
0.000000000000000000e+00 1.081328316645415955e+00 1.081328244427580465e+00 1.081328100065851006e+00 1.081327883707945192e+00 1.081327595575354961e+00 1.081327235963014166e+00 1.081326805238980615e+00 1.081326303844237779e+00 1.081325732291937403e+00 1.081325091167264052e+00 1.081324381126447909e+00 1.081323602896494096e+00 1.081322757274074231e+00 1.081321845125012171e+00 1.081320867383237738e+00 1.081319825049907424e+00 1.081318719192359001e+00 1.081317550943079686e+00 1.081316321498479782e+00 1.081315032117754482e+00 1.081313684121550933e+00 1.081312278890709466e+00 1.081310817864702178e+00 1.081309302540391037e+00 1.081307734470328796e+00 1.081306115261259082e+00 1.081304446572463940e+00 1.081302730114081623e+00 1.081300967645438593e+00 1.081299160973033802e+00 1.081297311949037887e+00 1.081295422469141565e+00 1.081293494470689120e+00 1.081291529930755724e+00 1.081289530864144810e+00 1.081287499321206269e+00
0.000000000000000000e+00 1.068355163067144620e+00 1.068355095805175958e+00 1.068354961350087340e+00 1.068354759839530654e+00 1.068354491479794888e+00 1.068354156545562317e+00 1.068353755379757741e+00 1.068353288393003142e+00 1.068352756063465359e+00 1.068352158936068053e+00 1.068351497622219037e+00 1.068350772798961179e+00 1.068349985208472797e+00 1.068349135657202575e+00 1.068348225015097297e+00 1.068347254214647046e+00 1.068346224250096066e+00 1.068345136176245935e+00 1.068343991107561397e+00 1.068342790216881166e+00 1.068341534734372544e+00 1.068340225946167177e+00 1.068338865193118270e+00 1.068337453869404818e+00 1.068335993421199781e+00 1.068334485345000529e+00 1.068332931186402268e+00 1.068331332538279277e+00 1.068329691039222373e+00 1.068328008371963733e+00 1.068326286261602309e+00 1.068324526473785729e+00 1.068322730813027421e+00 1.068320901120796362e+00 1.068319039273668114e+00 1.068317147181384597e+00
0.000000000000000000e+00 1.055605719362938455e+00 1.055605656798373593e+00 1.055605531733302405e+00 1.055605344295766690e+00 1.055605094677609213e+00 1.055604783134473701e+00 1.055604409985289704e+00 1.055603975612120937e+00 1.055603480459679666e+00 1.055602925034994088e+00 1.055602309906771508e+00 1.055601635704852104e+00 1.055600903119663370e+00 1.055600112901432519e+00 1.055599265859352043e+00 1.055598362860988848e+00 1.055597404831163155e+00 1.055596392751128043e+00 1.055595327657602001e+00 1.055594210641644715e+00 1.055593042847567720e+00 1.055591825471780432e+00 1.055590559761609759e+00 1.055589247013995147e+00 1.055587888574139876e+00 1.055586485834237420e+00 1.055585040231926452e+00 1.055583553248955697e+00 1.055582026409592755e+00 1.055580461279169047e+00 1.055578859462305674e+00 1.055577222601459697e+00 1.055575552375194182e+00 1.055573850496451360e+00 1.055572118710764062e+00 1.055570358794587493e+00
0.000000000000000000e+00 1.043095459463196040e+00 1.043095401341952222e+00 1.043095285158960994e+00 1.043095111033168543e+00 1.043094879142942411e+00 1.043094589725645394e+00 1.043094243077666849e+00 1.043093839553936641e+00 1.043093379567668899e+00 1.043092863589921260e+00 1.043092292149064404e+00 1.043091665830327974e+00 1.043090985275133109e+00 1.043090251180440964e+00 1.043089464298160740e+00 1.043088625434241523e+00 1.043087735447943531e+00 1.043086795250974363e+00 1.043085805806443611e+00 1.043084768128043516e+00 1.043083683278897889e+00 1.043082552370591110e+00 1.043081376561925344e+00 1.043080157057814539e+00 1.043078895108040749e+00 1.043077592005981158e+00 1.043076249087319773e+00 1.043074867728637445e+00 1.043073449346047621e+00 1.043071995393726636e+00 1.043070507362517718e+00 1.043068986778249885e+00 1.043067435200343063e+00 1.043065854220124766e+00 1.043064245459254469e+00 1.043062610568040283e+00
