BlockUplift_2Ma_1kryTimeStep_2mmyr_k_1e-05_m_0.5_n_1.0_LinDiffusion_0.25_3x6km_30mRes_topographic__steepest_slope.txt
nrows 200
cellsize 30.0
xllcorner 0.0
ncols 100
yllcorner 0.0
[rows 17 to 33 of 200, columns 37 to 73 of 100]
9.416157889085424726e-01 9.350959513620338281e-01 9.177610013403404432e-01 8.851612273927529362e-01 8.379910985903916698e-01 8.532950427942523897e-01 8.666415718756980135e-01 8.753436779526660994e-01 8.795260701322301644e-01 8.808152281370439374e-01 8.809336227875822489e-01 8.808736135146925106e-01 8.809281913524197316e-01 8.810726116918128348e-01 8.812397042649990908e-01 8.814014820428232033e-01 8.815574386507554205e-01 8.817137994835169135e-01 8.818802070247026004e-01 8.820852128714553597e-01 8.823957201858775301e-01 8.828798035325234883e-01 8.834136956199472035e-01 8.833443951258080906e-01 8.813318397378983038e-01 8.758520556121918155e-01 8.663179683217094862e-01 8.538642774778054667e-01 8.953674417151128440e-01 9.302021499461650134e-01 9.491744389820359062e-01 9.561289103790276966e-01 9.568343458364464427e-01 9.556085951106499943e-01 9.544140037545093547e-01 9.536476986330375549e-01 9.531331576818732332e-01
9.367100615585474133e-01 9.308974318241401980e-01 9.151816214351946588e-01 8.845024388126658810e-01 8.384872313401215971e-01 8.380892321551073332e-01 8.535597474915145311e-01 8.648062097759824374e-01 8.711163619312174422e-01 8.737422766538354146e-01 8.745194127881555923e-01 8.747414057007972810e-01 8.749311660513588995e-01 8.751618883796784543e-01 8.753881276036963310e-01 8.755831335805548399e-01 8.757468400010944842e-01 8.758855055341275841e-01 8.760084776128375106e-01 8.761470531601617262e-01 8.763675030927667864e-01 8.766952963845521252e-01 8.768552423463386036e-01 8.759172878727289335e-01 8.722861269517730998e-01 8.644914861815171658e-01 8.524711828458445551e-01 8.456788970727385779e-01 8.934636289819335442e-01 9.267406774263258207e-01 9.444763130195442669e-01 9.510769554415863247e-01 9.522362919077167476e-01 9.518804759155553574e-01 9.516410252647364842e-01 9.517718812724141886e-01 9.520797824551670008e-01
9.292456076891210115e-01 9.240504224364498587e-01 9.099921697208259719e-01 8.815697448042645323e-01 8.373589424661137537e-01 8.197004742518553266e-01 8.370724756603901140e-01 8.510652438603680814e-01 8.599271419113772019e-01 8.642637738894412003e-01 8.658893439595279906e-01 8.664263451404697891e-01 8.667151080380866013e-01 8.669890138060660778e-01 8.672456522586798888e-01 8.674597505746685089e-01 8.676279291673911764e-01 8.677542774302688944e-01 8.678469936564245923e-01 8.679365467654103217e-01 8.680699496395543058e-01 8.681788540294747003e-01 8.677578944698931540e-01 8.655571818116489791e-01 8.598166101706737896e-01 8.493571198919653842e-01 8.348712682477298364e-01 8.433718134623385820e-01 8.897165577779251322e-01 9.210226468519528975e-01 9.373116735969839741e-01 9.435075121213132299e-01 9.451397661623353041e-01 9.456873925243014511e-01 9.464378197002639714e-01 9.475057764247716285e-01 9.486845108029390294e-01
9.195127041233681631e-01 9.147139840116664811e-01 9.022283849578432990e-01 8.763756004149084733e-01 8.347648657100334990e-01 7.989216433626021852e-01 8.180166828707267079e-01 8.348955663599629817e-01 8.466463483731937467e-01 8.530020171679401075e-01 8.556197413585854283e-01 8.564653893324021272e-01 8.567825680643181840e-01 8.570320015546182280e-01 8.572771429673367027e-01 8.574915779214203893e-01 8.576617063607121505e-01 8.577867312865615768e-01 8.578751649721425565e-01 8.579553808843002338e-01 8.580330552927535326e-01 8.578821638363175461e-01 8.566749471173580321e-01 8.528030034955008665e-01 8.444583819002597913e-01 8.310131245923002563e-01 8.141314407537947329e-01 8.398899159272706916e-01 8.841884311972300070e-01 9.132005553521365115e-01 9.280012136204384143e-01 9.338774515368446494e-01 9.360625519444741860e-01 9.375498931108713352e-01 9.393026268366229115e-01 9.413215571836184292e-01 9.433969924021733400e-01
9.079685462004490892e-01 9.033530262195687000e-01 8.923456517845050895e-01 8.693638836703806438e-01 8.311722365104678989e-01 7.808523283051806985e-01 7.973354539117659678e-01 8.170324557392859566e-01 8.318232003114948148e-01 8.404103078741020916e-01 8.441383810701381663e-01 8.452825287019929412e-01 8.455499767813762224e-01 8.456962297036777487e-01 8.458799528198445161e-01 8.460731622734708468e-01 8.462445001095451058e-01 8.463862310908097930e-01 8.465114668062824199e-01 8.466465900223056895e-01 8.467285706879692508e-01 8.462999437933983460e-01 8.441192675408502044e-01 8.382056464127648487e-01 8.268484420633891441e-01 8.102153292633678117e-01 7.910888017164552366e-01 8.355173480866220359e-01 8.770706914868743320e-01 9.034992340026501978e-01 9.168621301186598016e-01 9.225837827390235280e-01 9.254416712885996654e-01 9.279133872427247631e-01 9.306738507202017008e-01 9.336454537223072281e-01 9.366300785984051913e-01
8.951819102508405956e-01 8.906220989581332681e-01 8.810220397123378344e-01 8.611312763507524837e-01 8.270220820554663455e-01 7.801038612703753428e-01 7.757354020835388608e-01 7.979002518593157900e-01 8.156753797871033607e-01 8.266467848439940092e-01 8.316491086939853394e-01 8.331497647485623936e-01 8.333317483182250962e-01 8.333105653255794554e-01 8.333847375782018618e-01 8.335352494064485196e-01 8.337095590762525488e-01 8.338932119294971690e-01 8.341099400427461896e-01 8.343807690773549224e-01 8.345346921391637585e-01 8.338005435507663821e-01 8.304534883221624808e-01 8.221846747169213598e-01 8.075713520559323344e-01 7.877812443237568463e-01 7.812308135195864534e-01 8.306648062075037142e-01 8.687747228428908119e-01 8.923629076155400464e-01 9.043583697588286618e-01 9.100824084193792629e-01 9.137106045635123852e-01 9.171901242246721653e-01 9.209485823427228102e-01 9.248631772150965880e-01 9.287587689297561733e-01
8.816615365891256051e-01 8.770983951896550446e-01 8.688108425170958382e-01 8.520520741743115023e-01 8.223954009616393224e-01 7.795547035766702271e-01 7.534545965197442241e-01 7.774971488761366345e-01 7.980509301494975727e-01 8.115688331220932694e-01 8.181336809847986613e-01 8.201903102040887239e-01 8.203452904990551353e-01 8.201336851146228124e-01 8.200616042796582406e-01 8.201499868071323585e-01 8.203314134831013460e-01 8.205885145086236898e-01 8.209601602394892561e-01 8.214465296016897344e-01 8.217074250118305834e-01 8.205678929445563430e-01 8.157926729496087770e-01 8.048795608646059918e-01 7.869454171467774595e-01 7.643095972599439625e-01 7.795134659152750389e-01 8.256160383697590532e-01 8.597290928756028405e-01 8.803205145779107177e-01 8.910296389419953833e-01 8.968619507847903627e-01 9.012960284123858745e-01 9.057628621552432646e-01 9.104854901442406279e-01 9.153200189978112356e-01 9.201178249156902744e-01
8.677607550488930510e-01 8.631475151347544061e-01 8.559984463523463427e-01 8.421833180921238782e-01 8.170135550437337413e-01 7.786545678214320532e-01 7.310512367874113515e-01 7.555849947787010024e-01 7.786217996551916265e-01 7.948868798001815783e-01 8.034518115274674743e-01 8.064359198644903692e-01 8.067433840122930633e-01 8.063737664925763049e-01 8.061330064887215485e-01 8.061400348193576981e-01 8.063332074502643776e-01 8.066994268249648714e-01 8.072897672951512282e-01 8.080452397281533417e-01 8.083652612432312701e-01 8.065793782420163094e-01 7.999783631340733336e-01 7.861073800275865109e-01 7.649300367190637884e-01 7.400025286898123111e-01 7.781627942409932164e-01 8.203042446588144632e-01 8.501302383676895280e-01 8.677565001279425871e-01 8.773179111159080668e-01 8.833352398821772145e-01 8.885612230584227778e-01 8.939597142152120313e-01 8.995945542822284535e-01 9.053159363902634205e-01 9.109980006408373576e-01
8.536975576230839691e-01 8.489652232840678714e-01 8.426929544251778870e-01 8.314299589467000207e-01 8.104897842912588413e-01 7.767828106646771369e-01 7.321938776912678692e-01 7.320124777093875990e-01 7.571588452001833947e-01 7.763657917203772296e-01 7.874667351833295470e-01 7.918958161358280456e-01 7.926511386144586835e-01 7.922104799517001306e-01 7.917886127923490225e-01 7.916895442171684172e-01 7.918953022496528771e-01 7.924053789755741706e-01 7.932644561426817065e-01 7.942845444636835728e-01 7.944863543723083010e-01 7.916316823180825635e-01 7.826597321743520297e-01 7.655017742424736760e-01 7.412890304430977961e-01 7.304468469065537040e-01 7.765978530805381919e-01 8.143671297531138720e-01 8.399229262247046579e-01 8.548448530135973611e-01 8.634952130635716872e-01 8.697860967896163809e-01 8.757761974667571669e-01 8.820405381399779587e-01 8.885313880591156899e-01 8.951025296195095349e-01 9.016434964502073601e-01
8.396162611600747061e-01 8.346739738836133071e-01 8.289652045993818330e-01 8.197360605138055423e-01 8.025609558230361040e-01 7.734851897687909927e-01 7.324997421869200442e-01 7.068994354538821190e-01 7.336738995706278965e-01 7.559183431862038782e-01 7.700916123572748573e-01 7.765711389251919172e-01 7.781684864752453912e-01 7.777982160383393184e-01 7.771920087874377714e-01 7.769521669377505990e-01 7.771614042650450971e-01 7.778379670442366889e-01 7.789776305495024200e-01 7.801608150958372345e-01 7.799053764004610922e-01 7.753925734947718640e-01 7.634390109611483011e-01 7.427602342240410271e-01 7.159097380054542104e-01 7.312288101542239183e-01 7.742164463438985234e-01 8.074156204450034791e-01 8.289896042890194661e-01 8.416600751985601203e-01 8.497216719415008335e-01 8.563992291896571629e-01 8.631336942958665048e-01 8.702053144421076913e-01 8.775009116208163373e-01 8.848839720667672770e-01 8.922517743666515955e-01
8.256346808321367581e-01 8.203880781127993460e-01 8.149277871399738249e-01 8.071710657637971575e-01 7.931721106767666285e-01 7.685396913591882040e-01 7.316686240919797468e-01 6.863740748050005669e-01 7.083922170404396423e-01 7.335694272286901185e-01 7.512415527759078726e-01 7.604004616350493739e-01 7.633238422110253385e-01 7.632384564831302676e-01 7.624712683902392651e-01 7.620522743660558262e-01 7.622418820013763252e-01 7.630791730366884851e-01 7.644401997970134977e-01 7.655481847522271899e-01 7.643263576151109184e-01 7.574708112820492945e-01 7.420177051108642896e-01 7.178565131793220866e-01 6.890527712919871650e-01 7.314482081290621940e-01 7.706540321412493899e-01 7.992845452553699603e-01 8.173497041162405274e-01 8.283158034512356771e-01 8.361341998382565421e-01 8.433134511740171257e-01 8.507787202673302573e-01 8.586088605734421009e-01 8.666638335339210686e-01 8.748198005948393252e-01 8.829754936406131183e-01
8.118655197494994979e-01 8.062354944749510199e-01 8.007477080853699913e-01 7.939263647075143204e-01 7.824589959506528247e-01 7.619300924243024298e-01 7.295316377899654370e-01 6.871311486479214636e-01 6.816898264380294448e-01 7.094057300340789185e-01 7.307768429458519899e-01 7.431903750843502632e-01 7.480055956773867809e-01 7.485299260456638182e-01 7.476942573716466311e-01 7.470802671219796132e-01 7.472206965077323737e-01 7.481753241275176380e-01 7.496049652123701890e-01 7.502462486673039388e-01 7.474085995664154769e-01 7.375382415617498522e-01 7.183229217344356821e-01 6.911262337712287263e-01 6.880135367109659894e-01 7.308705280060935339e-01 7.658508317929423326e-01 7.901065430882218132e-01 8.052263205572532945e-01 8.150205724526216056e-01 8.228902264029825941e-01 8.306523696967784698e-01 8.388271171867619502e-01 8.473706125054486504e-01 8.561416951019401589e-01 8.650284347934790175e-01 8.739264013098914097e-01
7.984200368032939865e-01 7.923552191179105142e-01 7.866303437478261440e-01 7.802842257926746461e-01 7.707135764945717282e-01 7.538258255835198485e-01 7.260476138617943942e-01 6.874028892642208843e-01 6.541010719866638956e-01 6.836096618077135423e-01 7.085310127504877986e-01 7.246139046574626708e-01 7.319344036534630726e-01 7.335359303238495610e-01 7.328485951552010658e-01 7.320901319645145566e-01 7.321689264066738589e-01 7.331686542015556363e-01 7.344279152627753993e-01 7.340871848551689949e-01 7.289186328176583407e-01 7.154831431739997472e-01 6.925809088437973049e-01 6.631931360394143216e-01 6.892974448214737038e-01 7.293524178401384894e-01 7.599228931834252077e-01 7.801889688943884904e-01 7.929555881972607523e-01 8.020290328255138546e-01 8.101509711392570479e-01 8.185234541424586396e-01 8.273690366584190992e-01 8.365782598187720964e-01 8.460204945195257675e-01 8.555916027207247643e-01 8.651809779249364230e-01
7.854044331878540230e-01 7.788873135305937057e-01 7.727977980052058715e-01 7.665826786678766602e-01 7.583453304682695739e-01 7.445596518856526513e-01 7.213089197448772083e-01 6.870166180983496851e-01 6.447002850466314605e-01 6.565421851436364920e-01 6.844356200822251379e-01 7.043286834657692674e-01 7.147429849146419434e-01 7.180255565313927724e-01 7.178606453814685429e-01 7.171096405061310186e-01 7.171517300366380132e-01 7.181067629661735952e-01 7.188944246029222995e-01 7.169956521637534941e-01 7.088184110538728877e-01 6.914758455793313940e-01 6.652804386307858975e-01 6.465458251356835939e-01 6.900448859034071791e-01 7.267144474778541863e-01 7.529737621953053184e-01 7.698140808846396510e-01 7.808274091657694260e-01 7.895439470225817935e-01 7.980341239757510197e-01 8.070000620402116853e-01 8.164641636988391182e-01 8.262884481089123323e-01 8.363542492166714526e-01 8.465598748457037193e-01 8.567872432363408119e-01
7.729125696778587074e-01 7.659567283558572637e-01 7.594544923553759874e-01 7.531523531192494403e-01 7.457892849314647910e-01 7.345275193242514211e-01 7.154661151693820775e-01 6.857836804461311386e-01 6.464099044115089177e-01 6.287493119440569211e-01 6.586484104770155001e-01 6.821619343513475320e-01 6.961432710326789230e-01 7.017851392437781666e-01 7.026520146249292109e-01 7.021549414148542390e-01 7.022080747917016641e-01 7.029910539859353102e-01 7.029473668542247644e-01 6.989143665269239580e-01 6.871956022133872688e-01 6.658872824493224929e-01 6.370558134260666527e-01 6.481539729496673674e-01 6.898744796794403777e-01 7.227520696642234510e-01 7.450382708374740925e-01 7.591465802403984942e-01 7.690012517012302373e-01 7.776623758557711374e-01 7.865877979539205311e-01 7.961118039557418813e-01 8.061399992943714121e-01 8.165291385816112468e-01 8.271699303270992898e-01 8.379591896442774024e-01 8.487718824430319220e-01
7.610172561144417092e-01 7.536535528592340771e-01 7.467439537200031285e-01 7.402336728826129919e-01 7.333778505651735724e-01 7.240380887425492684e-01 7.086053460926753367e-01 6.834476111313444457e-01 6.476227903071314351e-01 6.048540572942412430e-01 6.315782741974089731e-01 6.582196875805418346e-01 6.760430479047044861e-01 6.846927816883408013e-01 6.871646062996963344e-01 6.872171072006646453e-01 6.873051362483465487e-01 6.876999977893698546e-01 6.863845437943609795e-01 6.796863551221349331e-01 6.641400575769996761e-01 6.391715018012897875e-01 6.086057489964332712e-01 6.495957468014632585e-01 6.885373409478308115e-01 7.173996998499295730e-01 7.362045407584926204e-01 7.483103805995705571e-01 7.575534338153402381e-01 7.664056422658974688e-01 7.758087086821673362e-01 7.858548573614556609e-01 7.963984369800505281e-01 8.073055318826648508e-01 8.184739489385131073e-01 8.297977258773033826e-01 8.411468226386789038e-01
7.497669094234895582e-01 7.420257141543143975e-01 7.347316024586004746e-01 7.279411544575876691e-01 7.212852803516158762e-01 7.132583140228906382e-01 7.007367556191627100e-01 6.797431524185790774e-01 6.478669765687800064e-01 6.069504542645864920e-01 6.038201942613720119e-01 6.328492975349414573e-01 6.545106095508799182e-01 6.666671675830987409e-01 6.712998058750144770e-01 6.722096882516400695e-01 6.723073670045550676e-01 6.719844311760804212e-01 6.688764641417340728e-01 6.590774450987282318e-01 6.397431903883671334e-01 6.118331782840565891e-01 6.076476933155149363e-01 6.506492855700022337e-01 6.860295151368461797e-01 7.108628367237860290e-01 7.267428275178545727e-01 7.375022116893239499e-01 7.465669789209610219e-01 7.557806214239143339e-01 7.656776027438326748e-01 7.762101967707033534e-01 7.872257884321995913e-01 7.986074409965222554e-01 8.102588984497187674e-01 8.220721403923685333e-01 8.339145992672759578e-01
