BlockUplift_2Ma_1kryTimeStep_2mmyr_k_5e-05_m_0.5_n_1.0_LinDiffusion_0.75_6x3km_30mRes_topographic__elevation.txt
nrows 100
cellsize 30.0
xllcorner 0.0
ncols 200
yllcorner 0.0
[rows 0 to 16 of 100, columns 74 to 110 of 200]
7.353361833837700375e-04 3.761687603459769021e-04 2.291581329237571830e-04 7.822966214655896347e-04 2.979662903608617510e-04 1.011275410111333087e-04 9.119739107085286138e-04 1.518974180972018108e-04 2.650756924204379140e-04 1.590497619496876718e-04 2.312823739202923791e-04 4.989613521338454342e-04 5.343643334480577484e-04 5.993865769341883950e-04 6.741250764764960624e-04 3.385116315896010927e-04 4.537676491840200114e-04 3.054125780124543831e-04 6.282444574790835030e-04 1.764507206116772018e-05 6.375831361618818430e-04 6.796196463696348037e-04 5.679306641868801016e-04 1.165695919674093512e-04 1.580088759215255605e-04 4.465210398405848949e-04 7.570997077942202705e-04 9.464847769624988279e-04 4.237792989824906438e-05 6.458952867771541699e-04 1.487227683841576555e-04 2.027200527148387168e-04 4.420625476323408526e-04 1.595088439819218845e-04 6.084126654866881239e-04 4.173157947861290255e-04 2.412035870975510771e-04
5.680855668861449885e+02 5.717462467010051341e+02 5.759584387756899559e+02 5.806390810250893537e+02 5.856858471214316069e+02 5.909861553598199180e+02 5.964248699384960446e+02 6.018889702368938970e+02 6.072689192174818800e+02 6.124576760073969126e+02 6.173489101822731300e+02 6.218359435809348952e+02 6.258124504457388184e+02 6.291752496392366538e+02 6.318288592706277313e+02 6.336910147723785940e+02 6.346981478656547324e+02 6.348098731845250313e+02 6.340117583610899601e+02 6.323159707564541350e+02 6.297597309764538522e+02 6.264018251868905054e+02 6.223177118632635256e+02 6.175939631930482392e+02 6.123228486373939177e+02 6.065977589940004009e+02 6.005099063230104548e+02 5.941464111477164352e+02 5.875896261679680492e+02 5.809174317666173692e+02 5.742042716799918480e+02 5.675227832984174938e+02 5.609458770626897604e+02 5.545489335309721355e+02 5.484114396202777471e+02 5.426170632945131729e+02 5.372511588951881549e+02
5.662111532071171496e+02 5.699215807024364722e+02 5.741924589295199439e+02 5.789383435196141363e+02 5.840541781536439885e+02 5.894248319999456953e+02 5.949331381741674249e+02 6.004646450031976883e+02 6.059088574413569859e+02 6.111580282201158525e+02 6.161051785182835374e+02 6.206429527608349872e+02 6.246643499292090382e+02 6.280656176925328964e+02 6.307509054773280468e+02 6.326378169636775510e+02 6.336628425799434581e+02 6.337857511021068149e+02 6.329922762940478833e+02 6.312947432554112766e+02 6.287305766170790093e+02 6.253589075505266237e+02 6.212557526143079940e+02 6.165084488397735640e+02 6.112101328120522794e+02 6.054549874665960942e+02 5.993347493377937099e+02 5.929366518867243485e+02 5.863427022618399178e+02 5.796300475202561984e+02 5.728721930444991131e+02 5.661409025155911650e+02 5.595085945267949228e+02 5.530508508044662221e+02 5.468482880680362541e+02 5.409867126947666520e+02 5.355544794065149290e+02
5.625363441998046028e+02 5.663436297599819227e+02 5.707287615480552176e+02 5.756017271162866109e+02 5.808522232158350107e+02 5.863601972519193168e+02 5.920045240213077022e+02 5.976679118638584214e+02 6.032379074924583620e+02 6.086052789162304180e+02 6.136616874323590309e+02 6.182983984376317039e+02 6.224070888089964910e+02 6.258829405241101540e+02 6.286294717887768684e+02 6.305641318151800760e+02 6.316236134733467225e+02 6.317680336334279900e+02 6.309834412556127745e+02 6.292824026552508485e+02 6.267026302783419851e+02 6.233038005789927638e+02 6.191629057672026875e+02 6.143687072067078816e+02 6.090160322825262256e+02 6.032006827801320696e+02 5.970155577354913703e+02 5.905482937155113632e+02 5.838804188655092275e+02 5.770878239984466518e+02 5.702423092304215970e+02 5.634139917894198106e+02 5.566743159288213292e+02 5.500991750857624538e+02 5.437712600427763618e+02 5.377803917823151778e+02 5.322206173804897844e+02
5.572016091211924049e+02 5.611481686123088366e+02 5.656974792575908850e+02 5.707531192657355632e+02 5.761974049445152559e+02 5.819033140444288392e+02 5.877440350178716244e+02 5.935980833297778645e+02 5.993499906776421540e+02 6.048881545424715114e+02 6.101020745552207245e+02 6.148809143871126253e+02 6.191144523821220673e+02 6.226964624153422392e+02 6.255297680257141337e+02 6.275318403712112740e+02 6.286398713465617902e+02 6.288145906795342626e+02 6.280424809420592283e+02 6.263363003625375995e+02 6.237339164437161116e+02 6.202954867215800050e+02 6.160991333275389934e+02 6.112354939523449957e+02 6.058018080486157260e+02 5.998963579489368385e+02 5.936140220073106093e+02 5.870434299611450797e+02 5.802658703157414948e+02 5.733558360312827062e+02 5.663829762822391558e+02 5.594151893248991883e+02 5.525224976775393770e+02 5.457810656084554921e+02 5.392762687854738033e+02 5.331033351932717324e+02 5.273641200708518681e+02
5.504001482622448975e+02 5.545225964908115657e+02 5.592788315506664958e+02 5.645645942845442278e+02 5.702531701177786090e+02 5.762089450912850452e+02 5.822979735113176503e+02 5.883933345148251419e+02 5.943754631931218455e+02 6.001294171220198450e+02 6.055416724568659674e+02 6.104985924247710045e+02 6.148876108054109864e+02 6.186009710798912238e+02 6.215410036658897752e+02 6.236256314320237379e+02 6.247930307847880158e+02 6.250048945857647595e+02 6.242482190050420741e+02 6.225357414911488831e+02 6.199050821919596501e+02 6.164164777810651685e+02 6.121489839993631676e+02 6.071952689213184158e+02 6.016555238777767727e+02 5.956313560866549324e+02 5.892206053234915544e+02 5.825138151904151300e+02 5.755927182212477646e+02 5.685307489047661420e+02 5.613953888430294228e+02 5.542520364694242971e+02 5.471689306284965824e+02 5.402223034664571060e+02 5.335004113911028298e+02 5.271046501953763936e+02 5.211460298494306471e+02
5.423604451241113793e+02 5.466894847302481821e+02 5.516877291922069162e+02 5.572420530570352639e+02 5.632155671591912096e+02 5.694629189362556190e+02 5.758419254293473841e+02 5.822191688406575167e+02 5.884699612308910446e+02 5.944750524950961790e+02 6.001170604817706362e+02 6.052789555052191872e+02 6.098455802316451582e+02 6.137077942954217633e+02 6.167679272719734627e+02 6.189450431301074786e+02 6.201789723763325810e+02 6.204328005078100432e+02 6.196940773696459246e+02 6.179751466740840442e+02 6.153127098982422467e+02 6.117663306090429387e+02 6.074154153217032217e+02 6.023544547823246376e+02 5.966868626895172838e+02 5.905182983210544307e+02 5.839506159803205492e+02 5.770774539294912984e+02 5.699820839476241190e+02 5.627377130645068064e+02 5.554101166158759497e+02 5.480622753571163912e+02 5.407604382762677915e+02 5.335805843407638349e+02 5.266136296826363150e+02 5.199672128118741057e+02 5.137619796856855601e+02
5.333278717994338649e+02 5.378889168111066965e+02 5.431569414204699342e+02 5.490092492253588716e+02 5.552981032739661487e+02 5.618677467739980784e+02 5.685670494306211822e+02 5.752553048562177764e+02 5.818018449391319109e+02 5.880822729098407535e+02 5.939746621707151917e+02 5.993582014232690653e+02 6.041151542252599711e+02 6.081354269321373067e+02 6.113221082350886491e+02 6.135963066473495928e+02 6.149003136916256835e+02 6.151990884567608191e+02 6.144807382335926604e+02 6.127567149020226225e+02 6.100619151511325526e+02 6.064541784491299268e+02 6.020123178514885467e+02 5.968320571826172909e+02 5.910199604742985002e+02 5.846862285697060315e+02 5.779377049145678029e+02 5.708724112273308720e+02 5.635765384916539915e+02 5.561243097901332249e+02 5.485807130102346036e+02 5.410067912771272631e+02 5.334668265817293786e+02 5.260361916906562101e+02 5.188078976039689678e+02 5.118952569199275331e+02 5.054281762818454808e+02
5.235478237328914020e+02 5.283619241863250409e+02 5.339209559920406036e+02 5.400921727909528727e+02 5.467167194718449537e+02 5.536282292562038947e+02 5.606663406379383332e+02 5.676826210689745267e+02 5.745398571252732154e+02 5.811079316141376694e+02 5.872599582215434566e+02 5.928712419552251731e+02 5.978217658410844706e+02 6.020011691506535954e+02 6.053142555617557719e+02 6.076852048107430164e+02 6.090596328775166057e+02 6.094048599412501517e+02 6.087095246729230666e+02 6.069836223768478476e+02 6.042592398000562071e+02 6.005912490005556492e+02 5.960566492625035835e+02 5.907514614229891095e+02 5.847849524062510227e+02 5.782720122258161837e+02 5.713252073889458416e+02 5.640481466184567125e+02 5.565314148382897201e+02 5.488517543194255950e+02 5.410746515247687967e+02 5.332600735540356709e+02 5.254706401086947380e+02 5.177808360294890235e+02 5.102849858669535479e+02 5.031009899156800316e+02 4.963668901152640274e+02
5.132520927663396151e+02 5.183367277797131010e+02 5.242022352657135116e+02 5.307054800287876333e+02 5.376765509141271195e+02 5.449386918584785917e+02 5.523224696819568180e+02 5.596717097725584154e+02 5.668424827034567670e+02 5.736987529173015901e+02 5.801086185917926059e+02 5.859437275314617182e+02 5.910823504835299218e+02 5.954147292186994491e+02 5.988484245756089877e+02 6.013117179658299847e+02 6.027543705457786700e+02 6.031465040184313011e+02 6.024772395502119480e+02 6.007545532794752035e+02 5.980067152116625948e+02 5.942843351919007091e+02 5.896612344479403873e+02 5.842325392248491198e+02 5.781094207082210232e+02 5.714112086631769216e+02 5.642565550770964364e+02 5.567555871874114928e+02 5.490046424873634123e+02 5.410845477118630242e+02 5.330627922979643927e+02 5.249994360001634277e+02 5.169560336631689097e+02 5.090060626070349485e+02 5.012443142342812621e+02 4.937918550358138532e+02 4.867931704210335511e+02
5.026492549557648886e+02 5.080187020634839428e+02 5.142009115122278899e+02 5.210421132959411352e+02 5.283616816860700283e+02 5.359730828761348675e+02 5.436984133469168228e+02 5.513741969703178256e+02 5.588500702193006191e+02 5.659843148977041665e+02 5.726403493333597226e+02 5.786867066477535673e+02 5.840007203622511724e+02 5.884741827713155544e+02 5.920184127135809149e+02 5.945667021568083328e+02 5.960736370344080797e+02 5.965124820060805177e+02 5.958727748539417917e+02 5.941599772365607350e+02 5.913976497718963401e+02 5.876309421289953434e+02 5.829291444413922818e+02 5.773851739340669837e+02 5.711110385786573715e+02 5.642298729700288504e+02 5.568663381446925769e+02 5.491376001938805302e+02 5.411468026077155855e+02 5.329802779868859943e+02 5.247090568803517954e+02 5.163946404329777806e+02 5.080983662133685925e+02 4.998927998415267098e+02 4.918724293927264739e+02 4.841599361637071297e+02 4.769042209140231421e+02
4.919190221334139324e+02 4.975842125214041971e+02 5.040882565421426307e+02 5.112665954440647056e+02 5.189284805582399258e+02 5.268785671849570917e+02 5.349315000662360262e+02 5.429173904335580119e+02 5.506801756438932216e+02 5.580731171715681285e+02 5.649556494283285701e+02 5.711939846556360862e+02 5.766654039456565215e+02 5.812641584132290973e+02 5.849061621585881312e+02 5.875303965643252013e+02 5.890967310394139531e+02 5.895817747664962098e+02 5.889754030206436255e+02 5.872801849718767926e+02 5.845142870584606953e+02 5.807164270152148902e+02 5.759501725440172777e+02 5.703049451420172318e+02 5.638923788731793820e+02 5.568384689862825780e+02 5.492733788594607631e+02 5.413213564462104159e+02 5.330929659026870695e+02 5.246811443457825135e+02 5.161618451847382403e+02 5.075993787313094003e+02 4.990558696898816038e+02 4.906032851436061151e+02 4.823352214589557434e+02 4.743744859381562833e+02 4.668722709195287166e+02
4.812099459802666956e+02 4.871778995374494343e+02 4.940036661361269807e+02 5.015118740289816515e+02 5.095024829984129724e+02 5.177726204189842747e+02 5.261308644467189879e+02 5.344021972758689571e+02 5.424259876658386474e+02 5.500514975124008288e+02 5.571351488820752138e+02 5.635417768874865487e+02 5.691494935082946540e+02 5.738557675533943438e+02 5.775816856456490314e+02 5.802722926355432946e+02 5.818929297389587418e+02 5.824235885581741741e+02 5.818543911438888472e+02 5.801847820049305255e+02 5.774271149723876988e+02 5.736130211084572466e+02 5.687994369845605434e+02 5.630711707125061594e+02 5.565382723395973699e+02 5.493284669739099400e+02 5.415765604744889288e+02 5.334134611023154093e+02 5.249572704339016127e+02 5.163081825499634760e+02 5.075481350963601699e+02 4.987454668821021073e+02 4.899641232598749525e+02 4.812759542334751472e+02 4.727733101318179934e+02 4.645778482822773867e+02 4.568410491169742045e+02
4.706396095063176972e+02 4.769126602588435730e+02 4.840545149330826575e+02 4.918791521406034803e+02 5.001783071328219421e+02 5.087431291636077617e+02 5.173778041817889743e+02 5.259037700942847096e+02 5.341572489034984983e+02 5.419847697187303766e+02 5.492408722494851645e+02 5.557899928483179792e+02 5.615118521912077085e+02 5.663076625354769931e+02 5.701039419575962484e+02 5.728518341053509175e+02 5.745220543568021867e+02 5.750978458460346019e+02 5.745694753569398472e+02 5.729331828725674995e+02 5.701953772968940939e+02 5.663803086821533270e+02 5.615377320020828620e+02 5.557470028078674886e+02 5.491155124264450933e+02 5.417715402131733526e+02 5.338534453525727486e+02 5.254979906378071064e+02 5.168304513920677437e+02 5.079584327527818459e+02 4.989704857603801997e+02 4.899399041953280403e+02 4.809333795416898170e+02 4.720232075656317647e+02 4.633003685151084596e+02 4.548843961168467445e+02 4.469253388013385120e+02
4.602964410641405379e+02 4.668714991870378412e+02 4.743180817413902446e+02 4.824399251056685785e+02 4.910218304901982265e+02 4.998507208270494289e+02 5.087282532227288812e+02 5.174740859139085387e+02 5.259228757435836314e+02 5.339197989893602880e+02 5.413186764565258500e+02 5.479844516240768826e+02 5.537990458436606787e+02 5.586676589536936035e+02 5.625221631404313030e+02 5.653195020542332259e+02 5.670353961628964043e+02 5.676560520586656367e+02 5.671717682178789346e+02 5.655756414028032850e+02 5.628682753938165888e+02 5.590666032428110839e+02 5.542130317253698877e+02 5.483809672934312403e+02 5.416743071647238139e+02 5.342207978771269836e+02 5.261611758261316254e+02 5.176369933170699369e+02 5.087799371480458035e+02 4.997046998204654642e+02 4.905065978136717035e+02 4.812644163319257586e+02 4.720482905047322788e+02 4.629315024307519479e+02 4.540037180739062705e+02 4.453817003563718799e+02 4.372127231182056448e+02
4.502424450088015533e+02 4.571105103824804701e+02 4.648447765250188581e+02 4.732394248304107691e+02 4.820738050230467593e+02 4.911324853762104681e+02 5.002165313446940900e+02 5.091456334167440900e+02 5.177544878225721732e+02 5.258882817827123972e+02 5.334012032033008381e+02 5.401594531979102385e+02 5.460475114134694650e+02 5.509745145896779377e+02 5.548772918982737110e+02 5.577179884824837472e+02 5.594767263693601080e+02 5.601422550093705013e+02 5.597047829646335231e+02 5.581544449054035795e+02 5.554864141874517145e+02 5.517106916360205560e+02 5.468625340134298085e+02 5.410092608401038206e+02 5.342507396633363896e+02 5.267132892382065847e+02 5.185388939220549673e+02 5.098727134305864297e+02 5.008518092644915214e+02 4.915972413523427917e+02 4.822107897699411865e+02 4.727768409973159578e+02 4.633693619875699596e+02 4.540630420629631203e+02 4.449463893464829880e+02 4.361330420740039813e+02 4.277665575181476356e+02
4.405163631859397242e+02 4.476624341458631875e+02 4.556620447558730689e+02 4.643007911690966125e+02 4.733541906044084158e+02 4.826063521861252070e+02 4.918596419365603083e+02 5.009355151307385654e+02 5.096702125760305080e+02 5.179101727034130818e+02 5.255108759419459830e+02 5.323403242658723684e+02 5.382856615633663750e+02 5.432596315012622199e+02 5.472033442091968709e+02 5.500833018753472743e+02 5.518832415124668387e+02 5.525939366304003215e+02 5.522053824983635195e+02 5.507050288412794998e+02 5.480831795171145586e+02 5.443435488156711699e+02 5.395147539989702636e+02 5.336582224181560150e+02 5.268695710198260258e+02 5.192730499284027701e+02 5.110109142229237591e+02 5.022307657546315340e+02 4.930738699446305873e+02 4.836666595722626312e+02 4.741167025294266750e+02 4.645136942917895908e+02 4.549354813366157941e+02 4.454583894943244218e+02 4.361699395278637894e+02 4.271805120952860193e+02 4.186293695575349147e+02
