BlockUplift_2Ma_1kryTimeStep_2mmyr_k_0.0001_m_0.5_n_1.0_LinDiffusion_0.75_6x3km_30mRes_topographic__elevation.txt
nrows 100
cellsize 30.0
xllcorner 0.0
ncols 200
yllcorner 0.0
[rows 0 to 16 of 100, columns 148 to 184 of 200]
3.627888934949319283e-05 6.542689900894665261e-04 8.954434627027670502e-04 9.447877553931938437e-04 4.748242007994680830e-04 5.044573504115590069e-05 3.752730779209645178e-04 1.334065769932088030e-04 3.982664724424228413e-04 7.466745205977074265e-04 3.371123410163051810e-04 1.364646484784148872e-04 3.404501923554410455e-04 6.283436181508521854e-04 2.420008566554678899e-04 9.865930778674306210e-04 1.463283801586867693e-04 2.400690905064961590e-05 1.952935338230579168e-04 6.764632616783927991e-04 8.736489121946781726e-04 6.007531123553478845e-04 4.203073829736435471e-04 7.571854554623183142e-04 1.254386407009645463e-04 2.619140831597175289e-04 2.803762380766350329e-05 4.122695332525393402e-04 8.060614202662531739e-04 8.300144101547268175e-04 1.785018765267453280e-04 1.480225897928052385e-04 3.909120559807911701e-04 7.582666204205603657e-04 9.365653511057477629e-04 9.940184436556683510e-04 3.562376309502321902e-04
2.635861796830616299e+02 2.637301511640658873e+02 2.641917429672895423e+02 2.650086437508703057e+02 2.662400682161757004e+02 2.679481789966071688e+02 2.701786968458187630e+02 2.729460886962318114e+02 2.762267632510196904e+02 2.799608263131254375e+02 2.840602646164998646e+02 2.884198671053436556e+02 2.929271475772111444e+02 2.974687685149066283e+02 3.019328211312845269e+02 3.062080413091219953e+02 3.101820885171125042e+02 3.137411696328339303e+02 3.167726409170011266e+02 3.191710596265641016e+02 3.208468658143129346e+02 3.217358403577988497e+02 3.218070100403038509e+02 3.210668962713972405e+02 3.195588622055575456e+02 3.173575361098929193e+02 3.145594942073569769e+02 3.112722094668299633e+02 3.076034990373286178e+02 3.036533378823711473e+02 2.995091514302586120e+02 2.952448442502619628e+02 2.909231023917916445e+02 2.866000189161962908e+02 2.823307920884401483e+02 2.781750469806924002e+02 2.742002247403879096e+02
2.621217408560951299e+02 2.622636301027726518e+02 2.627269141377790902e+02 2.635505086148140776e+02 2.647951493940586261e+02 2.665241932666438061e+02 2.687837022135544771e+02 2.715874064658897282e+02 2.749100479421585419e+02 2.786895727838061134e+02 2.828358520084029806e+02 2.872420335551522612e+02 2.917946534998663992e+02 2.963799829320014396e+02 3.008860444909915373e+02 3.052015099688612167e+02 3.092137304762463259e+02 3.128082542162587742e+02 3.158714729481750965e+02 3.182968259034335574e+02 3.199936788888834940e+02 3.208969707173761208e+02 3.209752670330937576e+02 3.202351068814754740e+02 3.187203914468799439e+02 3.165067828293636580e+02 3.136922830116370164e+02 3.103859957808959393e+02 3.066973234372730417e+02 3.027275114951450519e+02 2.985647163740733276e+02 2.942829131504558404e+02 2.899442207933412874e+02 2.856037029270202083e+02 2.813153679721994536e+02 2.771378624078826647e+02 2.731382198119522968e+02
2.592816774428572444e+02 2.594197125340735397e+02 2.598866018783299410e+02 2.607235116929874721e+02 2.619939433875738359e+02 2.637633884669339182e+02 2.660784511937286538e+02 2.689514138980333087e+02 2.723538737719073310e+02 2.762197573284032615e+02 2.804550343524346658e+02 2.849498532426044335e+02 2.895889785824033993e+02 2.942579726177009434e+02 2.988447087485013753e+02 3.032376765833290619e+02 3.073235597769723313e+02 3.109865724452555469e+02 3.141112035514100853e+02 3.165887139602583602e+02 3.183263859208801136e+02 3.192575193282605142e+02 3.193497621447654637e+02 3.186096434031977083e+02 3.170820493542952363e+02 3.148445893075069648e+02 3.119979914609985485e+02 3.086545187708792355e+02 3.049266888479215254e+02 3.009182965373080378e+02 2.967190342413948088e+02 2.924031455025036621e+02 2.880317701838208109e+02 2.836580603356264305e+02 2.793337453575435916e+02 2.751155334859087134e+02 2.710695570823640992e+02
2.552305077370707806e+02 2.553634531124884859e+02 2.558362906002456327e+02 2.566930840828091505e+02 2.580008288964914982e+02 2.598276133062675513e+02 2.622205097041816657e+02 2.651896661837268425e+02 2.687023799929070265e+02 2.726872256232130667e+02 2.770450751507483460e+02 2.816622296611550382e+02 2.864212301957339264e+02 2.912067644090899989e+02 2.959064789120168371e+02 3.004084937352199063e+02 3.045984012262572946e+02 3.083583966990769909e+02 3.115701870191893477e+02 3.141218999388080420e+02 3.159178349313497733e+02 3.168889256713243299e+02 3.170014415016138969e+02 3.162617821466627674e+02 3.147160960115939474e+02 3.124446333046728341e+02 3.095519217263054088e+02 3.061547247868864474e+02 3.023701020740198260e+02 2.983056853253519307e+02 2.940536351976793412e+02 2.896888870603152100e+02 2.852714674990462527e+02 2.808520007574788337e+02 2.764790297478701291e+02 2.722063962759473839e+02 2.680986749149092816e+02
2.501855308175453843e+02 2.503127754466013357e+02 2.507945029378673780e+02 2.516778269929081944e+02 2.530332787842075390e+02 2.549313572810317510e+02 2.574191347990576446e+02 2.605039263680837394e+02 2.641479445942728717e+02 2.682737193036747385e+02 2.727765598329232262e+02 2.775387220421585539e+02 2.824405269123417952e+02 2.873658556999943130e+02 2.922021109071837941e+02 2.968368301963046747e+02 3.011540665279746918e+02 3.050333427496042304e+02 3.083527998586441186e+02 3.109966087625610953e+02 3.128653046581979993e+02 3.138867841103980822e+02 3.140254400263529533e+02 3.132872844708358002e+02 3.117197782879169949e+02 3.094062257339512598e+02 3.064557409524484797e+02 3.029906917168422069e+02 2.991339686580030843e+02 2.949983273950060720e+02 2.906794770994610531e+02 2.862537436767803456e+02 2.817802540466079222e+02 2.773068265032621866e+02 2.728781427484393021e+02 2.685442876135987831e+02 2.643674026980112330e+02
2.443894990597030414e+02 2.445109999621846271e+02 2.450052403151745750e+02 2.459219905797753825e+02 2.473345919229653020e+02 2.493150277077557462e+02 2.519094242685617644e+02 2.551214907273499932e+02 2.589079076024588062e+02 2.631851022953626398e+02 2.678431086204390681e+02 2.727606326779647929e+02 2.778162982794319760e+02 2.828935637156434382e+02 2.878797234142027719e+02 2.926615898066375507e+02 2.971212886398546971e+02 3.011351077300640782e+02 3.045769596781024120e+02 3.073263547650919918e+02 3.092793588204232265e+02 3.103601589237604799e+02 3.105306784211955460e+02 3.097960981581999249e+02 3.082049864679562461e+02 3.058438209124524860e+02 3.028267965396220234e+02 2.992827443271139600e+02 2.953415253479814737e+02 2.911222905156169531e+02 2.867255144838296133e+02 2.822298874877097887e+02 2.776942122741934895e+02 2.731635859063666203e+02 2.686784114957153520e+02 2.642841735924773161e+02 2.600394682272751083e+02
2.380845865899942169e+02 2.382007028133321000e+02 2.387116987161255395e+02 2.396690831090516838e+02 2.411475290149637090e+02 2.432188378991232298e+02 2.459267416818333345e+02 2.492704426573284877e+02 2.532009013206647978e+02 2.576289341931940839e+02 2.624402680769943004e+02 2.675112138736627116e+02 2.727197567282308910e+02 2.779496973964294284e+02 2.830886142166934292e+02 2.880226342264256800e+02 2.926317221479887962e+02 2.967885099700816909e+02 3.003621363180835715e+02 3.032268115452327493e+02 3.052734148061460360e+02 3.064216544036216874e+02 3.066302195754407762e+02 3.059027919500680923e+02 3.042885886844478591e+02 3.018771183005797525e+02 2.987879027303450243e+02 2.951568855692871125e+02 2.911219002089986247e+02 2.868097341162031171e+02 2.823269470493733024e+02 2.777558031695396608e+02 2.731556890981610763e+02 2.685694192512273730e+02 2.640329716951333694e+02 2.595864649132841464e+02 2.552836353483025107e+02
2.314919810488852931e+02 2.316032534122202833e+02 2.321356219238705592e+02 2.331409719164887235e+02 2.346931856097817501e+02 2.368615745485692798e+02 2.396855800608762195e+02 2.431588594067764291e+02 2.472266522455594213e+02 2.517950919769015172e+02 2.567471306012603804e+02 2.619584120859624932e+02 2.673078478347466671e+02 2.726807587887676050e+02 2.779657273316672672e+02 2.830485004750859730e+02 2.878068618686612581e+02 2.921095203186350773e+02 2.958203667470590972e+02 2.988076444381239867e+02 3.009562008392539951e+02 3.021802910961665134e+02 3.024343609504782648e+02 3.017196777688445763e+02 3.000854236187298625e+02 2.976237987010988491e+02 2.944597255320291538e+02 2.907367616998456583e+02 2.866016045510908157e+02 2.821898753754148856e+02 2.776155936403386590e+02 2.729659799693384343e+02 2.683021913675042356e+02 2.636655288025872323e+02 2.590876913542599027e+02 2.546028119167765169e+02 2.502583579805675811e+02
2.247991625089780143e+02 2.249060889878008425e+02 2.254643894565585356e+02 2.265246500668012857e+02 2.281573813642608286e+02 2.304266460614798007e+02 2.333653949387564523e+02 2.369606270989635277e+02 2.411520206890537281e+02 2.458422934681726417e+02 2.509135906763003163e+02 2.562430730601935238e+02 2.617125698596368579e+02 2.672104789777713449e+02 2.726274359701793060e+02 2.778493886353692801e+02 2.827521261686072194e+02 2.872002792668055235e+02 2.910520121866294971e+02 2.941688053828040097e+02 2.964283992314188367e+02 2.977383356172265394e+02 2.980475221582810832e+02 2.973536571646979496e+02 2.957050281792196529e+02 2.931960666208640305e+02 2.899570757556198828e+02 2.861396387739883380e+02 2.819001187638357351e+02 2.773841004052466701e+02 2.727144320851408565e+02 2.679847694322388634e+02 2.632594396878149041e+02 2.585793066248836567e+02 2.539722701390910231e+02 2.494661199493361323e+02 2.451007315535784414e+02
2.181547266198367936e+02 2.182575618082567530e+02 2.188457297355536753e+02 2.199666877566792778e+02 2.216847800456677930e+02 2.240558769946336213e+02 2.271041601023735268e+02 2.308089194186553073e+02 2.351046218875680154e+02 2.398921125378033992e+02 2.450550064960118561e+02 2.504744690924113684e+02 2.560375214308901946e+02 2.616374527959346779e+02 2.671682313545483680e+02 2.725167766778769192e+02 2.775571950206875158e+02 2.821499143711906186e+02 2.861468100729570097e+02 2.894016115548344033e+02 2.917836078735433603e+02 2.931920755332841964e+02 2.935688302870464668e+02 2.929066585653504831e+02 2.912519837712414983e+02 2.887009513086342736e+02 2.853891806195336471e+02 2.814766229347431477e+02 2.771300032315456292e+02 2.725058781083789654e+02 2.677372060931541569e+02 2.629255594455207188e+02 2.581399737895571320e+02 2.534222346128225638e+02 2.487973119383802896e+02 2.442867093049456741e+02 2.399217183241088094e+02
2.116691447988091568e+02 2.117677310949332536e+02 2.123884876614353630e+02 2.135739323517144044e+02 2.153795111565370348e+02 2.178500864711307088e+02 2.209989901335428328e+02 2.247970007973896429e+02 2.291739827970703232e+02 2.340306766238939531e+02 2.392546095825319696e+02 2.447335431979079203e+02 2.503620236411695714e+02 2.560400832077913833e+02 2.616663310951198014e+02 2.671294476708866910e+02 2.723021580470421554e+02 2.770405048042305793e+02 2.811893941559907830e+02 2.845936454992676659e+02 2.871125552527201990e+02 2.886353966858762305e+02 2.890951992084547442e+02 2.884784136670667749e+02 2.868285970078549099e+02 2.842430722562521623e+02 2.808626614658650169e+02 2.768559143251470118e+02 2.724004323700016812e+02 2.676645295756146083e+02 2.627923492060593276e+02 2.578947451839726455e+02 2.530470412140388987e+02 2.482935436659484196e+02 2.436575964403101011e+02 2.391550449653319959e+02 2.348082077652934174e+02
2.054193439066023075e+02 2.055129756218625801e+02 2.061673652764118856e+02 2.074184677280618700e+02 2.093104396411204675e+02 2.118747642361414023e+02 2.151123224965745919e+02 2.189850126950483400e+02 2.234190189271945144e+02 2.283168934266781775e+02 2.335724947647602505e+02 2.390826107662747688e+02 2.447514023030668113e+02 2.504872294486567625e+02 2.561944052328587418e+02 2.617639587017000053e+02 2.670673836966803378e+02 2.719560469361743458e+02 2.762671359304712837e+02 2.798353686157000197e+02 2.825085139760815878e+02 2.841641495930122119e+02 2.847248992393065237e+02 2.841695370215836078e+02 2.825378065718827543e+02 2.799276614604997917e+02 2.764849035800395427e+02 2.723866899333777951e+02 2.678216923178308093e+02 2.629703895370778923e+02 2.579888170902066236e+02 2.529982031008484569e+02 2.480816457126530850e+02 2.432877240367128877e+02 2.386398876878841975e+02 2.341496303492365598e+02 2.298307487273941092e+02
1.994552234076409434e+02 1.995425559574142937e+02 2.002297750459212580e+02 2.015449822072058055e+02 2.035192360100187727e+02 2.061689825014990447e+02 2.094817525897809105e+02 2.134107480039025688e+02 2.178796950322410169e+02 2.227948752284351315e+02 2.280586187292369686e+02 2.335786824194595681e+02 2.392703351158970406e+02 2.450512443718501459e+02 2.508319576697112154e+02 2.565060359822421105e+02 2.619436439058684414e+02 2.669911001453301651e+02 2.714772023418187814e+02 2.752255936823257230e+02 2.780713029494981470e+02 2.798788940246383277e+02 2.805593293627234743e+02 2.800826517153960822e+02 2.784839964987299368e+02 2.758613803228212191e+02 2.723651580420015534e+02 2.681807314625139611e+02 2.635075386057829405e+02 2.585380667899667628e+02 2.534403966220788789e+02 2.483467633507818846e+02 2.433492521091291962e+02 2.385024635843426779e+02 2.338320141352263306e+02 2.293470282926763559e+02 2.250542018487122107e+02
1.938068010143137769e+02 1.938858364521973385e+02 1.946034791762748455e+02 1.959791252512695223e+02 1.980296734652731345e+02 2.007557520668617883e+02 2.041314465635848308e+02 2.081019944658794429e+02 2.125900605402992198e+02 2.175073391679061956e+02 2.227661820356554472e+02 2.282864251199951866e+02 2.339950050285430336e+02 2.398189795996790963e+02 2.456749123055748498e+02 2.514585555366912217e+02 2.570383930344787018e+02 2.622553552053501562e+02 2.669294826816278601e+02 2.708729025910149630e+02 2.739073745871444885e+02 2.758838638953181999e+02 2.767010834211613997e+02 2.763197859707616999e+02 2.747699529399554308e+02 2.721490671060099089e+02 2.686113152799646855e+02 2.643494714837067932e+02 2.595727782507940447e+02 2.544848444018986413e+02 2.492652198227303870e+02 2.440571305573067775e+02 2.389623762258579234e+02 2.340430992100438345e+02 2.293292593968163544e+02 2.248301143970948885e+02 2.205476016338405714e+02
1.884912109743312669e+02 1.885594017628228016e+02 1.893041601325881800e+02 1.907358089744394078e+02 1.928568226431671917e+02 1.956521199737862275e+02 1.990829846055759162e+02 2.030878107415421994e+02 2.075895256344983864e+02 2.125063846219425159e+02 2.177614061412112960e+02 2.232864955226581571e+02 2.290196547574001897e+02 2.348963655221829470e+02 2.408381717812222860e+02 2.467421708986658473e+02 2.524746618276321612e+02 2.578710573582856114e+02 2.627428235470651998e+02 2.668909543088367400e+02 2.701244048051819391e+02 2.722809818370347443e+02 2.732474685312326415e+02 2.729754301105883769e+02 2.714894789987479271e+02 2.688859464974287334e+02 2.653217939386897797e+02 2.609957164613804821e+02 2.561250642458498987e+02 2.509228661779859522e+02 2.455787349183533763e+02 2.402460805859411721e+02 2.350364600287402084e+02 2.300205843955802436e+02 2.252347373698486308e+02 2.206910139505843063e+02 2.163895974925700330e+02
1.835190682194413796e+02 1.835735685818672778e+02 1.843422931138651961e+02 1.858265829075639886e+02 1.880149325603209718e+02 1.908773855244660353e+02 1.943635641250216963e+02 1.984062260206566179e+02 2.029294868970938808e+02 2.078584751765085628e+02 2.131263851662823754e+02 2.186759280674312151e+02 2.244543765263866248e+02 2.304036817970419975e+02 2.364486449227158289e+02 2.424865262713388177e+02 2.483809731932791465e+02 2.539621556333206058e+02 2.590338844142403900e+02 2.633874021663221470e+02 2.668204737948952925e+02 2.691593434057629679e+02 2.702801915336694947e+02 2.701262273070585707e+02 2.687168535360163446e+02 2.661466428451004163e+02 2.625739703781788990e+02 2.582014676727710025e+02 2.532522168605748618e+02 2.479462053581679015e+02 2.424808980852884872e+02 2.370182581682180682e+02 2.316788312093219986e+02 2.265421918327828905e+02 2.216523807417215721e+02 2.170268062138133871e+02 2.126671150159025956e+02
