BlockUplift_10Myr_500yrTimeStep_halfmmyr_k_1e-05_m_0.5_n_1.0_LinDiffusion_0.05_15x7km_30mRes.txt
nrows 250
cellsize 30.0
xllcorner 0.0
ncols 500
yllcorner 0.0
[rows 68 to 84 of 250, columns 74 to 110 of 500]
9.722647478071115756e+02 9.504930966167219140e+02 9.277598151267199000e+02 9.044373098679141094e+02 8.808642197455227461e+02 8.573369634466740763e+02 8.341057201689740168e+02 8.113731849855336122e+02 7.892953672109448462e+02 7.679840766633386693e+02 7.475100816181735581e+02 7.279058104209580051e+02 7.091685531646370464e+02 6.912699956630583529e+02 6.741792422905433568e+02 6.578767623470835133e+02 6.423159168758642181e+02 6.274420520351076220e+02 6.132034210573110613e+02 5.995517619490437937e+02 5.864428660384838849e+02 5.738361000597990369e+02 5.616940667100066094e+02 5.499824526131280891e+02 5.386698112508424856e+02 5.277270390425021560e+02 5.171260799514617474e+02 5.068369914915235768e+02 4.968223751752088333e+02 4.870297505762250125e+02 4.773897866810126516e+02 4.678508928178214319e+02 4.584169965356526291e+02 4.504052914213984877e+02 4.498599405713922579e+02 4.607086583371922757e+02 4.739211027459993488e+02
9.731004373056556460e+02 9.531517681294667454e+02 9.319399113703557305e+02 9.097700145827775486e+02 8.869739056182016839e+02 8.638786645881992854e+02 8.407857844235286393e+02 8.179591678950030200e+02 7.956168604858368099e+02 7.739271870792277923e+02 7.530087913326494800e+02 7.329333337110252842e+02 7.137302116998419024e+02 6.953946240040969542e+02 6.779003681511941295e+02 6.612131992884214924e+02 6.452884046239495319e+02 6.300774072787407931e+02 6.155308751997306445e+02 6.016012274577336711e+02 5.882435680687742661e+02 5.754158908955942024e+02 5.630791424099820688e+02 5.511971368738699084e+02 5.397361757920987202e+02 5.286641505643441405e+02 5.179487220709675057e+02 5.075540911358612561e+02 4.974363164454713910e+02 4.875387772465520584e+02 4.777934254215011833e+02 4.681415772289427650e+02 4.585698357260708349e+02 4.494221291644750522e+02 4.453463482065085373e+02 4.537311397400862347e+02 4.658635041499836120e+02
9.712828716064859691e+02 9.540699988502519773e+02 9.351605088049149117e+02 9.147804560550323458e+02 8.932696196310942014e+02 8.709910660592976228e+02 8.483099257559381385e+02 8.255665534561372851e+02 8.030577912129732567e+02 7.810246816579352753e+02 7.596480656296058669e+02 7.390503233050206973e+02 7.193012701694729003e+02 7.004270135993758686e+02 6.824211939545912173e+02 6.652564529320724205e+02 6.488923569741631354e+02 6.332814100144523763e+02 6.183735481420377482e+02 6.041191204709516569e+02 5.904704887244181464e+02 5.773828141088300754e+02 5.648143690021577186e+02 5.527264354661834886e+02 5.410827259125450155e+02 5.298480839036941461e+02 5.189860474620144259e+02 5.084549304661877045e+02 4.982028154763909811e+02 4.881635287103983956e+02 4.782576237321392796e+02 4.684029362868219550e+02 4.585158620275518047e+02 4.488556415371662069e+02 4.424782050149652264e+02 4.465114212606212050e+02 4.571553274079299740e+02
9.653240239635125590e+02 9.517796385557973053e+02 9.361166359841705571e+02 9.183406536339446120e+02 8.987767394724553469e+02 8.778436144177399001e+02 8.559709019585527585e+02 8.335908427665071940e+02 8.110980826374471917e+02 7.888262159772588120e+02 7.670366299438027227e+02 7.459180001750644351e+02 7.255926015371387621e+02 7.061265269201422825e+02 6.875417977229274129e+02 6.698286648674322805e+02 6.529562760439125668e+02 6.368811417183927688e+02 6.215534995723993461e+02 6.069217149171280425e+02 5.929350440004617440e+02 5.795452223404170127e+02 5.667072000045810682e+02 5.543792121707706428e+02 5.425222118928334112e+02 5.310984952187537829e+02 5.200692141969465183e+02 5.093906634782799756e+02 4.990101753514427401e+02 4.888644482388141341e+02 4.788854743146676469e+02 4.690193091486794401e+02 4.592634605257765088e+02 4.496384375576208186e+02 4.413021299220718561e+02 4.399027935847362869e+02 4.481611780352469623e+02
9.546548691059067551e+02 9.451817991651123521e+02 9.334954722070365278e+02 9.191872755532914425e+02 9.023945589427559071e+02 8.834800503793082953e+02 8.629471139775545225e+02 8.413260704000406349e+02 8.191303677594944475e+02 7.968075930935069664e+02 7.747200503262355369e+02 7.531405708394212297e+02 7.322585387648790629e+02 7.121914005872861253e+02 6.929985866647787134e+02 6.746957207505447514e+02 6.572675989049464533e+02 6.406790536935767477e+02 6.248834581525886733e+02 6.098289220740356313e+02 5.954624938410771620e+02 5.817327679790257662e+02 5.685912734072413741e+02 5.559929274305332001e+02 5.438956928771724506e+02 5.322594035550658873e+02 5.210436241386648817e+02 5.102046042945731870e+02 4.996921856868063969e+02 4.894490289729901633e+02 4.794159056573222983e+02 4.695455081183377501e+02 4.598198662737490849e+02 4.502439277300861704e+02 4.411042158817830341e+02 4.357843918614652807e+02 4.399192024190359120e+02
9.400564568423911851e+02 9.344957742248898285e+02 9.269349129706101849e+02 9.166104883926300317e+02 9.033843138259821899e+02 8.872952788913689801e+02 8.687339198491024490e+02 8.483576981177525340e+02 8.268170174536713830e+02 8.046961511425159870e+02 7.824789810381851112e+02 7.605413592571974277e+02 7.391560904243630148e+02 7.185053792453226151e+02 6.986967128145630568e+02 6.797795182325628502e+02 6.617607904279723243e+02 6.446185971145933991e+02 6.283129780049420106e+02 6.127941936281744120e+02 5.980085695029592898e+02 5.839023238588100639e+02 5.704237995481482812e+02 5.575244686281728264e+02 5.451589650111733363e+02 5.332842656443510805e+02 5.218580713322272686e+02 5.108365984207548536e+02 5.001725816934278441e+02 4.898153301916902933e+02 4.797155871028565457e+02 4.698372215122475950e+02 4.601737591136815695e+02 4.507666437787123641e+02 4.416457632158164870e+02 4.338902761834355033e+02 4.324644918532147244e+02
9.225346916244585600e+02 9.203009319258339929e+02 9.165758811436020324e+02 9.103453762192174281e+02 9.011708584787281779e+02 8.887181585846469716e+02 8.728580257535917326e+02 8.542821801648359497e+02 8.338230866853684802e+02 8.122198594624079533e+02 7.900962756895504526e+02 7.679488884790590646e+02 7.461504945250335368e+02 7.249626098041966316e+02 7.045528939488257265e+02 6.850142867644735816e+02 6.663835426468427841e+02 6.486576793848028046e+02 6.318075891784130818e+02 6.157886188174888957e+02 6.005482973661077040e+02 5.860315964025585345e+02 5.721841869025697633e+02 5.589541417361699587e+02 5.462924535454893658e+02 5.341526334101818065e+02 5.224895947760107902e+02 5.112581183761385546e+02 5.004115448839389160e+02 4.899019145849848655e+02 4.796831428208129751e+02 4.697180521205721107e+02 4.599873076772426543e+02 4.504938347884336167e+02 4.412552255658605418e+02 4.324007757014192066e+02 4.271230015429165974e+02
9.030181786460126432e+02 9.033025970497902790e+02 9.028483454205003227e+02 9.004803508165705352e+02 8.954727490746712419e+02 8.872337744980194429e+02 8.747696942070251680e+02 8.585930960660110713e+02 8.396991688873138173e+02 8.189939495799712859e+02 7.972497596247385445e+02 7.750970622856630143e+02 7.530235425533932130e+02 7.313845203199257412e+02 7.104207192915980613e+02 6.902793955446235259e+02 6.710357378334946361e+02 6.527124412381958791e+02 6.352962989277679071e+02 6.187513950776883576e+02 6.030289794494061653e+02 5.880743935341382667e+02 5.738315507698880538e+02 5.602454958266889662e+02 5.472635187009939273e+02 5.348352162842305688e+02 5.229118273814727900e+02 5.114451834207143293e+02 5.003867692497590269e+02 4.896876276507838384e+02 4.792998954508688030e+02 4.691801219803893446e+02 4.592927793228227529e+02 4.496106608113803418e+02 4.400956846261520923e+02 4.309507790163919481e+02 4.250997283988219237e+02
8.823193096618987283e+02 8.843321127291740140e+02 8.863920164689131980e+02 8.874044791698756853e+02 8.864820699599672480e+02 8.826604418826993879e+02 8.740842686242885975e+02 8.608689301078118206e+02 8.440573672295188317e+02 8.246850263358207940e+02 8.036638449187905735e+02 7.817642936833436806e+02 7.596008216800654509e+02 7.376361818766819169e+02 7.161972897487886485e+02 6.954973114948436432e+02 6.756595594201219228e+02 6.567401785489749955e+02 6.387478822538568011e+02 6.216599934431006886e+02 6.054347198094883424e+02 5.900199901444889292e+02 5.753593780454958733e+02 5.613957040139306400e+02 5.480728864744277189e+02 5.353365463803135071e+02 5.231337972817749460e+02 5.114126138044705385e+02 5.001211944875630024e+02 4.892077908048000268e+02 4.786214233317409708e+02 4.683135212247846653e+02 4.582396893337739812e+02 4.483604235280460557e+02 4.386286431699788295e+02 4.292582114800804334e+02 4.235044163836431608e+02
8.610460444930175754e+02 8.641121897244898946e+02 8.679365388944839879e+02 8.718876027145423677e+02 8.749217864084176881e+02 8.753512291492045279e+02 8.708572344344559042e+02 8.611419872008877974e+02 8.469592261666184640e+02 8.293831855675529141e+02 8.094579080194311018e+02 7.880953604545824192e+02 7.660469564218066125e+02 7.438960027825776251e+02 7.220690850182513714e+02 7.008576589746456875e+02 6.804438187286357334e+02 6.609259241550084880e+02 6.423415474529324456e+02 6.246865491106682384e+02 6.079299927365143503e+02 5.920251441811465156e+02 5.769170818454084610e+02 5.625475593253515854e+02 5.488577717734160615e+02 5.357896285269257532e+02 5.232860607067841556e+02 5.112908214982633694e+02 4.997481864491097099e+02 4.886029212515323934e+02 4.778007956275611150e+02 4.672896912118102932e+02 4.570209355219540726e+02 4.469506101235428446e+02 4.370287387981363736e+02 4.274817958863876015e+02 4.216918524263832069e+02
8.396182303680774339e+02 8.431004974768510465e+02 8.481139199917032556e+02 8.548515605143530820e+02 8.615430723842139287e+02 8.656595094209377521e+02 8.650707003779743900e+02 8.591919571259571740e+02 8.481842592205240408e+02 8.329002684961438945e+02 8.144794416119567586e+02 7.939774916322752460e+02 7.722880618093802241e+02 7.501251682503301481e+02 7.280269210231313082e+02 7.063749039147345457e+02 6.854208499683761602e+02 6.653147477743044647e+02 6.461308386812393110e+02 6.278897512796721685e+02 6.105761902332532145e+02 5.941522938159658906e+02 5.785671524070678515e+02 5.637631529240950385e+02 5.496798599911942347e+02 5.362561158259194372e+02 5.234309719085561028e+02 5.111439794256673963e+02 4.993352758380819409e+02 4.879458116564809984e+02 4.769179434814603837e+02 4.661964408759008620e+02 4.557296834548002948e+02 4.454710505128521731e+02 4.353681699762631183e+02 4.256492535000164708e+02 4.197739228088100276e+02
8.181929774962339934e+02 8.217442603282792106e+02 8.277311428983233554e+02 8.370836191528456993e+02 8.466720180538745808e+02 8.536976675371538477e+02 8.566715276510848298e+02 8.547112540945896626e+02 8.472548237785379115e+02 8.347399537186324778e+02 8.182615474360748067e+02 7.989926384008200557e+02 7.779633972401184110e+02 7.560212119622610771e+02 7.338228716545178258e+02 7.118492896962608256e+02 6.904316031216825422e+02 6.697808238259203790e+02 6.500163121401117223e+02 6.311906723367380891e+02 6.133101222041298115e+02 5.963502576402270279e+02 5.802676175893977870e+02 5.650076951531510758e+02 5.505101301069153124e+02 5.367118161303598072e+02 5.235486000037898293e+02 5.109561620036046747e+02 4.988705593381650374e+02 4.872287925924005094e+02 4.759696148081173988e+02 4.650346342751724933e+02 4.543695420434825678e+02 4.439256021109154631e+02 4.336486623878694218e+02 4.237715868426216730e+02 4.178102370542576978e+02
7.968971960223541373e+02 8.003527047009997659e+02 8.072500502161152554e+02 8.185861640262681931e+02 8.302678075821830816e+02 8.397809677385712348e+02 8.459913927702685896e+02 8.477055860640646188e+02 8.439158073568360123e+02 8.345626665174378331e+02 8.204838477735264632e+02 8.028610057906706743e+02 7.828435198873662557e+02 7.614070921418702937e+02 7.393293862480858252e+02 7.171965860967773096e+02 6.954275068216719546e+02 6.743033868335471652e+02 6.539977829554563868e+02 6.346035416893050751e+02 6.161554773136825816e+02 5.986484083462711396e+02 5.820507993484122835e+02 5.663145728996995558e+02 5.513817997285487991e+02 5.371890107565478729e+02 5.236698429964903880e+02 5.107566542818062771e+02 4.983816325095038451e+02 4.864777915443818870e+02 4.749800933859843326e+02 4.638267702443870917e+02 4.529607363728974292e+02 4.423313426121999896e+02 4.318843581908718079e+02 4.218555577316845984e+02 4.158024717080807591e+02
7.762345906094601560e+02 7.792784650381964866e+02 7.868890884962528389e+02 7.995730410764890621e+02 8.128926987967967079e+02 8.245654432061520538e+02 8.335066887387132510e+02 8.385121938314712224e+02 8.384353078283651257e+02 8.326449159873277495e+02 8.214515776983519117e+02 8.059093723279728465e+02 7.872702791349912559e+02 7.666408865968070359e+02 7.449177835929775711e+02 7.227957632909997301e+02 7.007886245265891603e+02 6.792572792969191369e+02 6.584394968187451695e+02 6.384778812952306453e+02 6.194442332753012579e+02 6.013595611134724095e+02 5.842097399562760529e+02 5.679572225521289965e+02 5.525494145736940936e+02 5.379244138070502004e+02 5.240148202060861422e+02 5.107502732237799705e+02 4.980592756738226967e+02 4.858707288209060380e+02 4.741154404599116674e+02 4.627276868411138935e+02 4.516467022652406627e+02 4.408183323554628714e+02 4.301839018078165964e+02 4.199782356938707721e+02 4.138077881510185989e+02
7.569891426148499249e+02 7.593840614210566855e+02 7.670977944491937706e+02 7.805543673174288415e+02 7.951616374071818427e+02 8.085238811488089823e+02 8.196035025811607966e+02 8.273737957944343862e+02 8.306720216410517423e+02 8.284329607794118147e+02 8.203994728139648487e+02 8.073397943332277009e+02 7.904934902151683218e+02 7.710526415488091061e+02 7.500098195315688372e+02 7.281588553796232191e+02 7.061088999830385546e+02 6.843069569121786344e+02 6.630643062750433501e+02 6.425834906887693023e+02 6.229830730287077358e+02 6.043188800163798078e+02 5.866013280850457932e+02 5.698089646881261388e+02 5.538986413302079654e+02 5.388128888239278922e+02 5.244851338105960394e+02 5.108433937811016108e+02 4.978130224772436350e+02 4.853189575724865676e+02 4.732877607725019402e+02 4.616495536483103024e+02 4.503397360304973631e+02 4.393007403484257907e+02 4.284705552753881079e+02 4.180845810507470901e+02 4.117972538513936342e+02
7.391299959618971798e+02 7.405368866843450633e+02 7.479190040196600648e+02 7.618588736096722869e+02 7.773732442837498411e+02 7.919608155094155109e+02 8.047282649009229090e+02 8.147382711089530858e+02 8.208159357352151346e+02 8.217602291838970814e+02 8.169010490520657868e+02 8.066474530007644717e+02 7.920526872720304254e+02 7.742593295731409171e+02 7.543092373175849161e+02 7.330708453166861318e+02 7.112437833425523195e+02 6.893651449561095887e+02 6.678289891248502954e+02 6.469091942925053900e+02 6.267827344621439352e+02 6.075509441154775914e+02 5.892578671102789940e+02 5.719053981817215799e+02 5.554653034507712164e+02 5.398884406737176960e+02 5.251116590735241516e+02 5.110629371854078045e+02 4.976653111260027345e+02 4.848400616354264230e+02 4.725094848299672208e+02 4.605993979737459654e+02 4.490413456292136516e+02 4.377748906917693716e+02 4.267373442035312792e+02 4.161679308997195221e+02 4.097660142902135476e+02
7.224444175626222204e+02 7.222138539776784683e+02 7.292008209483879000e+02 7.434819575977716113e+02 7.596544375748433140e+02 7.751792850998601807e+02 7.892400977023312407e+02 8.009302730487536337e+02 8.091899054203331616e+02 8.128896042442827365e+02 8.111157257848549307e+02 8.039658264284249753e+02 7.921289073522568742e+02 7.765251437562623096e+02 7.581384869256470438e+02 7.379040145275504301e+02 7.166003288468095889e+02 6.948592535354299571e+02 6.731678953193865027e+02 6.518851289602532688e+02 6.312606146910071629e+02 6.114544860593014164e+02 5.925557880828476982e+02 5.745988730550577657e+02 5.575773032212333646e+02 5.414551643619621473e+02 5.261759854104452643e+02 5.116696647790702741e+02 4.978578930634192830e+02 4.846585366388378588e+02 4.719893305700351220e+02 4.597710601548751015e+02 4.479302092613931450e+02 4.364014868495134465e+02 4.251167590667471927e+02 4.143148865445591582e+02 4.077534346262920053e+02
