BlockUplift_2Ma_1kryTimeStep_2mmyr_k_5e-05_m_0.5_n_1.0_LinDiffusion_1_6x3km_30mRes_flow__link_to_receiver_node.txt
nrows 100
cellsize 30.0
xllcorner 0.0
ncols 200
yllcorner 0.0
[rows 34 to 50 of 100, columns 111 to 147 of 200]
6.539200000000000000e+04 2.604600000000000000e+04 2.604700000000000000e+04 2.604800000000000000e+04 2.604900000000000000e+04 2.605000000000000000e+04 2.605100000000000000e+04 2.605200000000000000e+04 2.605300000000000000e+04 2.605400000000000000e+04 2.605500000000000000e+04 2.605600000000000000e+04 2.605700000000000000e+04 2.605800000000000000e+04 2.605900000000000000e+04 2.606000000000000000e+04 2.606100000000000000e+04 2.606200000000000000e+04 2.606300000000000000e+04 6.543000000000000000e+04 6.543200000000000000e+04 6.543400000000000000e+04 6.543600000000000000e+04 6.543800000000000000e+04 6.544000000000000000e+04 2.587100000000000000e+04 2.587200000000000000e+04 2.587300000000000000e+04 2.587400000000000000e+04 2.587500000000000000e+04 2.587600000000000000e+04 2.587700000000000000e+04 6.545900000000000000e+04 6.546100000000000000e+04 6.546300000000000000e+04 6.546500000000000000e+04 6.546700000000000000e+04
2.564600000000000000e+04 2.564700000000000000e+04 2.564800000000000000e+04 2.564900000000000000e+04 2.565000000000000000e+04 2.565100000000000000e+04 2.565200000000000000e+04 2.565300000000000000e+04 2.565400000000000000e+04 2.565500000000000000e+04 2.565600000000000000e+04 2.565700000000000000e+04 2.565800000000000000e+04 2.565900000000000000e+04 2.566000000000000000e+04 2.566100000000000000e+04 2.566200000000000000e+04 2.566300000000000000e+04 2.566400000000000000e+04 6.503200000000000000e+04 6.503400000000000000e+04 6.503600000000000000e+04 6.503800000000000000e+04 6.504000000000000000e+04 6.504200000000000000e+04 2.547200000000000000e+04 2.547300000000000000e+04 2.547400000000000000e+04 2.547500000000000000e+04 2.547600000000000000e+04 2.547700000000000000e+04 2.547800000000000000e+04 6.506100000000000000e+04 6.506300000000000000e+04 6.506500000000000000e+04 6.506700000000000000e+04 6.506900000000000000e+04
2.524700000000000000e+04 2.524800000000000000e+04 2.524900000000000000e+04 2.525000000000000000e+04 2.525100000000000000e+04 2.525200000000000000e+04 2.525300000000000000e+04 2.525400000000000000e+04 2.525500000000000000e+04 2.525600000000000000e+04 2.525700000000000000e+04 2.525800000000000000e+04 2.525900000000000000e+04 2.526000000000000000e+04 2.526100000000000000e+04 2.526200000000000000e+04 2.526300000000000000e+04 2.526400000000000000e+04 6.463200000000000000e+04 6.463400000000000000e+04 6.463600000000000000e+04 6.463800000000000000e+04 6.464000000000000000e+04 6.464200000000000000e+04 2.507200000000000000e+04 2.507300000000000000e+04 2.507400000000000000e+04 2.507500000000000000e+04 2.507600000000000000e+04 2.507700000000000000e+04 2.507800000000000000e+04 2.507900000000000000e+04 2.508000000000000000e+04 6.466500000000000000e+04 6.466700000000000000e+04 6.466900000000000000e+04 6.467100000000000000e+04
2.484800000000000000e+04 2.484900000000000000e+04 2.485000000000000000e+04 2.485100000000000000e+04 2.485200000000000000e+04 2.485300000000000000e+04 2.485400000000000000e+04 2.485500000000000000e+04 2.485600000000000000e+04 2.485700000000000000e+04 2.485800000000000000e+04 2.485900000000000000e+04 2.486000000000000000e+04 2.486100000000000000e+04 2.486200000000000000e+04 2.486300000000000000e+04 2.486400000000000000e+04 2.486500000000000000e+04 6.423400000000000000e+04 6.423600000000000000e+04 6.423800000000000000e+04 6.424000000000000000e+04 6.424200000000000000e+04 2.467200000000000000e+04 2.467300000000000000e+04 2.467400000000000000e+04 2.467500000000000000e+04 2.467600000000000000e+04 2.467700000000000000e+04 2.467800000000000000e+04 2.467900000000000000e+04 2.468000000000000000e+04 2.468100000000000000e+04 2.468200000000000000e+04 6.426900000000000000e+04 6.427100000000000000e+04 6.427300000000000000e+04
2.444900000000000000e+04 2.445000000000000000e+04 2.445100000000000000e+04 2.445200000000000000e+04 2.445300000000000000e+04 2.445400000000000000e+04 2.445500000000000000e+04 2.445600000000000000e+04 2.445700000000000000e+04 2.445800000000000000e+04 2.445900000000000000e+04 2.446000000000000000e+04 2.446100000000000000e+04 2.446200000000000000e+04 2.446300000000000000e+04 2.446400000000000000e+04 2.446500000000000000e+04 6.383400000000000000e+04 6.383600000000000000e+04 6.383800000000000000e+04 6.384000000000000000e+04 6.384200000000000000e+04 6.384400000000000000e+04 2.427300000000000000e+04 2.427400000000000000e+04 2.427500000000000000e+04 2.427600000000000000e+04 2.427700000000000000e+04 2.427800000000000000e+04 2.427900000000000000e+04 2.428000000000000000e+04 2.428100000000000000e+04 2.428200000000000000e+04 2.428300000000000000e+04 6.387100000000000000e+04 6.387300000000000000e+04 6.387500000000000000e+04
2.405000000000000000e+04 2.405100000000000000e+04 2.405200000000000000e+04 2.405300000000000000e+04 2.405400000000000000e+04 2.405500000000000000e+04 2.405600000000000000e+04 2.405700000000000000e+04 2.405800000000000000e+04 2.405900000000000000e+04 2.406000000000000000e+04 2.406100000000000000e+04 2.406200000000000000e+04 2.406300000000000000e+04 2.406400000000000000e+04 2.406500000000000000e+04 6.343400000000000000e+04 6.343600000000000000e+04 6.343800000000000000e+04 6.344000000000000000e+04 6.344200000000000000e+04 6.344400000000000000e+04 2.387300000000000000e+04 2.387400000000000000e+04 2.387500000000000000e+04 2.387600000000000000e+04 2.387700000000000000e+04 2.387800000000000000e+04 2.387900000000000000e+04 2.388000000000000000e+04 2.388100000000000000e+04 2.388200000000000000e+04 2.388300000000000000e+04 2.388400000000000000e+04 2.388500000000000000e+04 6.347500000000000000e+04 6.347700000000000000e+04
2.365100000000000000e+04 2.365200000000000000e+04 2.365300000000000000e+04 2.365400000000000000e+04 2.365500000000000000e+04 2.365600000000000000e+04 2.365700000000000000e+04 2.365800000000000000e+04 2.365900000000000000e+04 2.366000000000000000e+04 2.366100000000000000e+04 2.366200000000000000e+04 2.366300000000000000e+04 2.366400000000000000e+04 2.366500000000000000e+04 6.303400000000000000e+04 6.303600000000000000e+04 6.303800000000000000e+04 6.304000000000000000e+04 6.304200000000000000e+04 6.304400000000000000e+04 2.347300000000000000e+04 2.347400000000000000e+04 2.347500000000000000e+04 2.347600000000000000e+04 2.347700000000000000e+04 2.347800000000000000e+04 2.347900000000000000e+04 2.348000000000000000e+04 2.348100000000000000e+04 2.348200000000000000e+04 2.348300000000000000e+04 2.348400000000000000e+04 2.348500000000000000e+04 2.348600000000000000e+04 2.348700000000000000e+04 6.307900000000000000e+04
2.325200000000000000e+04 2.325300000000000000e+04 2.325400000000000000e+04 2.325500000000000000e+04 2.325600000000000000e+04 2.325700000000000000e+04 2.325800000000000000e+04 2.325900000000000000e+04 2.326000000000000000e+04 2.326100000000000000e+04 2.326200000000000000e+04 2.326300000000000000e+04 2.326400000000000000e+04 2.326500000000000000e+04 6.263400000000000000e+04 6.263600000000000000e+04 6.263800000000000000e+04 6.264000000000000000e+04 6.264200000000000000e+04 6.264400000000000000e+04 2.307300000000000000e+04 2.307400000000000000e+04 2.307500000000000000e+04 2.307600000000000000e+04 2.307700000000000000e+04 2.307800000000000000e+04 2.307900000000000000e+04 2.308000000000000000e+04 2.308100000000000000e+04 2.308200000000000000e+04 2.308300000000000000e+04 2.308400000000000000e+04 2.308500000000000000e+04 2.308600000000000000e+04 2.308700000000000000e+04 2.308800000000000000e+04 2.308900000000000000e+04
2.285300000000000000e+04 2.285400000000000000e+04 2.285500000000000000e+04 2.285600000000000000e+04 2.285700000000000000e+04 2.285800000000000000e+04 2.285900000000000000e+04 2.286000000000000000e+04 2.286100000000000000e+04 2.286200000000000000e+04 2.286300000000000000e+04 2.286400000000000000e+04 2.286500000000000000e+04 6.223400000000000000e+04 6.223600000000000000e+04 6.223800000000000000e+04 6.224000000000000000e+04 6.224200000000000000e+04 6.224400000000000000e+04 2.267300000000000000e+04 2.267400000000000000e+04 2.267500000000000000e+04 2.267600000000000000e+04 2.267700000000000000e+04 2.267800000000000000e+04 2.267900000000000000e+04 2.268000000000000000e+04 2.268100000000000000e+04 2.268200000000000000e+04 2.268300000000000000e+04 2.268400000000000000e+04 2.268500000000000000e+04 2.268600000000000000e+04 2.268700000000000000e+04 2.268800000000000000e+04 2.268900000000000000e+04 2.269000000000000000e+04
2.245400000000000000e+04 2.245500000000000000e+04 2.245600000000000000e+04 2.245700000000000000e+04 2.245800000000000000e+04 2.245900000000000000e+04 2.246000000000000000e+04 2.246100000000000000e+04 2.246200000000000000e+04 2.246300000000000000e+04 2.246400000000000000e+04 2.246500000000000000e+04 6.183400000000000000e+04 6.183600000000000000e+04 6.183800000000000000e+04 6.184000000000000000e+04 6.184200000000000000e+04 6.184400000000000000e+04 6.184600000000000000e+04 2.227400000000000000e+04 2.227500000000000000e+04 2.227600000000000000e+04 2.227700000000000000e+04 2.227800000000000000e+04 2.227900000000000000e+04 2.228000000000000000e+04 2.228100000000000000e+04 2.228200000000000000e+04 2.228300000000000000e+04 2.228400000000000000e+04 2.228500000000000000e+04 2.228600000000000000e+04 2.228700000000000000e+04 2.228800000000000000e+04 2.228900000000000000e+04 2.229000000000000000e+04 2.229100000000000000e+04
2.205500000000000000e+04 2.205600000000000000e+04 2.205700000000000000e+04 2.205800000000000000e+04 2.205900000000000000e+04 2.206000000000000000e+04 2.206100000000000000e+04 2.206200000000000000e+04 2.206300000000000000e+04 2.206400000000000000e+04 2.206500000000000000e+04 6.143400000000000000e+04 6.143600000000000000e+04 6.143800000000000000e+04 6.144000000000000000e+04 6.144200000000000000e+04 6.144400000000000000e+04 6.144600000000000000e+04 2.187400000000000000e+04 2.187500000000000000e+04 2.187600000000000000e+04 2.187700000000000000e+04 2.187800000000000000e+04 2.187900000000000000e+04 2.188000000000000000e+04 2.188100000000000000e+04 2.188200000000000000e+04 2.188300000000000000e+04 2.188400000000000000e+04 2.188500000000000000e+04 2.188600000000000000e+04 2.188700000000000000e+04 2.188800000000000000e+04 2.188900000000000000e+04 2.189000000000000000e+04 2.189100000000000000e+04 2.189200000000000000e+04
2.165600000000000000e+04 2.165700000000000000e+04 2.165800000000000000e+04 2.165900000000000000e+04 2.166000000000000000e+04 2.166100000000000000e+04 2.166200000000000000e+04 2.166300000000000000e+04 2.166400000000000000e+04 2.166500000000000000e+04 6.103400000000000000e+04 6.103600000000000000e+04 6.103800000000000000e+04 6.104000000000000000e+04 6.104200000000000000e+04 6.104400000000000000e+04 6.104600000000000000e+04 2.147400000000000000e+04 2.147500000000000000e+04 2.147600000000000000e+04 2.147700000000000000e+04 2.147800000000000000e+04 2.147900000000000000e+04 2.148000000000000000e+04 2.148100000000000000e+04 2.148200000000000000e+04 2.148300000000000000e+04 2.148400000000000000e+04 2.148500000000000000e+04 2.148600000000000000e+04 2.148700000000000000e+04 2.148800000000000000e+04 2.148900000000000000e+04 2.149000000000000000e+04 2.149100000000000000e+04 2.149200000000000000e+04 2.149300000000000000e+04
2.125700000000000000e+04 2.125800000000000000e+04 2.125900000000000000e+04 2.126000000000000000e+04 2.126100000000000000e+04 2.126200000000000000e+04 2.126300000000000000e+04 2.126400000000000000e+04 2.126500000000000000e+04 6.063400000000000000e+04 6.063600000000000000e+04 6.063800000000000000e+04 6.064000000000000000e+04 6.064200000000000000e+04 6.064400000000000000e+04 6.064600000000000000e+04 2.107400000000000000e+04 2.107500000000000000e+04 2.107600000000000000e+04 2.107700000000000000e+04 2.107800000000000000e+04 2.107900000000000000e+04 2.108000000000000000e+04 2.108100000000000000e+04 2.108200000000000000e+04 2.108300000000000000e+04 2.108400000000000000e+04 2.108500000000000000e+04 2.108600000000000000e+04 2.108700000000000000e+04 2.108800000000000000e+04 2.108900000000000000e+04 2.109000000000000000e+04 2.109100000000000000e+04 2.109200000000000000e+04 2.109300000000000000e+04 2.109400000000000000e+04
2.085800000000000000e+04 2.085900000000000000e+04 2.086000000000000000e+04 2.086100000000000000e+04 2.086200000000000000e+04 2.086300000000000000e+04 2.086400000000000000e+04 6.023200000000000000e+04 6.023400000000000000e+04 6.023600000000000000e+04 6.023800000000000000e+04 6.024000000000000000e+04 6.024200000000000000e+04 6.024400000000000000e+04 6.024600000000000000e+04 2.067400000000000000e+04 2.067500000000000000e+04 2.067600000000000000e+04 2.067700000000000000e+04 2.067800000000000000e+04 2.067900000000000000e+04 2.068000000000000000e+04 2.068100000000000000e+04 2.068200000000000000e+04 2.068300000000000000e+04 2.068400000000000000e+04 2.068500000000000000e+04 2.068600000000000000e+04 2.068700000000000000e+04 2.068800000000000000e+04 2.068900000000000000e+04 2.069000000000000000e+04 2.069100000000000000e+04 2.069200000000000000e+04 2.069300000000000000e+04 2.069400000000000000e+04 2.069500000000000000e+04
2.045900000000000000e+04 2.046000000000000000e+04 2.046100000000000000e+04 2.046200000000000000e+04 2.046300000000000000e+04 2.046400000000000000e+04 5.983200000000000000e+04 5.983400000000000000e+04 5.983600000000000000e+04 5.983800000000000000e+04 5.984000000000000000e+04 5.984200000000000000e+04 5.984400000000000000e+04 5.984600000000000000e+04 2.027400000000000000e+04 2.027500000000000000e+04 2.027600000000000000e+04 2.027700000000000000e+04 2.027800000000000000e+04 2.027900000000000000e+04 2.028000000000000000e+04 2.028100000000000000e+04 2.028200000000000000e+04 2.028300000000000000e+04 2.028400000000000000e+04 2.028500000000000000e+04 2.028600000000000000e+04 2.028700000000000000e+04 2.028800000000000000e+04 2.028900000000000000e+04 2.029000000000000000e+04 2.029100000000000000e+04 2.029200000000000000e+04 2.029300000000000000e+04 2.029400000000000000e+04 2.029500000000000000e+04 2.029600000000000000e+04
2.006000000000000000e+04 2.006100000000000000e+04 2.006200000000000000e+04 2.006300000000000000e+04 5.943000000000000000e+04 5.943200000000000000e+04 5.943400000000000000e+04 5.943600000000000000e+04 5.943800000000000000e+04 5.944000000000000000e+04 5.944200000000000000e+04 5.944400000000000000e+04 5.944600000000000000e+04 5.944800000000000000e+04 1.987500000000000000e+04 1.987600000000000000e+04 1.987700000000000000e+04 1.987800000000000000e+04 1.987900000000000000e+04 1.988000000000000000e+04 1.988100000000000000e+04 1.988200000000000000e+04 1.988300000000000000e+04 1.988400000000000000e+04 1.988500000000000000e+04 1.988600000000000000e+04 1.988700000000000000e+04 1.988800000000000000e+04 1.988900000000000000e+04 1.989000000000000000e+04 1.989100000000000000e+04 1.989200000000000000e+04 1.989300000000000000e+04 1.989400000000000000e+04 1.989500000000000000e+04 1.989600000000000000e+04 1.989700000000000000e+04
1.966100000000000000e+04 5.902600000000000000e+04 5.902800000000000000e+04 5.903000000000000000e+04 5.903200000000000000e+04 5.903400000000000000e+04 5.903600000000000000e+04 5.903800000000000000e+04 5.904000000000000000e+04 5.904200000000000000e+04 5.904400000000000000e+04 5.904600000000000000e+04 5.904800000000000000e+04 1.947500000000000000e+04 1.947600000000000000e+04 1.947700000000000000e+04 1.947800000000000000e+04 1.947900000000000000e+04 1.948000000000000000e+04 1.948100000000000000e+04 1.948200000000000000e+04 1.948300000000000000e+04 1.948400000000000000e+04 1.948500000000000000e+04 1.948600000000000000e+04 1.948700000000000000e+04 1.948800000000000000e+04 1.948900000000000000e+04 1.949000000000000000e+04 1.949100000000000000e+04 1.949200000000000000e+04 1.949300000000000000e+04 1.949400000000000000e+04 1.949500000000000000e+04 1.949600000000000000e+04 1.949700000000000000e+04 1.949800000000000000e+04
