BlockUplift_10Myr_500yrTimeStep_halfmmyr_k_1e-05_m_0.5_n_1.0_LinDiffusion_0.05_15x7km_30mRes1000.txt
nrows 250
cellsize 30.0
xllcorner 0.0
ncols 500
yllcorner 0.0
[rows 17 to 33 of 250, columns 407 to 443 of 500]
9.011382496819721837e+02 9.256944993637545167e+02 9.508067385984332986e+02 9.758501001666014645e+02 9.999013758372658458e+02 1.021707747576280326e+03 1.039702428627648032e+03 1.052106219291789330e+03 1.057280264964425669e+03 1.054741768320352321e+03 1.045733904836672991e+03 1.032175736240493052e+03 1.015862944404166910e+03 9.981708443056392071e+02 9.800480369607905686e+02 9.621609061849873115e+02 9.450796859654620903e+02 9.294499144780149891e+02 9.182505968926267315e+02 9.196289085426886913e+02 9.317849931456659078e+02 9.467019822969870120e+02 9.610463209485039897e+02 9.730059713715932048e+02 9.808829046577430972e+02 9.836428290242704406e+02 9.814142119251431495e+02 9.724457613582804925e+02 9.576457069344710362e+02 9.388984017481842557e+02 9.179057195524693498e+02 8.960578937019224668e+02 8.743778965621077077e+02 8.535073146397859318e+02 8.337311732079077728e+02 8.151002890945486570e+02 7.975893152837636535e+02
9.032820715347581881e+02 9.278126967877439029e+02 9.527326021080432383e+02 9.773408287692856220e+02 1.000625615020955706e+03 1.021242652782668074e+03 1.037550352801716599e+03 1.047751893457415918e+03 1.050449968475145852e+03 1.045756665616071587e+03 1.035257504070582172e+03 1.020725937583779000e+03 1.003739895511115037e+03 9.856207869886031858e+02 9.673065553630390241e+02 9.493854946426480410e+02 9.322372837462932011e+02 9.163823993859982693e+02 9.049491869160834767e+02 9.063393395802015675e+02 9.188652397101523093e+02 9.340593007095736766e+02 9.483869269722109721e+02 9.604207964339233286e+02 9.689819915642914339e+02 9.728804766044473809e+02 9.711091820609922252e+02 9.621756620824345418e+02 9.472172502289023441e+02 9.281590265699417159e+02 9.068148289565417599e+02 8.846780251851222374e+02 8.628740331943214414e+02 8.421129724846633735e+02 8.226823269285032438e+02 8.044430537075207894e+02 7.873251712710298307e+02
9.055522067260103540e+02 9.300525571830559102e+02 9.547535153256383182e+02 9.788745528975867956e+02 1.001315029809886596e+03 1.020644623662841582e+03 1.035157539245335556e+03 1.043093486536502951e+03 1.043395125390756220e+03 1.036705612567215439e+03 1.024805084720866489e+03 1.009424809551665021e+03 9.919348784366717382e+02 9.734645218537129949e+02 9.549201566780369603e+02 9.369011033075215664e+02 9.197280213453183251e+02 9.037713241282287981e+02 8.921278524046343819e+02 8.934662493433646659e+02 9.061863346231759806e+02 9.214001822778984661e+02 9.356926602559123012e+02 9.481266974519814994e+02 9.578060376803462077e+02 9.630325737939178907e+02 9.616533636999440660e+02 9.526855378887806864e+02 9.374774620404223242e+02 9.179546378909991518e+02 8.960519520896034464e+02 8.734056192180996732e+02 8.512486359865991972e+02 8.304724221445112562e+02 8.114198809299616642e+02 7.936366973145002248e+02 7.770234033688062709e+02
9.079005964303057681e+02 9.323516068446398322e+02 9.567898379516980185e+02 9.803522642177308626e+02 1.001850359023194528e+03 1.019770681059908156e+03 1.032355296196908284e+03 1.037956494196018411e+03 1.036012206215240667e+03 1.027594746475097963e+03 1.014464140750127740e+03 9.982983841829646963e+02 9.804015738153904067e+02 9.617145418889273287e+02 9.429889316123498020e+02 9.248195423634504095e+02 9.075553010655239632e+02 8.915148691520361126e+02 8.797007845260648082e+02 8.808555426230127523e+02 8.935773593034874693e+02 9.087748277527705341e+02 9.233902310221541256e+02 9.368189450812562882e+02 9.478081930083875477e+02 9.539509892267601572e+02 9.528554340008030294e+02 9.440280657220401963e+02 9.287569994761770431e+02 9.089519010286070397e+02 8.866496119432824798e+02 8.635409960307990787e+02 8.408945387651161809e+02 8.196573123822037132e+02 8.002987286785761398e+02 7.826566893213720277e+02 7.665707634154304060e+02
9.102343310835186685e+02 9.345939417201631159e+02 9.587002609060675695e+02 9.816054462978470383e+02 1.002035818276018631e+03 1.018412036334857362e+03 1.028960043854931428e+03 1.032227545782627431e+03 1.028199271316232625e+03 1.018308577145153436e+03 1.004221015945210638e+03 9.874303587760947494e+02 9.691790220176604862e+02 9.503528762462332224e+02 9.315486428657487750e+02 9.132518982391975442e+02 8.958422813598297125e+02 8.796727162249336516e+02 8.676825019261524403e+02 8.685897218638402819e+02 8.811741827623767449e+02 8.965660641517839622e+02 9.120468056496665668e+02 9.267006680019730993e+02 9.385699763860332041e+02 9.451961483676802800e+02 9.446511295240449044e+02 9.364792397489396762e+02 9.218357019609874214e+02 9.027161230047333902e+02 8.810372741509855814e+02 8.582769561262895195e+02 8.354150619554811783e+02 8.130767841210802089e+02 7.920087351781648977e+02 7.730644491074767757e+02 7.563746621730208517e+02
9.127028579420348251e+02 9.369279970859963669e+02 9.606291722511773514e+02 9.827695445671178049e+02 1.001990586804222175e+03 1.016653320208916284e+03 1.025028009333635055e+03 1.025990035861920205e+03 1.020031727369149735e+03 1.008805087774210165e+03 9.939569439137026166e+02 9.767854485911427673e+02 9.583394252833617202e+02 9.394364603231140336e+02 9.206208902165566315e+02 9.022653157854142592e+02 8.846951329611176789e+02 8.683494505769492662e+02 8.561240584063011738e+02 8.566452769915845238e+02 8.691686951643006296e+02 8.852027786890117795e+02 9.017224262355481414e+02 9.171244767022511724e+02 9.293889437442114740e+02 9.366090201159825028e+02 9.370670574413591112e+02 9.300464265514131057e+02 9.166036251169005027e+02 8.985978514685444907e+02 8.777990504252517212e+02 8.556051467007472411e+02 8.330086642585649770e+02 8.105744291024086579e+02 7.887379111202587865e+02 7.681595324746735969e+02 7.492868607712294988e+02
9.153711923389330423e+02 9.394057002091298045e+02 9.626118528147175084e+02 9.838594712214699030e+02 1.001701466965120630e+03 1.014444118049778695e+03 1.020468546843773538e+03 1.019154021209818779e+03 1.011463666704427965e+03 9.990675037838324215e+02 9.835680642543951535e+02 9.661971319592989857e+02 9.478071748131769709e+02 9.290273936568717090e+02 9.103200542362521901e+02 8.919720847993030475e+02 8.742708890939586581e+02 8.576604991265407989e+02 8.450099701382180228e+02 8.450189624408764075e+02 8.577713178369651814e+02 8.745922142925636535e+02 8.917082775131518702e+02 9.073616638510651455e+02 9.200484537806513572e+02 9.281324193339439717e+02 9.298131160403163449e+02 9.242382155661786101e+02 9.122378953724254416e+02 8.953981263359594323e+02 8.754372070329542339e+02 8.538079409988680482e+02 8.315668861408208841e+02 8.094216386450514165e+02 7.878051036969510506e+02 7.670284367967557273e+02 7.472064982470627683e+02
9.179748204190628940e+02 9.417164682314441961e+02 9.642911334619551553e+02 9.844770231409922872e+02 1.000753423664210004e+03 1.011404358666302983e+03 1.015010306912727287e+03 1.011516963331288935e+03 1.002297396840610531e+03 9.889628690906496331e+02 9.729572097618855651e+02 9.554712096487855888e+02 9.373178134547335958e+02 9.189710245801865085e+02 9.007100468175866581e+02 8.827106714840022050e+02 8.650741149396301353e+02 8.479639852066809453e+02 8.345058631779546658e+02 8.336903876290066364e+02 8.467738240870348818e+02 8.640472563431779918e+02 8.813390048945536819e+02 8.972636076251407076e+02 9.105495184117912686e+02 9.195636079273207315e+02 9.226262123038872005e+02 9.186808353859154295e+02 9.081805510357858111e+02 8.925134243945375374e+02 8.733940306283002428e+02 8.523408451073563583e+02 8.304913647040478963e+02 8.086280679205241313e+02 7.872587557330859909e+02 7.666876666064974870e+02 7.470340686305429472e+02
9.206394549070643052e+02 9.439738173676304314e+02 9.657623674132161113e+02 9.846925703782941355e+02 9.991777275089481236e+02 1.007541483081406227e+03 1.008702974273942459e+03 1.003137198211422742e+03 9.924638068683290157e+02 9.783035732794583055e+02 9.619385317109043854e+02 9.444081385328063334e+02 9.265151222527722439e+02 9.087515335462144321e+02 8.913485017144505491e+02 8.743165427183761267e+02 8.573204151876677770e+02 8.400098967322636554e+02 8.253201662039323310e+02 8.224358817812685629e+02 8.354613452771799302e+02 8.530626096864950796e+02 8.706039394595047725e+02 8.869302696224162901e+02 9.008064975682685827e+02 9.107921516509956064e+02 9.152882611938998707e+02 9.129304053414747386e+02 9.037541627117324197e+02 8.891486987824719108e+02 8.708713631825988841e+02 8.504439825777736814e+02 8.290374349220002159e+02 8.074891747968486015e+02 7.863511867181308617e+02 7.659540840507454504e+02 7.464668725554986395e+02
9.234861666120951895e+02 9.462854645098356059e+02 9.671141267580336489e+02 9.845647744486624333e+02 9.969913767993205056e+02 1.002831322135023470e+03 1.001527209763376163e+03 9.940376050523076401e+02 9.820072531015472350e+02 9.670256774397732897e+02 9.503295606437202423e+02 9.327943559487624725e+02 9.150899911687670283e+02 8.977138733357187448e+02 8.809157407311120096e+02 8.647128563896528703e+02 8.488326717742237406e+02 8.326772429043994634e+02 8.176523856572836166e+02 8.118607068614088575e+02 8.240544754773924296e+02 8.418578746935912704e+02 8.596931918822413081e+02 8.763868325439948421e+02 8.908974462067858440e+02 9.019222995342236118e+02 9.078552759252609121e+02 9.071117575054989857e+02 8.993675114661645011e+02 8.859336292425776946e+02 8.685445141618540674e+02 8.487421179248133285e+02 8.277538118824694493e+02 8.064733608682654449e+02 7.855007963629501546e+02 7.652021877903505356e+02 7.457705267203834865e+02
9.262494603569814444e+02 9.483441313289420123e+02 9.680018218569773580e+02 9.837364334721484056e+02 9.938799605734377565e+02 9.970853194532027146e+02 9.933803746514561226e+02 9.841386555590656826e+02 9.709395748544794742e+02 9.552059390055807171e+02 9.381293806266110096e+02 9.205460439246497799e+02 9.029775519195973175e+02 8.857973031235291046e+02 8.692640922928700320e+02 8.534177118620559668e+02 8.381408534568043933e+02 8.231423983029042120e+02 8.086498848398948667e+02 8.011255494765292724e+02 8.127434759670061339e+02 8.306260421317372220e+02 8.486579934546310824e+02 8.657453185331989971e+02 8.809644348979178403e+02 8.930304852294596003e+02 9.002972139402213543e+02 9.011313369292226980e+02 8.949267600427554044e+02 8.827588607210119562e+02 8.662898158737810945e+02 8.471103869555039410e+02 8.265116210054877683e+02 8.054506294513697640e+02 7.845803974906308440e+02 7.643080365891894417e+02 7.448577168990350401e+02
9.290520990467801994e+02 9.502568815416605048e+02 9.685086887595753069e+02 9.822523161649464782e+02 9.898773740404038790e+02 9.904163614552358013e+02 9.844230286719506466e+02 9.735105702019199043e+02 9.592604871356966214e+02 9.429167167009302375e+02 9.254952274870787505e+02 9.077907092410646328e+02 8.902972841742498531e+02 8.732621266148235009e+02 8.568403573898760897e+02 8.411194032383759804e+02 8.260220054703861479e+02 8.113855451029916139e+02 7.973460436001942071e+02 7.895784425141189331e+02 8.012952742072840238e+02 8.193264692125002284e+02 8.375979262018979625e+02 8.551467917410526525e+02 8.710662097869980016e+02 8.840480897725681189e+02 8.925204936367955497e+02 8.949195061418448631e+02 8.903716967732488001e+02 8.795856813636625020e+02 8.640924316551438551e+02 8.455370417814539223e+02 8.252989351490506351e+02 8.044079875644425783e+02 7.835763104738880429e+02 7.632564117679133915e+02 7.437063587340734330e+02
9.320124430598314120e+02 9.521267692250762593e+02 9.687077269064427583e+02 9.801394916217683431e+02 9.849827167128770498e+02 9.828547582827103497e+02 9.747646701089522594e+02 9.623237476287741856e+02 9.470761360081312432e+02 9.302121006315095428e+02 9.125646518855276099e+02 8.947717147307879486e+02 8.773029166318591479e+02 8.603980868734847718e+02 8.441183397023257839e+02 8.284839611287118259e+02 8.134932761369475429e+02 7.990219870592377447e+02 7.853059204093866583e+02 7.779016114783531748e+02 7.898637771164846981e+02 8.080814571835861670e+02 8.266584336705758460e+02 8.446564066990939637e+02 8.611415334617523740e+02 8.748729066805155981e+02 8.844587521296102750e+02 8.884191719523508937e+02 8.856030699588454809e+02 8.762725270945521743e+02 8.617978630234350703e+02 8.438760265011499087e+02 8.239824168733094893e+02 8.032280600631299876e+02 7.823871812683895541e+02 7.619599891771860030e+02 7.422392701921302205e+02
9.348436459821208473e+02 9.536414847228568306e+02 9.682792975240851092e+02 9.771261964399575390e+02 9.790605702590717101e+02 9.743577914062574337e+02 9.643878920742646415e+02 9.506688226730295810e+02 9.345660601406325441e+02 9.172225454080090685e+02 8.994275949645219725e+02 8.816625143634415736e+02 8.642717664433874916e+02 8.474928444479945711e+02 8.314020856253802094e+02 8.159589612212250813e+02 8.011277242539888448e+02 7.868695447577167670e+02 7.734881777670619840e+02 7.665075138737076941e+02 7.786606900316970723e+02 7.970705516053350266e+02 8.159205239734480983e+02 8.342377854921566041e+02 8.511416078554003661e+02 8.655533926358291410e+02 8.762002719975309901e+02 8.815638896764780839e+02 8.802524597467900094e+02 8.721868637938038091e+02 8.586627061146490405e+02 8.413912453826021647e+02 8.218819111839358129e+02 8.012984616463936618e+02 7.804702685280359447e+02 7.599430643906895284e+02 7.400437092145045881e+02
9.375008733458512324e+02 9.547450500134344793e+02 9.671585676757181318e+02 9.731857868360502835e+02 9.722060289661126262e+02 9.650882444982905781e+02 9.533848365890873993e+02 9.385670325455415650e+02 9.218232381330331009e+02 9.041205670280608047e+02 8.862113073633082649e+02 8.685505525717882165e+02 8.513583652277013698e+02 8.347789253756892549e+02 8.189053811355871630e+02 8.037290220018944638e+02 7.891773109512421343e+02 7.751969545186116193e+02 7.621586452375327099e+02 7.555401547613090543e+02 7.678382969004176175e+02 7.863687095928994495e+02 8.053566049475301725e+02 8.238592804538876635e+02 8.411338293619608066e+02 8.562226910798927975e+02 8.678574538086636494e+02 8.744501671463543744e+02 8.744912849238760373e+02 8.676474171090036407e+02 8.551137092597953142e+02 8.385300149733330954e+02 8.194289270355735653e+02 7.990280090573581901e+02 7.782123409942006447e+02 7.575744313666479002e+02 7.374768480009599898e+02
9.396670724377009947e+02 9.551295738905896542e+02 9.651006347696973080e+02 9.682166694629001995e+02 9.644572675750653161e+02 9.551616980377677919e+02 9.419122333759086132e+02 9.261077682680961516e+02 9.088625243021004962e+02 8.909784323583039622e+02 8.730555706307579840e+02 8.555287784333717127e+02 8.386094355338484547e+02 8.223462986173843774e+02 8.067645152065748562e+02 7.918829176819901932e+02 7.776662448642292702e+02 7.640338041662395199e+02 7.513342400108892889e+02 7.450035706465099565e+02 7.573782527416269659e+02 7.759193874136624345e+02 7.949309598560236054e+02 8.135819798692405129e+02 8.312354732313914383e+02 8.469467572643665108e+02 8.594200178886161439e+02 8.670818395291327079e+02 8.684156492030497247e+02 8.628729373266153289e+02 8.514481418656714595e+02 8.356224607786738261e+02 8.169534400536027761e+02 7.967394717367811836e+02 7.759281512121550577e+02 7.551632698247734652e+02 7.348466911480387580e+02
9.414432826705485695e+02 9.548896903143819372e+02 9.622170980654068444e+02 9.624221044060320764e+02 9.560462788424762266e+02 9.447272761603642266e+02 9.300893764040050655e+02 9.134255346538599269e+02 8.957493191752523671e+02 8.777871559329640831e+02 8.599964168305514249e+02 8.426873141787176564e+02 8.260654987636712576e+02 8.101837108434555148e+02 7.949932055411072724e+02 7.804607830321750725e+02 7.665794336506152149e+02 7.532989312664393537e+02 7.409312728913562296e+02 7.348304417619488049e+02 7.472064604522079208e+02 7.656780611245781074e+02 7.846896705842814299e+02 8.035030638522597428e+02 8.214880970393738835e+02 8.376760496461949970e+02 8.507979721767302408e+02 8.593823416438074219e+02 8.619807518297367324e+02 8.578144865529201297e+02 8.475525627967509763e+02 8.325449398761098792e+02 8.143579289687882010e+02 7.943624515495341711e+02 7.735772431661827113e+02 7.526987105008638537e+02 7.321710387765310770e+02
