BlockUplift_2Ma_1kryTimeStep_2mmyr_k_0.0001_m_0.5_n_1.0_LinDiffusion_0.5_6x3km_30mRes_flow__link_to_receiver_node.txt
nrows 100
cellsize 30.0
xllcorner 0.0
ncols 200
yllcorner 0.0
[rows 68 to 84 of 100, columns 0 to 36 of 200]
-1.000000000000000000e+00 5.164300000000000000e+04 5.164500000000000000e+04 1.237200000000000000e+04 1.237300000000000000e+04 1.237400000000000000e+04 1.237500000000000000e+04 1.237600000000000000e+04 1.237700000000000000e+04 1.237800000000000000e+04 5.166100000000000000e+04 1.218000000000000000e+04 5.166200000000000000e+04 1.238100000000000000e+04 1.238200000000000000e+04 1.238300000000000000e+04 1.238400000000000000e+04 1.238500000000000000e+04 1.238600000000000000e+04 1.238700000000000000e+04 1.238800000000000000e+04 5.168000000000000000e+04 5.168200000000000000e+04 1.219200000000000000e+04 5.168900000000000000e+04 5.169100000000000000e+04 5.169300000000000000e+04 1.239600000000000000e+04 1.239700000000000000e+04 1.239800000000000000e+04 1.239900000000000000e+04 1.240000000000000000e+04 1.240100000000000000e+04 1.240200000000000000e+04 5.170900000000000000e+04 5.171100000000000000e+04 5.171300000000000000e+04
-1.000000000000000000e+00 5.124500000000000000e+04 5.124700000000000000e+04 5.124900000000000000e+04 5.125100000000000000e+04 1.197500000000000000e+04 1.197600000000000000e+04 1.197700000000000000e+04 1.197800000000000000e+04 5.126100000000000000e+04 5.126300000000000000e+04 1.178100000000000000e+04 5.126400000000000000e+04 5.126600000000000000e+04 5.126800000000000000e+04 1.198400000000000000e+04 1.198500000000000000e+04 1.198600000000000000e+04 5.127600000000000000e+04 5.127800000000000000e+04 5.128000000000000000e+04 5.128200000000000000e+04 5.128400000000000000e+04 1.179300000000000000e+04 5.129100000000000000e+04 5.129300000000000000e+04 5.129500000000000000e+04 1.199700000000000000e+04 1.199800000000000000e+04 1.199900000000000000e+04 1.200000000000000000e+04 1.200100000000000000e+04 1.200200000000000000e+04 1.200300000000000000e+04 1.200400000000000000e+04 1.200500000000000000e+04 5.131500000000000000e+04
-1.000000000000000000e+00 5.084700000000000000e+04 5.084900000000000000e+04 5.085100000000000000e+04 5.085300000000000000e+04 5.085500000000000000e+04 5.085700000000000000e+04 5.085900000000000000e+04 5.086100000000000000e+04 5.086300000000000000e+04 5.086500000000000000e+04 1.138200000000000000e+04 1.138300000000000000e+04 5.086800000000000000e+04 5.087000000000000000e+04 5.087200000000000000e+04 5.087400000000000000e+04 5.087600000000000000e+04 5.087800000000000000e+04 5.088000000000000000e+04 5.088200000000000000e+04 5.088400000000000000e+04 5.088600000000000000e+04 1.139400000000000000e+04 5.089300000000000000e+04 5.089500000000000000e+04 5.089700000000000000e+04 1.159800000000000000e+04 1.159900000000000000e+04 1.160000000000000000e+04 1.160100000000000000e+04 1.160200000000000000e+04 1.160300000000000000e+04 1.160400000000000000e+04 1.160500000000000000e+04 1.160600000000000000e+04 1.160700000000000000e+04
-1.000000000000000000e+00 1.097300000000000000e+04 5.045100000000000000e+04 5.045300000000000000e+04 5.045500000000000000e+04 5.045700000000000000e+04 5.045900000000000000e+04 5.046100000000000000e+04 5.046300000000000000e+04 5.046500000000000000e+04 1.098200000000000000e+04 1.098300000000000000e+04 1.098400000000000000e+04 5.047000000000000000e+04 5.047200000000000000e+04 5.047400000000000000e+04 5.047600000000000000e+04 5.047800000000000000e+04 5.048000000000000000e+04 5.048200000000000000e+04 5.048400000000000000e+04 5.048600000000000000e+04 5.048800000000000000e+04 5.049000000000000000e+04 1.099600000000000000e+04 5.049700000000000000e+04 5.049900000000000000e+04 1.119900000000000000e+04 1.120000000000000000e+04 1.120100000000000000e+04 1.120200000000000000e+04 1.120300000000000000e+04 1.120400000000000000e+04 1.120500000000000000e+04 1.120600000000000000e+04 1.120700000000000000e+04 1.120800000000000000e+04
-1.000000000000000000e+00 1.057400000000000000e+04 5.005300000000000000e+04 5.005500000000000000e+04 5.005700000000000000e+04 5.005900000000000000e+04 5.006100000000000000e+04 5.006300000000000000e+04 5.006500000000000000e+04 5.006700000000000000e+04 1.058300000000000000e+04 1.058400000000000000e+04 1.058500000000000000e+04 5.007200000000000000e+04 5.007400000000000000e+04 5.007600000000000000e+04 5.007800000000000000e+04 5.008000000000000000e+04 5.008200000000000000e+04 5.008400000000000000e+04 5.008600000000000000e+04 5.008800000000000000e+04 5.009000000000000000e+04 5.009200000000000000e+04 1.059700000000000000e+04 5.009900000000000000e+04 5.010100000000000000e+04 5.010300000000000000e+04 1.080100000000000000e+04 1.080200000000000000e+04 1.080300000000000000e+04 1.080400000000000000e+04 1.080500000000000000e+04 1.080600000000000000e+04 1.080700000000000000e+04 1.080800000000000000e+04 1.080900000000000000e+04
-1.000000000000000000e+00 1.017500000000000000e+04 4.965500000000000000e+04 4.965700000000000000e+04 4.965900000000000000e+04 4.966100000000000000e+04 4.966300000000000000e+04 4.966500000000000000e+04 4.966700000000000000e+04 4.966900000000000000e+04 1.018400000000000000e+04 1.018500000000000000e+04 1.018600000000000000e+04 4.967400000000000000e+04 4.967600000000000000e+04 4.967800000000000000e+04 4.968000000000000000e+04 4.968200000000000000e+04 4.968400000000000000e+04 4.968600000000000000e+04 4.968800000000000000e+04 4.969000000000000000e+04 4.969200000000000000e+04 4.969400000000000000e+04 1.019800000000000000e+04 4.970100000000000000e+04 4.970300000000000000e+04 4.970500000000000000e+04 4.970700000000000000e+04 1.040300000000000000e+04 1.040400000000000000e+04 1.040500000000000000e+04 1.040600000000000000e+04 1.040700000000000000e+04 1.040800000000000000e+04 1.040900000000000000e+04 4.972300000000000000e+04
-1.000000000000000000e+00 9.776000000000000000e+03 4.925700000000000000e+04 4.925900000000000000e+04 4.926100000000000000e+04 4.926300000000000000e+04 4.926500000000000000e+04 4.926700000000000000e+04 4.926900000000000000e+04 4.927100000000000000e+04 9.785000000000000000e+03 9.786000000000000000e+03 9.787000000000000000e+03 4.927600000000000000e+04 4.927800000000000000e+04 4.928000000000000000e+04 4.928200000000000000e+04 4.928400000000000000e+04 4.928600000000000000e+04 4.928800000000000000e+04 4.929000000000000000e+04 4.929200000000000000e+04 4.929400000000000000e+04 4.929600000000000000e+04 9.799000000000000000e+03 9.800000000000000000e+03 4.930500000000000000e+04 4.930700000000000000e+04 4.930900000000000000e+04 4.931100000000000000e+04 1.000500000000000000e+04 1.000600000000000000e+04 1.000700000000000000e+04 1.000800000000000000e+04 1.000900000000000000e+04 4.932300000000000000e+04 4.932500000000000000e+04
-1.000000000000000000e+00 9.377000000000000000e+03 4.885900000000000000e+04 4.886100000000000000e+04 4.886300000000000000e+04 4.886500000000000000e+04 4.886700000000000000e+04 4.886900000000000000e+04 4.887100000000000000e+04 4.887300000000000000e+04 9.386000000000000000e+03 9.387000000000000000e+03 9.388000000000000000e+03 4.887800000000000000e+04 4.888000000000000000e+04 4.888200000000000000e+04 4.888400000000000000e+04 4.888600000000000000e+04 4.888800000000000000e+04 4.889000000000000000e+04 4.889200000000000000e+04 4.889400000000000000e+04 4.889600000000000000e+04 9.399000000000000000e+03 9.400000000000000000e+03 9.401000000000000000e+03 9.402000000000000000e+03 4.890900000000000000e+04 4.891100000000000000e+04 4.891300000000000000e+04 4.891500000000000000e+04 4.891700000000000000e+04 4.891900000000000000e+04 4.892100000000000000e+04 4.892300000000000000e+04 4.892500000000000000e+04 4.892700000000000000e+04
-1.000000000000000000e+00 8.978000000000000000e+03 4.846100000000000000e+04 4.846300000000000000e+04 4.846500000000000000e+04 4.846700000000000000e+04 4.846900000000000000e+04 4.847100000000000000e+04 4.847300000000000000e+04 4.847500000000000000e+04 8.987000000000000000e+03 8.988000000000000000e+03 8.989000000000000000e+03 4.848000000000000000e+04 4.848200000000000000e+04 4.848400000000000000e+04 4.848600000000000000e+04 4.848800000000000000e+04 4.849000000000000000e+04 4.849200000000000000e+04 4.849400000000000000e+04 4.849600000000000000e+04 4.849800000000000000e+04 9.000000000000000000e+03 9.001000000000000000e+03 9.002000000000000000e+03 9.003000000000000000e+03 4.851100000000000000e+04 4.851300000000000000e+04 4.851500000000000000e+04 4.851700000000000000e+04 4.851900000000000000e+04 4.852100000000000000e+04 4.852300000000000000e+04 4.852500000000000000e+04 4.852700000000000000e+04 4.852900000000000000e+04
-1.000000000000000000e+00 8.579000000000000000e+03 4.806300000000000000e+04 4.806500000000000000e+04 4.806700000000000000e+04 4.806900000000000000e+04 4.807100000000000000e+04 4.807300000000000000e+04 4.807500000000000000e+04 4.807700000000000000e+04 8.588000000000000000e+03 8.589000000000000000e+03 8.590000000000000000e+03 4.808200000000000000e+04 4.808400000000000000e+04 4.808600000000000000e+04 4.808800000000000000e+04 4.809000000000000000e+04 4.809200000000000000e+04 4.809400000000000000e+04 4.809600000000000000e+04 4.809800000000000000e+04 4.810000000000000000e+04 8.601000000000000000e+03 8.602000000000000000e+03 8.603000000000000000e+03 8.604000000000000000e+03 8.605000000000000000e+03 4.811500000000000000e+04 4.811700000000000000e+04 4.811900000000000000e+04 4.812100000000000000e+04 4.812300000000000000e+04 4.812500000000000000e+04 4.812700000000000000e+04 4.812900000000000000e+04 4.813100000000000000e+04
-1.000000000000000000e+00 8.180000000000000000e+03 4.766500000000000000e+04 4.766700000000000000e+04 4.766900000000000000e+04 4.767100000000000000e+04 4.767300000000000000e+04 4.767500000000000000e+04 4.767700000000000000e+04 4.767900000000000000e+04 8.189000000000000000e+03 8.190000000000000000e+03 8.191000000000000000e+03 4.768400000000000000e+04 4.768600000000000000e+04 4.768800000000000000e+04 4.769000000000000000e+04 4.769200000000000000e+04 4.769400000000000000e+04 4.769600000000000000e+04 4.769800000000000000e+04 4.770000000000000000e+04 4.770200000000000000e+04 8.202000000000000000e+03 8.203000000000000000e+03 8.204000000000000000e+03 8.205000000000000000e+03 8.206000000000000000e+03 8.207000000000000000e+03 4.771900000000000000e+04 4.772100000000000000e+04 4.772300000000000000e+04 4.772500000000000000e+04 4.772700000000000000e+04 4.772900000000000000e+04 4.773100000000000000e+04 4.773300000000000000e+04
-1.000000000000000000e+00 7.781000000000000000e+03 4.726700000000000000e+04 4.726900000000000000e+04 4.727100000000000000e+04 4.727300000000000000e+04 4.727500000000000000e+04 4.727700000000000000e+04 4.727900000000000000e+04 4.728100000000000000e+04 7.790000000000000000e+03 7.791000000000000000e+03 7.792000000000000000e+03 4.728600000000000000e+04 4.728800000000000000e+04 4.729000000000000000e+04 4.729200000000000000e+04 4.729400000000000000e+04 4.729600000000000000e+04 4.729800000000000000e+04 4.730000000000000000e+04 4.730200000000000000e+04 7.802000000000000000e+03 7.803000000000000000e+03 7.804000000000000000e+03 7.805000000000000000e+03 7.806000000000000000e+03 7.807000000000000000e+03 7.808000000000000000e+03 4.732100000000000000e+04 4.732300000000000000e+04 4.732500000000000000e+04 4.732700000000000000e+04 4.732900000000000000e+04 4.733100000000000000e+04 4.733300000000000000e+04 4.733500000000000000e+04
-1.000000000000000000e+00 7.382000000000000000e+03 4.686900000000000000e+04 4.687100000000000000e+04 4.687300000000000000e+04 4.687500000000000000e+04 4.687700000000000000e+04 4.687900000000000000e+04 4.688100000000000000e+04 4.688300000000000000e+04 7.391000000000000000e+03 7.392000000000000000e+03 7.393000000000000000e+03 4.688800000000000000e+04 4.689000000000000000e+04 4.689200000000000000e+04 4.689400000000000000e+04 4.689600000000000000e+04 4.689800000000000000e+04 4.690000000000000000e+04 4.690200000000000000e+04 4.690400000000000000e+04 7.403000000000000000e+03 7.404000000000000000e+03 7.405000000000000000e+03 7.406000000000000000e+03 7.407000000000000000e+03 7.408000000000000000e+03 7.409000000000000000e+03 7.410000000000000000e+03 4.692500000000000000e+04 4.692700000000000000e+04 4.692900000000000000e+04 4.693100000000000000e+04 4.693300000000000000e+04 4.693500000000000000e+04 4.693700000000000000e+04
-1.000000000000000000e+00 6.983000000000000000e+03 4.647100000000000000e+04 4.647300000000000000e+04 4.647500000000000000e+04 4.647700000000000000e+04 4.647900000000000000e+04 4.648100000000000000e+04 4.648300000000000000e+04 4.648500000000000000e+04 6.992000000000000000e+03 6.993000000000000000e+03 6.994000000000000000e+03 4.649000000000000000e+04 4.649200000000000000e+04 4.649400000000000000e+04 4.649600000000000000e+04 4.649800000000000000e+04 4.650000000000000000e+04 4.650200000000000000e+04 4.650400000000000000e+04 7.003000000000000000e+03 7.004000000000000000e+03 7.005000000000000000e+03 7.006000000000000000e+03 7.007000000000000000e+03 7.008000000000000000e+03 7.009000000000000000e+03 7.010000000000000000e+03 7.011000000000000000e+03 4.652700000000000000e+04 4.652900000000000000e+04 4.653100000000000000e+04 4.653300000000000000e+04 4.653500000000000000e+04 4.653700000000000000e+04 4.653900000000000000e+04
-1.000000000000000000e+00 6.584000000000000000e+03 4.607300000000000000e+04 4.607500000000000000e+04 4.607700000000000000e+04 4.607900000000000000e+04 4.608100000000000000e+04 4.608300000000000000e+04 4.608500000000000000e+04 4.608700000000000000e+04 6.593000000000000000e+03 6.594000000000000000e+03 6.595000000000000000e+03 4.609200000000000000e+04 4.609400000000000000e+04 4.609600000000000000e+04 4.609800000000000000e+04 4.610000000000000000e+04 4.610200000000000000e+04 4.610400000000000000e+04 4.610600000000000000e+04 6.604000000000000000e+03 6.605000000000000000e+03 6.606000000000000000e+03 6.607000000000000000e+03 6.608000000000000000e+03 6.609000000000000000e+03 6.610000000000000000e+03 6.611000000000000000e+03 6.612000000000000000e+03 6.613000000000000000e+03 4.613100000000000000e+04 4.613300000000000000e+04 4.613500000000000000e+04 4.613700000000000000e+04 4.613900000000000000e+04 4.614100000000000000e+04
-1.000000000000000000e+00 6.185000000000000000e+03 6.186000000000000000e+03 4.567700000000000000e+04 4.567900000000000000e+04 4.568100000000000000e+04 4.568300000000000000e+04 4.568500000000000000e+04 4.568700000000000000e+04 4.568900000000000000e+04 6.194000000000000000e+03 6.195000000000000000e+03 6.196000000000000000e+03 4.569400000000000000e+04 4.569600000000000000e+04 4.569800000000000000e+04 4.570000000000000000e+04 4.570200000000000000e+04 4.570400000000000000e+04 4.570600000000000000e+04 4.570800000000000000e+04 6.205000000000000000e+03 6.206000000000000000e+03 6.207000000000000000e+03 6.208000000000000000e+03 6.209000000000000000e+03 6.210000000000000000e+03 6.211000000000000000e+03 6.212000000000000000e+03 6.213000000000000000e+03 6.214000000000000000e+03 4.573300000000000000e+04 4.573500000000000000e+04 4.573700000000000000e+04 4.573900000000000000e+04 4.574100000000000000e+04 4.574300000000000000e+04
-1.000000000000000000e+00 5.786000000000000000e+03 5.787000000000000000e+03 4.527900000000000000e+04 4.528100000000000000e+04 4.528300000000000000e+04 4.528500000000000000e+04 4.528700000000000000e+04 4.528900000000000000e+04 4.529100000000000000e+04 5.795000000000000000e+03 5.796000000000000000e+03 5.797000000000000000e+03 4.529600000000000000e+04 4.529800000000000000e+04 4.530000000000000000e+04 4.530200000000000000e+04 4.530400000000000000e+04 4.530600000000000000e+04 4.530800000000000000e+04 5.805000000000000000e+03 5.806000000000000000e+03 5.807000000000000000e+03 5.808000000000000000e+03 5.809000000000000000e+03 5.810000000000000000e+03 5.811000000000000000e+03 5.812000000000000000e+03 5.813000000000000000e+03 5.814000000000000000e+03 5.815000000000000000e+03 5.816000000000000000e+03 4.533700000000000000e+04 4.533900000000000000e+04 4.534100000000000000e+04 4.534300000000000000e+04 4.534500000000000000e+04
