BlockUplift_7Myr_200yrTimeStep_halfmmyr_to_mmyrk_1e-05_m_0.5_n_1.0_LinDiffusion_0.05_15x7km_30mRes0.txt
nrows 250
cellsize 30.0
xllcorner 0.0
ncols 500
yllcorner 0.0
[rows 34 to 50 of 250, columns 370 to 406 of 500]
1.004878177646483933e-01 1.004208764378590468e-01 1.004348724523010106e-01 1.009323036762377612e-01 1.007193114084443258e-01 1.007384840246741270e-01 1.007022116829222602e-01 1.002224499977608096e-01 1.004813353905974760e-01 1.000241058140862588e-01 1.006913790606537989e-01 1.001246071266691795e-01 1.001173039287859418e-01 1.000850917962221170e-01 1.004246282149439534e-01 1.005044549310409596e-01 1.004801313895080511e-01 1.000764163616982283e-01 1.007344354520966906e-01 1.001884852527434866e-01 1.006272981812671857e-01 1.005588301249957517e-01 1.002522399649012907e-01 1.009379748034751473e-01 1.007010057420814342e-01 1.002018954767052994e-01 1.009491846468014570e-01 1.006444398032501353e-01 1.009430092558867426e-01 1.002966639172556268e-01 1.004136508563005792e-01 1.006446566933191095e-01 1.001137174246822525e-01 1.002696047364720761e-01 1.000244464833309338e-01 1.003036269140619163e-01 1.006726215576661115e-01
1.006918828654878445e-01 1.002259138583074527e-01 1.008004318448838255e-01 1.002016866749498997e-01 1.005470719199076796e-01 1.005483712030016963e-01 1.002571392359783431e-01 1.000793039076162960e-01 1.003372294238586010e-01 1.001091059613118950e-01 1.007547810373104202e-01 1.001286927685656747e-01 1.005057124950436420e-01 1.009291602028445090e-01 1.003877561883710773e-01 1.001965979376556043e-01 1.009483382684851771e-01 1.000523622183734501e-01 1.007461611584423572e-01 1.004281782114552213e-01 1.001680804757120874e-01 1.009598032984905941e-01 1.000621570387111720e-01 1.000340477766112207e-01 1.008113140092663229e-01 1.004595219882184476e-01 1.007588632789662569e-01 1.004280218424997567e-01 1.006784533536577708e-01 1.000472202385354475e-01 1.004194531866240275e-01 1.001525432197106213e-01 1.006859227410814711e-01 1.001958048041585725e-01 1.005320993323534084e-01 1.004836757312797119e-01 1.009569527962328461e-01
1.004900213815649868e-01 1.007949167765059828e-01 1.004166695043166024e-01 1.003156355221041379e-01 1.009392770394429706e-01 1.000309814722080137e-01 1.005807473040660482e-01 1.009422735346819922e-01 1.008855798829220024e-01 1.007556204843009368e-01 1.009470806254333247e-01 1.001823444837067895e-01 1.007101374941028610e-01 1.001903485542126326e-01 1.005340160016165579e-01 1.004189087912107231e-01 1.000359748567796886e-01 1.006288667739315829e-01 1.008480398801108457e-01 1.002073981784958046e-01 1.005223272919684024e-01 1.000750592192352212e-01 1.008474766140847606e-01 1.003766969599892145e-01 1.003799367525458619e-01 1.007216653235841475e-01 1.005792764226762365e-01 1.009510490820444278e-01 1.004712733560087223e-01 1.001469292562947033e-01 1.007868923213623563e-01 1.004227884511777608e-01 1.006057603929707278e-01 1.000958707928017860e-01 1.005517679833238531e-01 1.005288600318617193e-01 1.008000125866052588e-01
1.003112057690750125e-01 1.006723412911859072e-01 1.009393447748049150e-01 1.007974616074072960e-01 1.002967298149195496e-01 1.002455459865515958e-01 1.006341693181127123e-01 1.004980071326000146e-01 1.003780554931331809e-01 1.002585558827825685e-01 1.006703462822495371e-01 1.006976326823338652e-01 1.003415758731335261e-01 1.008358145064043726e-01 1.006043874379618924e-01 1.002804079321453212e-01 1.003969649245436691e-01 1.003844347805159243e-01 1.009272401529813096e-01 1.008012875838700251e-01 1.007889804004749729e-01 1.004125471257180102e-01 1.008614586338213298e-01 1.000872657095426554e-01 1.001990608303740815e-01 1.005843164762817432e-01 1.003297703061033219e-01 1.001411380721540373e-01 1.005329322838198619e-01 1.006071300758289294e-01 1.008646334696765706e-01 1.009179095970451495e-01 1.006788450598847390e-01 1.002364562594589420e-01 1.000980671745101414e-01 1.006500122459678959e-01 1.005472116883713019e-01
1.000857293408736054e-01 1.007658018667093036e-01 1.002334849924571558e-01 1.004647034571272551e-01 1.006967622791254402e-01 1.001393311198553598e-01 1.005143378473043886e-01 1.001331267743841569e-01 1.009272519371829518e-01 1.007292196796150952e-01 1.008862181001840830e-01 1.009155659695497587e-01 1.000289320404777749e-01 1.004086202733615180e-01 1.006475564884768831e-01 1.004608570891883379e-01 1.002884852148175909e-01 1.009050226589844473e-01 1.004192072934258356e-01 1.004809304748678772e-01 1.006181662315819292e-01 1.009443673282922338e-01 1.009421396925754694e-01 1.008484407028478885e-01 1.004776642834155492e-01 1.008525150748679350e-01 1.009437507647831661e-01 1.004478222746649357e-01 1.005868737941702923e-01 1.007866349807805262e-01 1.006939967600177788e-01 1.004465264301884347e-01 1.004214461389318636e-01 1.007171132486401194e-01 1.004934843446165516e-01 1.005096574646108659e-01 1.005728434180025860e-01
1.003432763058328403e-01 1.005400939799061810e-01 1.002002286233646816e-01 1.002532902313933716e-01 1.000733583477998040e-01 1.008878487529927953e-01 1.007043940916254599e-01 1.008597082184852778e-01 1.005571297835160666e-01 1.003980386773020428e-01 1.007772468699795754e-01 1.006115331805765706e-01 1.008546974870136170e-01 1.007206733309488345e-01 1.000324783337965262e-01 1.006379502961683020e-01 1.000931521722291523e-01 1.009388606032948915e-01 1.005647554447041403e-01 1.003327471956068362e-01 1.008756292490139983e-01 1.009763193314305446e-01 1.000378780577074328e-01 1.007352570896650340e-01 1.001014382546460552e-01 1.001621190436515207e-01 1.004145257669331742e-01 1.007319952112887967e-01 1.004174896854528876e-01 1.006185538466043833e-01 1.005638247719088246e-01 1.006216391813230665e-01 1.003006689342258451e-01 1.005271795871803958e-01 1.008774760286126060e-01 1.005003760921797246e-01 1.008885325186143073e-01
1.009552937962751723e-01 1.004021121480028894e-01 1.000332414875249182e-01 1.008353096601931620e-01 1.004459611804764257e-01 1.006108084870026842e-01 1.000556316531787671e-01 1.007614032657578734e-01 1.004517874008372114e-01 1.000420799714618891e-01 1.009072616987085891e-01 1.001861904277560888e-01 1.008769382402530113e-01 1.004541512219272459e-01 1.007330617834833741e-01 1.009030128541251042e-01 1.002144801284954034e-01 1.007333450961636206e-01 1.004567005632630711e-01 1.001129904783468472e-01 1.002646543040209837e-01 1.002192894482583779e-01 1.002853139943666039e-01 1.001031270499366937e-01 1.003777318333216595e-01 1.008272654293841109e-01 1.008086490533055130e-01 1.008192963121964936e-01 1.004900185202584617e-01 1.006025883550356881e-01 1.009230655445429031e-01 1.009567119671801322e-01 1.005667472035156607e-01 1.006082298663835972e-01 1.005864460456673548e-01 1.004331701461831511e-01 1.008446503684200246e-01
1.003621361035679921e-01 1.007057022388693768e-01 1.003171360655015359e-01 1.004781107909835797e-01 1.008253241324888888e-01 1.002827120057657728e-01 1.005105562193971402e-01 1.000588157237738002e-01 1.004593353869104450e-01 1.004020419960060390e-01 1.007862555959008338e-01 1.007550557197944979e-01 1.001550483229233374e-01 1.002722873592001435e-01 1.003880051344113455e-01 1.003905441868019888e-01 1.003015100338362636e-01 1.006463715695590233e-01 1.000359809234950964e-01 1.002204827940390286e-01 1.007049413491633155e-01 1.007444040830364901e-01 1.004556805112514078e-01 1.003574619920372113e-01 1.003941653298053016e-01 1.002738367162094441e-01 1.008189726615128790e-01 1.009251963254964718e-01 1.007109139347536486e-01 1.004973759989141596e-01 1.001018293325731529e-01 1.009667151958144882e-01 1.001110281926957252e-01 1.005545988005505514e-01 1.004033009862215220e-01 1.007526594599608416e-01 1.003218654537308407e-01
1.002414289319391305e-01 1.004331855089227871e-01 1.003766221867797848e-01 1.009622837634966269e-01 1.001202505802137044e-01 1.009019796732269353e-01 1.001281078229241117e-01 1.008835301360209852e-01 1.003735764306882966e-01 1.005662058136848752e-01 1.008863635164022332e-01 1.005197450483829857e-01 1.003304216607067978e-01 1.005762268562272882e-01 1.009634784744769115e-01 1.001295467815293966e-01 1.002077991840090304e-01 1.004855004323065848e-01 1.001018144378057750e-01 1.009526588879534337e-01 1.004992579558890153e-01 1.004091368159660269e-01 1.000794533867293556e-01 1.005885720775138714e-01 1.003374981269382904e-01 1.005750806597449781e-01 1.000799626207418136e-01 1.007551327611131836e-01 1.001695019908128009e-01 1.008385277052798873e-01 1.004588022417402249e-01 1.007684057104327735e-01 1.000715883842290405e-01 1.004084473310216663e-01 1.005414416589316962e-01 1.008751314371638258e-01 1.000787805495817612e-01
1.009028926421043082e-01 1.009078385815369294e-01 1.000660554683029252e-01 1.008620197658764428e-01 1.000378150173485969e-01 1.008603343700658767e-01 1.008832933018554978e-01 1.003597212450682563e-01 1.001100950648082522e-01 1.005834271029386884e-01 1.003248802265327561e-01 1.004619604033859387e-01 1.008442687013388350e-01 1.005280437681119188e-01 1.004060438793521193e-01 1.004643040450532154e-01 1.006473558335591184e-01 1.005733795675622377e-01 1.004743562408990237e-01 1.007908205302436716e-01 1.009033182098479642e-01 1.007587941521542324e-01 1.009405240113384061e-01 1.002247983380683272e-01 1.006246316460439327e-01 1.003945817644423533e-01 1.000273114837372523e-01 1.002665043109166598e-01 1.001582718308750980e-01 1.003241455008378608e-01 1.005461525320433258e-01 1.005038914401253786e-01 1.000607111371620006e-01 1.006079603050612226e-01 1.009009312334710057e-01 1.002134388137498194e-01 1.009179329725634622e-01
1.005893523442250997e-01 1.007157904131139314e-01 1.003656946293933483e-01 1.005982919706791406e-01 1.005633248084337183e-01 1.001157639910123243e-01 1.004146588273768514e-01 1.003772328833241606e-01 1.007148738595964876e-01 1.003898093390537954e-01 1.000953178806230220e-01 1.004767729068971743e-01 1.005700978754138358e-01 1.009460359206818675e-01 1.001033363182675384e-01 1.005761648609989484e-01 1.000682704918380850e-01 1.009044552747177526e-01 1.006951732682001832e-01 1.002997728523550153e-01 1.001006018532219349e-01 1.009431023814489209e-01 1.009718069772978788e-01 1.001572836347175838e-01 1.007891665506773365e-01 1.003665646221578445e-01 1.004492899973871284e-01 1.000726106256640963e-01 1.003129717567382145e-01 1.002625040801443518e-01 1.002380231623950929e-01 1.005112809888492331e-01 1.007744674483857378e-01 1.007063778454107550e-01 1.008503916821332641e-01 1.005302833811440449e-01 1.000744693629803950e-01
1.001239047692401019e-01 1.008565621278709051e-01 1.001529298293222930e-01 1.005470930447082828e-01 1.009584595447448746e-01 1.005650970229772095e-01 1.001899813664278160e-01 1.007126859401540481e-01 1.006044861432829479e-01 1.004488770100799983e-01 1.001362512537609800e-01 1.004105226858257455e-01 1.002389468158919050e-01 1.006908320725588002e-01 1.000568513312758701e-01 1.006048581999343244e-01 1.002408957646350046e-01 1.008539126191364266e-01 1.007200775409490268e-01 1.007185447096950182e-01 1.009120992243841136e-01 1.002315089331485554e-01 1.000870671192365113e-01 1.002115444962030227e-01 1.008160859074694049e-01 1.003724008051177369e-01 1.004756107912933849e-01 1.004373417457010143e-01 1.004836529687470059e-01 1.008212052566460071e-01 1.001034237530357557e-01 1.001961439802381282e-01 1.008631708571475910e-01 1.003015677696539737e-01 1.009699641501200507e-01 1.006171407057848133e-01 1.003681065568686331e-01
1.003526100117607678e-01 1.004723352672312192e-01 1.004382846804205281e-01 1.004143953470633815e-01 1.005677924233346066e-01 1.009596288240658113e-01 1.005707583040463260e-01 1.002991496650289527e-01 1.009419746857524447e-01 1.006152820091582301e-01 1.009503828339161635e-01 1.009613800560596464e-01 1.003261547996219943e-01 1.005823690299445933e-01 1.005170619233300422e-01 1.002844360551394670e-01 1.001366440359679200e-01 1.005029435233864843e-01 1.009264554773716682e-01 1.002523193836880738e-01 1.009527351842358922e-01 1.008439648399983291e-01 1.002722827851517395e-01 1.007914376832001468e-01 1.000970137323487497e-01 1.001244533824958427e-01 1.009608766402054908e-01 1.000315198941345018e-01 1.006843422054313764e-01 1.008222983897237301e-01 1.004185388344401159e-01 1.002488737073810310e-01 1.004839813399424076e-01 1.002961202235640864e-01 1.006091706999881624e-01 1.000740181783418281e-01 1.004499994825612391e-01
1.006579192269265871e-01 1.002850515637260381e-01 1.008659690920871432e-01 1.002016341788068282e-01 1.002441959461288778e-01 1.003390284502032603e-01 1.003287440909735873e-01 1.006826598768248843e-01 1.000333025121510205e-01 1.001239357640310440e-01 1.001467568732603841e-01 1.008000545736220249e-01 1.006753423118533358e-01 1.009184031934006187e-01 1.009180860676821556e-01 1.000661968723251666e-01 1.008759036936017345e-01 1.009118028510317261e-01 1.001336871161648823e-01 1.002961729607750041e-01 1.001267474494064447e-01 1.001084905764076799e-01 1.007613021210977400e-01 1.003849866101166055e-01 1.004522986274960367e-01 1.006628077335712801e-01 1.001359287729097353e-01 1.005916813122604003e-01 1.009401099937627944e-01 1.004111912396123268e-01 1.006545101754908467e-01 1.007841101887931717e-01 1.005997084197344377e-01 1.007639648316373815e-01 1.003518524152594016e-01 1.008797766352420300e-01 1.005551443547310630e-01
1.008750871118662407e-01 1.009470710355798578e-01 1.000665804033450818e-01 1.006279314158087801e-01 1.005609012202587499e-01 1.002428742851635829e-01 1.007454245735501797e-01 1.001726331046285390e-01 1.008565117711991421e-01 1.006290126900106913e-01 1.004112708702841611e-01 1.006439560131693334e-01 1.005810844429885220e-01 1.005417253046720222e-01 1.004577957476518041e-01 1.008923149512041401e-01 1.005568338635033920e-01 1.001441492775257541e-01 1.009149228289035055e-01 1.008281925260881839e-01 1.008352111146053331e-01 1.003479669704165078e-01 1.005637685403541759e-01 1.007524822259261987e-01 1.005680650433441042e-01 1.003131701162298106e-01 1.005176994860642326e-01 1.002830668511202616e-01 1.004692573590481031e-01 1.001123674809065306e-01 1.004377040480500805e-01 1.003555678004047491e-01 1.003883156466007093e-01 1.003647569123671535e-01 1.004566033254924301e-01 1.000286082379925057e-01 1.002928618907778791e-01
1.007245369778859978e-01 1.002329732699668019e-01 1.000249823615625977e-01 1.004935082686511522e-01 1.005780088041431375e-01 1.008962915199827642e-01 1.000578093040916938e-01 1.008082559836218778e-01 1.003584762618378173e-01 1.002514248968889715e-01 1.002792645798183530e-01 1.007290133346872979e-01 1.005501923068444076e-01 1.002924380469070870e-01 1.001135398040293445e-01 1.005321034330707158e-01 1.003705797839317126e-01 1.007893480711253009e-01 1.002858029218982594e-01 1.008648746664805723e-01 1.002981922079032306e-01 1.000773050684863746e-01 1.007176917601458749e-01 1.002564814905941570e-01 1.001230546170358282e-01 1.000411131770008039e-01 1.006144521132525949e-01 1.000990677708532423e-01 1.000598449720458277e-01 1.002810135033827404e-01 1.005002893412399456e-01 1.003595695967042650e-01 1.006614061291243173e-01 1.008538783781700726e-01 1.001325594666229862e-01 1.004380010011167862e-01 1.008688007168075662e-01
1.003650093708282898e-01 1.005098232395178898e-01 1.009456615323255368e-01 1.005266736432305491e-01 1.007565175129134238e-01 1.000415557367066582e-01 1.000869838261901068e-01 1.008092450713819477e-01 1.002174349660947122e-01 1.009245896566901557e-01 1.001271588666885481e-01 1.002921295803793356e-01 1.001036858366086413e-01 1.001375783279928461e-01 1.003956567938439903e-01 1.007144318874211020e-01 1.007181868843141509e-01 1.003597888397632781e-01 1.009536693824275716e-01 1.007390206907125135e-01 1.003794456614851699e-01 1.003425293975222371e-01 1.008278654695924231e-01 1.006871524581569866e-01 1.009013910743222359e-01 1.003764104075947627e-01 1.004834206873614633e-01 1.005950934579752654e-01 1.001871467685392925e-01 1.006795570272742552e-01 1.004968760377856762e-01 1.006835524492366157e-01 1.003112116182003494e-01 1.008291368227292178e-01 1.005801520236050683e-01 1.008149714115345041e-01 1.003861574106938298e-01
