BlockUplift_2Ma_1kryTimeStep_2mmyr_k_1e-05_m_0.5_n_1.0_LinDiffusion_0.25_3x6km_30mRes_drainage_area.txt
nrows 200
cellsize 30.0
xllcorner 0.0
ncols 100
yllcorner 0.0
[rows 102 to 118 of 200, columns 37 to 73 of 100]
1.440000000000000000e+04 1.530000000000000000e+04 1.620000000000000000e+04 1.217700000000000000e+06 7.122600000000000000e+06 9.900000000000000000e+03 9.000000000000000000e+03 8.100000000000000000e+03 7.200000000000000000e+03 6.300000000000000000e+03 5.400000000000000000e+03 4.500000000000000000e+03 3.600000000000000000e+03 2.700000000000000000e+03 1.800000000000000000e+03 9.000000000000000000e+02 9.000000000000000000e+02 9.000000000000000000e+02 1.800000000000000000e+03 1.800000000000000000e+03 2.700000000000000000e+03 3.600000000000000000e+03 3.600000000000000000e+03 4.500000000000000000e+03 5.400000000000000000e+03 6.300000000000000000e+03 7.200000000000000000e+03 8.100000000000000000e+03 9.900000000000000000e+03 1.170000000000000000e+04 1.350000000000000000e+04 1.800000000000000000e+04 2.700000000000000000e+04 2.610000000000000000e+04 2.430000000000000000e+04 2.340000000000000000e+04 2.250000000000000000e+04
1.170000000000000000e+04 1.260000000000000000e+04 1.350000000000000000e+04 1.232100000000000000e+06 7.133400000000000000e+06 8.100000000000000000e+03 7.200000000000000000e+03 6.300000000000000000e+03 5.400000000000000000e+03 4.500000000000000000e+03 3.600000000000000000e+03 2.700000000000000000e+03 1.800000000000000000e+03 9.000000000000000000e+02 9.000000000000000000e+02 1.800000000000000000e+03 1.800000000000000000e+03 2.700000000000000000e+03 2.700000000000000000e+03 3.600000000000000000e+03 4.500000000000000000e+03 4.500000000000000000e+03 5.400000000000000000e+03 6.300000000000000000e+03 7.200000000000000000e+03 8.100000000000000000e+03 9.000000000000000000e+03 1.080000000000000000e+04 1.260000000000000000e+04 1.440000000000000000e+04 1.890000000000000000e+04 2.790000000000000000e+04 2.700000000000000000e+04 2.520000000000000000e+04 2.430000000000000000e+04 2.340000000000000000e+04 2.160000000000000000e+04
9.000000000000000000e+03 9.900000000000000000e+03 1.080000000000000000e+04 1.170000000000000000e+04 8.374500000000000000e+06 6.300000000000000000e+03 5.400000000000000000e+03 4.500000000000000000e+03 3.600000000000000000e+03 2.700000000000000000e+03 1.800000000000000000e+03 9.000000000000000000e+02 9.000000000000000000e+02 1.800000000000000000e+03 2.700000000000000000e+03 2.700000000000000000e+03 3.600000000000000000e+03 3.600000000000000000e+03 4.500000000000000000e+03 5.400000000000000000e+03 5.400000000000000000e+03 6.300000000000000000e+03 7.200000000000000000e+03 8.100000000000000000e+03 9.000000000000000000e+03 9.900000000000000000e+03 1.170000000000000000e+04 1.350000000000000000e+04 1.530000000000000000e+04 1.980000000000000000e+04 2.880000000000000000e+04 2.790000000000000000e+04 2.610000000000000000e+04 2.520000000000000000e+04 2.430000000000000000e+04 2.250000000000000000e+04 2.070000000000000000e+04
6.300000000000000000e+03 7.200000000000000000e+03 8.100000000000000000e+03 9.000000000000000000e+02 8.393400000000000000e+06 9.000000000000000000e+02 3.600000000000000000e+03 2.700000000000000000e+03 1.800000000000000000e+03 9.000000000000000000e+02 9.000000000000000000e+02 1.800000000000000000e+03 2.700000000000000000e+03 3.600000000000000000e+03 3.600000000000000000e+03 4.500000000000000000e+03 4.500000000000000000e+03 5.400000000000000000e+03 6.300000000000000000e+03 6.300000000000000000e+03 7.200000000000000000e+03 8.100000000000000000e+03 9.000000000000000000e+03 9.900000000000000000e+03 1.080000000000000000e+04 1.260000000000000000e+04 1.440000000000000000e+04 1.620000000000000000e+04 2.070000000000000000e+04 2.970000000000000000e+04 2.880000000000000000e+04 2.700000000000000000e+04 2.610000000000000000e+04 2.520000000000000000e+04 2.340000000000000000e+04 2.160000000000000000e+04 1.890000000000000000e+04
3.600000000000000000e+03 4.500000000000000000e+03 5.400000000000000000e+03 9.000000000000000000e+03 8.396100000000000000e+06 4.500000000000000000e+03 9.000000000000000000e+02 9.000000000000000000e+02 9.000000000000000000e+02 1.800000000000000000e+03 2.700000000000000000e+03 3.600000000000000000e+03 4.500000000000000000e+03 4.500000000000000000e+03 5.400000000000000000e+03 5.400000000000000000e+03 6.300000000000000000e+03 7.200000000000000000e+03 7.200000000000000000e+03 8.100000000000000000e+03 9.000000000000000000e+03 9.900000000000000000e+03 1.080000000000000000e+04 1.170000000000000000e+04 1.350000000000000000e+04 1.530000000000000000e+04 1.710000000000000000e+04 2.160000000000000000e+04 3.060000000000000000e+04 2.970000000000000000e+04 2.790000000000000000e+04 2.700000000000000000e+04 2.610000000000000000e+04 2.430000000000000000e+04 2.250000000000000000e+04 1.980000000000000000e+04 1.710000000000000000e+04
9.000000000000000000e+02 9.000000000000000000e+02 9.000000000000000000e+02 6.300000000000000000e+03 8.410500000000000000e+06 1.800000000000000000e+03 1.800000000000000000e+03 1.800000000000000000e+03 2.700000000000000000e+03 3.600000000000000000e+03 4.500000000000000000e+03 5.400000000000000000e+03 5.400000000000000000e+03 6.300000000000000000e+03 6.300000000000000000e+03 7.200000000000000000e+03 8.100000000000000000e+03 8.100000000000000000e+03 9.000000000000000000e+03 9.900000000000000000e+03 1.080000000000000000e+04 1.170000000000000000e+04 1.260000000000000000e+04 1.440000000000000000e+04 1.620000000000000000e+04 1.800000000000000000e+04 2.250000000000000000e+04 3.150000000000000000e+04 3.060000000000000000e+04 2.880000000000000000e+04 2.790000000000000000e+04 2.700000000000000000e+04 2.520000000000000000e+04 2.340000000000000000e+04 2.070000000000000000e+04 1.800000000000000000e+04 1.350000000000000000e+04
1.800000000000000000e+03 1.800000000000000000e+03 1.800000000000000000e+03 1.800000000000000000e+03 8.419500000000000000e+06 2.700000000000000000e+03 2.700000000000000000e+03 3.600000000000000000e+03 4.500000000000000000e+03 5.400000000000000000e+03 6.300000000000000000e+03 6.300000000000000000e+03 7.200000000000000000e+03 7.200000000000000000e+03 8.100000000000000000e+03 9.000000000000000000e+03 9.000000000000000000e+03 9.900000000000000000e+03 1.080000000000000000e+04 1.170000000000000000e+04 1.260000000000000000e+04 1.350000000000000000e+04 1.530000000000000000e+04 1.710000000000000000e+04 1.890000000000000000e+04 2.340000000000000000e+04 3.240000000000000000e+04 3.150000000000000000e+04 2.970000000000000000e+04 2.880000000000000000e+04 2.790000000000000000e+04 2.610000000000000000e+04 2.430000000000000000e+04 2.160000000000000000e+04 1.890000000000000000e+04 1.440000000000000000e+04 1.170000000000000000e+04
2.700000000000000000e+03 2.700000000000000000e+03 2.700000000000000000e+03 2.700000000000000000e+03 8.422200000000000000e+06 6.300000000000000000e+03 4.500000000000000000e+03 5.400000000000000000e+03 6.300000000000000000e+03 7.200000000000000000e+03 7.200000000000000000e+03 8.100000000000000000e+03 8.100000000000000000e+03 9.000000000000000000e+03 9.900000000000000000e+03 9.900000000000000000e+03 1.080000000000000000e+04 1.170000000000000000e+04 1.260000000000000000e+04 1.350000000000000000e+04 1.440000000000000000e+04 1.620000000000000000e+04 1.800000000000000000e+04 1.980000000000000000e+04 2.430000000000000000e+04 3.330000000000000000e+04 3.240000000000000000e+04 3.060000000000000000e+04 2.970000000000000000e+04 2.880000000000000000e+04 2.700000000000000000e+04 2.520000000000000000e+04 2.250000000000000000e+04 1.980000000000000000e+04 1.530000000000000000e+04 1.260000000000000000e+04 1.080000000000000000e+04
4.500000000000000000e+03 3.600000000000000000e+03 3.600000000000000000e+03 6.300000000000000000e+03 8.423100000000000000e+06 1.170000000000000000e+04 6.300000000000000000e+03 7.200000000000000000e+03 8.100000000000000000e+03 8.100000000000000000e+03 9.000000000000000000e+03 9.000000000000000000e+03 9.900000000000000000e+03 1.080000000000000000e+04 1.080000000000000000e+04 1.170000000000000000e+04 1.260000000000000000e+04 1.350000000000000000e+04 1.440000000000000000e+04 1.530000000000000000e+04 1.710000000000000000e+04 1.890000000000000000e+04 2.070000000000000000e+04 2.520000000000000000e+04 3.420000000000000000e+04 3.330000000000000000e+04 3.150000000000000000e+04 3.060000000000000000e+04 1.440000000000000000e+05 1.143000000000000000e+05 8.640000000000000000e+04 6.030000000000000000e+04 3.690000000000000000e+04 1.620000000000000000e+04 1.350000000000000000e+04 1.170000000000000000e+04 9.000000000000000000e+03
5.400000000000000000e+03 5.400000000000000000e+03 4.500000000000000000e+03 1.080000000000000000e+04 8.424000000000000000e+06 1.890000000000000000e+04 8.100000000000000000e+03 9.000000000000000000e+03 9.000000000000000000e+03 9.900000000000000000e+03 9.900000000000000000e+03 1.080000000000000000e+04 1.170000000000000000e+04 1.170000000000000000e+04 1.260000000000000000e+04 1.350000000000000000e+04 1.440000000000000000e+04 1.530000000000000000e+04 1.620000000000000000e+04 1.800000000000000000e+04 1.980000000000000000e+04 2.160000000000000000e+04 2.610000000000000000e+04 3.510000000000000000e+04 3.420000000000000000e+04 2.277000000000000000e+05 1.953000000000000000e+05 1.638000000000000000e+05 1.890000000000000000e+04 1.800000000000000000e+04 1.710000000000000000e+04 1.620000000000000000e+04 1.530000000000000000e+04 1.440000000000000000e+04 1.260000000000000000e+04 9.900000000000000000e+03 8.100000000000000000e+03
7.200000000000000000e+03 6.300000000000000000e+03 6.300000000000000000e+03 1.620000000000000000e+04 8.424900000000000000e+06 2.790000000000000000e+04 9.900000000000000000e+03 9.900000000000000000e+03 1.080000000000000000e+04 1.080000000000000000e+04 1.170000000000000000e+04 1.260000000000000000e+04 1.260000000000000000e+04 1.350000000000000000e+04 1.440000000000000000e+04 1.530000000000000000e+04 1.620000000000000000e+04 1.710000000000000000e+04 1.890000000000000000e+04 2.070000000000000000e+04 2.250000000000000000e+04 2.700000000000000000e+04 3.204000000000000000e+05 2.844000000000000000e+05 2.493000000000000000e+05 2.070000000000000000e+04 1.980000000000000000e+04 1.890000000000000000e+04 1.800000000000000000e+04 1.710000000000000000e+04 1.620000000000000000e+04 1.530000000000000000e+04 1.440000000000000000e+04 1.350000000000000000e+04 1.080000000000000000e+04 9.000000000000000000e+03 7.200000000000000000e+03
8.100000000000000000e+03 8.100000000000000000e+03 7.200000000000000000e+03 2.340000000000000000e+04 8.425800000000000000e+06 3.870000000000000000e+04 1.080000000000000000e+04 1.170000000000000000e+04 1.170000000000000000e+04 1.260000000000000000e+04 1.350000000000000000e+04 1.350000000000000000e+04 1.440000000000000000e+04 1.530000000000000000e+04 1.620000000000000000e+04 1.710000000000000000e+04 1.800000000000000000e+04 1.980000000000000000e+04 2.160000000000000000e+04 3.942000000000000000e+05 3.708000000000000000e+05 3.429000000000000000e+05 2.160000000000000000e+04 2.070000000000000000e+04 1.980000000000000000e+04 1.890000000000000000e+04 1.800000000000000000e+04 1.710000000000000000e+04 1.620000000000000000e+04 1.530000000000000000e+04 1.440000000000000000e+04 1.350000000000000000e+04 1.260000000000000000e+04 1.170000000000000000e+04 9.900000000000000000e+03 8.100000000000000000e+03 6.300000000000000000e+03
9.900000000000000000e+03 9.000000000000000000e+03 9.000000000000000000e+03 3.150000000000000000e+04 8.426700000000000000e+06 5.040000000000000000e+04 1.260000000000000000e+04 1.260000000000000000e+04 1.350000000000000000e+04 1.440000000000000000e+04 1.440000000000000000e+04 1.530000000000000000e+04 1.620000000000000000e+04 1.710000000000000000e+04 1.800000000000000000e+04 1.890000000000000000e+04 2.070000000000000000e+04 4.302000000000000000e+05 4.077000000000000000e+05 1.260000000000000000e+04 1.170000000000000000e+04 1.080000000000000000e+04 9.900000000000000000e+03 9.000000000000000000e+03 8.100000000000000000e+03 7.200000000000000000e+03 6.300000000000000000e+03 5.400000000000000000e+03 4.500000000000000000e+03 3.600000000000000000e+03 2.700000000000000000e+03 1.800000000000000000e+03 9.000000000000000000e+02 1.080000000000000000e+04 9.000000000000000000e+03 7.200000000000000000e+03 5.400000000000000000e+03
1.080000000000000000e+04 1.080000000000000000e+04 9.900000000000000000e+03 4.140000000000000000e+04 8.427600000000000000e+06 6.390000000000000000e+04 1.350000000000000000e+04 1.440000000000000000e+04 1.530000000000000000e+04 1.530000000000000000e+04 1.620000000000000000e+04 1.710000000000000000e+04 1.800000000000000000e+04 1.890000000000000000e+04 4.860000000000000000e+05 4.662000000000000000e+05 4.446000000000000000e+05 1.350000000000000000e+04 1.260000000000000000e+04 1.170000000000000000e+04 1.080000000000000000e+04 9.900000000000000000e+03 9.000000000000000000e+03 8.100000000000000000e+03 7.200000000000000000e+03 6.300000000000000000e+03 5.400000000000000000e+03 4.500000000000000000e+03 3.600000000000000000e+03 2.700000000000000000e+03 1.800000000000000000e+03 9.000000000000000000e+02 1.170000000000000000e+04 9.900000000000000000e+03 8.100000000000000000e+03 6.300000000000000000e+03 4.500000000000000000e+03
1.260000000000000000e+04 1.170000000000000000e+04 1.170000000000000000e+04 5.220000000000000000e+04 8.428500000000000000e+06 7.830000000000000000e+04 1.530000000000000000e+04 1.620000000000000000e+04 1.620000000000000000e+04 1.710000000000000000e+04 1.800000000000000000e+04 1.890000000000000000e+04 5.220000000000000000e+05 5.022000000000000000e+05 1.530000000000000000e+04 1.440000000000000000e+04 1.350000000000000000e+04 1.260000000000000000e+04 1.170000000000000000e+04 1.080000000000000000e+04 9.900000000000000000e+03 9.000000000000000000e+03 8.100000000000000000e+03 7.200000000000000000e+03 6.300000000000000000e+03 5.400000000000000000e+03 4.500000000000000000e+03 3.600000000000000000e+03 2.700000000000000000e+03 1.800000000000000000e+03 9.000000000000000000e+02 1.260000000000000000e+04 1.080000000000000000e+04 9.000000000000000000e+03 7.200000000000000000e+03 5.400000000000000000e+03 3.600000000000000000e+03
1.350000000000000000e+04 1.350000000000000000e+04 1.260000000000000000e+04 6.480000000000000000e+04 8.429400000000000000e+06 9.450000000000000000e+04 1.710000000000000000e+04 1.710000000000000000e+04 1.800000000000000000e+04 5.913000000000000000e+05 5.724000000000000000e+05 5.526000000000000000e+05 2.970000000000000000e+04 2.880000000000000000e+04 2.790000000000000000e+04 2.700000000000000000e+04 2.610000000000000000e+04 2.520000000000000000e+04 2.430000000000000000e+04 2.340000000000000000e+04 2.250000000000000000e+04 2.160000000000000000e+04 2.070000000000000000e+04 1.980000000000000000e+04 1.890000000000000000e+04 1.800000000000000000e+04 1.710000000000000000e+04 1.620000000000000000e+04 1.530000000000000000e+04 1.440000000000000000e+04 1.350000000000000000e+04 1.170000000000000000e+04 9.900000000000000000e+03 8.100000000000000000e+03 6.300000000000000000e+03 4.500000000000000000e+03 2.700000000000000000e+03
1.530000000000000000e+04 1.440000000000000000e+04 1.440000000000000000e+04 7.830000000000000000e+04 8.524800000000000000e+06 1.800000000000000000e+04 1.800000000000000000e+04 6.300000000000000000e+05 6.111000000000000000e+05 1.890000000000000000e+04 1.800000000000000000e+04 1.710000000000000000e+04 1.620000000000000000e+04 1.530000000000000000e+04 1.440000000000000000e+04 1.350000000000000000e+04 1.260000000000000000e+04 1.170000000000000000e+04 1.080000000000000000e+04 9.900000000000000000e+03 9.000000000000000000e+03 8.100000000000000000e+03 7.200000000000000000e+03 6.300000000000000000e+03 5.400000000000000000e+03 4.500000000000000000e+03 3.600000000000000000e+03 2.700000000000000000e+03 1.800000000000000000e+03 9.000000000000000000e+02 1.260000000000000000e+04 1.080000000000000000e+04 9.000000000000000000e+03 7.200000000000000000e+03 5.400000000000000000e+03 3.600000000000000000e+03 9.000000000000000000e+02
