BlockUplift_2Ma_1kryTimeStep_2mmyr_k_0.0001_m_0.5_n_1.0_LinDiffusion_0.75_6x3km_30mRes_topographic__steepest_slope.txt
nrows 100
cellsize 30.0
xllcorner 0.0
ncols 200
yllcorner 0.0
[rows 51 to 67 of 100, columns 148 to 184 of 200]
2.931726469736493923e-02 2.862598121008659222e-02 2.913527170104719677e-02 3.675328703776124806e-02 4.407513172282683661e-02 5.126107778263167686e-02 6.265086782264575604e-02 7.620016845034929820e-02 9.027919173388927743e-02 1.048100924854831334e-01 1.196050954619153062e-01 1.343604592075990922e-01 1.486564812488789245e-01 1.619589093179020778e-01 1.736190922529431135e-01 1.828745929455474484e-01 1.888575944938651330e-01 1.906233937860662420e-01 1.872130473112055826e-01 1.777600593234088533e-01 1.616392364826983452e-01 1.386377722548369773e-01 1.091097270241978834e-01 7.406409736286244383e-02 3.514209089918362422e-02 4.563481045826733862e-02 8.292449556315091563e-02 1.155773730645374003e-01 1.423732388294780549e-01 1.627711179291528309e-01 1.768499999222835073e-01 1.851561997163561901e-01 1.885123157753421652e-01 1.878387899809306760e-01 1.840206023845884775e-01 1.778293234340045104e-01 1.698934029852078309e-01
3.440406906122651237e-02 3.363621823429146368e-02 3.363584223152447927e-02 4.140752486049681380e-02 4.863681111656918687e-02 5.552436999607077150e-02 6.576531173865494961e-02 7.948498708869730645e-02 9.362933424504642221e-02 1.081226265058717190e-01 1.227763612115334441e-01 1.372839303537489175e-01 1.512229611757220371e-01 1.640602480161409971e-01 1.751561073197459850e-01 1.837692082619042933e-01 1.890682243820558939e-01 1.901612983455881478e-01 1.861560295014726418e-01 1.762589798211507686e-01 1.599129966523274160e-01 1.369540976543864585e-01 1.077522528254993006e-01 7.329024527597501060e-02 3.513978362600482519e-02 4.396474105759674844e-02 8.059323871843654397e-02 1.128341714812658297e-01 1.395219857956400689e-01 1.601269028972353570e-01 1.747000222692652871e-01 1.837313721911783548e-01 1.879718068325540170e-01 1.882661132559936279e-01 1.854277590214782889e-01 1.801651767511780744e-01 1.730534434152862788e-01
4.063030969118509861e-02 3.977447154079716968e-02 3.919945497376861598e-02 4.730208133260970643e-02 5.457321781181604520e-02 6.124595615994772591e-02 6.981216820243597854e-02 8.364981594789924757e-02 9.775184619480986603e-02 1.120625288269138792e-01 1.264089442539869934e-01 1.404947760393781553e-01 1.539047725805829658e-01 1.661138084264166537e-01 1.764963174406508073e-01 1.843361322301130256e-01 1.888419947186757153e-01 1.891784789616906548e-01 1.845237051997618838e-01 1.741618205943552822e-01 1.576084640024570660e-01 1.347524369682455980e-01 1.059811701516556043e-01 7.224865445751049720e-02 3.504934421828996560e-02 4.197590755237096821e-02 7.774742884894389472e-02 1.094041845788448625e-01 1.358438922626362400e-01 1.565516867522584732e-01 1.715506282977751484e-01 1.812722373520926911e-01 1.863931161016049998e-01 1.876808183202465785e-01 1.858770889902568169e-01 1.816281326541021313e-01 1.754569685671498180e-01
4.722510389290543453e-02 4.628489428397036115e-02 4.529356488152312676e-02 5.391996611209476375e-02 6.139190012519095407e-02 6.796434966766320973e-02 7.475009287575365424e-02 8.863978256121925192e-02 1.025776746533191841e-01 1.165460679120116083e-01 1.304040756759964892e-01 1.438790689641090692e-01 1.565731668462632398e-01 1.679770991140808745e-01 1.774855556988550742e-01 1.844126923114932370e-01 1.880119169959319492e-01 1.875085482029248962e-01 1.821554629582550489e-01 1.713185994810913770e-01 1.545902208738595962e-01 1.319144526729729705e-01 1.036960285906360496e-01 7.085587706634725869e-02 3.864042691197772106e-02 3.995818821329541470e-02 7.442823802132446376e-02 1.053230113310036076e-01 1.313689827558268408e-01 1.520690117120134799e-01 1.674174621215248349e-01 1.777850141503478087e-01 1.837716676637417834e-01 1.860664203382612070e-01 1.853393166380546686e-01 1.821754381641615683e-01 1.770473221286778254e-01
5.345479826751878966e-02 5.245227374639587631e-02 5.139217234927666994e-02 6.074603356722499403e-02 6.860243156921433383e-02 7.522500488816662167e-02 8.099532341547334424e-02 9.433525185000728175e-02 1.079753525447784968e-01 1.214312376405918825e-01 1.346103473981078991e-01 1.472772864202350207e-01 1.590622477529706202e-01 1.694802393848334476e-01 1.779530007305889228e-01 1.838306305082587355e-01 1.864159213844345797e-01 1.849989854562617553e-01 1.789110958292222109e-01 1.676033645153078566e-01 1.507475717214030453e-01 1.283447357323647398e-01 1.008158012448319568e-01 6.953067242504222534e-02 4.659918191758407463e-02 4.657055186195371149e-02 7.067685888918144588e-02 1.006289819961656007e-01 1.261324193555481143e-01 1.467095814461051306e-01 1.623248162207232836e-01 1.732854064091175761e-01 1.801126004684580895e-01 1.834160186665144410e-01 1.837946462247572188e-01 1.817741230852173429e-01 1.777785415161559912e-01
5.883049474279668234e-02 5.780472054724441339e-02 5.711412595544353848e-02 6.739646935885638956e-02 7.583480933460330642e-02 8.268590201781053639e-02 8.837369094904372335e-02 1.005345482414441022e-01 1.137346522454530801e-01 1.265037097532911159e-01 1.388134024582730885e-01 1.504791125164824106e-01 1.611700089240467038e-01 1.704339072898221619e-01 1.777261056015390639e-01 1.824374072288293402e-01 1.839232918815241757e-01 1.815409626840922275e-01 1.747019891703075756e-01 1.629446569576780690e-01 1.460223429122805838e-01 1.239943093025942800e-01 9.729686637728415799e-02 7.746542617543808462e-02 5.596421474780562122e-02 5.472891133342196179e-02 7.420437440422859854e-02 9.537945230791157469e-02 1.201935392494609262e-01 1.405316596514306071e-01 1.563258781425256871e-01 1.678170688432847613e-01 1.754457666092870682e-01 1.797422050440227737e-01 1.812362032022917790e-01 1.803970426627794776e-01 1.776036771639619982e-01
6.326196920985770189e-02 6.226275355710602505e-02 6.232992379648444325e-02 7.371932462668444319e-02 8.293091583404517408e-02 9.019764214819007975e-02 9.597462349273265525e-02 1.069588399944440965e-01 1.195735840358651131e-01 1.314868139756602827e-01 1.427496923508063675e-01 1.532415078506071948e-01 1.626808104662633980e-01 1.706557624148814511e-01 1.766599501323099786e-01 1.801270437522305146e-01 1.804653767769859030e-01 1.770983978493944622e-01 1.695173239495602613e-01 1.573481247572611208e-01 1.404276041233970262e-01 1.188754696187383358e-01 1.035332511816891149e-01 8.629130348464524036e-02 6.633390994043313060e-02 6.406780604374136268e-02 8.221949969839256744e-02 9.740460583387081095e-02 1.136491534285198612e-01 1.336377864217752065e-01 1.495225075927426872e-01 1.614737038714849915e-01 1.698489253562845136e-01 1.750996598146040695e-01 1.776900120624740620e-01 1.780381577106529278e-01 1.764835594406453934e-01
6.709024198128001049e-02 6.616881063843228772e-02 6.719044084516885562e-02 7.982198674355810153e-02 8.996837269937577042e-02 9.782162103327553260e-02 1.038546384792539273e-01 1.132802907348472304e-01 1.251697209694034030e-01 1.360760988346423062e-01 1.461440676734620525e-01 1.553286735367341576e-01 1.634065111886845445e-01 1.700110340910725992e-01 1.746752722779310318e-01 1.768736259098195318e-01 1.760630304527609213e-01 1.717285668054510384e-01 1.634380122118992973e-01 1.509047822457167398e-01 1.342090194020038596e-01 1.243220216957159896e-01 1.114015976081418891e-01 9.559933567640850616e-02 7.945471802602052658e-02 7.878134269924809419e-02 9.093411244517085601e-02 1.049520653665353825e-01 1.160675223649754728e-01 1.261785953906165159e-01 1.420738569261933149e-01 1.544133010380174253e-01 1.634677428286683554e-01 1.696101785771730874e-01 1.732434227010723193e-01 1.747420308837158986e-01 1.744146943160302388e-01
7.097331229880031456e-02 7.017279520402250337e-02 7.205807722088733436e-02 8.600655075022969887e-02 9.719888643695052954e-02 1.057701279666847238e-01 1.121963412505316005e-01 1.191666637994709815e-01 1.302085039418576229e-01 1.399904612928168091e-01 1.487623812825101255e-01 1.565642049888689713e-01 1.632357395581578996e-01 1.684562159362011924e-01 1.717940464459824512e-01 1.727568691385187039e-01 1.708413418776984771e-01 1.655864822390602231e-01 1.566324775020149218e-01 1.467257724700491706e-01 1.402601612366385364e-01 1.311308381254069622e-01 1.193261695102117853e-01 1.049566124512760212e-01 9.678549728667368290e-02 9.624258516172687350e-02 9.988925940959027250e-02 1.127500944740460892e-01 1.230302676363503878e-01 1.308139484647778961e-01 1.362933754798220098e-01 1.468549439455083816e-01 1.565208146927356270e-01 1.634769627145999382e-01 1.680685375448964236e-01 1.706350335125430828e-01 1.714658883566859970e-01
7.565789411754669791e-02 7.500637857209351000e-02 7.735992678341838125e-02 9.263110075738735516e-02 1.049176025771045156e-01 1.142835811348139469e-01 1.211933417027706156e-01 1.263484321512266528e-01 1.344357403637985726e-01 1.430260615558144877e-01 1.504644449482640256e-01 1.568801845309025222e-01 1.621759516734300743e-01 1.660711061353386808e-01 1.681592571160801242e-01 1.679686087459420774e-01 1.650233548781140369e-01 1.589078772223283809e-01 1.562983968487188791e-01 1.523385205211835181e-01 1.461474521418064942e-01 1.376667470428810935e-01 1.269059945362278896e-01 1.139371105748395452e-01 1.137749492254878647e-01 1.133535435796867857e-01 1.105961823995007393e-01 1.203374518901212803e-01 1.298383356375240882e-01 1.372237375278069216e-01 1.426495566065664466e-01 1.463081416853151406e-01 1.492823029833554582e-01 1.569772989728524804e-01 1.624269736466232017e-01 1.659428596664857536e-01 1.678077248070991290e-01
8.171632541415903284e-02 8.122397661660679669e-02 8.341483643481444055e-02 9.994603839215643326e-02 1.133094569789857425e-01 1.234874776901016824e-01 1.309183468082949220e-01 1.363232440295279735e-01 1.404949400408474214e-01 1.450981479895621928e-01 1.512416312715818834e-01 1.563473214861782479e-01 1.603730744441094203e-01 1.630656843895887109e-01 1.640280304538521139e-01 1.636295941934566012e-01 1.645771731952045125e-01 1.640090905613934835e-01 1.617082810053398489e-01 1.575509020758330547e-01 1.514955470417073402e-01 1.435553885382016837e-01 1.337646995156002716e-01 1.277291681723198846e-01 1.298201756265001394e-01 1.295026201714913894e-01 1.268073976707266015e-01 1.272786885680836366e-01 1.360446494449361055e-01 1.431131753442003440e-01 1.486028320792449897e-01 1.526268196293976420e-01 1.553073945776711484e-01 1.567898413386640544e-01 1.572472132268060430e-01 1.609818227879856178e-01 1.637192454270120778e-01
8.933964284962978009e-02 8.899967807007651277e-02 9.029582880886745377e-02 1.079643861080771677e-01 1.223282728536514152e-01 1.332810962219390938e-01 1.412223169785092602e-01 1.468774589439144906e-01 1.510710252894766903e-01 1.545253746122716709e-01 1.577329514098757268e-01 1.609135008615023010e-01 1.640396296058221626e-01 1.669019335356614897e-01 1.691873268828968657e-01 1.705536304349589416e-01 1.706921773064515591e-01 1.693741623624251957e-01 1.664762972100187477e-01 1.619807097433510201e-01 1.559469353566932948e-01 1.484618336044688236e-01 1.395838607390252617e-01 1.422455802272262759e-01 1.444492151964235915e-01 1.442145607193140167e-01 1.415700477477116748e-01 1.368020753420893243e-01 1.412600668334297038e-01 1.480619392962180814e-01 1.536991197894946037e-01 1.582055099779593188e-01 1.615999617841407110e-01 1.639204807357071692e-01 1.652445873809285093e-01 1.656920823488420569e-01 1.654132613246944994e-01
9.825088721361273369e-02 9.804288374791715610e-02 9.777248576036934313e-02 1.164092950803329446e-01 1.316499455826525278e-01 1.432968725917594666e-01 1.517006371484481142e-01 1.575765536132833766e-01 1.617654232422162386e-01 1.650174776377479058e-01 1.678523739775465984e-01 1.705101483286383668e-01 1.729771225952239921e-01 1.750565836798689545e-01 1.764554517757742913e-01 1.768673849678513155e-01 1.760416563740933582e-01 1.738313920817837199e-01 1.702150179494700821e-01 1.652849753356834539e-01 1.592021412486310517e-01 1.521243739963817621e-01 1.505353408998312548e-01 1.550513537628669669e-01 1.573463151593254283e-01 1.571752347880978617e-01 1.545631454219659473e-01 1.498005715982780317e-01 1.451927662057825585e-01 1.517363491683463017e-01 1.575554354243015320e-01 1.626092400351752953e-01 1.668139378898930436e-01 1.700961365258510660e-01 1.724292520412570862e-01 1.738471032992750520e-01 1.744373520615472017e-01
1.077523947698357659e-01 1.076460681473330738e-01 1.069344687208428069e-01 1.247496812345713219e-01 1.407104369266312660e-01 1.529406536151029783e-01 1.617355741938316660e-01 1.677876589368238192e-01 1.719389388869098367e-01 1.749534277984000352e-01 1.773672408386531008e-01 1.794345126147076919e-01 1.811539947589456412e-01 1.823450277630265792e-01 1.827417909145520325e-01 1.820836093893082874e-01 1.801881990065969941e-01 1.769995088207767520e-01 1.726028431266068142e-01 1.672011970816922599e-01 1.610524449922212109e-01 1.549772175788793616e-01 1.613611754416581223e-01 1.659786220365276621e-01 1.683510455633457636e-01 1.682289481088806438e-01 1.656330812790476614e-01 1.608509790784230231e-01 1.543898291403678624e-01 1.539200842018131898e-01 1.598993419844373931e-01 1.655016143144715235e-01 1.705460495381228014e-01 1.748484873960064745e-01 1.782735487269030417e-01 1.807602964442646676e-01 1.823230298574086417e-01
1.168720762610921809e-01 1.168302607464321852e-01 1.164493209261806272e-01 1.323021037061402616e-01 1.488076978259445793e-01 1.614929512603742179e-01 1.705960365593316153e-01 1.767770100483977980e-01 1.808655032311996258e-01 1.836252882828395550e-01 1.855973946543353070e-01 1.870427801192634243e-01 1.879703952110008125e-01 1.882183671123296986e-01 1.875549553588586327e-01 1.857743822981337556e-01 1.827720663509536381e-01 1.785893957434657175e-01 1.734203048916749534e-01 1.675743477539283488e-01 1.613977313446058326e-01 1.637723258494257206e-01 1.702859265943828804e-01 1.749984819850340101e-01 1.774367064544814243e-01 1.773546593992515741e-01 1.747682178025513622e-01 1.699524976978333823e-01 1.634031231587670108e-01 1.557667526916759471e-01 1.605889199961223757e-01 1.666745375934658158e-01 1.725139660222956284e-01 1.778175305312274523e-01 1.823406809919445870e-01 1.859225615234408324e-01 1.884962212455250641e-01
1.245471784193962067e-01 1.245277970189150041e-01 1.243876286449458746e-01 1.383579928350246180e-01 1.552280229819439361e-01 1.682333827683168692e-01 1.775587336120360016e-01 1.838263087589186440e-01 1.878422597929189919e-01 1.903570719086138119e-01 1.919048902853469907e-01 1.927452197255307142e-01 1.928936705045649902e-01 1.922085114640978143e-01 1.904974356649002387e-01 1.876170101509679333e-01 1.835472317621882066e-01 1.784303920374586405e-01 1.725669928187307245e-01 1.663651115151317528e-01 1.628720429417057913e-01 1.707521347466117445e-01 1.773964782654995076e-01 1.821883657246426425e-01 1.846773821629805468e-01 1.846312767536166521e-01 1.820609586900208965e-01 1.772185186508266896e-01 1.705691112224163308e-01 1.627379731965902521e-01 1.596121850563317068e-01 1.660563439199449765e-01 1.725742383088774146e-01 1.787799485417022050e-01 1.843236626344250673e-01 1.889435299333604990e-01 1.924871297953340832e-01
1.297870515040424888e-01 1.297447890009199856e-01 1.297333159027071192e-01 1.422959714010220422e-01 1.593577153267395630e-01 1.725507792467280144e-01 1.820152918512322471e-01 1.883350777384861230e-01 1.922853013193692173e-01 1.945921646706869901e-01 1.957717613673416734e-01 1.960734019396886407e-01 1.955146020782031757e-01 1.939733854232272292e-01 1.913000136202203105e-01 1.874180865956750486e-01 1.823957068751472788e-01 1.764757029491581253e-01 1.700591054657898116e-01 1.636408913759306583e-01 1.680154392471848723e-01 1.761047454734087636e-01 1.828566598508643837e-01 1.876954623962386048e-01 1.902130733213435176e-01 1.902018765764694197e-01 1.876683123833155775e-01 1.828311480012710377e-01 1.761052636275081684e-01 1.680682606074602459e-01 1.594064732071132084e-01 1.637009188942450399e-01 1.707193118989216996e-01 1.776555125110384492e-01 1.840623445887701326e-01 1.895801694835213824e-01 1.939710683125463186e-01
