BlockUplift_2Ma_1kryTimeStep_2mmyr_k_5e-05_m_0.5_n_1.0_LinDiffusion_0.25_3x6km_30mRes_flow__link_to_receiver_node.txt
nrows 200
cellsize 30.0
xllcorner 0.0
ncols 100
yllcorner 0.0
[rows 0 to 16 of 200, columns 0 to 36 of 100]
-1.000000000000000000e+00 -1.000000000000000000e+00 -1.000000000000000000e+00 -1.000000000000000000e+00 -1.000000000000000000e+00 -1.000000000000000000e+00 -1.000000000000000000e+00 -1.000000000000000000e+00 -1.000000000000000000e+00 -1.000000000000000000e+00 -1.000000000000000000e+00 -1.000000000000000000e+00 -1.000000000000000000e+00 -1.000000000000000000e+00 -1.000000000000000000e+00 -1.000000000000000000e+00 -1.000000000000000000e+00 -1.000000000000000000e+00 -1.000000000000000000e+00 -1.000000000000000000e+00 -1.000000000000000000e+00 -1.000000000000000000e+00 -1.000000000000000000e+00 -1.000000000000000000e+00 -1.000000000000000000e+00 -1.000000000000000000e+00 -1.000000000000000000e+00 -1.000000000000000000e+00 -1.000000000000000000e+00 -1.000000000000000000e+00 -1.000000000000000000e+00 -1.000000000000000000e+00 -1.000000000000000000e+00 -1.000000000000000000e+00 -1.000000000000000000e+00 -1.000000000000000000e+00 -1.000000000000000000e+00
-1.000000000000000000e+00 7.870900000000000000e+04 7.871100000000000000e+04 7.871300000000000000e+04 7.871500000000000000e+04 7.871700000000000000e+04 7.871900000000000000e+04 7.872100000000000000e+04 7.872300000000000000e+04 7.872500000000000000e+04 7.872700000000000000e+04 3.931300000000000000e+04 3.931400000000000000e+04 3.931500000000000000e+04 3.931600000000000000e+04 3.931700000000000000e+04 3.931800000000000000e+04 3.931900000000000000e+04 3.932000000000000000e+04 3.932100000000000000e+04 3.932200000000000000e+04 7.874900000000000000e+04 7.875100000000000000e+04 7.875300000000000000e+04 7.875500000000000000e+04 3.942700000000000000e+04 3.942800000000000000e+04 3.942900000000000000e+04 3.943000000000000000e+04 7.876500000000000000e+04 7.876700000000000000e+04 7.876900000000000000e+04 7.877100000000000000e+04 7.877300000000000000e+04 7.877500000000000000e+04 7.877700000000000000e+04 3.933800000000000000e+04
-1.000000000000000000e+00 7.851100000000000000e+04 7.851300000000000000e+04 7.851500000000000000e+04 7.851700000000000000e+04 7.851900000000000000e+04 7.852100000000000000e+04 7.852300000000000000e+04 7.852500000000000000e+04 7.852700000000000000e+04 3.911300000000000000e+04 3.911400000000000000e+04 3.911500000000000000e+04 3.911600000000000000e+04 3.911700000000000000e+04 3.911800000000000000e+04 3.911900000000000000e+04 3.912000000000000000e+04 3.912100000000000000e+04 3.912200000000000000e+04 3.912300000000000000e+04 3.912400000000000000e+04 7.855300000000000000e+04 7.855500000000000000e+04 7.855700000000000000e+04 7.855900000000000000e+04 7.856100000000000000e+04 7.856300000000000000e+04 7.856500000000000000e+04 7.856700000000000000e+04 7.856900000000000000e+04 7.857100000000000000e+04 7.857300000000000000e+04 7.857500000000000000e+04 7.857700000000000000e+04 3.913800000000000000e+04 3.913900000000000000e+04
-1.000000000000000000e+00 3.890500000000000000e+04 7.831500000000000000e+04 7.831700000000000000e+04 7.831900000000000000e+04 7.832100000000000000e+04 7.832300000000000000e+04 7.832500000000000000e+04 7.832700000000000000e+04 3.891300000000000000e+04 3.891400000000000000e+04 3.891500000000000000e+04 3.891600000000000000e+04 3.891700000000000000e+04 3.891800000000000000e+04 3.891900000000000000e+04 3.892000000000000000e+04 3.892100000000000000e+04 3.892200000000000000e+04 3.892300000000000000e+04 3.892400000000000000e+04 3.892500000000000000e+04 3.892600000000000000e+04 7.835700000000000000e+04 7.835900000000000000e+04 7.836100000000000000e+04 7.836300000000000000e+04 7.836500000000000000e+04 7.836700000000000000e+04 7.836900000000000000e+04 7.837100000000000000e+04 7.837300000000000000e+04 7.837500000000000000e+04 7.837700000000000000e+04 3.893800000000000000e+04 3.893900000000000000e+04 3.894000000000000000e+04
-1.000000000000000000e+00 3.870600000000000000e+04 7.811700000000000000e+04 7.811900000000000000e+04 7.812100000000000000e+04 7.812300000000000000e+04 7.812500000000000000e+04 7.812700000000000000e+04 7.812900000000000000e+04 3.871400000000000000e+04 3.871500000000000000e+04 3.871600000000000000e+04 3.871700000000000000e+04 3.871800000000000000e+04 3.871900000000000000e+04 3.872000000000000000e+04 3.872100000000000000e+04 3.872200000000000000e+04 3.872300000000000000e+04 3.872400000000000000e+04 3.872500000000000000e+04 3.872600000000000000e+04 3.872700000000000000e+04 3.872800000000000000e+04 7.816100000000000000e+04 7.816300000000000000e+04 7.816500000000000000e+04 7.816700000000000000e+04 7.816900000000000000e+04 7.817100000000000000e+04 7.817300000000000000e+04 7.817500000000000000e+04 7.817700000000000000e+04 7.817900000000000000e+04 3.873900000000000000e+04 3.874000000000000000e+04 3.874100000000000000e+04
-1.000000000000000000e+00 3.850700000000000000e+04 7.791900000000000000e+04 7.792100000000000000e+04 7.792300000000000000e+04 7.792500000000000000e+04 7.792700000000000000e+04 7.792900000000000000e+04 7.793100000000000000e+04 3.851500000000000000e+04 3.851600000000000000e+04 3.851700000000000000e+04 3.851800000000000000e+04 3.851900000000000000e+04 3.852000000000000000e+04 3.852100000000000000e+04 3.852200000000000000e+04 3.852300000000000000e+04 3.852400000000000000e+04 3.852500000000000000e+04 3.852600000000000000e+04 3.852700000000000000e+04 3.852800000000000000e+04 3.852900000000000000e+04 7.796300000000000000e+04 7.796500000000000000e+04 7.796700000000000000e+04 7.796900000000000000e+04 7.797100000000000000e+04 7.797300000000000000e+04 7.797500000000000000e+04 7.797700000000000000e+04 7.797900000000000000e+04 7.798100000000000000e+04 3.854000000000000000e+04 3.854100000000000000e+04 3.854200000000000000e+04
-1.000000000000000000e+00 3.830800000000000000e+04 7.772100000000000000e+04 7.772300000000000000e+04 7.772500000000000000e+04 7.772700000000000000e+04 7.772900000000000000e+04 7.773100000000000000e+04 7.773300000000000000e+04 7.773500000000000000e+04 3.831700000000000000e+04 3.831800000000000000e+04 3.831900000000000000e+04 3.832000000000000000e+04 3.832100000000000000e+04 3.832200000000000000e+04 3.832300000000000000e+04 3.832400000000000000e+04 3.832500000000000000e+04 3.832600000000000000e+04 3.832700000000000000e+04 3.832800000000000000e+04 3.832900000000000000e+04 3.833000000000000000e+04 7.776500000000000000e+04 7.776700000000000000e+04 7.776900000000000000e+04 7.777100000000000000e+04 7.777300000000000000e+04 7.777500000000000000e+04 7.777700000000000000e+04 7.777900000000000000e+04 7.778100000000000000e+04 7.778300000000000000e+04 3.834100000000000000e+04 3.834200000000000000e+04 3.834300000000000000e+04
-1.000000000000000000e+00 3.810900000000000000e+04 7.752300000000000000e+04 7.752500000000000000e+04 7.752700000000000000e+04 7.752900000000000000e+04 7.753100000000000000e+04 7.753300000000000000e+04 7.753500000000000000e+04 7.753700000000000000e+04 3.811800000000000000e+04 3.811900000000000000e+04 3.812000000000000000e+04 3.812100000000000000e+04 3.812200000000000000e+04 3.812300000000000000e+04 3.812400000000000000e+04 3.812500000000000000e+04 3.812600000000000000e+04 3.812700000000000000e+04 3.812800000000000000e+04 3.812900000000000000e+04 3.813000000000000000e+04 3.813100000000000000e+04 7.756700000000000000e+04 7.756900000000000000e+04 7.757100000000000000e+04 7.757300000000000000e+04 7.757500000000000000e+04 7.757700000000000000e+04 7.757900000000000000e+04 7.758100000000000000e+04 7.758300000000000000e+04 7.758500000000000000e+04 7.758700000000000000e+04 3.814300000000000000e+04 3.814400000000000000e+04
-1.000000000000000000e+00 3.791000000000000000e+04 7.732500000000000000e+04 7.732700000000000000e+04 7.732900000000000000e+04 7.733100000000000000e+04 7.733300000000000000e+04 7.733500000000000000e+04 7.733700000000000000e+04 7.733900000000000000e+04 7.734100000000000000e+04 3.792000000000000000e+04 3.792100000000000000e+04 3.792200000000000000e+04 3.792300000000000000e+04 3.792400000000000000e+04 3.792500000000000000e+04 3.792600000000000000e+04 3.792700000000000000e+04 3.792800000000000000e+04 3.792900000000000000e+04 3.793000000000000000e+04 3.793100000000000000e+04 3.793200000000000000e+04 7.736900000000000000e+04 7.737100000000000000e+04 7.737300000000000000e+04 7.737500000000000000e+04 7.737700000000000000e+04 7.737900000000000000e+04 7.738100000000000000e+04 7.738300000000000000e+04 7.738500000000000000e+04 7.738700000000000000e+04 7.738900000000000000e+04 3.794400000000000000e+04 3.794500000000000000e+04
-1.000000000000000000e+00 3.771100000000000000e+04 7.712700000000000000e+04 7.712900000000000000e+04 7.713100000000000000e+04 7.713300000000000000e+04 7.713500000000000000e+04 7.713700000000000000e+04 7.713900000000000000e+04 7.714100000000000000e+04 7.714300000000000000e+04 3.772100000000000000e+04 3.772200000000000000e+04 3.772300000000000000e+04 3.772400000000000000e+04 3.772500000000000000e+04 3.772600000000000000e+04 3.772700000000000000e+04 3.772800000000000000e+04 3.772900000000000000e+04 7.716000000000000000e+04 7.716200000000000000e+04 3.773200000000000000e+04 3.773300000000000000e+04 3.773400000000000000e+04 7.717300000000000000e+04 7.717500000000000000e+04 7.717700000000000000e+04 7.717900000000000000e+04 7.718100000000000000e+04 7.718300000000000000e+04 7.718500000000000000e+04 7.718700000000000000e+04 7.718900000000000000e+04 7.719100000000000000e+04 3.774500000000000000e+04 3.774600000000000000e+04
-1.000000000000000000e+00 3.751200000000000000e+04 7.692900000000000000e+04 7.693100000000000000e+04 7.693300000000000000e+04 7.693500000000000000e+04 7.693700000000000000e+04 7.693900000000000000e+04 7.694100000000000000e+04 7.694300000000000000e+04 7.694500000000000000e+04 3.752200000000000000e+04 3.752300000000000000e+04 3.752400000000000000e+04 3.752500000000000000e+04 3.752600000000000000e+04 3.752700000000000000e+04 3.752800000000000000e+04 3.752900000000000000e+04 7.696000000000000000e+04 7.696200000000000000e+04 7.696400000000000000e+04 7.696600000000000000e+04 3.753400000000000000e+04 3.753500000000000000e+04 7.697500000000000000e+04 7.697700000000000000e+04 7.697900000000000000e+04 7.698100000000000000e+04 7.698300000000000000e+04 7.698500000000000000e+04 7.698700000000000000e+04 7.698900000000000000e+04 7.699100000000000000e+04 7.699300000000000000e+04 7.699500000000000000e+04 3.754700000000000000e+04
-1.000000000000000000e+00 3.731300000000000000e+04 7.673100000000000000e+04 7.673300000000000000e+04 7.673500000000000000e+04 7.673700000000000000e+04 7.673900000000000000e+04 7.674100000000000000e+04 7.674300000000000000e+04 7.674500000000000000e+04 7.674700000000000000e+04 7.674900000000000000e+04 3.732400000000000000e+04 3.732500000000000000e+04 3.732600000000000000e+04 3.732700000000000000e+04 3.732800000000000000e+04 3.732900000000000000e+04 7.676000000000000000e+04 7.676200000000000000e+04 7.676400000000000000e+04 7.676600000000000000e+04 7.676800000000000000e+04 3.733500000000000000e+04 3.733600000000000000e+04 7.677700000000000000e+04 7.677900000000000000e+04 7.678100000000000000e+04 7.678300000000000000e+04 7.678500000000000000e+04 7.678700000000000000e+04 7.678900000000000000e+04 7.679100000000000000e+04 7.679300000000000000e+04 7.679500000000000000e+04 7.679700000000000000e+04 3.734800000000000000e+04
-1.000000000000000000e+00 7.653100000000000000e+04 7.653300000000000000e+04 7.653500000000000000e+04 7.653700000000000000e+04 7.653900000000000000e+04 7.654100000000000000e+04 7.654300000000000000e+04 7.654500000000000000e+04 7.654700000000000000e+04 7.654900000000000000e+04 7.655100000000000000e+04 3.712500000000000000e+04 3.712600000000000000e+04 3.712700000000000000e+04 3.712800000000000000e+04 3.712900000000000000e+04 3.713000000000000000e+04 7.656200000000000000e+04 7.656400000000000000e+04 7.656600000000000000e+04 7.656800000000000000e+04 7.657000000000000000e+04 3.713600000000000000e+04 3.713700000000000000e+04 7.657900000000000000e+04 7.658100000000000000e+04 7.658300000000000000e+04 7.658500000000000000e+04 7.658700000000000000e+04 7.658900000000000000e+04 7.659100000000000000e+04 7.659300000000000000e+04 7.659500000000000000e+04 7.659700000000000000e+04 7.659900000000000000e+04 7.660100000000000000e+04
-1.000000000000000000e+00 7.633300000000000000e+04 7.633500000000000000e+04 7.633700000000000000e+04 7.633900000000000000e+04 7.634100000000000000e+04 7.634300000000000000e+04 7.634500000000000000e+04 7.634700000000000000e+04 7.634900000000000000e+04 7.635100000000000000e+04 7.635300000000000000e+04 7.635500000000000000e+04 3.692700000000000000e+04 3.692800000000000000e+04 3.692900000000000000e+04 3.693000000000000000e+04 7.636200000000000000e+04 7.636400000000000000e+04 7.636600000000000000e+04 7.636800000000000000e+04 7.637000000000000000e+04 7.637200000000000000e+04 7.637400000000000000e+04 3.693800000000000000e+04 7.638100000000000000e+04 7.638300000000000000e+04 7.638500000000000000e+04 7.638700000000000000e+04 7.638900000000000000e+04 7.639100000000000000e+04 7.639300000000000000e+04 7.639500000000000000e+04 7.639700000000000000e+04 7.639900000000000000e+04 7.640100000000000000e+04 7.640300000000000000e+04
-1.000000000000000000e+00 7.613500000000000000e+04 7.613700000000000000e+04 7.613900000000000000e+04 7.614100000000000000e+04 7.614300000000000000e+04 7.614500000000000000e+04 7.614700000000000000e+04 7.614900000000000000e+04 7.615100000000000000e+04 7.615300000000000000e+04 7.615500000000000000e+04 7.615700000000000000e+04 3.672800000000000000e+04 3.672900000000000000e+04 3.673000000000000000e+04 3.673100000000000000e+04 7.616400000000000000e+04 7.616600000000000000e+04 7.616800000000000000e+04 7.617000000000000000e+04 7.617200000000000000e+04 7.617400000000000000e+04 7.617600000000000000e+04 3.673900000000000000e+04 7.618300000000000000e+04 7.618500000000000000e+04 7.618700000000000000e+04 7.618900000000000000e+04 3.684400000000000000e+04 3.684500000000000000e+04 7.619500000000000000e+04 7.619700000000000000e+04 7.619900000000000000e+04 7.620100000000000000e+04 7.620300000000000000e+04 7.620500000000000000e+04
-1.000000000000000000e+00 7.593700000000000000e+04 7.593900000000000000e+04 7.594100000000000000e+04 7.594300000000000000e+04 7.594500000000000000e+04 7.594700000000000000e+04 7.594900000000000000e+04 7.595100000000000000e+04 7.595300000000000000e+04 7.595500000000000000e+04 7.595700000000000000e+04 7.595900000000000000e+04 3.652900000000000000e+04 3.653000000000000000e+04 3.653100000000000000e+04 3.653200000000000000e+04 7.596600000000000000e+04 7.596800000000000000e+04 7.597000000000000000e+04 7.597200000000000000e+04 7.597400000000000000e+04 7.597600000000000000e+04 7.597800000000000000e+04 3.654000000000000000e+04 7.598500000000000000e+04 7.598700000000000000e+04 7.598900000000000000e+04 3.664400000000000000e+04 3.664500000000000000e+04 3.664600000000000000e+04 3.664700000000000000e+04 3.664800000000000000e+04 7.600100000000000000e+04 7.600300000000000000e+04 7.600500000000000000e+04 7.600700000000000000e+04
-1.000000000000000000e+00 7.573900000000000000e+04 7.574100000000000000e+04 3.642000000000000000e+04 3.642100000000000000e+04 3.642200000000000000e+04 3.642300000000000000e+04 3.642400000000000000e+04 7.575300000000000000e+04 7.575500000000000000e+04 7.575700000000000000e+04 7.575900000000000000e+04 7.576100000000000000e+04 7.576300000000000000e+04 3.633100000000000000e+04 3.633200000000000000e+04 3.633300000000000000e+04 7.576800000000000000e+04 7.577000000000000000e+04 7.577200000000000000e+04 7.577400000000000000e+04 7.577600000000000000e+04 7.577800000000000000e+04 7.578000000000000000e+04 3.634100000000000000e+04 7.578700000000000000e+04 7.578900000000000000e+04 7.579100000000000000e+04 3.644500000000000000e+04 3.644600000000000000e+04 3.644700000000000000e+04 3.644800000000000000e+04 3.644900000000000000e+04 3.645000000000000000e+04 3.645100000000000000e+04 7.580700000000000000e+04 7.580900000000000000e+04
