BlockUplift_2Ma_1kryTimeStep_2mmyr_k_0.0001_m_0.5_n_1.0_LinDiffusion_0.5_6x3km_30mRes_topographic__elevation.txt
nrows 100
cellsize 30.0
xllcorner 0.0
ncols 200
yllcorner 0.0
[rows 34 to 50 of 100, columns 37 to 73 of 200]
1.661848791536917815e+02 1.628073564691353283e+02 1.614398843898737255e+02 1.622429190226243350e+02 1.650969843762258336e+02 1.696426406415146459e+02 1.753896727656215262e+02 1.818443878596130787e+02 1.886033090387389848e+02 1.953870700269248459e+02 2.020198232156766380e+02 2.083788398716857557e+02 2.143414067244996772e+02 2.197480995542314304e+02 2.243915901954890160e+02 2.280323278737354826e+02 2.304362152372238199e+02 2.314235842753170971e+02 2.309144053784542336e+02 2.289545082980762061e+02 2.257133092291544472e+02 2.214533966328544921e+02 2.164817907268414388e+02 2.110974062395200406e+02 2.055479367060270022e+02 2.000042928523381249e+02 1.945555517322542869e+02 1.892244001807540599e+02 1.840016670649887374e+02 1.788959249548661319e+02 1.739879746575684010e+02 1.694716605388205721e+02 1.656581257886267906e+02 1.629280743072362725e+02 1.616379449269871316e+02 1.620120379348132928e+02 1.640665825190451415e+02
1.672313003605675306e+02 1.639679946766046612e+02 1.626746046844104114e+02 1.635128900193834625e+02 1.663616209344939421e+02 1.708579897946681854e+02 1.765101521800391708e+02 1.828272752857648413e+02 1.894134269129724260e+02 1.959990131511854372e+02 2.024166040356320195e+02 2.085477172433990916e+02 2.142688071090024948e+02 2.194156387166244997e+02 2.237745993793797084e+02 2.271014174450574217e+02 2.291615082606380156e+02 2.297804498869332974e+02 2.288890211645683053e+02 2.265476423546564604e+02 2.229414183999772376e+02 2.183472061039996390e+02 2.130834086232415530e+02 2.074572809431143128e+02 2.017225288730717239e+02 1.960545623217387572e+02 1.905457346742937261e+02 1.852203615102883418e+02 1.800683250740849246e+02 1.750936289992468176e+02 1.703680618324443117e+02 1.660716575515127147e+02 1.624972390869305059e+02 1.600037548369765830e+02 1.589243724821485841e+02 1.594612465745392740e+02 1.616125858352256728e+02
1.678867351769808351e+02 1.647326258827215213e+02 1.635020925900267059e+02 1.643626742347803429e+02 1.671968412409798361e+02 1.716428128454687680e+02 1.772088600397623850e+02 1.834057593632611827e+02 1.898418735467431020e+02 1.962538706660638184e+02 2.024805903173129593e+02 2.084078969511649575e+02 2.139137402708053912e+02 2.188328819265392440e+02 2.229495476307970137e+02 2.260179027794795275e+02 2.278039400662184164e+02 2.281367380031053926e+02 2.269532331078556524e+02 2.243214722719311567e+02 2.204341002885428509e+02 2.155742502828489933e+02 2.100650853691667237e+02 2.042178163831784445e+02 1.982905067741106961e+02 1.924643186508475310e+02 1.868389516979495966e+02 1.814468360103199132e+02 1.762850017535232610e+02 1.713613329665530784e+02 1.667458427607110139e+02 1.626092662262923056e+02 1.592269671232972996e+02 1.569334883641660099e+02 1.560338926339949239e+02 1.567032722178731206e+02 1.589188502564725809e+02
1.677968570538778579e+02 1.647515060909462932e+02 1.635849689596670373e+02 1.644725969087766373e+02 1.673036539452360500e+02 1.717199528486476936e+02 1.772304523700248922e+02 1.833456648987152562e+02 1.896747683885004392e+02 1.959572520402518592e+02 2.020364158566884214e+02 2.078031472344462429e+02 2.131399426101175720e+02 2.178850896858853048e+02 2.218253251042108047e+02 2.247166447536989153e+02 2.263265375973168432e+02 2.264853425334835038e+02 2.251307877224791980e+02 2.223308284267292265e+02 2.182768703846823541e+02 2.132498964146203377e+02 2.075709080317196538e+02 2.015503587147292706e+02 1.954484608050608472e+02 1.894524740609659830e+02 1.836722610293313380e+02 1.781534120425224614e+02 1.729068508652931371e+02 1.679518713249725863e+02 1.633637874612354324e+02 1.593093932581556658e+02 1.560493809636495541e+02 1.538940604802897099e+02 1.531188079231311576e+02 1.538697617309050258e+02 1.561023457379773163e+02
1.667035172927969597e+02 1.637732557354079290e+02 1.626850632422438707e+02 1.636208666486652135e+02 1.664767578924322606e+02 1.708986437132558081e+02 1.763959896937569454e+02 1.824775635234832691e+02 1.887509539753410195e+02 1.949562822318009978e+02 2.009405601229420313e+02 2.066010693141676597e+02 2.118282140269739386e+02 2.164683238188020482e+02 2.203150665674644983e+02 2.231292504922093656e+02 2.246802828030020009e+02 2.247970249244520176e+02 2.234122372677153407e+02 2.205858889667515257e+02 2.164994864136897945e+02 2.114238364627843794e+02 2.056714017245069783e+02 1.995475993715503478e+02 1.933126076034504024e+02 1.871595060599866258e+02 1.812097792869339514e+02 1.755252549892106799e+02 1.701352426554223030e+02 1.650759108313947365e+02 1.604336066660327447e+02 1.563763849635314500e+02 1.531543470748500226e+02 1.510563995231714500e+02 1.503301810907573497e+02 1.510945827930781320e+02 1.532852091990446581e+02
1.644969754876752290e+02 1.616929840837439372e+02 1.607058770454211469e+02 1.617198738075723838e+02 1.646351595882764798e+02 1.691006224805182683e+02 1.746259957007928847e+02 1.807181119707732364e+02 1.869825586317497539e+02 1.931598360580106544e+02 1.991012344103552039e+02 2.047122673604163481e+02 2.098943100329970832e+02 2.145054553237523578e+02 2.183497425243431280e+02 2.211948654050468690e+02 2.228119031127831988e+02 2.230251648952184382e+02 2.217567213996489386e+02 2.190510881513359607e+02 2.150720124833379714e+02 2.100731975619254968e+02 2.043534152583570744e+02 1.982098485564735881e+02 1.919010602714261040e+02 1.856254832616116062e+02 1.795165224312222847e+02 1.736532239326921569e+02 1.680850345843560376e+02 1.628675949166849364e+02 1.581016758817734456e+02 1.539606220746490521e+02 1.506884630424694365e+02 1.485576387339861810e+02 1.477933458597717902e+02 1.484926732802880736e+02 1.505765208538521733e+02
1.612237988338362982e+02 1.585571936115906340e+02 1.576940339504277517e+02 1.588146703571254648e+02 1.618189801450274672e+02 1.663569946398267803e+02 1.719390527823991874e+02 1.780715549417385262e+02 1.843598507376886459e+02 1.905464615558343553e+02 1.964885701827018636e+02 2.021017749949921551e+02 2.073006431497663868e+02 2.119574415976993862e+02 2.158886663720905972e+02 2.188699065314869756e+02 2.206730883961598408e+02 2.211148595005662116e+02 2.201013508340070928e+02 2.176550516781775571e+02 2.139153101675939581e+02 2.091132354758115355e+02 2.035302726698020024e+02 1.974535630594049280e+02 1.911394629195536083e+02 1.847915768443584454e+02 1.785548625742869149e+02 1.725248667631354635e+02 1.667703568972119115e+02 1.613660373295967929e+02 1.564276924307193042e+02 1.521360957425840184e+02 1.487333079301639884e+02 1.464814945341490500e+02 1.455913291172035997e+02 1.461467724983784819e+02 1.480619921682853146e+02
1.570535388389275795e+02 1.545299375612756592e+02 1.538055526530243071e+02 1.550504733634071783e+02 1.581596413863047985e+02 1.627825819621866970e+02 1.684314408916169157e+02 1.746151371245055088e+02 1.809421583581733444e+02 1.871599232401898121e+02 1.931335808970895869e+02 1.987902572214893837e+02 2.040588555544149756e+02 2.088268578983536088e+02 2.129240356784284813e+02 2.161340258301161725e+02 2.182284939435972149e+02 2.190136245681599405e+02 2.183751589452469091e+02 2.163081169942274755e+02 2.129221068003664072e+02 2.084215080977467380e+02 2.030681439290397066e+02 1.971385632245448960e+02 1.908873705341903531e+02 1.845237905469699058e+02 1.782039368210904513e+02 1.720382648183550316e+02 1.661123142035666831e+02 1.605170891848331962e+02 1.553814747273474950e+02 1.508937761009296139e+02 1.472971709246537273e+02 1.448500188078701854e+02 1.437578062444603688e+02 1.441020337704664200e+02 1.457999038693331499e+02
1.522225640621194032e+02 1.498385252250262170e+02 1.492546888078818768e+02 1.506257869574983488e+02 1.538382185280771068e+02 1.585401467319214817e+02 1.642474432979058463e+02 1.704752113092299624e+02 1.768390708496526713e+02 1.830945404762895237e+02 1.891166835040105241e+02 1.948450000501322279e+02 2.002229470348230791e+02 2.051532446915867354e+02 2.094789104698327833e+02 2.129913203278595120e+02 2.154608220507339240e+02 2.166809027872203615e+02 2.165134252628184299e+02 2.149216471479792858e+02 2.119812274176967719e+02 2.078666699824140665e+02 2.028187214235521481e+02 1.971035537645713021e+02 1.909752275296774542e+02 1.846497392056319597e+02 1.782944580088755799e+02 1.720332274579582759e+02 1.659652873309359506e+02 1.601940532153311949e+02 1.548580767891886296e+02 1.501517451942735590e+02 1.463212406816917621e+02 1.436269786767470578e+02 1.422785518218926484e+02 1.423659043026184747e+02 1.438191501932048197e+02
1.469778608463798548e+02 1.447202184869047983e+02 1.442648509954252916e+02 1.457482615978137517e+02 1.490464164595849752e+02 1.538062283828168120e+02 1.595495096515105047e+02 1.658010772826029893e+02 1.721873383920304263e+02 1.784746959782274018e+02 1.845496126071295464e+02 1.903643000973981714e+02 1.958764438768843092e+02 2.010035055648731657e+02 2.056013261617494834e+02 2.094685814007222575e+02 2.123734955752453573e+02 2.140952914347317630e+02 2.144694476544462418e+02 2.134242451660216773e+02 2.109981065493938672e+02 2.073331176109056742e+02 2.026477906614853168e+02 1.971982931547838689e+02 1.912395899988592589e+02 1.849960759480375430e+02 1.786471772711262531e+02 1.723293712096931074e+02 1.661531211357608129e+02 1.602305902356625040e+02 1.547063304645693051e+02 1.497787060765402032e+02 1.456978138200059618e+02 1.427307749925915914e+02 1.410991772211858688e+02 1.409107332957550227e+02 1.421166489446602270e+02
1.415377916482759701e+02 1.393851571332825472e+02 1.390347286426249411e+02 1.406042766575108089e+02 1.439592313231046319e+02 1.487461715169645800e+02 1.544949255682977309e+02 1.607428168853984687e+02 1.671297812202065245e+02 1.734351103666867289e+02 1.795576225343007764e+02 1.854622610388061048e+02 1.911203972841389316e+02 1.964635364160814959e+02 2.013597459531448521e+02 2.056145260516296673e+02 2.089934283226777438e+02 2.112604856073513417e+02 2.122232542007931215e+02 2.117728929799108357e+02 2.099081715705679017e+02 2.067366577596158379e+02 2.024534483465743051e+02 1.973047688541475679e+02 1.915476520884284639e+02 1.854165559467679429e+02 1.791042868231886871e+02 1.727601747355697341e+02 1.665046593471649032e+02 1.604561863143451319e+02 1.547625068548377953e+02 1.496241187920740288e+02 1.452953908947032460e+02 1.420533277106632113e+02 1.401370681801132037e+02 1.396785107157667483e+02 1.406551447437498155e+02
1.360763586424046707e+02 1.340009723724131447e+02 1.337239456550163368e+02 1.353456866756792749e+02 1.387223817318547674e+02 1.435016910493021101e+02 1.492231443703379625e+02 1.554384246758529571e+02 1.618026895736717279e+02 1.681092891861981116e+02 1.742698370071473732e+02 1.802617453186554428e+02 1.860693201884080281e+02 1.916371627693178539e+02 1.968446919615108186e+02 2.015035944901779317e+02 2.053763550146014722e+02 2.082115020483469152e+02 2.097881671418478788e+02 2.099594728168373479e+02 2.086831958672115661e+02 2.060308936697734907e+02 2.021730732115570390e+02 1.973456027719618078e+02 1.918080955770720379e+02 1.858062900565123812e+02 1.795477500886769064e+02 1.731955575491285515e+02 1.668801072257794260e+02 1.607251728867169334e+02 1.548803038888726462e+02 1.495471136486751504e+02 1.449844192000991825e+02 1.414808380813077520e+02 1.392959692238119658e+02 1.385889369001810678e+02 1.393653919854887988e+02
1.307281352798570992e+02 1.286964506447548615e+02 1.284558603382254205e+02 1.300918982397890602e+02 1.334536313458299617e+02 1.381914250850066992e+02 1.438557497715303271e+02 1.500136305200282436e+02 1.563361612444679736e+02 1.626310601429739506e+02 1.688224950371803175e+02 1.748995113917954995e+02 1.808580282891336424e+02 1.866541901171509039e+02 1.921773326596708387e+02 1.972443633850139690e+02 2.016144250708372851e+02 2.050209328218459177e+02 2.072153481764089804e+02 2.080134121637634905e+02 2.073320662507796612e+02 2.052064022685681550e+02 2.017815030172199897e+02 1.972821162496730949e+02 1.919701596184677044e+02 1.861030248768813635e+02 1.799038920367532057e+02 1.735505585413531264e+02 1.671840592932699678e+02 1.609337226420593083e+02 1.549507767220266317e+02 1.494378052003110042e+02 1.446582065565831385e+02 1.409126796825308645e+02 1.384818066918949171e+02 1.375520279140749835e+02 1.381563973495962614e+02
1.256053600380465411e+02 1.235771268339378537e+02 1.233317444825962212e+02 1.249428698352725888e+02 1.282549330174223599e+02 1.329226122882087679e+02 1.385080946597628895e+02 1.445939049669994745e+02 1.508667567868046149e+02 1.571479381559897490e+02 1.633728065307863346e+02 1.695400821612836637e+02 1.756548803680906019e+02 1.816823466357678001e+02 1.875195557583930395e+02 1.929873516322177807e+02 1.978415342804903503e+02 2.018017519618446443e+02 2.045941318165515668e+02 2.059996584358031555e+02 2.058965713113032621e+02 2.042845975655351083e+02 2.012833745696203493e+02 1.971057335404823050e+02 1.920148927790627624e+02 1.862791897685179094e+02 1.801372561138396122e+02 1.737819454821369618e+02 1.673655665833603905e+02 1.610236928203805746e+02 1.549098072113303033e+02 1.492278069891033851e+02 1.442456490255362098e+02 1.402755508533340958e+02 1.376178465420726980e+02 1.364844593114815723e+02 1.369337591136666390e+02
1.208167476407803349e+02 1.187441210228819415e+02 1.184492561082474111e+02 1.199972189531608109e+02 1.232303762197194033e+02 1.278091003719755179e+02 1.333074419137886935e+02 1.393225474645479665e+02 1.455550646016662881e+02 1.518374662528423187e+02 1.581132642586690054e+02 1.643872832584858088e+02 1.706700101829284790e+02 1.769319843383051420e+02 1.830752395280541407e+02 1.889232293088290930e+02 1.942289966022208603e+02 1.987010091847857325e+02 2.020442275958050971e+02 2.040097382019014560e+02 2.044415142332584310e+02 2.033069778240148651e+02 2.007015433960051496e+02 1.968256587372592321e+02 1.919422997253823837e+02 1.863289047284175979e+02 1.802380491418839483e+02 1.738768110525099928e+02 1.674086460352326355e+02 1.609757482563082363e+02 1.547343876210436235e+02 1.488900381012500702e+02 1.437147881010535286e+02 1.395309908082682000e+02 1.366564767062608610e+02 1.353260630998624663e+02 1.356213789046522891e+02
1.164786684033488342e+02 1.143078363206723935e+02 1.139176692839930780e+02 1.153683262228413327e+02 1.185026553417274187e+02 1.229876051813756561e+02 1.284082304150922482e+02 1.343739396587162958e+02 1.405957922915485767e+02 1.469130665058640091e+02 1.532724727827316258e+02 1.596797425287168437e+02 1.661457369737453860e+02 1.726421420467581243e+02 1.790730652455873440e+02 1.852636354685758420e+02 1.909655848752524605e+02 1.958801124469318324e+02 1.996969596349576079e+02 2.021443193786184338e+02 2.030386247443441050e+02 2.023201379505610760e+02 2.000627732699154251e+02 1.964547705033692750e+02 1.917570460647455093e+02 1.862532798708436417e+02 1.802070630939154228e+02 1.738374052351946091e+02 1.673175483760228985e+02 1.607957743190429767e+02 1.544310123124023164e+02 1.484299978901507586e+02 1.430678986716384884e+02 1.386751838209422942e+02 1.355845133708471337e+02 1.340511613287160344e+02 1.341789079516456127e+02
1.127131282797322882e+02 1.103902614312151798e+02 1.098630480679751003e+02 1.111909431454417216e+02 1.142196461837513084e+02 1.186227096868290829e+02 1.239938874409549072e+02 1.299506288874043491e+02 1.362088633758722835e+02 1.426084113954419195e+02 1.490927434763166559e+02 1.556623861410198515e+02 1.623232667956198725e+02 1.690441704662318045e+02 1.757289371501554172e+02 1.822041688260955254e+02 1.882225816186771397e+02 1.934830216709414685e+02 1.976672235824098323e+02 2.004890843680116177e+02 2.017460728886697723e+02 2.013583005499378089e+02 1.993824327662283622e+02 1.959955485854488870e+02 1.914547419027697401e+02 1.860463681573468477e+02 1.800408755077356489e+02 1.736654661067714756e+02 1.671004104980663669e+02 1.604983355241856771e+02 1.540196936747593952e+02 1.478713110548403904e+02 1.423296710344167764e+02 1.377308759893275294e+02 1.344197304519979639e+02 1.326701274327586475e+02 1.326081052672918190e+02
