BlockTilt_5Ma_1mmyr_m1_n5_k1Minus5_10kyrTimeStep_wLinDiffp5_30mRes_7p5kmBy15km.txt
nrows 250
cellsize 30.0
xllcorner 0.0
ncols 500
yllcorner 0.0
[rows 17 to 33 of 250, columns 296 to 332 of 500]
2.920741609749808049e+03 2.917673796258497077e+03 2.914610096718683053e+03 2.911551102216967593e+03 2.908497366952899029e+03 2.905449413216370885e+03 2.902407736225657573e+03 2.899372808767644528e+03 2.896345085583119726e+03 2.893325007442847891e+03 2.890313004866389292e+03 2.887309501448022274e+03 2.884314916775443635e+03 2.881329668957781450e+03 2.878354176814607399e+03 2.875388861801126950e+03 2.872434149725676889e+03 2.869490472210232383e+03 2.866558267625413009e+03 2.863637980990002688e+03 2.860730062482078665e+03 2.857834965651810307e+03 2.854953149811917683e+03 2.852085094220432438e+03 2.849231326679030644e+03 2.846392449845853207e+03 2.843569140962487836e+03 2.840762184847334083e+03 2.837972801863704717e+03 2.835203561481774159e+03 2.832459494142768563e+03 2.829747869052543592e+03 2.827075285594624347e+03 2.824443429900811225e+03 2.821847347917999286e+03 2.819278281296831665e+03 2.816728520384168860e+03
2.901362408526109903e+03 2.898264369972303484e+03 2.895171349045587704e+03 2.892083869102276367e+03 2.889002414355270503e+03 2.885927435215503920e+03 2.882859353510632900e+03 2.879798567514999831e+03 2.876745456726264365e+03 2.873700386327206616e+03 2.870663711277992206e+03 2.867635779997278405e+03 2.864616937612753645e+03 2.861607528793514575e+03 2.858607900212890854e+03 2.855618402715009779e+03 2.852639393240689515e+03 2.849671236464557296e+03 2.846714305878106643e+03 2.843768983813514751e+03 2.840835660058030498e+03 2.837914730140118081e+03 2.835006597729575333e+03 2.832111688712177511e+03 2.829230479548576568e+03 2.826363523340143274e+03 2.823511449450889813e+03 2.820674996017535250e+03 2.817855335044848289e+03 2.815054978593151191e+03 2.812278881779119729e+03 2.809534221590165089e+03 2.806827509095375262e+03 2.804160376830338919e+03 2.801527864962492913e+03 2.798921237718773682e+03 2.796332802331368384e+03
2.881551716727782605e+03 2.878423903087845702e+03 2.875302068979364321e+03 2.872186670316122672e+03 2.869078121186452790e+03 2.865976799580880197e+03 2.862883053019393174e+03 2.859797204003820298e+03 2.856719555222071449e+03 2.853650394434329883e+03 2.850589998978568929e+03 2.847538639846565729e+03 2.844496585304635573e+03 2.841464104066099026e+03 2.838441468059730596e+03 2.835428954864302796e+03 2.832426849863167263e+03 2.829435448071181327e+03 2.826455055371890012e+03 2.823485988665355762e+03 2.820528574580196164e+03 2.817583147820601425e+03 2.814650053548751657e+03 2.811729661294735706e+03 2.808822392986902287e+03 2.805928748688555061e+03 2.803049306100263948e+03 2.800184752529472917e+03 2.797336206475804829e+03 2.794506114610750956e+03 2.791699343682237213e+03 2.788922960940538360e+03 2.786183373417097755e+03 2.783482155170179794e+03 2.780814350128492606e+03 2.778171262816083981e+03 2.775545232698023028e+03
2.861369155402809156e+03 2.858212176562900368e+03 2.855062198309983614e+03 2.851919609914110879e+03 2.848784755664938075e+03 2.845657941006224064e+03 2.842539438599185814e+03 2.839429494230497312e+03 2.836328332481767120e+03 2.833236162080844679e+03 2.830153180863019770e+03 2.827079580284681924e+03 2.824015549455929431e+03 2.820961278692373071e+03 2.817916962624698044e+03 2.814882802931673268e+03 2.811859010747838511e+03 2.808845808697939447e+03 2.805843432299207507e+03 2.802852130238326481e+03 2.799872163181392352e+03 2.796903802176283079e+03 2.793947330999441419e+03 2.791003059858747292e+03 2.788071353025732606e+03 2.785152654179180445e+03 2.782247485779886574e+03 2.779356480452815504e+03 2.776480698518773806e+03 2.773622514202193088e+03 2.770786694529277611e+03 2.767980181842982802e+03 2.765209265441278603e+03 2.762475456336553179e+03 2.759773809809303657e+03 2.757095685148578923e+03 2.754433466465964557e+03
2.840870122832927791e+03 2.837684726936454808e+03 2.834507412782987103e+03 2.831338504323943653e+03 2.828178276853001535e+03 2.825026963566338964e+03 2.821884762088998741e+03 2.818751840872211687e+03 2.815628345367237216e+03 2.812514403884826606e+03 2.809410133057548137e+03 2.806315642837394535e+03 2.803231040985909203e+03 2.800156437048836324e+03 2.797091945846783801e+03 2.794037690541903885e+03 2.790993805328057078e+03 2.787960437695672226e+03 2.784937750015592883e+03 2.781925919955951031e+03 2.778925139396138547e+03 2.775935612885194132e+03 2.772957559942798980e+03 2.769991228524064354e+03 2.767036922199093169e+03 2.764095025052673009e+03 2.761166000925974458e+03 2.758250424170600581e+03 2.755349292666336169e+03 2.752464901936794377e+03 2.749601909426275142e+03 2.746767119488862591e+03 2.743966691810313478e+03 2.741202070091168025e+03 2.738468326849809273e+03 2.735756887748145346e+03 2.733060191384260634e+03
2.820105866379174586e+03 2.816892918184058544e+03 2.813689193928070381e+03 2.810494954114364646e+03 2.807310406336887354e+03 2.804135712283115481e+03 2.800970994749533475e+03 2.797816344562416361e+03 2.794671827296696847e+03 2.791537489689171707e+03 2.788413365650759260e+03 2.785299481798388570e+03 2.782195862452825622e+03 2.779102534084607214e+03 2.776019529230999069e+03 2.772946889936971274e+03 2.769884670762825863e+03 2.766832941308147383e+03 2.763791787999522967e+03 2.760761314663868689e+03 2.757741641558036918e+03 2.754732903889416775e+03 2.751735254067415553e+03 2.748748874908174002e+03 2.745774006318898046e+03 2.742810969712715632e+03 2.739860167112170075e+03 2.736922111239071000e+03 2.733997733632877498e+03 2.731089245574532470e+03 2.728201186395655895e+03 2.725340211249348613e+03 2.722512339968579909e+03 2.719718944973155885e+03 2.716955120419386731e+03 2.714212367437665762e+03 2.711483186698515055e+03
2.799123588150389423e+03 2.795884047657472365e+03 2.792654935230363662e+03 2.789436450362250980e+03 2.786228734757627080e+03 2.783031879791698429e+03 2.779845934039938584e+03 2.776670910756723060e+03 2.773506795181434882e+03 2.770353551553671878e+03 2.767211129727901152e+03 2.764079471294401628e+03 2.760958515140032432e+03 2.757848202419400423e+03 2.754748480949130681e+03 2.751659309069799292e+03 2.748580659012156957e+03 2.745512519715046437e+03 2.742454898845389380e+03 2.739407823550326157e+03 2.736371339619453011e+03 2.733345510078807365e+03 2.730330417394593951e+03 2.727326176403294994e+03 2.724332960467994326e+03 2.721351025375302015e+03 2.718380708294991564e+03 2.715422457173331622e+03 2.712477133634204165e+03 2.709546859810351179e+03 2.706636049581297812e+03 2.703751199367476147e+03 2.700898180391399819e+03 2.698078290118045516e+03 2.695286647452227953e+03 2.692514835888200651e+03 2.689755423787869404e+03
2.777966578225537887e+03 2.774701479810889396e+03 2.771448076318390122e+03 2.768206509263714906e+03 2.764976856810401841e+03 2.761759141696922597e+03 2.758553339303720804e+03 2.755359385724088497e+03 2.752177185701164944e+03 2.749006620296160236e+03 2.745847554161728112e+03 2.742699842311532848e+03 2.739563336304713175e+03 2.736437889802261907e+03 2.733323363496023376e+03 2.730219629444823568e+03 2.727126574847090069e+03 2.724044105194184795e+03 2.720972146557417545e+03 2.717910646547267788e+03 2.714859573630494197e+03 2.711818915813379135e+03 2.708788682804292876e+03 2.705768918661099178e+03 2.702759727395019581e+03 2.699761296323086299e+03 2.696773894877537714e+03 2.693797903273759403e+03 2.690834109937150515e+03 2.687884543519779072e+03 2.684953486181866992e+03 2.682047267594035930e+03 2.679171602956752395e+03 2.676327711400636417e+03 2.673510738578504515e+03 2.670712355325801582e+03 2.667925201607772578e+03
2.756674369794913218e+03 2.753384802051608403e+03 2.750108259479614844e+03 2.746844829273398773e+03 2.743594528970078500e+03 2.740357314851262799e+03 2.737133090568877378e+03 2.733921715842302092e+03 2.730723015071171176e+03 2.727536785710355616e+03 2.724362806262396134e+03 2.721200843760334465e+03 2.718050660642536968e+03 2.714912020960788595e+03 2.711784695908329013e+03 2.708668468690541886e+03 2.705563138758896457e+03 2.702468525348143430e+03 2.699384470071759552e+03 2.696310838122597488e+03 2.693247517772414085e+03 2.690194419164820374e+03 2.687151476447825189e+03 2.684118660136182370e+03 2.681096002145712646e+03 2.678083618580515122e+03 2.675081708385095226e+03 2.672090581261389616e+03 2.669110949419179178e+03 2.666144744216211620e+03 2.663196110793711341e+03 2.660271205422316598e+03 2.657375581092799621e+03 2.654510375517430020e+03 2.651670762147905862e+03 2.648848502476721933e+03 2.646036310514132310e+03
2.735282911180123392e+03 2.731969997649402558e+03 2.728671503412443144e+03 2.725387465655648157e+03 2.722117844801640786e+03 2.718862533388243264e+03 2.715621365271609648e+03 2.712394124982763969e+03 2.709180557062080879e+03 2.705980375197375452e+03 2.702793270999821289e+03 2.699618922269987706e+03 2.696457000635944041e+03 2.693307178486522844e+03 2.690169135170126083e+03 2.687042562467948301e+03 2.683927169351802604e+03 2.680822685961045408e+03 2.677728866554861725e+03 2.674645490995024375e+03 2.671572364460868812e+03 2.668509316377050254e+03 2.665456202531653616e+03 2.662412917156529147e+03 2.659379417381710482e+03 2.656355745441894669e+03 2.653342027163936109e+03 2.650338499110711382e+03 2.647345794502009994e+03 2.644365744058858127e+03 2.641402351477925095e+03 2.638461594213930766e+03 2.635548857974127714e+03 2.632665196265361828e+03 2.629805810588589338e+03 2.626962554981541416e+03 2.624128218686950277e+03
2.713824750250287707e+03 2.710489631198053758e+03 2.707170389684460133e+03 2.703867017893921002e+03 2.700579423278652939e+03 2.697307437911425495e+03 2.694050828280895985e+03 2.690809305339204002e+03 2.687582534604522607e+03 2.684370146121033940e+03 2.681171744086807848e+03 2.677986915978440265e+03 2.674815241031923506e+03 2.671656297981905936e+03 2.668509672010890426e+03 2.665374960901116083e+03 2.662251780386968676e+03 2.659139768635407563e+03 2.656038589610921008e+03 2.652947934887780775e+03 2.649867523619256190e+03 2.646797101630169891e+03 2.643736443540702567e+03 2.640685364573002971e+03 2.637643744421667179e+03 2.634611548868979298e+03 2.631588828100426781e+03 2.628575743056424471e+03 2.625572845414476888e+03 2.622581862345047739e+03 2.619606652464466606e+03 2.616653010109395836e+03 2.613726149643370718e+03 2.610827037878854298e+03 2.607950903950799329e+03 2.605089695115800168e+03 2.602236275979638322e+03
2.692329227273538436e+03 2.688973042645989153e+03 2.685634257891978450e+03 2.682312825931878706e+03 2.679008606061797764e+03 2.675721373769807087e+03 2.672450831133769043e+03 2.669196617589362631e+03 2.665958320847093546e+03 2.662735487735001243e+03 2.659527634750932521e+03 2.656334258126719760e+03 2.653154843238116882e+03 2.649988873238647102e+03 2.646835836847181781e+03 2.643695235263285667e+03 2.640566588193602911e+03 2.637449438907990043e+03 2.634343358080885082e+03 2.631247945987592175e+03 2.628162832772707134e+03 2.625087677742687447e+03 2.622022171520252414e+03 2.618966047590799917e+03 2.615919105590987328e+03 2.612881232327058115e+03 2.609852399911436351e+03 2.606832691306589368e+03 2.603822574298211293e+03 2.600823669981808962e+03 2.597839688970271709e+03 2.594876239183712187e+03 2.591938360503520016e+03 2.589026930857389289e+03 2.586137206055759179e+03 2.583261226227096813e+03 2.580391930593817960e+03
2.670822672729606893e+03 2.667446546401424257e+03 2.664089406006263289e+03 2.660751171711784991e+03 2.657431660183604436e+03 2.654130594846438271e+03 2.650847616888945595e+03 2.647582296778347427e+03 2.644334146037568644e+03 2.641102629033163794e+03 2.637887174528167634e+03 2.634687186772305722e+03 2.631502055934316559e+03 2.628331167727096272e+03 2.625173912130496319e+03 2.622029691164158976e+03 2.618897925676536943e+03 2.615778061057955256e+03 2.612669571630613518e+03 2.609571963291098655e+03 2.606484774129671223e+03 2.603407573963734194e+03 2.600339966552825445e+03 2.597281600903741946e+03 2.594232193985208596e+03 2.591191551148378494e+03 2.588159564078355288e+03 2.585136235517726618e+03 2.582121947194972563e+03 2.579118211959123983e+03 2.576128590138048366e+03 2.573158500839060707e+03 2.570212807159879503e+03 2.567292296250876007e+03 2.564392249206714496e+03 2.561504797836068519e+03 2.558622954518066308e+03
2.649328607061528146e+03 2.645933632471520923e+03 2.642559292847773577e+03 2.639205482933651183e+03 2.635871983045154138e+03 2.632558469748602874e+03 2.629264527469907534e+03 2.625989660777625431e+03 2.622733307064347173e+03 2.619494849343383976e+03 2.616273628881805962e+03 2.613068957408671849e+03 2.609880128670217346e+03 2.606706429151457087e+03 2.603547147840352409e+03 2.600401584961946810e+03 2.597269059628558807e+03 2.594148916300634482e+03 2.591040529806703489e+03 2.587943308502581658e+03 2.584856695300402407e+03 2.581780167490051099e+03 2.578713239050264747e+03 2.575655471736908112e+03 2.572606497237655731e+03 2.569566036998474374e+03 2.566533899985130574e+03 2.563510006577141212e+03 2.560494650445928983e+03 2.557489234340618623e+03 2.554497166597671821e+03 2.551523675923677729e+03 2.548573447089091133e+03 2.545647174869881383e+03 2.542740163919967017e+03 2.539844635850744908e+03 2.536953674172433693e+03
2.627867939762917558e+03 2.624455167015200004e+03 2.621064740051655463e+03 2.617696536382327395e+03 2.614350307056177826e+03 2.611025687715390177e+03 2.607722210797832759e+03 2.604439318604784603e+03 2.601176376928107402e+03 2.597932688919558132e+03 2.594707508886629512e+03 2.591500055716095176e+03 2.588309525659813971e+03 2.585135104266668350e+03 2.581975977304026856e+03 2.578831340567337520e+03 2.575700408500561480e+03 2.572582421505988350e+03 2.569476651685229172e+03 2.566382406594502754e+03 2.563299030750144539e+03 2.560225905791852711e+03 2.557162452931362168e+03 2.554108143854163700e+03 2.551062522334056666e+03 2.548025223474201084e+03 2.544995971275247030e+03 2.541974601693652403e+03 2.538961318490620670e+03 2.535957412746428872e+03 2.532966139612629377e+03 2.529992536527941411e+03 2.527041109075921668e+03 2.524112458352191425e+03 2.521201910599209896e+03 2.518301774810297957e+03 2.515405203168176740e+03
2.606459165582376500e+03 2.603029590076039312e+03 2.599624131276260869e+03 2.596242658560004656e+03 2.592884901642011755e+03 2.589550461952348087e+03 2.586238825410443951e+03 2.582949376286619554e+03 2.579681411812795432e+03 2.576434157187750316e+03 2.573206780620788777e+03 2.569998408072960501e+03 2.566808137388473824e+03 2.563635051559839212e+03 2.560478230932743827e+03 2.557336764216180654e+03 2.554209758193370817e+03 2.551096345992746592e+03 2.547995693651540932e+03 2.544907004556182528e+03 2.541829521499558268e+03 2.538762527247286471e+03 2.535705347171945050e+03 2.532657360004634029e+03 2.529618018935309919e+03 2.526586870281837037e+03 2.523563550863301771e+03 2.520547810219869916e+03 2.517539760476580341e+03 2.514540579727531622e+03 2.511553369199735698e+03 2.508582974835696859e+03 2.505633722786589715e+03 2.502706119446266712e+03 2.499795510506462051e+03 2.496894289505142751e+03 2.493995674524088827e+03
2.585118555979222037e+03 2.581673108615842011e+03 2.578253606762216350e+03 2.574859921719021258e+03 2.571491770699984954e+03 2.568148728463720090e+03 2.564830240625389251e+03 2.561535638312362153e+03 2.558264153791049921e+03 2.555014936669798772e+03 2.551787070277109251e+03 2.548579587827550768e+03 2.545391488020952693e+03 2.542221749772774729e+03 2.539069345839104699e+03 2.535933255163892227e+03 2.532812473812469761e+03 2.529706024327651903e+03 2.526612963228738863e+03 2.523532386236416642e+03 2.520463430966304713e+03 2.517405277967533948e+03 2.514357153597527031e+03 2.511318340666309723e+03 2.508288199054696634e+03 2.505266183829715828e+03 2.502251842423969720e+03 2.499244836017393482e+03 2.496245183479890784e+03 2.493253948821202357e+03 2.490274079001799237e+03 2.487310228801231460e+03 2.484366545240693085e+03 2.481443439266226960e+03 2.478536273777787756e+03 2.475637523715957741e+03 2.472740470077258578e+03
