BlockUplift_2Ma_1kryTimeStep_2mmyr_k_1e-05_m_0.5_n_1.0_LinDiffusion_0.5_6x3km_30mRes_flow__link_to_receiver_node.txt
nrows 100
cellsize 30.0
xllcorner 0.0
ncols 200
yllcorner 0.0
[rows 68 to 84 of 100, columns 111 to 147 of 200]
1.228000000000000000e+04 1.228100000000000000e+04 1.228200000000000000e+04 1.228300000000000000e+04 1.228400000000000000e+04 1.228500000000000000e+04 1.228600000000000000e+04 1.228700000000000000e+04 1.228800000000000000e+04 1.228900000000000000e+04 1.229000000000000000e+04 1.229100000000000000e+04 1.229200000000000000e+04 1.229300000000000000e+04 1.229400000000000000e+04 1.229500000000000000e+04 1.229600000000000000e+04 1.229700000000000000e+04 1.229800000000000000e+04 1.229900000000000000e+04 1.230000000000000000e+04 1.230100000000000000e+04 1.230200000000000000e+04 1.230300000000000000e+04 1.230400000000000000e+04 1.230500000000000000e+04 1.230600000000000000e+04 1.230700000000000000e+04 1.230800000000000000e+04 1.230900000000000000e+04 1.231000000000000000e+04 1.231100000000000000e+04 1.231200000000000000e+04 1.231300000000000000e+04 1.231400000000000000e+04 1.231500000000000000e+04 1.231600000000000000e+04
1.188100000000000000e+04 1.188200000000000000e+04 1.188300000000000000e+04 1.188400000000000000e+04 1.188500000000000000e+04 1.188600000000000000e+04 1.188700000000000000e+04 1.188800000000000000e+04 1.188900000000000000e+04 1.189000000000000000e+04 1.189100000000000000e+04 1.189200000000000000e+04 1.189300000000000000e+04 1.189400000000000000e+04 1.189500000000000000e+04 1.189600000000000000e+04 1.189700000000000000e+04 1.189800000000000000e+04 1.189900000000000000e+04 1.190000000000000000e+04 1.190100000000000000e+04 1.190200000000000000e+04 1.190300000000000000e+04 1.190400000000000000e+04 1.190500000000000000e+04 1.190600000000000000e+04 1.190700000000000000e+04 1.190800000000000000e+04 1.190900000000000000e+04 1.191000000000000000e+04 1.191100000000000000e+04 1.191200000000000000e+04 1.191300000000000000e+04 1.191400000000000000e+04 1.191500000000000000e+04 1.191600000000000000e+04 1.191700000000000000e+04
1.148200000000000000e+04 1.148300000000000000e+04 1.148400000000000000e+04 1.148500000000000000e+04 1.148600000000000000e+04 1.148700000000000000e+04 1.148800000000000000e+04 1.148900000000000000e+04 1.149000000000000000e+04 1.149100000000000000e+04 1.149200000000000000e+04 1.149300000000000000e+04 1.149400000000000000e+04 1.149500000000000000e+04 1.149600000000000000e+04 1.149700000000000000e+04 1.149800000000000000e+04 1.149900000000000000e+04 1.150000000000000000e+04 1.150100000000000000e+04 1.150200000000000000e+04 1.150300000000000000e+04 1.150400000000000000e+04 1.150500000000000000e+04 1.150600000000000000e+04 1.150700000000000000e+04 1.150800000000000000e+04 1.150900000000000000e+04 1.151000000000000000e+04 1.151100000000000000e+04 1.151200000000000000e+04 1.151300000000000000e+04 1.151400000000000000e+04 1.151500000000000000e+04 1.151600000000000000e+04 1.151700000000000000e+04 1.151800000000000000e+04
1.108300000000000000e+04 1.108400000000000000e+04 1.108500000000000000e+04 1.108600000000000000e+04 1.108700000000000000e+04 1.108800000000000000e+04 1.108900000000000000e+04 1.109000000000000000e+04 1.109100000000000000e+04 1.109200000000000000e+04 1.109300000000000000e+04 1.109400000000000000e+04 1.109500000000000000e+04 1.109600000000000000e+04 1.109700000000000000e+04 1.109800000000000000e+04 1.109900000000000000e+04 1.110000000000000000e+04 1.110100000000000000e+04 1.110200000000000000e+04 1.110300000000000000e+04 1.110400000000000000e+04 1.110500000000000000e+04 1.110600000000000000e+04 1.110700000000000000e+04 1.110800000000000000e+04 1.110900000000000000e+04 1.111000000000000000e+04 1.111100000000000000e+04 1.111200000000000000e+04 1.111300000000000000e+04 1.111400000000000000e+04 1.111500000000000000e+04 1.111600000000000000e+04 1.111700000000000000e+04 1.111800000000000000e+04 1.111900000000000000e+04
1.068400000000000000e+04 1.068500000000000000e+04 1.068600000000000000e+04 1.068700000000000000e+04 1.068800000000000000e+04 1.068900000000000000e+04 1.069000000000000000e+04 1.069100000000000000e+04 1.069200000000000000e+04 1.069300000000000000e+04 1.069400000000000000e+04 1.069500000000000000e+04 1.069600000000000000e+04 1.069700000000000000e+04 1.069800000000000000e+04 1.069900000000000000e+04 1.070000000000000000e+04 1.070100000000000000e+04 1.070200000000000000e+04 1.070300000000000000e+04 1.070400000000000000e+04 1.070500000000000000e+04 1.070600000000000000e+04 1.070700000000000000e+04 1.070800000000000000e+04 1.070900000000000000e+04 1.071000000000000000e+04 1.071100000000000000e+04 1.071200000000000000e+04 1.071300000000000000e+04 1.071400000000000000e+04 1.071500000000000000e+04 1.071600000000000000e+04 1.071700000000000000e+04 1.071800000000000000e+04 1.071900000000000000e+04 1.072000000000000000e+04
1.028500000000000000e+04 1.028600000000000000e+04 1.028700000000000000e+04 1.028800000000000000e+04 1.028900000000000000e+04 1.029000000000000000e+04 1.029100000000000000e+04 1.029200000000000000e+04 1.029300000000000000e+04 1.029400000000000000e+04 1.029500000000000000e+04 1.029600000000000000e+04 1.029700000000000000e+04 1.029800000000000000e+04 1.029900000000000000e+04 1.030000000000000000e+04 1.030100000000000000e+04 1.030200000000000000e+04 1.030300000000000000e+04 1.030400000000000000e+04 1.030500000000000000e+04 1.030600000000000000e+04 1.030700000000000000e+04 1.030800000000000000e+04 1.030900000000000000e+04 1.031000000000000000e+04 1.031100000000000000e+04 1.031200000000000000e+04 1.031300000000000000e+04 1.031400000000000000e+04 1.031500000000000000e+04 1.031600000000000000e+04 1.031700000000000000e+04 1.031800000000000000e+04 1.031900000000000000e+04 1.032000000000000000e+04 1.032100000000000000e+04
9.886000000000000000e+03 9.887000000000000000e+03 9.888000000000000000e+03 9.889000000000000000e+03 9.890000000000000000e+03 9.891000000000000000e+03 9.892000000000000000e+03 9.893000000000000000e+03 9.894000000000000000e+03 9.895000000000000000e+03 9.896000000000000000e+03 9.897000000000000000e+03 9.898000000000000000e+03 9.899000000000000000e+03 9.900000000000000000e+03 9.901000000000000000e+03 9.902000000000000000e+03 9.903000000000000000e+03 9.904000000000000000e+03 9.905000000000000000e+03 9.906000000000000000e+03 9.907000000000000000e+03 9.908000000000000000e+03 9.909000000000000000e+03 9.910000000000000000e+03 9.911000000000000000e+03 9.912000000000000000e+03 9.913000000000000000e+03 9.914000000000000000e+03 9.915000000000000000e+03 9.916000000000000000e+03 9.917000000000000000e+03 9.918000000000000000e+03 9.919000000000000000e+03 9.920000000000000000e+03 9.921000000000000000e+03 9.922000000000000000e+03
9.487000000000000000e+03 9.488000000000000000e+03 9.489000000000000000e+03 9.490000000000000000e+03 9.491000000000000000e+03 9.492000000000000000e+03 9.493000000000000000e+03 9.494000000000000000e+03 9.495000000000000000e+03 9.496000000000000000e+03 9.497000000000000000e+03 9.498000000000000000e+03 9.499000000000000000e+03 9.500000000000000000e+03 9.501000000000000000e+03 9.502000000000000000e+03 9.503000000000000000e+03 9.504000000000000000e+03 9.505000000000000000e+03 9.506000000000000000e+03 9.507000000000000000e+03 9.508000000000000000e+03 9.509000000000000000e+03 9.510000000000000000e+03 9.511000000000000000e+03 9.512000000000000000e+03 9.513000000000000000e+03 9.514000000000000000e+03 9.515000000000000000e+03 9.516000000000000000e+03 9.517000000000000000e+03 9.518000000000000000e+03 9.519000000000000000e+03 9.520000000000000000e+03 9.521000000000000000e+03 9.522000000000000000e+03 9.523000000000000000e+03
9.088000000000000000e+03 9.089000000000000000e+03 9.090000000000000000e+03 9.091000000000000000e+03 9.092000000000000000e+03 9.093000000000000000e+03 9.094000000000000000e+03 9.095000000000000000e+03 9.096000000000000000e+03 9.097000000000000000e+03 9.098000000000000000e+03 9.099000000000000000e+03 9.100000000000000000e+03 9.101000000000000000e+03 9.102000000000000000e+03 9.103000000000000000e+03 9.104000000000000000e+03 9.105000000000000000e+03 9.106000000000000000e+03 9.107000000000000000e+03 9.108000000000000000e+03 9.109000000000000000e+03 9.110000000000000000e+03 9.111000000000000000e+03 9.112000000000000000e+03 9.113000000000000000e+03 9.114000000000000000e+03 9.115000000000000000e+03 9.116000000000000000e+03 9.117000000000000000e+03 9.118000000000000000e+03 9.119000000000000000e+03 9.120000000000000000e+03 9.121000000000000000e+03 9.122000000000000000e+03 9.123000000000000000e+03 9.124000000000000000e+03
8.689000000000000000e+03 8.690000000000000000e+03 8.691000000000000000e+03 8.692000000000000000e+03 8.693000000000000000e+03 8.694000000000000000e+03 8.695000000000000000e+03 8.696000000000000000e+03 8.697000000000000000e+03 8.698000000000000000e+03 8.699000000000000000e+03 8.700000000000000000e+03 8.701000000000000000e+03 8.702000000000000000e+03 8.703000000000000000e+03 8.704000000000000000e+03 8.705000000000000000e+03 8.706000000000000000e+03 8.707000000000000000e+03 8.708000000000000000e+03 8.709000000000000000e+03 8.710000000000000000e+03 8.711000000000000000e+03 8.712000000000000000e+03 8.713000000000000000e+03 8.714000000000000000e+03 8.715000000000000000e+03 8.716000000000000000e+03 8.717000000000000000e+03 8.718000000000000000e+03 8.719000000000000000e+03 8.720000000000000000e+03 8.721000000000000000e+03 8.722000000000000000e+03 8.723000000000000000e+03 8.724000000000000000e+03 8.725000000000000000e+03
8.290000000000000000e+03 8.291000000000000000e+03 8.292000000000000000e+03 8.293000000000000000e+03 8.294000000000000000e+03 8.295000000000000000e+03 8.296000000000000000e+03 8.297000000000000000e+03 8.298000000000000000e+03 8.299000000000000000e+03 8.300000000000000000e+03 8.301000000000000000e+03 8.302000000000000000e+03 8.303000000000000000e+03 8.304000000000000000e+03 8.305000000000000000e+03 8.306000000000000000e+03 8.307000000000000000e+03 8.308000000000000000e+03 8.309000000000000000e+03 8.310000000000000000e+03 8.311000000000000000e+03 8.312000000000000000e+03 8.313000000000000000e+03 8.314000000000000000e+03 8.315000000000000000e+03 8.316000000000000000e+03 8.317000000000000000e+03 8.318000000000000000e+03 8.319000000000000000e+03 8.320000000000000000e+03 8.321000000000000000e+03 8.322000000000000000e+03 8.323000000000000000e+03 8.324000000000000000e+03 8.325000000000000000e+03 8.326000000000000000e+03
7.891000000000000000e+03 7.892000000000000000e+03 7.893000000000000000e+03 7.894000000000000000e+03 7.895000000000000000e+03 7.896000000000000000e+03 7.897000000000000000e+03 7.898000000000000000e+03 7.899000000000000000e+03 7.900000000000000000e+03 7.901000000000000000e+03 7.902000000000000000e+03 7.903000000000000000e+03 7.904000000000000000e+03 7.905000000000000000e+03 7.906000000000000000e+03 7.907000000000000000e+03 7.908000000000000000e+03 7.909000000000000000e+03 7.910000000000000000e+03 7.911000000000000000e+03 7.912000000000000000e+03 7.913000000000000000e+03 7.914000000000000000e+03 7.915000000000000000e+03 7.916000000000000000e+03 7.917000000000000000e+03 7.918000000000000000e+03 7.919000000000000000e+03 7.920000000000000000e+03 7.921000000000000000e+03 7.922000000000000000e+03 7.923000000000000000e+03 7.924000000000000000e+03 7.925000000000000000e+03 7.926000000000000000e+03 7.927000000000000000e+03
7.492000000000000000e+03 7.493000000000000000e+03 7.494000000000000000e+03 7.495000000000000000e+03 7.496000000000000000e+03 7.497000000000000000e+03 7.498000000000000000e+03 7.499000000000000000e+03 7.500000000000000000e+03 7.501000000000000000e+03 7.502000000000000000e+03 7.503000000000000000e+03 7.504000000000000000e+03 7.505000000000000000e+03 7.506000000000000000e+03 7.507000000000000000e+03 7.508000000000000000e+03 7.509000000000000000e+03 7.510000000000000000e+03 7.511000000000000000e+03 7.512000000000000000e+03 7.513000000000000000e+03 7.514000000000000000e+03 7.515000000000000000e+03 7.516000000000000000e+03 7.517000000000000000e+03 7.518000000000000000e+03 7.519000000000000000e+03 7.520000000000000000e+03 7.521000000000000000e+03 7.522000000000000000e+03 7.523000000000000000e+03 7.524000000000000000e+03 7.525000000000000000e+03 7.526000000000000000e+03 7.527000000000000000e+03 7.528000000000000000e+03
7.093000000000000000e+03 7.094000000000000000e+03 7.095000000000000000e+03 7.096000000000000000e+03 7.097000000000000000e+03 7.098000000000000000e+03 7.099000000000000000e+03 7.100000000000000000e+03 7.101000000000000000e+03 7.102000000000000000e+03 7.103000000000000000e+03 7.104000000000000000e+03 7.105000000000000000e+03 7.106000000000000000e+03 7.107000000000000000e+03 7.108000000000000000e+03 7.109000000000000000e+03 7.110000000000000000e+03 7.111000000000000000e+03 7.112000000000000000e+03 7.113000000000000000e+03 7.114000000000000000e+03 7.115000000000000000e+03 7.116000000000000000e+03 7.117000000000000000e+03 7.118000000000000000e+03 7.119000000000000000e+03 7.120000000000000000e+03 7.121000000000000000e+03 7.122000000000000000e+03 7.123000000000000000e+03 7.124000000000000000e+03 7.125000000000000000e+03 7.126000000000000000e+03 7.127000000000000000e+03 7.128000000000000000e+03 7.129000000000000000e+03
6.694000000000000000e+03 6.695000000000000000e+03 6.696000000000000000e+03 6.697000000000000000e+03 6.698000000000000000e+03 6.699000000000000000e+03 6.700000000000000000e+03 6.701000000000000000e+03 6.702000000000000000e+03 6.703000000000000000e+03 6.704000000000000000e+03 6.705000000000000000e+03 6.706000000000000000e+03 6.707000000000000000e+03 6.708000000000000000e+03 6.709000000000000000e+03 6.710000000000000000e+03 6.711000000000000000e+03 6.712000000000000000e+03 6.713000000000000000e+03 6.714000000000000000e+03 6.715000000000000000e+03 6.716000000000000000e+03 6.717000000000000000e+03 6.718000000000000000e+03 6.719000000000000000e+03 6.720000000000000000e+03 6.721000000000000000e+03 6.722000000000000000e+03 6.723000000000000000e+03 6.724000000000000000e+03 6.725000000000000000e+03 6.726000000000000000e+03 6.727000000000000000e+03 6.728000000000000000e+03 6.729000000000000000e+03 6.730000000000000000e+03
6.295000000000000000e+03 6.296000000000000000e+03 6.297000000000000000e+03 6.298000000000000000e+03 6.299000000000000000e+03 6.300000000000000000e+03 6.301000000000000000e+03 6.302000000000000000e+03 6.303000000000000000e+03 6.304000000000000000e+03 6.305000000000000000e+03 6.306000000000000000e+03 6.307000000000000000e+03 6.308000000000000000e+03 6.309000000000000000e+03 6.310000000000000000e+03 6.311000000000000000e+03 6.312000000000000000e+03 6.313000000000000000e+03 6.314000000000000000e+03 6.315000000000000000e+03 6.316000000000000000e+03 6.317000000000000000e+03 6.318000000000000000e+03 6.319000000000000000e+03 6.320000000000000000e+03 6.321000000000000000e+03 6.322000000000000000e+03 6.323000000000000000e+03 6.324000000000000000e+03 6.325000000000000000e+03 6.326000000000000000e+03 6.327000000000000000e+03 6.328000000000000000e+03 6.329000000000000000e+03 6.330000000000000000e+03 6.331000000000000000e+03
5.896000000000000000e+03 5.897000000000000000e+03 5.898000000000000000e+03 5.899000000000000000e+03 5.900000000000000000e+03 5.901000000000000000e+03 5.902000000000000000e+03 5.903000000000000000e+03 5.904000000000000000e+03 5.905000000000000000e+03 5.906000000000000000e+03 5.907000000000000000e+03 5.908000000000000000e+03 5.909000000000000000e+03 5.910000000000000000e+03 5.911000000000000000e+03 5.912000000000000000e+03 5.913000000000000000e+03 5.914000000000000000e+03 5.915000000000000000e+03 5.916000000000000000e+03 5.917000000000000000e+03 5.918000000000000000e+03 5.919000000000000000e+03 5.920000000000000000e+03 5.921000000000000000e+03 5.922000000000000000e+03 5.923000000000000000e+03 5.924000000000000000e+03 5.925000000000000000e+03 5.926000000000000000e+03 5.927000000000000000e+03 5.928000000000000000e+03 5.929000000000000000e+03 5.930000000000000000e+03 5.931000000000000000e+03 5.932000000000000000e+03
