BlockUplift_2Ma_1kryTimeStep_2mmyr_k_1e-05_m_0.5_n_1.0_LinDiffusion_0.5_3x6km_30mRes_topographic__elevation.txt
nrows 200
cellsize 30.0
xllcorner 0.0
ncols 100
yllcorner 0.0
[rows 0 to 16 of 200, columns 37 to 73 of 100]
2.159773778730802475e-04 6.268871253572448924e-04 1.045459763517682150e-04 2.377983701773748126e-04 1.769740504514126771e-04 7.986504321063530101e-04 3.855540078366339858e-04 3.004626869253258499e-04 1.782048383544686406e-04 7.529831673509440127e-04 7.247375957382417612e-05 3.627888934949319283e-05 6.542689900894665261e-04 8.954434627027670502e-04 9.447877553931938437e-04 4.748242007994680830e-04 5.044573504115590069e-05 3.752730779209645178e-04 1.334065769932088030e-04 3.982664724424228413e-04 7.466745205977074265e-04 3.371123410163051810e-04 1.364646484784148872e-04 3.404501923554410455e-04 6.283436181508521854e-04 2.420008566554678899e-04 9.865930778674306210e-04 1.463283801586867693e-04 2.400690905064961590e-05 1.952935338230579168e-04 6.764632616783927991e-04 8.736489121946781726e-04 6.007531123553478845e-04 4.203073829736435471e-04 7.571854554623183142e-04 1.254386407009645463e-04 2.619140831597175289e-04
4.502891222292107159e+03 4.502883727974848625e+03 4.502876139866801168e+03 4.502868465751271287e+03 4.502860713501027021e+03 4.502852891070262558e+03 4.502845006486468264e+03 4.502837067842228862e+03 4.502829083286945206e+03 4.502821061018496039e+03 4.502813009274836077e+03 4.502804936325559538e+03 4.502796850463414557e+03 4.502788759995795772e+03 4.502780673236215989e+03 4.502772598495756938e+03 4.502764544074528203e+03 4.502756518253126160e+03 4.502748529284106553e+03 4.502740585383482539e+03 4.502732694722257293e+03 4.502724865417986621e+03 4.502717105526408886e+03 4.502709423033114945e+03 4.502701825845300846e+03 4.502694321783585110e+03 4.502686918573914227e+03 4.502679623839567284e+03 4.502672445093253373e+03 4.502665389729320850e+03 4.502658465016090304e+03 4.502651678088306653e+03 4.502645035939731315e+03 4.502638545415872613e+03 4.502632213206869892e+03 4.502626045840534061e+03 4.502620049675552764e+03
4.499560646961534985e+03 4.499553174940525423e+03 4.499545609407913616e+03 4.499537958123855788e+03 4.499530228937703214e+03 4.499522429779988670e+03 4.499514568654323739e+03 4.499506653629220637e+03 4.499498692829836727e+03 4.499490694429661744e+03 4.499482666642144068e+03 4.499474617712274267e+03 4.499466555908128612e+03 4.499458489512385313e+03 4.499450426813821650e+03 4.499442376098789282e+03 4.499434345642703192e+03 4.499426343701518817e+03 4.499418378503233725e+03 4.499410458239414766e+03 4.499402591056745223e+03 4.499394785048628364e+03 4.499387048246825543e+03 4.499379388613164338e+03 4.499371814031305803e+03 4.499364332298591762e+03 4.499356951117973949e+03 4.499349678090044108e+03 4.499342520705145034e+03 4.499335486335619862e+03 4.499328582228151390e+03 4.499321815496247837e+03 4.499315193112849556e+03 4.499308721903087644e+03 4.499302408537188057e+03 4.499296259523523986e+03 4.499290281201856487e+03
4.492948377649335271e+03 4.492940949831486250e+03 4.492933429055531633e+03 4.492925823035733629e+03 4.492918139575016539e+03 4.492910386557003221e+03 4.492902571937966059e+03 4.492894703738690623e+03 4.492886790036272032e+03 4.492878838955851279e+03 4.492870858662286082e+03 4.492862857351790808e+03 4.492854843243531832e+03 4.492846824571183788e+03 4.492838809574482184e+03 4.492830806490758732e+03 4.492822823546459404e+03 4.492814868948694311e+03 4.492806950876776682e+03 4.492799077473799116e+03 4.492791256838241679e+03 4.492783497015612738e+03 4.492775805990145273e+03 4.492768191676549577e+03 4.492760661911831448e+03 4.492753224447187677e+03 4.492745886939982483e+03 4.492738656945819457e+03 4.492731541910714441e+03 4.492724549163371194e+03 4.492717685907582563e+03 4.492710959214748982e+03 4.492704376016537935e+03 4.492697943097681673e+03 4.492691667088917711e+03 4.492685554460098501e+03 4.492679611513448435e+03
4.483147343510764586e+03 4.483139981059295678e+03 4.483132526468218202e+03 4.483124987383917869e+03 4.483117371540668501e+03 4.483109686752728521e+03 4.483101940906361961e+03 4.483094141951778511e+03 4.483086297894999007e+03 4.483078416789663606e+03 4.483070506728784494e+03 4.483062575836445831e+03 4.483054632259480059e+03 4.483046684159101460e+03 4.483038739702529710e+03 4.483030807054593424e+03 4.483022894369339156e+03 4.483015009781637673e+03 4.483007161398807511e+03 4.482999357292265813e+03 4.482991605489206449e+03 4.482983913964313615e+03 4.482976290631536358e+03 4.482968743335911313e+03 4.482961279845451827e+03 4.482953907843113484e+03 4.482946634918846939e+03 4.482939468561737158e+03 4.482932416152239966e+03 4.482925484954533204e+03 4.482918682108981557e+03 4.482912014624722360e+03 4.482905489372388729e+03 4.482899113076968206e+03 4.482892892310811476e+03 4.482886833486796604e+03 4.482880942851652435e+03
4.470286235930383555e+03 4.470278958970825443e+03 4.470271590942154035e+03 4.470264139401986540e+03 4.470256611994806008e+03 4.470249016444147856e+03 4.470241360544714553e+03 4.470233652154409356e+03 4.470225899186298193e+03 4.470218109600507887e+03 4.470210291396077082e+03 4.470202452602757148e+03 4.470194601272775799e+03 4.470186745472576149e+03 4.470178893274533038e+03 4.470171052748656621e+03 4.470163231954292314e+03 4.470155438931838034e+03 4.470147681694451421e+03 4.470139968219804359e+03 4.470132306441853871e+03 4.470124704242660300e+03 4.470117169444246429e+03 4.470109709800521159e+03 4.470102332989264141e+03 4.470095046604184063e+03 4.470087858147060615e+03 4.470080775019975590e+03 4.470073804517644930e+03 4.470066953819852642e+03 4.470060229984008402e+03 4.470053639937814296e+03 4.470047190472077091e+03 4.470040888233647820e+03 4.470034739718513265e+03 4.470028751265036590e+03 4.470022929047363505e+03
4.454519877604338944e+03 4.454512705001567156e+03 4.454505442636388580e+03 4.454498097958064136e+03 4.454490678501470938e+03 4.454483191879402511e+03 4.454475645774797158e+03 4.454468047932881746e+03 4.454460406153253643e+03 4.454452728281893542e+03 4.454445022203131884e+03 4.454437295831566189e+03 4.454429557103948355e+03 4.454421813971036499e+03 4.454414074389433154e+03 4.454406346313403446e+03 4.454398637686702386e+03 4.454390956434401232e+03 4.454383310454720231e+03 4.454375707610902282e+03 4.454368155723093878e+03 4.454360662560290621e+03 4.454353235832308201e+03 4.454345883181819772e+03 4.454338612176457900e+03 4.454331430300992906e+03 4.454324344949573970e+03 4.454317363418088462e+03 4.454310492896589494e+03 4.454303740461847156e+03 4.454297113070007981e+03 4.454290617549371746e+03 4.454284260593306499e+03 4.454278048753283656e+03 4.454271988432074977e+03 4.454266085877088699e+03 4.454260347173870286e+03
4.436020185613141621e+03 4.436013134816473212e+03 4.436005995782586069e+03 4.435998775834267690e+03 4.435991482378460205e+03 4.435984122898697933e+03 4.435976704947466715e+03 4.435969236138479573e+03 4.435961724138889622e+03 4.435954176661444762e+03 4.435946601456586905e+03 4.435939006304508439e+03 4.435931399007175060e+03 4.435923787380314934e+03 4.435916179245399690e+03 4.435908582421599021e+03 4.435901004717748037e+03 4.435893453924308233e+03 4.435885937805347567e+03 4.435878464090541456e+03 4.435871040467201055e+03 4.435863674572350646e+03 4.435856373984834136e+03 4.435849146217492489e+03 4.435841998709397558e+03 4.435834938818160481e+03 4.435827973812312848e+03 4.435821110863781541e+03 4.435814357040460891e+03 4.435807719298883967e+03 4.435801204477003921e+03 4.435794819287097198e+03 4.435788570308797716e+03 4.435782463982254740e+03 4.435776506601437177e+03 4.435770704307591586e+03 4.435765063082849338e+03
4.414968880691742015e+03 4.414961967636851114e+03 4.414954968069454480e+03 4.414947889169316113e+03 4.414940738198709369e+03 4.414933522494996396e+03 4.414926249463142085e+03 4.414918926568139796e+03 4.414911561327372510e+03 4.414904161302924877e+03 4.414896734093832492e+03 4.414889287328297542e+03 4.414881828655866229e+03 4.414874365739572568e+03 4.414866906248077612e+03 4.414859457847784142e+03 4.414852028194952254e+03 4.414844624927826771e+03 4.414837255658769209e+03 4.414829927966417017e+03 4.414822649387867386e+03 4.414815427410906523e+03 4.414808269466274396e+03 4.414801182919994062e+03 4.414794175065758282e+03 4.414787253117384353e+03 4.414780424201347159e+03 4.414773695349404989e+03 4.414767073491309930e+03 4.414760565447625595e+03 4.414754177922651252e+03 4.414747917497464186e+03 4.414741790623085762e+03 4.414735803613774806e+03 4.414729962640470148e+03 4.414724273724365958e+03 4.414718742730650774e+03
4.391552202735621904e+03 4.391545441789873621e+03 4.391538596236213380e+03 4.391531673096462328e+03 4.391524679473132892e+03 4.391517622542172830e+03 4.391510509545637433e+03 4.391503347784283505e+03 4.391496144610104238e+03 4.391488907418804047e+03 4.391481643642223389e+03 4.391474360740717202e+03 4.391467066195514235e+03 4.391459767501030001e+03 4.391452472157174270e+03 4.391445187661644923e+03 4.391437921502219979e+03 4.391430681149046904e+03 4.391423474046958290e+03 4.391416307607800263e+03 4.391409189202786365e+03 4.391402126154900543e+03 4.391395125731332882e+03 4.391388195135975366e+03 4.391381341501974930e+03 4.391374571884361103e+03 4.391367893252736394e+03 4.391361312484066730e+03 4.391354836355557381e+03 4.391348471537622572e+03 4.391342224586966950e+03 4.391336101939781656e+03 4.391330109905063182e+03 4.391324254658055906e+03 4.391318542233829248e+03 4.391312978521009427e+03 4.391307569255643102e+03
4.365957294249888037e+03 4.365950698189684772e+03 4.365944019586115246e+03 4.365937265289795505e+03 4.365930442230054723e+03 4.365923557407866610e+03 4.365916617888690780e+03 4.365909630795258636e+03 4.365902603300277406e+03 4.365895542619095977e+03 4.365888456002314342e+03 4.365881350728347570e+03 4.365874234095964312e+03 4.365867113416798020e+03 4.365859996007835434e+03 4.365852889183903244e+03 4.365845800250136563e+03 4.365838736494475597e+03 4.365831705180151403e+03 4.365824713538206197e+03 4.365817768760040963e+03 4.365810877989995788e+03 4.365804048317972047e+03 4.365797286772113694e+03 4.365790600311542221e+03 4.365783995819158008e+03 4.365777480094519888e+03 4.365771059846802018e+03 4.365764741687848073e+03 4.365758532125311831e+03 4.365752437555908728e+03 4.365746464258779270e+03 4.365740618388965231e+03 4.365734905971017724e+03 4.365729332892735329e+03 4.365723904899033187e+03 4.365718627585975810e+03
4.338369716175498070e+03 4.338363296187661945e+03 4.338356795861052888e+03 4.338350221863458501e+03 4.338343580939281310e+03 4.338336879902642977e+03 4.338330125630432121e+03 4.338323325055267560e+03 4.338316485158413343e+03 4.338309612962625579e+03 4.338302715524963787e+03 4.338295799929558598e+03 4.338288873280343978e+03 4.338281942693767633e+03 4.338275015291486852e+03 4.338268098193042533e+03 4.338261198508546840e+03 4.338254323331361775e+03 4.338247479730797750e+03 4.338240674744832177e+03 4.338233915372853517e+03 4.338227208568437163e+03 4.338220561232170439e+03 4.338213980204526706e+03 4.338207472258794951e+03 4.338201044094071221e+03 4.338194702328334643e+03 4.338188453491587097e+03 4.338182304019090225e+03 4.338176260244700643e+03 4.338170328394289754e+03 4.338164514579293609e+03 4.338158824790357357e+03 4.338153264891117942e+03 4.338147840612107757e+03 4.338142557544790179e+03 4.338137421135750628e+03
4.308971642210245591e+03 4.308965407912399314e+03 4.308959095600761430e+03 4.308952711750309390e+03 4.308946262910410951e+03 4.308939755698133013e+03 4.308933196791488626e+03 4.308926592922604868e+03 4.308919950870836146e+03 4.308913277455829302e+03 4.308906579530534145e+03 4.308899863974182153e+03 4.308893137685230613e+03 4.308886407574281293e+03 4.308879680556988205e+03 4.308872963546947176e+03 4.308866263448588143e+03 4.308859587150072912e+03 4.308852941516199280e+03 4.308846333381334262e+03 4.308839769542362774e+03 4.308833256751679983e+03 4.308826801710220934e+03 4.308820411060537481e+03 4.308814091379937054e+03 4.308807849173676004e+03 4.308801690868232981e+03 4.308795622804653249e+03 4.308789651231977587e+03 4.308783782300768507e+03 4.308778022056728332e+03 4.308772376434427315e+03 4.308766851251137268e+03 4.308761452200794338e+03 4.308756184848077282e+03 4.308751054622619449e+03 4.308746066813359903e+03
4.277940454222745757e+03 4.277934413699413199e+03 4.277928297588460737e+03 4.277922112163657403e+03 4.277915863770844226e+03 4.277909558821455903e+03 4.277903203785966070e+03 4.277896805187280734e+03 4.277890369594059848e+03 4.277883903613991606e+03 4.277877413887030343e+03 4.277870907078588971e+03 4.277864389872700485e+03 4.277857868965160378e+03 4.277851351056652675e+03 4.277844842845857784e+03 4.277838351022573988e+03 4.277831882260825296e+03 4.277825443211998390e+03 4.277819040497984133e+03 4.277812680704349987e+03 4.277806370373553364e+03 4.277800115998184992e+03 4.277793924014262302e+03 4.277787800794577379e+03 4.277781752642112224e+03 4.277775785783510401e+03 4.277769906362633265e+03 4.277764120434197139e+03 4.277758433957495072e+03 4.277752852790214092e+03 4.277747382682364332e+03 4.277742029270299099e+03 4.277736798070867735e+03 4.277731694475674885e+03 4.277726723745482559e+03 4.277721891004724966e+03
4.245447608653290445e+03 4.245441768505283108e+03 4.245435855278435156e+03 4.245429875038449609e+03 4.245423833920708603e+03 4.245417738124003336e+03 4.245411593904203983e+03 4.245405407567865950e+03 4.245399185465771552e+03 4.245392933986437129e+03 4.245386659549563774e+03 4.245380368599460780e+03 4.245374067598434522e+03 4.245367763020155508e+03 4.245361461343015435e+03 4.245355169043461501e+03 4.245348892589346178e+03 4.245342638433267894e+03 4.245336413005928080e+03 4.245330222709506415e+03 4.245324073911057894e+03 4.245317972935953549e+03 4.245311926061342092e+03 4.245305939509672498e+03 4.245300019442262055e+03 4.245294171952925353e+03 4.245288403061666031e+03 4.245282718708453103e+03 4.245277124747055495e+03 4.245271626938985719e+03 4.245266230947517215e+03 4.245260942331811748e+03 4.245255766541145931e+03 4.245250708909251443e+03 4.245245774648773477e+03 4.245240968845844691e+03 4.245236296454799231e+03
4.211657724295209846e+03 4.211652089700141914e+03 4.211646384599791418e+03 4.211640614846420249e+03 4.211634786359510144e+03 4.211628905119716364e+03 4.211622977162756797e+03 4.211617008573244675e+03 4.211611005478458537e+03 4.211604974042073991e+03 4.211598920457849999e+03 4.211592850943276972e+03 4.211586771733206660e+03 4.211580689073446592e+03 4.211574609214349948e+03 4.211568538404391802e+03 4.211562482883746270e+03 4.211556448877862749e+03 4.211550442591057617e+03 4.211544470200122305e+03 4.211538537847959560e+03 4.211532651637239724e+03 4.211526817624108844e+03 4.211521041811932264e+03 4.211515330145088228e+03 4.211509688502821518e+03 4.211504122693164391e+03 4.211498638446919358e+03 4.211493241411727467e+03 4.211487937146207514e+03 4.211482731114200760e+03 4.211477628679092959e+03 4.211472635098253704e+03 4.211467755517569458e+03 4.211462994966101178e+03 4.211458358350848357e+03 4.211453850451651306e+03
4.176727870508481828e+03 4.176722445290371979e+03 4.176716952188365212e+03 4.176711396837311440e+03 4.176705784936772943e+03 4.176700122245209968e+03 4.176694414574091752e+03 4.176688667781958429e+03 4.176682887768425644e+03 4.176677080468146414e+03 4.176671251844731160e+03 4.176665407884636807e+03 4.176659554591025881e+03 4.176653697977604679e+03 4.176647844062447803e+03 4.176641998861818138e+03 4.176636168383972290e+03 4.176630358622989661e+03 4.176624575552591523e+03 4.176618825119991925e+03 4.176613113239767699e+03 4.176607445787754841e+03 4.176601828594983999e+03 4.176596267441663258e+03 4.176590768051198211e+03 4.176585336084277515e+03 4.176579977133018474e+03 4.176574696715174468e+03 4.176569500268419688e+03 4.176564393144715723e+03 4.176559380604759099e+03 4.176554467812527037e+03 4.176549659829910524e+03 4.176544961611464714e+03 4.176540377999251177e+03 4.176535913717810217e+03 4.176531573369244143e+03
