BlockTilt_5Ma_1mmyr_m1_n5_k1Minus5_10kyrTimeStep_wLinDiffp5_30mRes_7p5kmBy15km.txt
nrows 250
cellsize 30.0
xllcorner 0.0
ncols 500
yllcorner 0.0
[rows 51 to 67 of 250, columns 370 to 406 of 500]
2.015838478171213183e+03 2.012126888439784352e+03 2.008362146796910565e+03 2.004547625912089188e+03 2.000688062254754868e+03 1.996789953769794693e+03 1.992862046067927167e+03 1.988915887500538702e+03 1.984966382193159689e+03 1.981032195475212347e+03 1.977135786603855649e+03 1.973302818581305019e+03 1.969560812984857648e+03 1.965937191849729061e+03 1.962457132424647853e+03 1.959141748337373201e+03 1.956006945444130679e+03 1.953063034190674671e+03 1.950314978289821056e+03 1.947763067740650058e+03 1.945403798127760865e+03 1.943230782396564564e+03 1.941235584570323454e+03 1.939408424251124870e+03 1.937738742762921220e+03 1.936215643123143309e+03 1.934828222279820011e+03 1.933565813629546938e+03 1.932418156134066749e+03 1.931375504845327441e+03 1.930428696024076089e+03 1.929569178046781872e+03 1.928789017151242433e+03 1.928080885109719247e+03 1.927438034318837026e+03 1.926854264554590372e+03 1.926323884675401132e+03
1.999812457195486104e+03 1.996081654711337251e+03 1.992287486088771402e+03 1.988431833626058960e+03 1.984517776814652279e+03 1.980550047167429057e+03 1.976535647823005547e+03 1.972484648552489716e+03 1.968411103475915752e+03 1.964333925452040603e+03 1.960277380370813034e+03 1.956270729596578349e+03 1.952346664512644338e+03 1.948538638606426503e+03 1.944877757226126278e+03 1.941390108464535842e+03 1.938095145879661231e+03 1.935005236364403800e+03 1.932126119680224292e+03 1.929457904509960144e+03 1.926996272098259396e+03 1.924733662136452949e+03 1.922660313071486826e+03 1.920765105278177771e+03 1.919036208617984585e+03 1.917461563175690117e+03 1.916029227552896828e+03 1.914727623917998699e+03 1.913545702414758807e+03 1.912473042988400266e+03 1.911499909705957862e+03 1.910617270068787320e+03 1.909816789267884587e+03 1.909090807014546272e+03 1.908432302703777395e+03 1.907834853254401878e+03 1.907292586912129309e+03
1.984117735544393327e+03 1.980379171777179408e+03 1.976567487400487380e+03 1.972682856659012259e+03 1.968726340324599505e+03 1.964700354894911698e+03 1.960609390991633290e+03 1.956461041338574432e+03 1.952267357733548806e+03 1.948046425063522747e+03 1.943823703553668111e+03 1.939632281421391326e+03 1.935511204305230649e+03 1.931501818244571041e+03 1.927643140196207924e+03 1.923967801139607445e+03 1.920499685002536353e+03 1.917253456582212721e+03 1.914235455922064375e+03 1.911445246674319833e+03 1.908877288752891445e+03 1.906522463321303348e+03 1.904369344258716637e+03 1.902405190342696187e+03 1.900616677225223839e+03 1.898990414689136287e+03 1.897513301398589647e+03 1.896172761394984263e+03 1.894956894255055431e+03 1.893854561197342719e+03 1.892855423722263595e+03 1.891949947880440959e+03 1.891129384498415220e+03 1.890385733247645248e+03 1.889711696424303909e+03 1.889100626776024455e+03 1.888546472585181618e+03
1.968743185461481062e+03 1.965009215923650345e+03 1.961193228908099627e+03 1.957293559993588133e+03 1.953308972030304176e+03 1.949239069153857145e+03 1.945085012277706255e+03 1.940850662536512118e+03 1.936544365606664996e+03 1.932181519787050547e+03 1.927787425260245982e+03 1.923398882356207650e+03 1.919062740738988396e+03 1.914830891392821059e+03 1.910753236407078703e+03 1.906871320608211590e+03 1.903214713662962595e+03 1.899800563666881771e+03 1.896635335737653804e+03 1.893717357543673415e+03 1.891039230270807820e+03 1.888589772359761355e+03 1.886355503997583810e+03 1.884321755707697548e+03 1.882473468182581200e+03 1.880795739796231601e+03 1.879274180376806953e+03 1.877895127757961745e+03 1.876645771706804226e+03 1.875514214885983392e+03 1.874489489576460983e+03 1.873561542997980496e+03 1.872721200944812608e+03 1.871960117266438374e+03 1.871270714890974205e+03 1.870646122598900774e+03 1.870080110611021610e+03
1.953675952269599293e+03 1.949959604016879894e+03 1.946153635736539172e+03 1.942254565765178313e+03 1.938258772243525073e+03 1.934162750319565248e+03 1.929963602461715482e+03 1.925659964543840488e+03 1.921254022675389933e+03 1.916755441250576951e+03 1.912186796033059181e+03 1.907587808707323802e+03 1.903014778358965486e+03 1.898533791949616671e+03 1.894210010350598168e+03 1.890097540449371081e+03 1.886233632318085938e+03 1.882638174320309190e+03 1.879316863575642856e+03 1.876265525930297372e+03 1.873473809867805130e+03 1.870927729993190042e+03 1.868611298463563344e+03 1.866507619922328331e+03 1.864599675560453989e+03 1.862870875450822268e+03 1.861305409891994941e+03 1.859888442325975348e+03 1.858606196834510456e+03 1.857445982804733603e+03 1.856396181658171145e+03 1.855446208525025895e+03 1.854586456693263926e+03 1.853808230889670995e+03 1.853103674375101264e+03 1.852465693754099220e+03 1.851887884369844642e+03
1.938901396332102649e+03 1.935216023875532301e+03 1.931435161458473203e+03 1.927553755408682264e+03 1.923566035937679771e+03 1.919465477400009377e+03 1.915244660938839615e+03 1.910895327182586698e+03 1.906410155940257027e+03 1.901788497814936363e+03 1.897045998125238611e+03 1.892223444984814478e+03 1.887388158800066094e+03 1.882624972268826923e+03 1.878020225507027590e+03 1.873645948661431476e+03 1.869550414169940268e+03 1.865757089784380014e+03 1.862269768944843008e+03 1.859079751724052812e+03 1.856171829524492523e+03 1.853527939117276219e+03 1.851128935971999226e+03 1.848955416441282068e+03 1.846988249024508605e+03 1.845209027329705805e+03 1.843600409587634431e+03 1.842146301455243702e+03 1.840831909208415254e+03 1.839643719709157949e+03 1.838569447709184260e+03 1.837597967888335461e+03 1.836719237227636995e+03 1.835924210726908768e+03 1.835204753715688639e+03 1.834553554001417979e+03 1.833964036492323430e+03
1.924403123356231845e+03 1.920761952150378420e+03 1.917021527609272425e+03 1.913175733180182078e+03 1.909217295356297427e+03 1.905137269661621531e+03 1.900923675109684609e+03 1.896559664905107866e+03 1.892024296977989025e+03 1.887300559437524271e+03 1.882391259849844346e+03 1.877335048086697043e+03 1.872211182127984102e+03 1.867127912845767923e+03 1.862199601323616889e+03 1.857523217042271654e+03 1.853163399094644319e+03 1.849149665733239544e+03 1.845483391900041397e+03 1.842148840617730684e+03 1.839122942789953186e+03 1.836381251725305219e+03 1.833900249552741343e+03 1.831657620729515429e+03 1.829632063660227686e+03 1.827803343502147982e+03 1.826152538334225483e+03 1.824662235117526961e+03 1.823316576984230778e+03 1.822101204002509576e+03 1.821003154109582283e+03 1.820010758383247776e+03 1.819113537678141483e+03 1.818302099482757285e+03 1.817568034950139008e+03 1.816903817983701629e+03 1.816302708675842950e+03
1.910163136880820048e+03 1.906578709878888276e+03 1.902893581310157288e+03 1.899101295929790695e+03 1.895194068609721398e+03 1.891161610110818174e+03 1.886987823126061357e+03 1.882645868106903208e+03 1.878096932794718896e+03 1.873300959531313310e+03 1.868240960170703147e+03 1.862948900402544723e+03 1.857515351493773778e+03 1.852075158189067452e+03 1.846776704226105039e+03 1.841749480409999251e+03 1.837082006281623308e+03 1.832815288989941109e+03 1.828950125449450752e+03 1.825461957661864290e+03 1.822316011583858426e+03 1.819477648566599328e+03 1.816916538609038980e+03 1.814606495433134796e+03 1.812523949209758257e+03 1.810646975171040822e+03 1.808955155241615330e+03 1.807429759786045906e+03 1.806053843059865585e+03 1.804812179880409985e+03 1.803691125675829880e+03 1.802678469431607709e+03 1.801763299979616022e+03 1.800935882324761906e+03 1.800187539129124161e+03 1.799510536663946596e+03 1.798897976865755254e+03
1.896162140322771620e+03 1.892645714781874403e+03 1.889029390786091881e+03 1.885307149297547312e+03 1.881471788536883196e+03 1.877512960131027967e+03 1.873411318864033092e+03 1.869129365385190567e+03 1.864607191259167394e+03 1.859775994143769140e+03 1.854592378715280802e+03 1.849076170637903260e+03 1.843326203616245948e+03 1.837503566155477756e+03 1.831793243442094081e+03 1.826363137939019225e+03 1.821334330746673004e+03 1.816768457335440417e+03 1.812671997496612676e+03 1.809012786211822004e+03 1.805741046082059711e+03 1.802806785387503396e+03 1.800168544980788965e+03 1.797793981761211853e+03 1.795656653156708671e+03 1.793733102178474155e+03 1.792001666558150418e+03 1.790442424175082124e+03 1.789037364959474189e+03 1.787770393132894469e+03 1.786627179397751433e+03 1.785594975260107958e+03 1.784662444887271931e+03 1.783819518428926131e+03 1.783057257531942923e+03 1.782367728322315770e+03 1.781743882115510814e+03
1.882380002527246006e+03 1.878940992811574006e+03 1.875404762632304028e+03 1.871766331861207163e+03 1.868019936967807553e+03 1.864156277050532708e+03 1.860153862147025393e+03 1.855965002030756068e+03 1.851507714579840467e+03 1.846681561859154954e+03 1.841412189345790466e+03 1.835701785461594682e+03 1.829651682521888461e+03 1.823443977419045950e+03 1.817297177815180021e+03 1.811419044407666206e+03 1.805970606727381892e+03 1.801045913446438362e+03 1.796668804661197100e+03 1.792806261723510261e+03 1.789393417694168875e+03 1.786359910332907930e+03 1.783646978222807093e+03 1.781211683019012980e+03 1.779022748272018816e+03 1.777054900083390066e+03 1.775285540917504704e+03 1.773693839981837073e+03 1.772260845492452063e+03 1.770969619274410661e+03 1.769805151334714083e+03 1.768754161564886545e+03 1.767804898697326735e+03 1.766946967753825675e+03 1.766171178461678210e+03 1.765469405367155559e+03 1.764834457422313562e+03
1.868796368502901942e+03 1.865441960533964675e+03 1.861994280512596333e+03 1.858449659334024545e+03 1.854804131700778726e+03 1.851050041096155610e+03 1.847164817073538643e+03 1.843092216066974515e+03 1.838730020244983962e+03 1.833947165203949908e+03 1.828637160743218601e+03 1.822780200522538507e+03 1.816472504612235753e+03 1.809907467819734165e+03 1.803327908869178373e+03 1.796976524393431191e+03 1.791057091378452924e+03 1.785707126899457080e+03 1.780983349594309175e+03 1.776865383301103520e+03 1.773279531258779798e+03 1.770133248838651070e+03 1.767343904194753350e+03 1.764851142957238835e+03 1.762614543630736080e+03 1.760605438510024896e+03 1.758800271854644734e+03 1.757177684988104147e+03 1.755718049034950582e+03 1.754403682138175782e+03 1.753218915867928899e+03 1.752149945758379772e+03 1.751184614525607685e+03 1.750312213088081535e+03 1.749523309792524515e+03 1.748809597207963634e+03 1.748163750827930699e+03
1.855391344917580454e+03 1.852126371225638422e+03 1.848772688859890195e+03 1.845327879666253239e+03 1.841789621110780672e+03 1.838151885457763683e+03 1.834391773468345946e+03 1.830446817056197915e+03 1.826198669324295906e+03 1.821490254654122054e+03 1.816185474916327166e+03 1.810240483446719736e+03 1.803738907082456763e+03 1.796873640291552874e+03 1.789898359465669273e+03 1.783079488912613897e+03 1.776659139355020670e+03 1.770823928939618554e+03 1.765678397497974402e+03 1.761233448074695616e+03 1.757421062526407923e+03 1.754131635200142455e+03 1.751254755159328397e+03 1.748704500016504198e+03 1.746424077292502488e+03 1.744377525578429868e+03 1.742539273416924743e+03 1.740887664679157297e+03 1.739402796876178172e+03 1.738066460923886098e+03 1.736862396889966931e+03 1.735776290757557490e+03 1.734795588214818281e+03 1.733909277527458471e+03 1.733107697496842320e+03 1.732382369465085048e+03 1.731725845085376250e+03
1.842146152153678941e+03 1.838973224858544881e+03 1.835716222008022442e+03 1.832373720310445606e+03 1.828944572231961502e+03 1.825423911309135974e+03 1.821788803121929277e+03 1.817972816754389896e+03 1.813846442017302479e+03 1.809233254401545310e+03 1.803972965861269358e+03 1.797998615392386682e+03 1.791376132988976678e+03 1.784287375193903472e+03 1.776982700010751159e+03 1.769737085417041953e+03 1.762818958624007337e+03 1.756460556661967985e+03 1.750823016144254325e+03 1.745967778989376939e+03 1.741854252221455681e+03 1.738370294847347168e+03 1.735380167766399154e+03 1.732765419924118987e+03 1.730443280275868119e+03 1.728363560022103002e+03 1.726495721521712994e+03 1.724817427099032329e+03 1.723308937097856870e+03 1.721951884776498900e+03 1.720729571586698512e+03 1.719627213110089087e+03 1.718631869458935626e+03 1.717732237819116335e+03 1.716918440524570087e+03 1.716181839864498897e+03 1.715514874227878863e+03
1.829043645336058944e+03 1.825963469471242206e+03 1.822803551536360146e+03 1.819563178835047893e+03 1.816241876810681106e+03 1.812835331283158894e+03 1.809320476479755371e+03 1.805628522682533685e+03 1.801623139607117082e+03 1.797115246422084965e+03 1.791927059700003610e+03 1.785972119917807049e+03 1.779297295500063456e+03 1.772066844260894868e+03 1.764516474980361409e+03 1.756914256103854086e+03 1.749537733215566050e+03 1.742651656017763344e+03 1.736472336655076106e+03 1.731125787421996847e+03 1.726623398642711209e+03 1.722873738092388749e+03 1.719727159333550162e+03 1.717030323990137731e+03 1.714664509394933702e+03 1.712555546277115582e+03 1.710662409154730312e+03 1.708960448708357262e+03 1.707430291966188406e+03 1.706053916793761118e+03 1.704814469220981437e+03 1.703696787507810768e+03 1.702687569526054403e+03 1.701775234455650661e+03 1.700949702641599060e+03 1.700202191285709887e+03 1.699525037435885906e+03
1.816068651743874170e+03 1.813080425952826090e+03 1.810016278977194588e+03 1.806875999190807988e+03 1.803659441373676145e+03 1.800362374481634106e+03 1.796961348239646441e+03 1.793386028059870569e+03 1.789496151724659967e+03 1.785095163901798060e+03 1.779994012810289405e+03 1.774091839826217665e+03 1.767418641133054052e+03 1.760119456036753036e+03 1.752409084383598611e+03 1.744536543688978782e+03 1.736770504000828623e+03 1.729388670217038907e+03 1.722650403142212781e+03 1.716750244557557153e+03 1.711772280218550577e+03 1.707673340344484586e+03 1.704310296754164710e+03 1.701500358982882744e+03 1.699081840278471418e+03 1.696945551148480035e+03 1.695031759670640213e+03 1.693309945241933519e+03 1.691760598689845892e+03 1.690366533322837768e+03 1.689111169048579768e+03 1.687979150913754665e+03 1.686956867770607914e+03 1.686032479888972148e+03 1.685195722099497743e+03 1.684437682568291848e+03 1.683750610666111015e+03
1.803208116406663294e+03 1.800309948989136046e+03 1.797339066204513983e+03 1.794295638403085377e+03 1.791179708754308876e+03 1.787986927634698759e+03 1.784693290740658995e+03 1.781227200056149513e+03 1.777445898841112239e+03 1.773148469109882399e+03 1.768139144653271387e+03 1.762307673304485661e+03 1.755671451788829927e+03 1.748358761854055501e+03 1.740562666953630469e+03 1.732506655884192014e+03 1.724436301517727543e+03 1.716621625582474962e+03 1.709345211559887730e+03 1.702861941684097019e+03 1.697338921075773897e+03 1.692806248297142929e+03 1.689153842780985542e+03 1.686184527403976290e+03 1.683693464270267214e+03 1.681526908941797501e+03 1.679596202531828794e+03 1.677858905838877035e+03 1.676293479034396569e+03 1.674883710012614983e+03 1.673613802595011748e+03 1.672468509905840847e+03 1.671434019477610946e+03 1.670498266516149442e+03 1.669650820186511737e+03 1.668882657779325427e+03 1.668185956553980077e+03
1.790451079441728325e+03 1.787640369908257981e+03 1.784759509622079804e+03 1.781808988240027929e+03 1.778789036673429109e+03 1.775695218777271748e+03 1.772503004966455137e+03 1.769139645333201997e+03 1.765460400425728494e+03 1.761261360482176315e+03 1.756342595444531298e+03 1.750588164404330200e+03 1.744007367743451368e+03 1.736716352963529062e+03 1.728889857528914035e+03 1.720725532379970218e+03 1.712438437864468142e+03 1.704274401362114304e+03 1.696516669431149921e+03 1.689461383592074526e+03 1.683354591994123439e+03 1.678315232708442636e+03 1.674293822898304825e+03 1.671103085989709143e+03 1.668504835388500624e+03 1.666296227421043795e+03 1.664349088295645743e+03 1.662600384693130309e+03 1.661022501644374643e+03 1.659599436884501301e+03 1.658316567336166145e+03 1.657159154388196839e+03 1.656113367138334752e+03 1.655166975911720556e+03 1.654309409659103949e+03 1.653531554629000311e+03 1.652825533091179068e+03
