BlockUplift_2Ma_1kryTimeStep_2mmyr_k_0.0001_m_0.5_n_1.0_LinDiffusion_0.5_3x6km_30mRes_drainage_area.txt
nrows 200
cellsize 30.0
xllcorner 0.0
ncols 100
yllcorner 0.0
[rows 68 to 84 of 200, columns 37 to 73 of 100]
9.000000000000000000e+03 9.900000000000000000e+03 9.000000000000000000e+03 8.100000000000000000e+03 7.200000000000000000e+03 6.300000000000000000e+03 5.400000000000000000e+03 4.500000000000000000e+03 3.600000000000000000e+03 2.700000000000000000e+03 1.800000000000000000e+03 9.000000000000000000e+02 1.800000000000000000e+03 2.700000000000000000e+03 2.700000000000000000e+03 2.700000000000000000e+03 2.700000000000000000e+03 2.700000000000000000e+03 3.600000000000000000e+03 1.800000000000000000e+03 1.800000000000000000e+03 1.800000000000000000e+03 5.400000000000000000e+03 9.000000000000000000e+02 9.000000000000000000e+02 9.000000000000000000e+02 9.000000000000000000e+02 5.400000000000000000e+03 4.500000000000000000e+03 3.600000000000000000e+03 2.700000000000000000e+03 1.800000000000000000e+03 9.000000000000000000e+02 9.000000000000000000e+02 9.000000000000000000e+02 1.800000000000000000e+03 1.800000000000000000e+03
1.080000000000000000e+04 1.080000000000000000e+04 9.900000000000000000e+03 9.000000000000000000e+03 8.100000000000000000e+03 7.200000000000000000e+03 6.300000000000000000e+03 5.400000000000000000e+03 4.500000000000000000e+03 3.600000000000000000e+03 2.700000000000000000e+03 1.800000000000000000e+03 9.000000000000000000e+02 9.000000000000000000e+02 1.800000000000000000e+03 1.800000000000000000e+03 1.800000000000000000e+03 1.800000000000000000e+03 1.800000000000000000e+03 2.700000000000000000e+03 9.000000000000000000e+02 9.000000000000000000e+02 9.000000000000000000e+02 4.500000000000000000e+03 3.600000000000000000e+03 2.700000000000000000e+03 1.800000000000000000e+03 9.000000000000000000e+02 9.000000000000000000e+02 9.000000000000000000e+02 9.000000000000000000e+02 9.000000000000000000e+02 1.800000000000000000e+03 9.000000000000000000e+02 9.000000000000000000e+02 1.800000000000000000e+03 2.700000000000000000e+03
2.430000000000000000e+04 1.260000000000000000e+04 1.170000000000000000e+04 1.080000000000000000e+04 9.900000000000000000e+03 9.000000000000000000e+03 8.100000000000000000e+03 7.200000000000000000e+03 6.300000000000000000e+03 5.400000000000000000e+03 4.500000000000000000e+03 3.600000000000000000e+03 2.700000000000000000e+03 1.800000000000000000e+03 9.000000000000000000e+02 9.000000000000000000e+02 9.000000000000000000e+02 9.000000000000000000e+02 9.000000000000000000e+02 9.000000000000000000e+02 1.800000000000000000e+03 9.000000000000000000e+02 9.000000000000000000e+02 9.000000000000000000e+02 9.000000000000000000e+02 9.000000000000000000e+02 9.000000000000000000e+02 1.800000000000000000e+03 1.800000000000000000e+03 1.800000000000000000e+03 1.800000000000000000e+03 2.700000000000000000e+03 1.800000000000000000e+03 9.000000000000000000e+02 9.000000000000000000e+02 1.800000000000000000e+03 2.700000000000000000e+03
1.710000000000000000e+04 1.620000000000000000e+04 1.530000000000000000e+04 1.440000000000000000e+04 1.350000000000000000e+04 1.260000000000000000e+04 1.170000000000000000e+04 1.080000000000000000e+04 9.900000000000000000e+03 9.000000000000000000e+03 8.100000000000000000e+03 7.200000000000000000e+03 6.300000000000000000e+03 5.400000000000000000e+03 4.500000000000000000e+03 3.600000000000000000e+03 2.700000000000000000e+03 1.800000000000000000e+03 9.000000000000000000e+02 9.000000000000000000e+02 9.000000000000000000e+02 1.800000000000000000e+03 1.800000000000000000e+03 1.800000000000000000e+03 1.800000000000000000e+03 1.800000000000000000e+03 2.700000000000000000e+03 2.700000000000000000e+03 2.700000000000000000e+03 2.700000000000000000e+03 3.600000000000000000e+03 2.700000000000000000e+03 9.000000000000000000e+02 1.800000000000000000e+03 9.000000000000000000e+02 1.800000000000000000e+03 2.700000000000000000e+03
1.530000000000000000e+04 1.440000000000000000e+04 1.350000000000000000e+04 1.260000000000000000e+04 1.170000000000000000e+04 1.080000000000000000e+04 9.900000000000000000e+03 9.000000000000000000e+03 8.100000000000000000e+03 7.200000000000000000e+03 6.300000000000000000e+03 5.400000000000000000e+03 4.500000000000000000e+03 3.600000000000000000e+03 2.700000000000000000e+03 1.800000000000000000e+03 9.000000000000000000e+02 9.000000000000000000e+02 1.800000000000000000e+03 1.800000000000000000e+03 2.700000000000000000e+03 9.000000000000000000e+02 4.500000000000000000e+03 2.700000000000000000e+03 2.700000000000000000e+03 3.600000000000000000e+03 3.600000000000000000e+03 3.600000000000000000e+03 3.600000000000000000e+03 4.500000000000000000e+03 3.600000000000000000e+03 1.800000000000000000e+03 9.000000000000000000e+02 2.700000000000000000e+03 9.000000000000000000e+02 1.800000000000000000e+03 2.700000000000000000e+03
1.440000000000000000e+04 1.350000000000000000e+04 1.260000000000000000e+04 1.170000000000000000e+04 1.080000000000000000e+04 9.900000000000000000e+03 9.000000000000000000e+03 8.100000000000000000e+03 7.200000000000000000e+03 6.300000000000000000e+03 5.400000000000000000e+03 4.500000000000000000e+03 3.600000000000000000e+03 2.700000000000000000e+03 1.800000000000000000e+03 9.000000000000000000e+02 1.800000000000000000e+03 2.700000000000000000e+03 9.000000000000000000e+02 2.700000000000000000e+03 3.600000000000000000e+03 1.800000000000000000e+03 5.400000000000000000e+03 3.600000000000000000e+03 7.200000000000000000e+03 4.500000000000000000e+03 4.500000000000000000e+03 4.500000000000000000e+03 5.400000000000000000e+03 4.500000000000000000e+03 2.700000000000000000e+03 1.800000000000000000e+03 9.000000000000000000e+02 3.600000000000000000e+03 9.000000000000000000e+02 1.800000000000000000e+03 2.700000000000000000e+03
1.350000000000000000e+04 1.260000000000000000e+04 1.170000000000000000e+04 1.080000000000000000e+04 9.900000000000000000e+03 9.000000000000000000e+03 8.100000000000000000e+03 7.200000000000000000e+03 6.300000000000000000e+03 5.400000000000000000e+03 4.500000000000000000e+03 3.600000000000000000e+03 2.700000000000000000e+03 1.800000000000000000e+03 9.000000000000000000e+02 2.700000000000000000e+03 3.600000000000000000e+03 9.000000000000000000e+02 1.800000000000000000e+03 3.600000000000000000e+03 4.500000000000000000e+03 2.700000000000000000e+03 6.300000000000000000e+03 4.500000000000000000e+03 8.100000000000000000e+03 9.900000000000000000e+03 5.400000000000000000e+03 6.300000000000000000e+03 5.400000000000000000e+03 3.600000000000000000e+03 2.700000000000000000e+03 1.800000000000000000e+03 9.000000000000000000e+02 4.500000000000000000e+03 1.800000000000000000e+03 9.000000000000000000e+02 2.700000000000000000e+03
1.260000000000000000e+04 1.170000000000000000e+04 1.080000000000000000e+04 9.900000000000000000e+03 9.000000000000000000e+03 8.100000000000000000e+03 7.200000000000000000e+03 6.300000000000000000e+03 5.400000000000000000e+03 4.500000000000000000e+03 3.600000000000000000e+03 2.700000000000000000e+03 1.800000000000000000e+03 9.000000000000000000e+02 3.600000000000000000e+03 4.500000000000000000e+03 9.000000000000000000e+02 1.800000000000000000e+03 2.700000000000000000e+03 4.500000000000000000e+03 5.400000000000000000e+03 3.600000000000000000e+03 7.200000000000000000e+03 5.400000000000000000e+03 9.000000000000000000e+03 1.620000000000000000e+04 7.200000000000000000e+03 6.300000000000000000e+03 4.500000000000000000e+03 3.600000000000000000e+03 2.700000000000000000e+03 1.800000000000000000e+03 9.000000000000000000e+02 5.400000000000000000e+03 2.700000000000000000e+03 9.000000000000000000e+02 1.800000000000000000e+03
1.620000000000000000e+04 1.530000000000000000e+04 1.440000000000000000e+04 1.350000000000000000e+04 1.260000000000000000e+04 1.170000000000000000e+04 1.080000000000000000e+04 9.900000000000000000e+03 9.000000000000000000e+03 8.100000000000000000e+03 7.200000000000000000e+03 6.300000000000000000e+03 5.400000000000000000e+03 4.500000000000000000e+03 5.400000000000000000e+03 9.000000000000000000e+02 1.800000000000000000e+03 2.700000000000000000e+03 3.600000000000000000e+03 5.400000000000000000e+03 6.300000000000000000e+03 4.500000000000000000e+03 8.100000000000000000e+03 6.300000000000000000e+03 9.900000000000000000e+03 2.430000000000000000e+04 7.200000000000000000e+03 5.400000000000000000e+03 4.500000000000000000e+03 3.600000000000000000e+03 2.700000000000000000e+03 1.800000000000000000e+03 9.000000000000000000e+02 6.300000000000000000e+03 3.600000000000000000e+03 9.000000000000000000e+02 1.800000000000000000e+03
1.170000000000000000e+04 1.080000000000000000e+04 9.900000000000000000e+03 9.000000000000000000e+03 8.100000000000000000e+03 7.200000000000000000e+03 6.300000000000000000e+03 5.400000000000000000e+03 4.500000000000000000e+03 3.600000000000000000e+03 2.700000000000000000e+03 1.800000000000000000e+03 9.000000000000000000e+02 6.300000000000000000e+03 9.000000000000000000e+02 1.800000000000000000e+03 2.700000000000000000e+03 3.600000000000000000e+03 4.500000000000000000e+03 6.300000000000000000e+03 7.200000000000000000e+03 5.400000000000000000e+03 9.000000000000000000e+03 7.200000000000000000e+03 1.080000000000000000e+04 3.240000000000000000e+04 6.300000000000000000e+03 5.400000000000000000e+03 4.500000000000000000e+03 3.600000000000000000e+03 2.700000000000000000e+03 1.800000000000000000e+03 7.200000000000000000e+03 9.000000000000000000e+02 4.500000000000000000e+03 9.000000000000000000e+02 1.800000000000000000e+03
1.800000000000000000e+04 1.710000000000000000e+04 1.620000000000000000e+04 1.530000000000000000e+04 1.440000000000000000e+04 1.350000000000000000e+04 1.260000000000000000e+04 1.170000000000000000e+04 1.080000000000000000e+04 9.900000000000000000e+03 9.000000000000000000e+03 8.100000000000000000e+03 7.200000000000000000e+03 1.800000000000000000e+03 9.000000000000000000e+02 2.700000000000000000e+03 3.600000000000000000e+03 4.500000000000000000e+03 5.400000000000000000e+03 7.200000000000000000e+03 8.100000000000000000e+03 6.300000000000000000e+03 9.900000000000000000e+03 8.100000000000000000e+03 4.410000000000000000e+04 7.200000000000000000e+03 6.300000000000000000e+03 5.400000000000000000e+03 4.500000000000000000e+03 3.600000000000000000e+03 2.700000000000000000e+03 8.100000000000000000e+03 1.800000000000000000e+03 9.000000000000000000e+02 5.400000000000000000e+03 9.000000000000000000e+02 1.800000000000000000e+03
1.350000000000000000e+04 1.260000000000000000e+04 1.170000000000000000e+04 1.080000000000000000e+04 9.900000000000000000e+03 9.000000000000000000e+03 8.100000000000000000e+03 7.200000000000000000e+03 6.300000000000000000e+03 5.400000000000000000e+03 4.500000000000000000e+03 3.600000000000000000e+03 2.700000000000000000e+03 9.000000000000000000e+02 1.800000000000000000e+03 3.600000000000000000e+03 4.500000000000000000e+03 5.400000000000000000e+03 6.300000000000000000e+03 8.100000000000000000e+03 9.000000000000000000e+03 7.200000000000000000e+03 1.080000000000000000e+04 9.000000000000000000e+03 5.220000000000000000e+04 7.200000000000000000e+03 6.300000000000000000e+03 5.400000000000000000e+03 4.500000000000000000e+03 3.600000000000000000e+03 9.000000000000000000e+03 2.700000000000000000e+03 1.800000000000000000e+03 9.000000000000000000e+02 6.300000000000000000e+03 9.000000000000000000e+02 1.800000000000000000e+03
1.080000000000000000e+04 9.900000000000000000e+03 9.000000000000000000e+03 8.100000000000000000e+03 7.200000000000000000e+03 6.300000000000000000e+03 5.400000000000000000e+03 4.500000000000000000e+03 3.600000000000000000e+03 2.700000000000000000e+03 1.800000000000000000e+03 9.000000000000000000e+02 1.800000000000000000e+03 9.000000000000000000e+02 2.700000000000000000e+03 4.500000000000000000e+03 9.000000000000000000e+02 5.400000000000000000e+03 1.260000000000000000e+04 9.000000000000000000e+03 9.900000000000000000e+03 8.100000000000000000e+03 1.170000000000000000e+04 9.900000000000000000e+03 6.030000000000000000e+04 7.200000000000000000e+03 6.300000000000000000e+03 5.400000000000000000e+03 4.500000000000000000e+03 9.900000000000000000e+03 3.600000000000000000e+03 2.700000000000000000e+03 1.800000000000000000e+03 7.200000000000000000e+03 9.000000000000000000e+02 9.000000000000000000e+02 1.800000000000000000e+03
9.900000000000000000e+03 9.000000000000000000e+03 8.100000000000000000e+03 7.200000000000000000e+03 6.300000000000000000e+03 5.400000000000000000e+03 4.500000000000000000e+03 3.600000000000000000e+03 2.700000000000000000e+03 1.800000000000000000e+03 9.000000000000000000e+02 2.700000000000000000e+03 9.000000000000000000e+02 1.800000000000000000e+03 3.600000000000000000e+03 9.000000000000000000e+02 5.400000000000000000e+03 1.800000000000000000e+03 6.300000000000000000e+03 2.250000000000000000e+04 1.080000000000000000e+04 9.000000000000000000e+03 1.260000000000000000e+04 7.110000000000000000e+04 8.100000000000000000e+03 7.200000000000000000e+03 6.300000000000000000e+03 5.400000000000000000e+03 1.080000000000000000e+04 4.500000000000000000e+03 3.600000000000000000e+03 2.700000000000000000e+03 8.100000000000000000e+03 1.800000000000000000e+03 9.000000000000000000e+02 9.000000000000000000e+02 1.800000000000000000e+03
1.260000000000000000e+04 1.170000000000000000e+04 1.080000000000000000e+04 9.900000000000000000e+03 9.000000000000000000e+03 8.100000000000000000e+03 7.200000000000000000e+03 6.300000000000000000e+03 5.400000000000000000e+03 4.500000000000000000e+03 3.600000000000000000e+03 1.800000000000000000e+03 9.000000000000000000e+02 2.700000000000000000e+03 9.000000000000000000e+02 4.500000000000000000e+03 1.800000000000000000e+03 6.300000000000000000e+03 2.700000000000000000e+03 2.970000000000000000e+04 1.170000000000000000e+04 9.900000000000000000e+03 1.350000000000000000e+04 8.010000000000000000e+04 8.100000000000000000e+03 7.200000000000000000e+03 6.300000000000000000e+03 1.170000000000000000e+04 5.400000000000000000e+03 4.500000000000000000e+03 3.600000000000000000e+03 9.000000000000000000e+03 2.700000000000000000e+03 1.800000000000000000e+03 1.800000000000000000e+03 9.000000000000000000e+02 9.000000000000000000e+02
9.000000000000000000e+03 8.100000000000000000e+03 7.200000000000000000e+03 6.300000000000000000e+03 5.400000000000000000e+03 4.500000000000000000e+03 3.600000000000000000e+03 2.700000000000000000e+03 1.800000000000000000e+03 9.000000000000000000e+02 2.700000000000000000e+03 9.000000000000000000e+02 1.800000000000000000e+03 3.600000000000000000e+03 9.000000000000000000e+02 1.800000000000000000e+03 5.400000000000000000e+03 2.700000000000000000e+03 7.200000000000000000e+03 3.330000000000000000e+04 1.260000000000000000e+04 1.080000000000000000e+04 1.440000000000000000e+04 8.910000000000000000e+04 8.100000000000000000e+03 7.200000000000000000e+03 1.260000000000000000e+04 6.300000000000000000e+03 5.400000000000000000e+03 4.500000000000000000e+03 9.900000000000000000e+03 3.600000000000000000e+03 2.700000000000000000e+03 2.700000000000000000e+03 1.800000000000000000e+03 9.000000000000000000e+02 9.000000000000000000e+02
8.100000000000000000e+03 7.200000000000000000e+03 6.300000000000000000e+03 5.400000000000000000e+03 4.500000000000000000e+03 3.600000000000000000e+03 2.700000000000000000e+03 1.800000000000000000e+03 9.000000000000000000e+02 3.600000000000000000e+03 1.800000000000000000e+03 9.000000000000000000e+02 2.700000000000000000e+03 9.000000000000000000e+02 4.500000000000000000e+03 1.800000000000000000e+03 2.700000000000000000e+03 6.300000000000000000e+03 3.600000000000000000e+03 4.140000000000000000e+04 1.350000000000000000e+04 1.170000000000000000e+04 1.044000000000000000e+05 9.000000000000000000e+03 8.100000000000000000e+03 1.350000000000000000e+04 7.200000000000000000e+03 6.300000000000000000e+03 3.060000000000000000e+04 2.520000000000000000e+04 1.440000000000000000e+04 9.900000000000000000e+03 6.300000000000000000e+03 2.700000000000000000e+03 1.800000000000000000e+03 9.000000000000000000e+02 9.000000000000000000e+02
