BlockTilt_5Ma_1mmyr_m1_n5_k1Minus5_5kyrTimeStep_wLinDiff_30mRes_30kmBy60km.txt
nrows 100
cellsize 30.0
xllcorner 0.0
ncols 200
yllcorner 0.0
[rows 34 to 50 of 100, columns 148 to 184 of 200]
4.134894437166470880e+02 4.613422603432032929e+02 4.613422603431781113e+02 4.940983945273046629e+02 4.103717680373569578e+02 4.233537407682806588e+02 5.234024144160224523e+02 5.482994370504059134e+02 4.482590020055204718e+02 3.904948830434641422e+02 3.457471252270109972e+02 3.179938618582675645e+02 2.929754364650108869e+02 2.733469622180358556e+02 2.544298055989002876e+02 2.391621758355028078e+02 3.129740812612559466e+02 2.128819905419525469e+02 3.073743880095801728e+02 2.780653010889291750e+02 3.781327831541879050e+02 3.153566186423581712e+02 3.153566186423581712e+02 2.249697173702630266e+02 3.250549050298084239e+02 3.055857927415577251e+02 4.056441847113111407e+02 4.683698835851075160e+02 5.074249765769675378e+02 4.237140147119297922e+02 4.786251102245828406e+02 4.493269867805356625e+02 5.493570371952831692e+02 6.238800391914016927e+02 5.238801009680789775e+02 4.531694231201804541e+02 4.031694231204514836e+02
3.234753216045539830e+02 3.612926392992752653e+02 4.613422603432032929e+02 4.526573188309781699e+02 3.526081354312390204e+02 4.499006357971086345e+02 4.913417145159328356e+02 5.491045902228837576e+02 5.165408743368499245e+02 4.164968300751301058e+02 4.457990522220646881e+02 3.464637288553980170e+02 3.930356958047686931e+02 2.952905867733754803e+02 3.545016998134423147e+02 2.969492952344889432e+02 3.544170026342933397e+02 3.073743880095801728e+02 2.072787807035066407e+02 3.018220838693766837e+02 3.432663639646979163e+02 3.057915715462423805e+02 2.152658160507957632e+02 3.153566186423581712e+02 3.664966063102349949e+02 4.056441847113111407e+02 4.470801448112403023e+02 5.373191355382555230e+02 4.659933226703795981e+02 3.659513153766204709e+02 3.785848544362483494e+02 4.786251102245828406e+02 5.643142390269836142e+02 5.958046376509388438e+02 5.945901923202058015e+02 5.445903998689290120e+02 4.698360842709451504e+02
4.235270580505655857e+02 4.613422603432032929e+02 5.027833173935134710e+02 4.210189890726666135e+02 3.209678534572203148e+02 3.498505884563828090e+02 4.076150190257885697e+02 5.076638625214422973e+02 5.579818639912331264e+02 5.165408743368465139e+02 4.879563563373326360e+02 3.912114548112396051e+02 4.255503032606549141e+02 3.254639890637625399e+02 4.255329349156441481e+02 3.676923999968077510e+02 3.781327831541570959e+02 2.780653010889291750e+02 3.018220838693766837e+02 2.017228201890280275e+02 2.962908102751734987e+02 2.056948405447131165e+02 3.057915715462423805e+02 3.567993427412766891e+02 4.076629165109940800e+02 4.490984123592213564e+02 5.076566075615806994e+02 4.662248304655481661e+02 3.958509612384204956e+02 3.251059502470681082e+02 4.251513442181290543e+02 4.228508887872670243e+02 5.228846096201249338e+02 4.957814680238604979e+02 5.665066341264659968e+02 5.707465002785648949e+02 5.112571999808905048e+02
4.553897536262195445e+02 4.968308554327575166e+02 4.603745801315117205e+02 3.921367140325120317e+02 2.920824578255039228e+02 3.910955680556039624e+02 4.161084424503537207e+02 4.428477870215243684e+02 4.782202884014280926e+02 5.196613254935830355e+02 5.326985337682538102e+02 4.489754477430926158e+02 4.609550987830570534e+02 3.608421299061526497e+02 4.609449636571010842e+02 4.674773144346893332e+02 4.195706510958791569e+02 3.781327831541530031e+02 3.432663639644601972e+02 2.962908102751734987e+02 1.961878212894651483e+02 2.915768121588865824e+02 3.330214300424879639e+02 3.369130983685919318e+02 3.076075641585789526e+02 4.076629165109940800e+02 4.499007610236986920e+02 3.661842538812790622e+02 4.008867720593515287e+02 3.008402522800056431e+02 3.411641917075442620e+02 4.412074185826177199e+02 5.164920602059584098e+02 4.250440566170786383e+02 5.164920602059584098e+02 5.293254768102226535e+02 4.293254949611717848e+02
3.553390758785287744e+02 4.390670783150541183e+02 3.896273591473292299e+02 3.188801381631463414e+02 2.697066511925158920e+02 2.910411875438114748e+02 3.160569448721957428e+02 3.427983208899345300e+02 3.781717460294776174e+02 4.359346867289297620e+02 5.359834945010829870e+02 5.197153330057252560e+02 5.026312331140291008e+02 4.186118539444693738e+02 5.026185411402334466e+02 4.643470652866867567e+02 4.220555129095990310e+02 3.897210221196800717e+02 3.269919163207432007e+02 2.256009659877901754e+02 2.915768121588865824e+02 1.914762990848341246e+02 2.868759434682167466e+02 2.368387885678417604e+02 3.076075641585789526e+02 4.076629165109940800e+02 4.084663766447349644e+02 3.084206698472123662e+02 3.507049608939188374e+02 2.778867145480791123e+02 3.779345263029772468e+02 4.664742641214541550e+02 4.250405927074951933e+02 3.750203690405214161e+02 4.750608163744690273e+02 5.183865030923565200e+02 4.183865152035907613e+02
2.975709577832212744e+02 3.696159165879824968e+02 3.281730188689350030e+02 2.481250919698524058e+02 3.481850005937407104e+02 3.910955680557001983e+02 3.727361089000320362e+02 4.428477870213203573e+02 4.244885266701071487e+02 4.782202884069417905e+02 5.774241620247895526e+02 6.197565690206571389e+02 5.606000352047345814e+02 5.188014399828980459e+02 4.502123836984549143e+02 3.615890769620750689e+02 3.166774439630220854e+02 2.858507584303084741e+02 2.577661985209156796e+02 3.269960282563400824e+02 3.330214300422559290e+02 2.868759434682167466e+02 1.867778379192118337e+02 2.868759434682167466e+02 3.606357436514275037e+02 4.020735506588725912e+02 4.214470815529101628e+02 3.214026150859307336e+02 2.506545194079201337e+02 3.507049608939188374e+02 4.193702806597132167e+02 4.250405927074951933e+02 3.249954111643494343e+02 4.250405927074951933e+02 4.887471789031295089e+02 4.972982727097878524e+02 4.558770220406179305e+02
2.597500651766321766e+02 3.126404579823486074e+02 2.281114949111672559e+02 3.281730188689350030e+02 3.481850005937345145e+02 4.482369301209103014e+02 4.727857932519272595e+02 5.142267571256613792e+02 5.245371276412150792e+02 5.659778013230497891e+02 6.197088501228959103e+02 6.068903702043392059e+02 6.482994441492597844e+02 5.813137897471093538e+02 4.613578845420049674e+02 4.643715037182927858e+02 4.040230638656609585e+02 3.391956376814835039e+02 3.604917880595210704e+02 4.023293737951125877e+02 3.543311816677237402e+02 2.542646587843291286e+02 1.834772898305130582e+02 2.789340960368688798e+02 2.605720697512542756e+02 3.450680598896378228e+02 3.865062958335234953e+02 3.344746360912998853e+02 2.344211784785689758e+02 3.344746360912998853e+02 4.062698571330722643e+02 3.648336019793864580e+02 2.972463083177072463e+02 3.472715150904500092e+02 4.473145884911687062e+02 4.558770220406179305e+02 3.558770262618769493e+02
2.981977826924974124e+02 2.125786683966300643e+02 3.126404579823486074e+02 2.543907046528499620e+02 3.544498334282359338e+02 4.099498394091311866e+02 4.401160574966901891e+02 4.734656706650977185e+02 5.149067158091813781e+02 5.649308445853974945e+02 5.905670285534972663e+02 5.068782673338870950e+02 5.905669903691657510e+02 6.398528873613247470e+02 5.752062415681233460e+02 5.580280370558215282e+02 4.846960176674002696e+02 4.357546698498153432e+02 4.332604949284143458e+02 3.332116119913024477e+02 2.754371838337260101e+02 2.306752241427332706e+02 2.789340960368688798e+02 1.788397684833022083e+02 2.743118560643496266e+02 2.450036768178800912e+02 3.450680598896378228e+02 3.188489112259574085e+02 2.187912199405199658e+02 3.188489112259574085e+02 3.380943605617522394e+02 2.647845218123640620e+02 3.648336019793864580e+02 4.387279782757226485e+02 4.887471789031295089e+02 4.558770220406179305e+02 3.558770262618769493e+02
1.981365171734502724e+02 2.981977826924974124e+02 3.540837880026682569e+02 3.544498334282359338e+02 2.821446112296638375e+02 3.098973950323660915e+02 3.400660307842115344e+02 3.734168311946692711e+02 4.234412715780231338e+02 5.234900698409484221e+02 5.491481031091240084e+02 4.491477441217569435e+02 5.219463430192079159e+02 5.633603918662327033e+02 5.681146091616046760e+02 4.834198650121492165e+02 5.000269758921530183e+02 5.391168279476385123e+02 4.746944261785769754e+02 4.169343023675369864e+02 3.307490260382240876e+02 3.307490254873014237e+02 3.203776325661285682e+02 2.743118560643496266e+02 1.742196056800505914e+02 2.743118560643496266e+02 3.293830856994070473e+02 2.879432579255801556e+02 2.037013981061128902e+02 2.206201936498468967e+02 2.380415494653786936e+02 3.380943605617522394e+02 3.280629179104417403e+02 3.988070428009478974e+02 4.988436805098860418e+02 4.851663313480576676e+02 3.851663469068440691e+02
2.846437746132053803e+02 2.481682063951916462e+02 3.482273589279499220e+02 4.236419810455447532e+02 3.822002841383310852e+02 3.268932430160877516e+02 4.269446203863692517e+02 4.734656706650977185e+02 5.149067158091247620e+02 5.649308388657988189e+02 5.113514236266317425e+02 4.113907714971938958e+02 4.219778171627760912e+02 4.895187432845606850e+02 5.309972103298300681e+02 5.000269758921530183e+02 4.085806538003444075e+02 4.536566238582548749e+02 4.944631459829595315e+02 4.722342018273768076e+02 4.284615682794394615e+02 3.284118530929151802e+02 2.576571349935727540e+02 1.998718159928714044e+02 1.709665110154927561e+02 2.664861713810855690e+02 2.725931109189932045e+02 1.878725426400242213e+02 2.879432579255801556e+02 3.206774017343173000e+02 3.380943605617522394e+02 3.795316420314181869e+02 4.281070956187940055e+02 4.695406000423153046e+02 4.820060481338661020e+02 4.405847471402482256e+02 4.405847471402482256e+02
2.846437746132053235e+02 3.482273589279499220e+02 3.114530749196256352e+02 4.115070467177835098e+02 4.683858893105073093e+02 3.976409157615613594e+02 3.901721022548405813e+02 4.609177192132405594e+02 5.609663005100981081e+02 5.666692592727232523e+02 4.666657559889797540e+02 4.089738750387634809e+02 3.643600556700495758e+02 3.895994365614195658e+02 4.732303020591027689e+02 5.394808042195068083e+02 4.536566238582548749e+02 3.587974232119686349e+02 4.536491304632644415e+02 4.742532746012531106e+02 3.741547371978945193e+02 3.034050242436247800e+02 2.533715596812563149e+02 2.999468758651837561e+02 2.664861713810855690e+02 1.663972019691614719e+02 1.725133780941268924e+02 2.725931109189932045e+02 3.293830856994075020e+02 3.924580376944541058e+02 3.510218319805780425e+02 3.863931689460927146e+02 4.278280769145061413e+02 4.778469447800441685e+02 4.405847471402482256e+02 3.405847494096960872e+02 3.405847494096960872e+02
3.422573441998217731e+02 4.261424059857447446e+02 4.115070470342224098e+02 4.115070470342214435e+02 5.115567591284392961e+02 4.976900215193770691e+02 4.902212700972809785e+02 5.316621975460623162e+02 5.884781770975914696e+02 6.080787003404052484e+02 5.503471279376113898e+02 5.056409909526516913e+02 4.318276916226093363e+02 3.320411628681980574e+02 3.971657762672580247e+02 4.455402892992709667e+02 4.271876949378934114e+02 3.310575108670911391e+02 4.271876949378934114e+02 4.949195934268791461e+02 4.449644640663514679e+02 3.948938395322034012e+02 3.534331928029099572e+02 3.652760939683484480e+02 3.079285996513015107e+02 2.619245755535234252e+02 1.618374243303682931e+02 2.619245755535234252e+02 3.497988025324494288e+02 3.083610205365192769e+02 2.509733608185438811e+02 2.863479200342935087e+02 3.363722221600605735e+02 4.364141157321247420e+02 4.405847471402482256e+02 3.405847494096960872e+02 2.698740712955479921e+02
3.837001197569209126e+02 3.822350856613613814e+02 3.931796832984514367e+02 4.346215168389005612e+02 4.660286553921509949e+02 4.700750021641416083e+02 5.115159849134133196e+02 5.591693636981397049e+02 4.884441254979814744e+02 5.169269088969551831e+02 4.754979170741787584e+02 5.169269088815536861e+02 4.732303020591027689e+02 4.041518653477128282e+02 3.043859912103958436e+02 3.788823367250197407e+02 4.030482428022791623e+02 3.058362049445659068e+02 4.030482428022791623e+02 3.953487633076027237e+02 4.949195934268608426e+02 4.263420250858643499e+02 3.262983068737869417e+02 2.685324131541198653e+02 2.237812989462925088e+02 1.904173318561356609e+02 1.587552598361123444e+02 2.588414994759872911e+02 2.781928828433565855e+02 2.083046271845205126e+02 2.436845963823479906e+02 3.437337314741508862e+02 4.278280769144746500e+02 4.778469447800441685e+02 4.276090966313008721e+02 3.276090982143904853e+02 3.698740706263354241e+02
2.968889988877915016e+02 2.821786234674734715e+02 2.931239054002770672e+02 3.659777422127943964e+02 3.659777422127953059e+02 3.700250703649281832e+02 4.700750021641416083e+02 5.091526770402835496e+02 4.177008108679965517e+02 4.669164657650384243e+02 3.754760150520461366e+02 4.254869660631093780e+02 4.669164657441323243e+02 4.455402892974069005e+02 3.788823367250197407e+02 2.794014595098691416e+02 3.548161731183705569e+02 2.824120085155350921e+02 3.147598535473161405e+02 3.715809110042131351e+02 4.710472941710663690e+02 4.677754639634669047e+02 4.100176563783145411e+02 3.652760939683484480e+02 3.238383304574622343e+02 2.557758556959753378e+02 1.556904804632312391e+02 2.514485303224118695e+02 1.781246786788777570e+02 2.359059291153860158e+02 3.359579358844216586e+02 3.014500883844168584e+02 3.592125513463333277e+02 4.592521531032754751e+02 4.690304058486066197e+02 3.853441251310375719e+02 4.440304144404294107e+02
1.968279283140967379e+02 2.114228867088090169e+02 2.381663362671337723e+02 2.659201325072087343e+02 2.992751927750457526e+02 3.570428398994885129e+02 4.570930089865470336e+02 4.677221158646621575e+02 3.676953460436649834e+02 4.142555584109061328e+02 3.255135657675327820e+02 3.255135657675327820e+02 4.091889735664263981e+02 4.486676395507452071e+02 4.072685704507566697e+02 3.548161731183705569e+02 2.557090435074623826e+02 3.548161731183705569e+02 4.136203510743651464e+02 4.549168476382842528e+02 5.124101393631810879e+02 4.713789285008896286e+02 4.136229740260400831e+02 3.721881282858341820e+02 3.558297632093659786e+02 2.557758556959753378e+02 2.514485303224118695e+02 1.513643537969152248e+02 2.514485303224118695e+02 3.196321429881242011e+02 3.773946861793485255e+02 4.014942620992817979e+02 4.429285410004900996e+02 5.006840305243115381e+02 5.267653992380217005e+02 4.853441213908859595e+02 4.440185549540139505e+02
2.545993106672128192e+02 3.114844827425277458e+02 2.391759052601896656e+02 2.800278534146700622e+02 3.800839526389354432e+02 4.407705276382870352e+02 4.985340876461917787e+02 4.520596317093757079e+02 3.520394552156492409e+02 3.142815745581374358e+02 2.907673329967952895e+02 2.679069494829468567e+02 3.419834657635421991e+02 3.833945230773468893e+02 3.075425025500874767e+02 3.258425769804947549e+02 2.435153149080498167e+02 3.427184094047622125e+02 4.181215085009328618e+02 4.181215085009328618e+02 5.181501791042365994e+02 4.299461655949617125e+02 3.299063104300942086e+02 2.721450079041831600e+02 3.187128310898457357e+02 3.191840121012004943e+02 2.191275998057519701e+02 1.483500144129086777e+02 2.191275998057519701e+02 3.191840121012006080e+02 3.167897974937005188e+02 3.456702966364239273e+02 3.790180406148497809e+02 4.204529702587639690e+02 4.704717016095179360e+02 4.733078963245907289e+02 3.733078987664460442e+02
3.253528629900213787e+02 3.621911152564130703e+02 2.621330517185080566e+02 3.621911152564127860e+02 3.507796716554420300e+02 4.508307452248557752e+02 5.227995363110163680e+02 4.227582038212764814e+02 4.520596317093755943e+02 3.849574426636116300e+02 3.827654579333635638e+02 2.828703864229429996e+02 2.422101028896214530e+02 3.193892482832750375e+02 3.096309675661273104e+02 2.264932891072046175e+02 3.258425769804947549e+02 3.646785241895672129e+02 3.181388399910005091e+02 3.888237617317320201e+02 4.888525260981103884e+02 4.584086811832429476e+02 4.136229740260400831e+02 3.187128310898457357e+02 2.186641349821736071e+02 2.760519237286447947e+02 2.454251986890320723e+02 1.453425042458331689e+02 2.454251986890320723e+02 2.789748000005888571e+02 2.167407182984491101e+02 2.456253129101934860e+02 2.789748086795727886e+02 3.289973651119399847e+02 4.290387161177596340e+02 4.704483485348258682e+02 3.704483508466336161e+02
