BlockUplift_10Myr_500yrTimeStep_halfmmyr_k_1e-05_m_0.5_n_1.0_LinDiffusion_0.05_15x7km_30mRes0.txt
nrows 250
cellsize 30.0
xllcorner 0.0
ncols 500
yllcorner 0.0
[rows 119 to 135 of 250, columns 444 to 480 of 500]
2.500278869887904598e+00 2.500396645106950810e+00 2.500442143046728294e+00 2.500527513716030104e+00 2.500532419736857026e+00 2.500552263843667244e+00 2.500489819271434211e+00 2.500457413264773443e+00 2.500494885031377734e+00 2.500473175572783813e+00 2.500490926589483465e+00 2.500635115350670734e+00 2.500665859176255612e+00 2.500548934564100989e+00 2.500491369752225967e+00 2.500438729542321603e+00 2.500496097226271086e+00 2.500564621743337490e+00 2.500537669751137226e+00 2.500471059017785880e+00 2.500562722164536567e+00 2.500559620813008088e+00 2.500530821480844601e+00 2.500534005957757877e+00 2.500645429693101995e+00 2.500707584521539850e+00 2.500633572798264481e+00 2.500451644906152016e+00 2.500410077995614877e+00 2.500361323074139275e+00 2.500394487457651582e+00 2.500412088506462016e+00 2.500426210173146480e+00 2.500387405185685807e+00 2.500460495739175393e+00 2.500686875398479003e+00 2.500778733539049448e+00
2.500312576294735134e+00 2.500344849012837045e+00 2.500465910835882877e+00 2.500527197418947356e+00 2.500496104430365296e+00 2.500533813624677748e+00 2.500463472328264825e+00 2.500419919600350926e+00 2.500492789789458214e+00 2.500428561825696061e+00 2.500425628208029494e+00 2.500517274403533108e+00 2.500489514996334428e+00 2.500420968972542735e+00 2.500526912028743443e+00 2.500534072337340152e+00 2.500462854065307550e+00 2.500490494318280188e+00 2.500567884301649890e+00 2.500531215716637501e+00 2.500527704520672412e+00 2.500409746916316678e+00 2.500428593821728995e+00 2.500557886810566011e+00 2.500616838347361259e+00 2.500553380385255764e+00 2.500517148446464333e+00 2.500438932478763476e+00 2.500398784435713839e+00 2.500364655821936122e+00 2.500493244996554232e+00 2.500589889979909497e+00 2.500569388716336050e+00 2.500439242689342478e+00 2.500417764378286112e+00 2.500570360664339020e+00 2.500662480082034733e+00
2.500424158044618039e+00 2.500383191919706594e+00 2.500447904169419644e+00 2.500441271570475799e+00 2.500490452401570085e+00 2.500584647261152593e+00 2.500526387261617689e+00 2.500521292944057006e+00 2.500524618431669399e+00 2.500299750948371091e+00 2.500249352121909130e+00 2.500382594898924893e+00 2.500429535360958688e+00 2.500471037246335015e+00 2.500589098049304848e+00 2.500608600760047651e+00 2.500554477082300053e+00 2.500613605159456299e+00 2.500628197603607106e+00 2.500533221071412626e+00 2.500472269923547763e+00 2.500432468750692472e+00 2.500453855763877797e+00 2.500534969357511184e+00 2.500539426613840543e+00 2.500439048676026843e+00 2.500427472653016903e+00 2.500444356851444727e+00 2.500496609772555168e+00 2.500426493576316744e+00 2.500508373616995517e+00 2.500617448415869415e+00 2.500534668562701235e+00 2.500363863654780694e+00 2.500271318288214584e+00 2.500380382098070786e+00 2.500523678131188809e+00
2.500578973734615129e+00 2.500572463338894380e+00 2.500578464823646208e+00 2.500474042881338121e+00 2.500490442106124256e+00 2.500558506407804416e+00 2.500440324697305261e+00 2.500471093721845950e+00 2.500491726207806131e+00 2.500305190415055723e+00 2.500263621662001778e+00 2.500364734612023021e+00 2.500435934630397927e+00 2.500556031872898100e+00 2.500552152967976838e+00 2.500424465197548241e+00 2.500405459146135101e+00 2.500551662253579721e+00 2.500535188151344901e+00 2.500495429527809677e+00 2.500437608850573312e+00 2.500432445384933811e+00 2.500354739493774847e+00 2.500390806575628844e+00 2.500551878475554268e+00 2.500575946238484448e+00 2.500548967583462900e+00 2.500522951424204443e+00 2.500540401176631455e+00 2.500468974477660034e+00 2.500460277287522626e+00 2.500523669540444249e+00 2.500478081426112720e+00 2.500360448972801297e+00 2.500203246663126766e+00 2.500203149273726222e+00 2.500343793395059855e+00
2.500542194694579834e+00 2.500472806622940691e+00 2.500505486098331343e+00 2.500506262114947642e+00 2.500469856564849547e+00 2.500520411550416711e+00 2.500392594849236261e+00 2.500430953263782285e+00 2.500436951624910087e+00 2.500314512941451905e+00 2.500290618961553246e+00 2.500371098162783579e+00 2.500380651606763038e+00 2.500519721280627827e+00 2.500499351443984608e+00 2.500329547586179313e+00 2.500404235090846861e+00 2.500589080112143314e+00 2.500525079588645561e+00 2.500548633275260446e+00 2.500562644562962067e+00 2.500536694634269530e+00 2.500341195823257312e+00 2.500285049887478461e+00 2.500469785062864325e+00 2.500515580093443546e+00 2.500464307588945445e+00 2.500484759986701722e+00 2.500458686841002809e+00 2.500478091796888069e+00 2.500444517183226356e+00 2.500419392320570644e+00 2.500453989412735556e+00 2.500467860488339689e+00 2.500346136837567457e+00 2.500279903702656181e+00 2.500408122434779834e+00
2.500546857942484102e+00 2.500400861907619898e+00 2.500441989630497464e+00 2.500615088370533812e+00 2.500516408310865302e+00 2.500464041861274467e+00 2.500378349070293105e+00 2.500535508860518341e+00 2.500528908344803014e+00 2.500364658700533926e+00 2.500337172076682712e+00 2.500474028031561602e+00 2.500359345605701833e+00 2.500376305657049603e+00 2.500462936701933980e+00 2.500451294778998523e+00 2.500602254474647790e+00 2.500655919940188987e+00 2.500457653833217719e+00 2.500452171661394551e+00 2.500542874519993575e+00 2.500516833519898618e+00 2.500362528276076191e+00 2.500332781208623789e+00 2.500556937589095252e+00 2.500615735531528827e+00 2.500474090004345395e+00 2.500495555506315526e+00 2.500445280234589784e+00 2.500548514384917098e+00 2.500493060982642568e+00 2.500393198446214438e+00 2.500458541989968531e+00 2.500590808880115201e+00 2.500571308260560954e+00 2.500424178112193641e+00 2.500469020793612884e+00
2.500612385305920782e+00 2.500544333940394548e+00 2.500531088950435965e+00 2.500709892070524187e+00 2.500635112595315679e+00 2.500552198285473704e+00 2.500487949344154526e+00 2.500644550806649491e+00 2.500585208325970310e+00 2.500428743407024257e+00 2.500396999115805041e+00 2.500537246970651051e+00 2.500436469649110816e+00 2.500353999853157205e+00 2.500443087427696831e+00 2.500472699625301054e+00 2.500553821748954242e+00 2.500512741766658387e+00 2.500362503027929950e+00 2.500353442342791332e+00 2.500445282575383121e+00 2.500387003673168351e+00 2.500305151796918590e+00 2.500327197726325945e+00 2.500573808548248511e+00 2.500618170461113010e+00 2.500447841407733129e+00 2.500464009793755604e+00 2.500434281742374587e+00 2.500640581479814717e+00 2.500694225851141539e+00 2.500592294672581595e+00 2.500569279028606484e+00 2.500657797206712996e+00 2.500607048058975490e+00 2.500350517715817400e+00 2.500316436455683355e+00
2.500557342412077055e+00 2.500558985923969413e+00 2.500543613416211119e+00 2.500610123262454909e+00 2.500576566697210179e+00 2.500520632888876715e+00 2.500515335361595870e+00 2.500657109899314889e+00 2.500540007434008505e+00 2.500431029731518429e+00 2.500399687834041540e+00 2.500520166548385159e+00 2.500569678407318364e+00 2.500477520785575614e+00 2.500540209505945466e+00 2.500564080274875423e+00 2.500472086013751483e+00 2.500338887188975789e+00 2.500252861438916341e+00 2.500259068992193079e+00 2.500407870956765422e+00 2.500364992580557111e+00 2.500308555665464727e+00 2.500338650864874612e+00 2.500509848230795029e+00 2.500466233588181986e+00 2.500349663041679271e+00 2.500436859594408645e+00 2.500446655646536342e+00 2.500601880828309032e+00 2.500686191143160375e+00 2.500547714786784503e+00 2.500478919477453488e+00 2.500588246157758654e+00 2.500556466369897812e+00 2.500340219127362484e+00 2.500267451009331676e+00
2.500429820575448048e+00 2.500486052862394004e+00 2.500535408134044069e+00 2.500499436030606315e+00 2.500489386801713732e+00 2.500494972129574389e+00 2.500515207786172311e+00 2.500590411477631836e+00 2.500411359439536518e+00 2.500334549039547660e+00 2.500351208107525647e+00 2.500454688194452491e+00 2.500531088510957733e+00 2.500480690126619443e+00 2.500575406945618528e+00 2.500622565760950877e+00 2.500475900418838382e+00 2.500378537692403036e+00 2.500339789153047665e+00 2.500379568328936486e+00 2.500464893954794210e+00 2.500295887140841167e+00 2.500216312247272032e+00 2.500305046506098972e+00 2.500490346194878644e+00 2.500476909060965092e+00 2.500393645218816019e+00 2.500510378637347930e+00 2.500553670836828779e+00 2.500611198438801530e+00 2.500652733377573433e+00 2.500490706798022877e+00 2.500343630129466366e+00 2.500360234684535943e+00 2.500355886945424988e+00 2.500352662443018570e+00 2.500401446675654338e+00
2.500489550153277118e+00 2.500564980176252394e+00 2.500563389448654306e+00 2.500427133657164180e+00 2.500361881661239849e+00 2.500436541084313902e+00 2.500495555633057254e+00 2.500540873352258053e+00 2.500450487527730914e+00 2.500364099262702755e+00 2.500322092591840129e+00 2.500403088223030146e+00 2.500454574729380486e+00 2.500492200417686828e+00 2.500583602896469859e+00 2.500626695375324005e+00 2.500530080784558074e+00 2.500456604964199858e+00 2.500367572520666659e+00 2.500526166282011964e+00 2.500571325276814250e+00 2.500279053709093979e+00 2.500193123108258142e+00 2.500310175899044030e+00 2.500471022289789236e+00 2.500560188876422618e+00 2.500497829153759177e+00 2.500518171078202734e+00 2.500560725958296260e+00 2.500591859220476998e+00 2.500666840053116680e+00 2.500639320379764552e+00 2.500458527958922872e+00 2.500318660464208254e+00 2.500239728438928388e+00 2.500255040091662107e+00 2.500310206649545730e+00
2.500551989665822816e+00 2.500513161829146291e+00 2.500473390908597882e+00 2.500505335851725963e+00 2.500478994148747525e+00 2.500551714999512676e+00 2.500558161535017199e+00 2.500510948619782514e+00 2.500536016957880303e+00 2.500502310303059250e+00 2.500472686051579796e+00 2.500545041966355075e+00 2.500461353319483493e+00 2.500463902903726776e+00 2.500547190527526720e+00 2.500650450605853781e+00 2.500629215537014893e+00 2.500570255615502724e+00 2.500429285933245982e+00 2.500615428174107979e+00 2.500644050176672017e+00 2.500407411256966306e+00 2.500384562196590554e+00 2.500442127827467775e+00 2.500520729175244483e+00 2.500624218293038936e+00 2.500488133510279098e+00 2.500324975822923790e+00 2.500331592370257372e+00 2.500437029301796343e+00 2.500605196696823906e+00 2.500671465163977203e+00 2.500506194784152481e+00 2.500323810271718017e+00 2.500250800355096725e+00 2.500256379031502885e+00 2.500271633347892930e+00
2.500468745346137833e+00 2.500460023980562774e+00 2.500456220978128474e+00 2.500596596439018438e+00 2.500606722893476075e+00 2.500580858560463415e+00 2.500524308348035962e+00 2.500481059032422682e+00 2.500547083454989217e+00 2.500523903042521923e+00 2.500531627947366164e+00 2.500558950735974673e+00 2.500369621511119078e+00 2.500380258328521066e+00 2.500486968702882340e+00 2.500595649004567544e+00 2.500606841111989276e+00 2.500588605443189394e+00 2.500465427412549957e+00 2.500581981490217487e+00 2.500651136934333163e+00 2.500580706021667154e+00 2.500524695722911250e+00 2.500388363417064941e+00 2.500398313913005932e+00 2.500557815168435116e+00 2.500481358378973784e+00 2.500294550187532217e+00 2.500281475544097631e+00 2.500431626264828289e+00 2.500595368157330523e+00 2.500647697300586447e+00 2.500576845071700305e+00 2.500428934029804040e+00 2.500405527884943968e+00 2.500416003030515366e+00 2.500337042443385283e+00
2.500432711858035617e+00 2.500490306268643437e+00 2.500486612560946842e+00 2.500530792529934487e+00 2.500581686218598332e+00 2.500495426886112593e+00 2.500402322281197520e+00 2.500440152189272958e+00 2.500550577791267326e+00 2.500560691859194051e+00 2.500561243529731303e+00 2.500522557500366894e+00 2.500372189769212383e+00 2.500493554287538167e+00 2.500603462325368120e+00 2.500584464799824325e+00 2.500610281457802397e+00 2.500569237603080364e+00 2.500438958728908645e+00 2.500469192340922575e+00 2.500499153931866392e+00 2.500485083356748017e+00 2.500420828773898929e+00 2.500311424986197739e+00 2.500413256360364045e+00 2.500635125866280450e+00 2.500627035366179474e+00 2.500487543174651162e+00 2.500460043246849562e+00 2.500582416803519337e+00 2.500586218312669029e+00 2.500419597368049640e+00 2.500368033416964231e+00 2.500379975725184778e+00 2.500539839359239735e+00 2.500563040604358633e+00 2.500404104669459393e+00
2.500512000613663854e+00 2.500600128286823320e+00 2.500551741558051155e+00 2.500398907916316471e+00 2.500452680212411405e+00 2.500514488069656593e+00 2.500530584142619084e+00 2.500630149028298277e+00 2.500681755662088612e+00 2.500611162586783731e+00 2.500534656006418111e+00 2.500459180048844932e+00 2.500351883454637658e+00 2.500455713800804780e+00 2.500530485351250221e+00 2.500505738901977804e+00 2.500616170116952031e+00 2.500561153313205054e+00 2.500464622670883763e+00 2.500473296065304218e+00 2.500463909580899369e+00 2.500457660858308895e+00 2.500367313423624172e+00 2.500323157874171809e+00 2.500437818016103098e+00 2.500628369397497330e+00 2.500696444249072670e+00 2.500639161120245202e+00 2.500578809416771353e+00 2.500633068324783270e+00 2.500619283326170450e+00 2.500456133054018260e+00 2.500352209710328122e+00 2.500301994074080270e+00 2.500420404241291639e+00 2.500405973901068446e+00 2.500354540971076123e+00
2.500517055753388007e+00 2.500607461900225648e+00 2.500540508351947633e+00 2.500354506023183099e+00 2.500325104384425234e+00 2.500446329466360584e+00 2.500550906006373086e+00 2.500671017295736043e+00 2.500695251898576554e+00 2.500629155077774168e+00 2.500522586883624498e+00 2.500427813571386437e+00 2.500341613989389256e+00 2.500357783038039017e+00 2.500437514871899136e+00 2.500510525062798362e+00 2.500567885709779059e+00 2.500472548640672699e+00 2.500540322405360616e+00 2.500633847680906019e+00 2.500617552999703896e+00 2.500621752760838756e+00 2.500486912053086375e+00 2.500460377645468135e+00 2.500489241199539858e+00 2.500563215189309130e+00 2.500568828608966676e+00 2.500456140032449426e+00 2.500336426731471384e+00 2.500377598787524747e+00 2.500575950816303461e+00 2.500653471610402967e+00 2.500457248799907273e+00 2.500238859711325201e+00 2.500238957009425445e+00 2.500265357188557580e+00 2.500337455409557652e+00
2.500664107987730311e+00 2.500667688670673350e+00 2.500516937994698097e+00 2.500475763170492360e+00 2.500437014149230475e+00 2.500492723301499520e+00 2.500607258017670365e+00 2.500666271474493385e+00 2.500636418150361084e+00 2.500608490955218421e+00 2.500562637114711162e+00 2.500507505510135786e+00 2.500482416985849277e+00 2.500354461238835313e+00 2.500299001763132356e+00 2.500422705535581880e+00 2.500461959888400365e+00 2.500407089899628232e+00 2.500546782274841284e+00 2.500577901325463870e+00 2.500563116915255346e+00 2.500655314389360395e+00 2.500531369681034732e+00 2.500433036941297260e+00 2.500362504929142915e+00 2.500443042836496765e+00 2.500494540497952833e+00 2.500441111127733596e+00 2.500331188321550435e+00 2.500286774042651761e+00 2.500470627678041513e+00 2.500574776326425219e+00 2.500306549843902104e+00 2.500166744571791000e+00 2.500294120925779850e+00 2.500441059941040045e+00 2.500463213561690878e+00
2.500624442146952120e+00 2.500601544773949136e+00 2.500450355674971981e+00 2.500595172310819514e+00 2.500505235671451665e+00 2.500427368589102084e+00 2.500542466069487713e+00 2.500636524956271423e+00 2.500645801962187775e+00 2.500565805352791493e+00 2.500425549828451999e+00 2.500350412396810551e+00 2.500416693900560094e+00 2.500346603591718786e+00 2.500347203144062558e+00 2.500532033728834147e+00 2.500553937837924234e+00 2.500471111240464950e+00 2.500480514779569674e+00 2.500389003715358438e+00 2.500404299379701545e+00 2.500577376140888930e+00 2.500485035225204822e+00 2.500430526679111587e+00 2.500444935469507968e+00 2.500519020759319755e+00 2.500499690488597437e+00 2.500484294555119558e+00 2.500493603120202302e+00 2.500473649945187837e+00 2.500567241418004460e+00 2.500584505092663168e+00 2.500305166006648872e+00 2.500291595750987028e+00 2.500450599430235954e+00 2.500553690058117784e+00 2.500534000611303487e+00
