BlockUplift_2Ma_1kryTimeStep_2mmyr_k_5e-05_m_0.5_n_1.0_LinDiffusion_0.75_6x3km_30mRes_drainage_area.txt
nrows 100
cellsize 30.0
xllcorner 0.0
ncols 200
yllcorner 0.0
[rows 68 to 84 of 100, columns 111 to 147 of 200]
9.000000000000000000e+03 7.200000000000000000e+03 6.300000000000000000e+03 5.400000000000000000e+03 4.500000000000000000e+03 4.500000000000000000e+03 1.384200000000000000e+06 1.496700000000000000e+06 9.900000000000000000e+03 5.400000000000000000e+03 6.300000000000000000e+03 7.200000000000000000e+03 8.100000000000000000e+03 9.900000000000000000e+03 1.890000000000000000e+04 1.800000000000000000e+04 1.710000000000000000e+04 1.530000000000000000e+04 1.440000000000000000e+04 1.260000000000000000e+04 1.170000000000000000e+04 9.900000000000000000e+03 8.100000000000000000e+03 7.200000000000000000e+03 5.400000000000000000e+03 3.600000000000000000e+03 1.800000000000000000e+03 9.000000000000000000e+02 2.700000000000000000e+03 4.500000000000000000e+03 6.300000000000000000e+03 9.000000000000000000e+03 1.080000000000000000e+04 1.350000000000000000e+04 1.620000000000000000e+04 1.620000000000000000e+04 9.900000000000000000e+03
1.800000000000000000e+04 9.900000000000000000e+03 8.100000000000000000e+03 7.200000000000000000e+03 6.300000000000000000e+03 5.400000000000000000e+03 1.389600000000000000e+06 1.497600000000000000e+06 1.620000000000000000e+04 7.200000000000000000e+03 8.100000000000000000e+03 9.000000000000000000e+03 1.080000000000000000e+04 1.980000000000000000e+04 1.890000000000000000e+04 1.800000000000000000e+04 1.620000000000000000e+04 1.530000000000000000e+04 1.350000000000000000e+04 1.260000000000000000e+04 1.080000000000000000e+04 9.000000000000000000e+03 8.100000000000000000e+03 6.300000000000000000e+03 4.500000000000000000e+03 2.700000000000000000e+03 9.000000000000000000e+02 1.800000000000000000e+03 3.600000000000000000e+03 5.400000000000000000e+03 7.200000000000000000e+03 9.900000000000000000e+03 1.170000000000000000e+04 1.440000000000000000e+04 1.710000000000000000e+04 1.710000000000000000e+04 1.080000000000000000e+04
1.710000000000000000e+04 1.890000000000000000e+04 1.080000000000000000e+04 9.000000000000000000e+03 8.100000000000000000e+03 7.200000000000000000e+03 1.395900000000000000e+06 1.498500000000000000e+06 2.430000000000000000e+04 9.000000000000000000e+03 9.900000000000000000e+03 1.170000000000000000e+04 2.070000000000000000e+04 1.980000000000000000e+04 1.890000000000000000e+04 1.710000000000000000e+04 1.620000000000000000e+04 1.440000000000000000e+04 1.350000000000000000e+04 1.170000000000000000e+04 9.900000000000000000e+03 9.000000000000000000e+03 7.200000000000000000e+03 5.400000000000000000e+03 3.600000000000000000e+03 1.800000000000000000e+03 9.000000000000000000e+02 2.700000000000000000e+03 4.500000000000000000e+03 6.300000000000000000e+03 8.100000000000000000e+03 1.080000000000000000e+04 1.260000000000000000e+04 1.530000000000000000e+04 1.800000000000000000e+04 1.800000000000000000e+04 1.170000000000000000e+04
1.710000000000000000e+04 1.800000000000000000e+04 1.980000000000000000e+04 1.170000000000000000e+04 9.900000000000000000e+03 9.000000000000000000e+03 1.404000000000000000e+06 1.499400000000000000e+06 3.420000000000000000e+04 1.080000000000000000e+04 1.260000000000000000e+04 2.160000000000000000e+04 2.070000000000000000e+04 1.980000000000000000e+04 1.800000000000000000e+04 1.710000000000000000e+04 1.530000000000000000e+04 1.440000000000000000e+04 1.260000000000000000e+04 1.080000000000000000e+04 9.900000000000000000e+03 8.100000000000000000e+03 6.300000000000000000e+03 4.500000000000000000e+03 2.700000000000000000e+03 9.000000000000000000e+02 1.800000000000000000e+03 3.600000000000000000e+03 5.400000000000000000e+03 7.200000000000000000e+03 9.000000000000000000e+03 1.170000000000000000e+04 1.350000000000000000e+04 1.620000000000000000e+04 1.890000000000000000e+04 1.890000000000000000e+04 1.260000000000000000e+04
1.710000000000000000e+04 1.800000000000000000e+04 1.890000000000000000e+04 2.070000000000000000e+04 1.260000000000000000e+04 1.080000000000000000e+04 1.413900000000000000e+06 1.500300000000000000e+06 4.590000000000000000e+04 1.350000000000000000e+04 2.250000000000000000e+04 2.160000000000000000e+04 2.070000000000000000e+04 1.890000000000000000e+04 1.800000000000000000e+04 1.620000000000000000e+04 1.530000000000000000e+04 1.350000000000000000e+04 1.170000000000000000e+04 1.080000000000000000e+04 9.000000000000000000e+03 7.200000000000000000e+03 5.400000000000000000e+03 3.600000000000000000e+03 1.800000000000000000e+03 9.000000000000000000e+02 2.700000000000000000e+03 4.500000000000000000e+03 6.300000000000000000e+03 8.100000000000000000e+03 9.900000000000000000e+03 1.260000000000000000e+04 1.440000000000000000e+04 1.710000000000000000e+04 1.980000000000000000e+04 1.980000000000000000e+04 1.350000000000000000e+04
1.710000000000000000e+04 1.800000000000000000e+04 1.890000000000000000e+04 1.980000000000000000e+04 2.160000000000000000e+04 1.350000000000000000e+04 1.425600000000000000e+06 1.501200000000000000e+06 6.030000000000000000e+04 2.340000000000000000e+04 2.250000000000000000e+04 2.160000000000000000e+04 1.980000000000000000e+04 1.890000000000000000e+04 1.710000000000000000e+04 1.620000000000000000e+04 1.440000000000000000e+04 1.260000000000000000e+04 1.170000000000000000e+04 9.900000000000000000e+03 8.100000000000000000e+03 6.300000000000000000e+03 4.500000000000000000e+03 2.700000000000000000e+03 9.000000000000000000e+02 1.800000000000000000e+03 3.600000000000000000e+03 5.400000000000000000e+03 7.200000000000000000e+03 9.000000000000000000e+03 1.080000000000000000e+04 1.350000000000000000e+04 1.530000000000000000e+04 1.800000000000000000e+04 2.070000000000000000e+04 2.070000000000000000e+04 1.440000000000000000e+04
1.620000000000000000e+04 1.800000000000000000e+04 1.890000000000000000e+04 1.980000000000000000e+04 2.070000000000000000e+04 2.250000000000000000e+04 1.440000000000000000e+06 1.502100000000000000e+06 8.460000000000000000e+04 2.340000000000000000e+04 2.250000000000000000e+04 2.070000000000000000e+04 1.980000000000000000e+04 1.800000000000000000e+04 1.710000000000000000e+04 1.530000000000000000e+04 1.350000000000000000e+04 1.260000000000000000e+04 1.080000000000000000e+04 9.000000000000000000e+03 7.200000000000000000e+03 5.400000000000000000e+03 3.600000000000000000e+03 1.800000000000000000e+03 9.000000000000000000e+02 2.700000000000000000e+03 4.500000000000000000e+03 6.300000000000000000e+03 8.100000000000000000e+03 9.900000000000000000e+03 1.170000000000000000e+04 1.440000000000000000e+04 1.620000000000000000e+04 1.890000000000000000e+04 2.160000000000000000e+04 2.160000000000000000e+04 1.530000000000000000e+04
1.620000000000000000e+04 1.710000000000000000e+04 1.890000000000000000e+04 1.980000000000000000e+04 2.070000000000000000e+04 2.160000000000000000e+04 1.463400000000000000e+06 1.587600000000000000e+06 2.430000000000000000e+04 2.340000000000000000e+04 2.160000000000000000e+04 2.070000000000000000e+04 1.890000000000000000e+04 1.800000000000000000e+04 1.620000000000000000e+04 1.440000000000000000e+04 1.350000000000000000e+04 1.170000000000000000e+04 9.900000000000000000e+03 8.100000000000000000e+03 6.300000000000000000e+03 4.500000000000000000e+03 2.700000000000000000e+03 9.000000000000000000e+02 1.800000000000000000e+03 3.600000000000000000e+03 5.400000000000000000e+03 7.200000000000000000e+03 9.000000000000000000e+03 1.080000000000000000e+04 1.260000000000000000e+04 1.530000000000000000e+04 1.710000000000000000e+04 1.980000000000000000e+04 2.250000000000000000e+04 2.250000000000000000e+04 1.620000000000000000e+04
1.530000000000000000e+04 1.710000000000000000e+04 1.800000000000000000e+04 1.980000000000000000e+04 2.070000000000000000e+04 2.160000000000000000e+04 1.485900000000000000e+06 1.612800000000000000e+06 2.430000000000000000e+04 2.250000000000000000e+04 2.160000000000000000e+04 1.980000000000000000e+04 1.890000000000000000e+04 1.710000000000000000e+04 1.530000000000000000e+04 1.440000000000000000e+04 1.260000000000000000e+04 1.080000000000000000e+04 9.000000000000000000e+03 7.200000000000000000e+03 5.400000000000000000e+03 3.600000000000000000e+03 1.800000000000000000e+03 9.000000000000000000e+02 2.700000000000000000e+03 4.500000000000000000e+03 6.300000000000000000e+03 8.100000000000000000e+03 9.900000000000000000e+03 1.170000000000000000e+04 1.350000000000000000e+04 1.620000000000000000e+04 1.800000000000000000e+04 2.070000000000000000e+04 2.340000000000000000e+04 2.340000000000000000e+04 1.710000000000000000e+04
1.530000000000000000e+04 1.620000000000000000e+04 1.800000000000000000e+04 1.890000000000000000e+04 2.070000000000000000e+04 2.160000000000000000e+04 1.508400000000000000e+06 1.638000000000000000e+06 2.340000000000000000e+04 2.250000000000000000e+04 2.070000000000000000e+04 1.980000000000000000e+04 1.800000000000000000e+04 1.620000000000000000e+04 1.530000000000000000e+04 1.350000000000000000e+04 1.170000000000000000e+04 9.900000000000000000e+03 8.100000000000000000e+03 6.300000000000000000e+03 4.500000000000000000e+03 2.700000000000000000e+03 9.000000000000000000e+02 1.800000000000000000e+03 3.600000000000000000e+03 5.400000000000000000e+03 7.200000000000000000e+03 9.000000000000000000e+03 1.080000000000000000e+04 1.260000000000000000e+04 1.440000000000000000e+04 1.710000000000000000e+04 1.890000000000000000e+04 2.160000000000000000e+04 2.430000000000000000e+04 2.430000000000000000e+04 1.800000000000000000e+04
1.440000000000000000e+04 1.620000000000000000e+04 1.710000000000000000e+04 1.890000000000000000e+04 1.980000000000000000e+04 2.160000000000000000e+04 1.530900000000000000e+06 1.662300000000000000e+06 2.340000000000000000e+04 2.160000000000000000e+04 2.070000000000000000e+04 1.890000000000000000e+04 1.710000000000000000e+04 1.620000000000000000e+04 1.440000000000000000e+04 1.260000000000000000e+04 1.080000000000000000e+04 9.000000000000000000e+03 7.200000000000000000e+03 5.400000000000000000e+03 3.600000000000000000e+03 1.800000000000000000e+03 9.000000000000000000e+02 2.700000000000000000e+03 4.500000000000000000e+03 6.300000000000000000e+03 8.100000000000000000e+03 9.900000000000000000e+03 1.170000000000000000e+04 1.350000000000000000e+04 1.530000000000000000e+04 1.800000000000000000e+04 1.980000000000000000e+04 2.250000000000000000e+04 2.520000000000000000e+04 2.520000000000000000e+04 1.890000000000000000e+04
1.440000000000000000e+04 1.530000000000000000e+04 1.710000000000000000e+04 1.800000000000000000e+04 1.980000000000000000e+04 2.070000000000000000e+04 1.553400000000000000e+06 1.686600000000000000e+06 2.250000000000000000e+04 2.160000000000000000e+04 1.980000000000000000e+04 1.800000000000000000e+04 1.710000000000000000e+04 1.530000000000000000e+04 1.350000000000000000e+04 1.170000000000000000e+04 9.900000000000000000e+03 8.100000000000000000e+03 6.300000000000000000e+03 4.500000000000000000e+03 2.700000000000000000e+03 9.000000000000000000e+02 1.800000000000000000e+03 3.600000000000000000e+03 5.400000000000000000e+03 7.200000000000000000e+03 9.000000000000000000e+03 1.080000000000000000e+04 1.260000000000000000e+04 1.440000000000000000e+04 1.620000000000000000e+04 1.890000000000000000e+04 2.070000000000000000e+04 2.340000000000000000e+04 2.610000000000000000e+04 2.610000000000000000e+04 1.980000000000000000e+04
1.350000000000000000e+04 1.530000000000000000e+04 1.620000000000000000e+04 1.800000000000000000e+04 1.890000000000000000e+04 2.070000000000000000e+04 1.575000000000000000e+06 1.710000000000000000e+06 2.250000000000000000e+04 2.070000000000000000e+04 1.890000000000000000e+04 1.800000000000000000e+04 1.620000000000000000e+04 1.440000000000000000e+04 1.260000000000000000e+04 1.080000000000000000e+04 9.000000000000000000e+03 7.200000000000000000e+03 5.400000000000000000e+03 3.600000000000000000e+03 1.800000000000000000e+03 9.000000000000000000e+02 2.700000000000000000e+03 4.500000000000000000e+03 6.300000000000000000e+03 8.100000000000000000e+03 9.900000000000000000e+03 1.170000000000000000e+04 1.350000000000000000e+04 1.530000000000000000e+04 1.710000000000000000e+04 1.980000000000000000e+04 2.160000000000000000e+04 2.430000000000000000e+04 2.700000000000000000e+04 2.700000000000000000e+04 2.070000000000000000e+04
1.260000000000000000e+04 1.440000000000000000e+04 1.620000000000000000e+04 1.710000000000000000e+04 1.890000000000000000e+04 1.980000000000000000e+04 1.596600000000000000e+06 1.733400000000000000e+06 2.160000000000000000e+04 1.980000000000000000e+04 1.890000000000000000e+04 1.710000000000000000e+04 1.530000000000000000e+04 1.350000000000000000e+04 1.170000000000000000e+04 9.900000000000000000e+03 8.100000000000000000e+03 6.300000000000000000e+03 4.500000000000000000e+03 2.700000000000000000e+03 9.000000000000000000e+02 1.800000000000000000e+03 3.600000000000000000e+03 5.400000000000000000e+03 7.200000000000000000e+03 9.000000000000000000e+03 1.080000000000000000e+04 1.260000000000000000e+04 1.440000000000000000e+04 1.620000000000000000e+04 1.800000000000000000e+04 2.070000000000000000e+04 2.250000000000000000e+04 2.520000000000000000e+04 2.790000000000000000e+04 2.790000000000000000e+04 2.160000000000000000e+04
1.170000000000000000e+04 1.350000000000000000e+04 1.530000000000000000e+04 1.710000000000000000e+04 1.800000000000000000e+04 1.980000000000000000e+04 1.617300000000000000e+06 1.755900000000000000e+06 2.070000000000000000e+04 1.980000000000000000e+04 1.800000000000000000e+04 1.620000000000000000e+04 1.440000000000000000e+04 1.260000000000000000e+04 1.080000000000000000e+04 9.000000000000000000e+03 7.200000000000000000e+03 5.400000000000000000e+03 3.600000000000000000e+03 9.000000000000000000e+02 1.800000000000000000e+03 2.700000000000000000e+03 4.500000000000000000e+03 6.300000000000000000e+03 8.100000000000000000e+03 9.900000000000000000e+03 1.170000000000000000e+04 1.350000000000000000e+04 1.530000000000000000e+04 1.710000000000000000e+04 1.890000000000000000e+04 2.160000000000000000e+04 2.340000000000000000e+04 2.610000000000000000e+04 2.880000000000000000e+04 2.880000000000000000e+04 2.250000000000000000e+04
1.080000000000000000e+04 1.260000000000000000e+04 1.440000000000000000e+04 1.620000000000000000e+04 1.800000000000000000e+04 1.890000000000000000e+04 1.638000000000000000e+06 1.777500000000000000e+06 2.070000000000000000e+04 1.890000000000000000e+04 1.710000000000000000e+04 1.530000000000000000e+04 1.350000000000000000e+04 1.170000000000000000e+04 9.900000000000000000e+03 8.100000000000000000e+03 6.300000000000000000e+03 4.500000000000000000e+03 1.800000000000000000e+03 9.000000000000000000e+02 2.700000000000000000e+03 3.600000000000000000e+03 5.400000000000000000e+03 7.200000000000000000e+03 9.000000000000000000e+03 1.080000000000000000e+04 1.260000000000000000e+04 1.440000000000000000e+04 1.620000000000000000e+04 1.800000000000000000e+04 1.980000000000000000e+04 2.250000000000000000e+04 2.430000000000000000e+04 2.700000000000000000e+04 2.970000000000000000e+04 2.970000000000000000e+04 2.340000000000000000e+04
9.900000000000000000e+03 1.170000000000000000e+04 1.350000000000000000e+04 1.530000000000000000e+04 1.710000000000000000e+04 1.890000000000000000e+04 1.657800000000000000e+06 1.799100000000000000e+06 1.980000000000000000e+04 1.800000000000000000e+04 1.620000000000000000e+04 1.440000000000000000e+04 1.260000000000000000e+04 1.080000000000000000e+04 9.000000000000000000e+03 7.200000000000000000e+03 5.400000000000000000e+03 2.700000000000000000e+03 9.000000000000000000e+02 1.800000000000000000e+03 3.600000000000000000e+03 4.500000000000000000e+03 6.300000000000000000e+03 8.100000000000000000e+03 9.900000000000000000e+03 1.170000000000000000e+04 1.350000000000000000e+04 1.530000000000000000e+04 1.710000000000000000e+04 1.890000000000000000e+04 2.070000000000000000e+04 2.340000000000000000e+04 2.520000000000000000e+04 2.790000000000000000e+04 3.060000000000000000e+04 3.060000000000000000e+04 2.430000000000000000e+04
