BlockUplift_2Ma_1kryTimeStep_5mmyr_k_5e-05_m_0.5_n_1.0_LinDiffusion_1.0_6x3km_30mRes_topographic__steepest_slope.txt
nrows 100
cellsize 30.0
xllcorner 0.0
ncols 200
yllcorner 0.0
[rows 17 to 33 of 100, columns 37 to 73 of 200]
1.199010785700712206e-01 1.218587447554549813e-01 1.235892229381609780e-01 1.249729667129751420e-01 1.259306565503455488e-01 1.264305988708865069e-01 1.264905846491179431e-01 1.261740872027284355e-01 1.255814375309341757e-01 1.331525606240670789e-01 1.410760013342741148e-01 1.488994843970302406e-01 1.564329993100405380e-01 1.635000191269602721e-01 1.699622286264017013e-01 1.757277696236274056e-01 1.807425774929246332e-01 1.849686987229283153e-01 1.883567131742294731e-01 1.908212323725312354e-01 1.922285789123832356e-01 1.924036677225069436e-01 1.911584117666456362e-01 1.883370216805574648e-01 1.838660534038666916e-01 1.777919441859212302e-01 1.702892653243225085e-01 1.616306908927488684e-01 1.574878892145562814e-01 1.597490304254146620e-01 1.613388633808474082e-01 1.621229590450184443e-01 1.620105029136605368e-01 1.609681577616574599e-01 1.590277198183097651e-01 1.562858029394656456e-01 1.528948259733283466e-01
1.212034454175750370e-01 1.233674891981176303e-01 1.252444968614042919e-01 1.267169170678035528e-01 1.277083515977343042e-01 1.281897377399331961e-01 1.281804954440209088e-01 1.277446454016740174e-01 1.269824635517390332e-01 1.332599915815893821e-01 1.410410896875828879e-01 1.487732139273854892e-01 1.562529561742167783e-01 1.632882351888044481e-01 1.697257281224590908e-01 1.754613744306963707e-01 1.804332593150998199e-01 1.846006115196477393e-01 1.879159694214051490e-01 1.902994847317122373e-01 1.916245579361341711e-01 1.917220667631457653e-01 1.904059542897640345e-01 1.875161755873577807e-01 1.829675491752831284e-01 1.767878074586050063e-01 1.691282905073097365e-01 1.602380524420745078e-01 1.527463321525847906e-01 1.550583364557515664e-01 1.567146010675960210e-01 1.575627332287600213e-01 1.574999088350788612e-01 1.564897578085549523e-01 1.545708028660034983e-01 1.518543882419701729e-01 1.485118848693872395e-01
1.222831291122266351e-01 1.246462215706534010e-01 1.266630308593524601e-01 1.282192229430753061e-01 1.292421767518590059e-01 1.297059497293067409e-01 1.296317576629708868e-01 1.290840793453962021e-01 1.281628576674582465e-01 1.330415180351823823e-01 1.406594308295522067e-01 1.482832157644372872e-01 1.556967339205647671e-01 1.626926556991482586e-01 1.691025380638874753e-01 1.748096616383394142e-01 1.797436315661549155e-01 1.838602644627500837e-01 1.871136808197410017e-01 1.894295076929606858e-01 1.906884245146312218e-01 1.907275311724544453e-01 1.893627755079701214e-01 1.864291619224187901e-01 1.818281360539951985e-01 1.755661729179804342e-01 1.677683559077414455e-01 1.586574757199190611e-01 1.485017797364827363e-01 1.500542631590169040e-01 1.517540060286771963e-01 1.526560692294035848e-01 1.526484108731864242e-01 1.516927412019005716e-01 1.498333698712400464e-01 1.471933470585592429e-01 1.454458058147953814e-01
1.231913381574694655e-01 1.257464501866441819e-01 1.278965242428663773e-01 1.295316515709733496e-01 1.305838214471293779e-01 1.310306879304031780e-01 1.308954413992789167e-01 1.302429779057983350e-01 1.291727236772942378e-01 1.325429993734372203e-01 1.399783298785006180e-01 1.474783853716932769e-01 1.548151139074904481e-01 1.617663778815824072e-01 1.681485970992767087e-01 1.738319720789883727e-01 1.787369532525745763e-01 1.828152112543681707e-01 1.860218339564586321e-01 1.882875364504696947e-01 1.895001132948745115e-01 1.895028102309037898e-01 1.881133421675378059e-01 1.851610753779616425e-01 1.805327445279325815e-01 1.742116134502255942e-01 1.662943151630941196e-01 1.569756465014047198e-01 1.465034215240145210e-01 1.448972288809775022e-01 1.466182787961448353e-01 1.475647519093778726e-01 1.476181029485616192e-01 1.467389001572030338e-01 1.449757684792189194e-01 1.424598483079894951e-01 1.443862842271935731e-01
1.239760281065249159e-01 1.267159861375963259e-01 1.289924521642016597e-01 1.307012288025115876e-01 1.317797861566248341e-01 1.322098622306005777e-01 1.320167990103774114e-01 1.312658682626173801e-01 1.300558108950137237e-01 1.318049963271719360e-01 1.390394664043859974e-01 1.464015592079979111e-01 1.536522553217501419e-01 1.605551683852734779e-01 1.669116514485700087e-01 1.725784385004383303e-01 1.774661153680297532e-01 1.815213558085455037e-01 1.846994000587680040e-01 1.869353961621552374e-01 1.881237949320674618e-01 1.881136570455385071e-01 1.867241010792973221e-01 1.837782604800412278e-01 1.791471921931218347e-01 1.727896426312502398e-01 1.647724365003489788e-01 1.552614956539502544e-01 1.444844163923874325e-01 1.397228710689243369e-01 1.414456146113972634e-01 1.424287013643360522e-01 1.425495122819247229e-01 1.417678299847220103e-01 1.401346559555956273e-01 1.377852289659320661e-01 1.432546043676176384e-01
1.246825380785386017e-01 1.275991116914269585e-01 1.299939447836228057e-01 1.317699642847685593e-01 1.328710528551728942e-01 1.332835303970739405e-01 1.330350419086168412e-01 1.321911455121456413e-01 1.308496736878491107e-01 1.308629067300042526e-01 1.378791332412542814e-01 1.450898534146176366e-01 1.522461349724988089e-01 1.590980091833667232e-01 1.654319142515758290e-01 1.710907661996438067e-01 1.759745493323502386e-01 1.800239925659587181e-01 1.831935088373673193e-01 1.854218097557625289e-01 1.866093186302446305e-01 1.866104072179864404e-01 1.852451929338680414e-01 1.823301494786132293e-01 1.777201123335291899e-01 1.713486643007128829e-01 1.632522567406749503e-01 1.535677935582325515e-01 1.425033157660592631e-01 1.346415254832228070e-01 1.363501149263423029e-01 1.373643844233138622e-01 1.375596423194101192e-01 1.368948061674965799e-01 1.354209774158372792e-01 1.332733804951251044e-01 1.420919235145731152e-01
1.253537641406429204e-01 1.284364342538424353e-01 1.309394891915512116e-01 1.327745088377241811e-01 1.338927611410118401e-01 1.342856296667359062e-01 1.339831550855497821e-01 1.330510030938512611e-01 1.315857665332411386e-01 1.297472217075972545e-01 1.365285973655730734e-01 1.435751279182620743e-01 1.506291185147725087e-01 1.574277852173861514e-01 1.637428838701093792e-01 1.694031999123064569e-01 1.742973620623208819e-01 1.783591285249107039e-01 1.815409730356497553e-01 1.837841353481408924e-01 1.849941658059621463e-01 1.850301426893604662e-01 1.837128064019905860e-01 1.808517656854845279e-01 1.762855349933255544e-01 1.699225206940334632e-01 1.617689436335440212e-01 1.519331399445006114e-01 1.406045118839216457e-01 1.297386926189688094e-01 1.314215446685295663e-01 1.324639636650535579e-01 1.327406930097093096e-01 1.322093302929839009e-01 1.309186463443277604e-01 1.291787523372824043e-01 1.409261648225352270e-01
1.260298752863983907e-01 1.292644698353228594e-01 1.318625104242263091e-01 1.337457997113479791e-01 1.348739413391513153e-01 1.352437978978325017e-01 1.348878006788254424e-01 1.338714216174840543e-01 1.322895396045301597e-01 1.302611092958500250e-01 1.350145536384768918e-01 1.418845374708887774e-01 1.488286135536525945e-01 1.555720504602726428e-01 1.618722407060865787e-01 1.675435759338781416e-01 1.724625731034541143e-01 1.765549371613128748e-01 1.797699887492222592e-01 1.820503355206727070e-01 1.833056985684856921e-01 1.833992116670283556e-01 1.821519373390544649e-01 1.793666584366345740e-01 1.748658967002105769e-01 1.685334361212162402e-01 1.603459985445510050e-01 1.503842341069517308e-01 1.388198984540660597e-01 1.258861949142900949e-01 1.267261478321861090e-01 1.277955112367313573e-01 1.281598857883276821e-01 1.277748457301423057e-01 1.266844645528768243e-01 1.275414982838622424e-01 1.397730121787591484e-01
1.267475902521766895e-01 1.301150057821663097e-01 1.327908869245277290e-01 1.347087427522278003e-01 1.358373447289276670e-01 1.361793184055689609e-01 1.357693439128638546e-01 1.346722539116986528e-01 1.329805807875288903e-01 1.308106636783880616e-01 1.333596368515117259e-01 1.400411279887256444e-01 1.468677552552545007e-01 1.535538135141954474e-01 1.598427511238193766e-01 1.655343713779165449e-01 1.704923441869694578e-01 1.746332082241985884e-01 1.779018452129846051e-01 1.802409797729998819e-01 1.815634724648915455e-01 1.817358458672057309e-01 1.805792733599024535e-01 1.778899801810544801e-01 1.734751950375826857e-01 1.671950977990391551e-01 1.589980897137802940e-01 1.489382889403663146e-01 1.371707305350747530e-01 1.239289639346971145e-01 1.223086424458150190e-01 1.234045393025477722e-01 1.238607514982779378e-01 1.236300513849130367e-01 1.227497361505451579e-01 1.259414999768832533e-01 1.386375878540028750e-01
1.275390611737236557e-01 1.310143045305665055e-01 1.337464574776542348e-01 1.356819759311595763e-01 1.367994026752398784e-01 1.371072116042569289e-01 1.366420215225123969e-01 1.354674290771925027e-01 1.336728342669857850e-01 1.313710844660098132e-01 1.315829562638855810e-01 1.380644372991347568e-01 1.447660786242387088e-01 1.513922909175083598e-01 1.576731179959747486e-01 1.633936768923808791e-01 1.684041080607852348e-01 1.726106733933135684e-01 1.759524897310888181e-01 1.783710854218630293e-01 1.797813752059999326e-01 1.800525946473935934e-01 1.790058885288942914e-01 1.764313696504173079e-01 1.721219519392715447e-01 1.659155637129571537e-01 1.577337605874879478e-01 1.476054147044945086e-01 1.356696103931815389e-01 1.221601993397950087e-01 1.181953243146674909e-01 1.193168953842814461e-01 1.198660175912616838e-01 1.197919971654253374e-01 1.191237628221026995e-01 1.243792482243989139e-01 1.375169668057968642e-01
1.284304658047403791e-01 1.319822355825787386e-01 1.347445844335292409e-01 1.366777570041771694e-01 1.377703401248046022e-01 1.380364881080330119e-01 1.375142632323502201e-01 1.362652882026016699e-01 1.343749156339091033e-01 1.319514788100756564e-01 1.297006220188837711e-01 1.359710668325992688e-01 1.425401416048334979e-01 1.491035893872806606e-01 1.553787339475297957e-01 1.611360393636528943e-01 1.662115268810141488e-01 1.705001132303239353e-01 1.739338188166471288e-01 1.764516248626128714e-01 1.779693701625928437e-01 1.783583047454835036e-01 1.774394328048133629e-01 1.749972956090384835e-01 1.708116314637840027e-01 1.646996610091211177e-01 1.565577217469931726e-01 1.463907484395606251e-01 1.343224541471984557e-01 1.205865105824133199e-01 1.143979262447771816e-01 1.155427423750306076e-01 1.161818599722569956e-01 1.162607387055913932e-01 1.157989789149676541e-01 1.228496827113007284e-01 1.364034177865902919e-01
1.294404872955207397e-01 1.330314578449588170e-01 1.357938491375667300e-01 1.377020168499996089e-01 1.387544620331273848e-01 1.389705689714787751e-01 1.383891675932678311e-01 1.370690556514224112e-01 1.350905356818126735e-01 1.325563025202541323e-01 1.295899484293916715e-01 1.337752029784311514e-01 1.402040779803473414e-01 1.467012960888318396e-01 1.529723150496668793e-01 1.587731476385921547e-01 1.639252428157963737e-01 1.683111898864252665e-01 1.718546126003951402e-01 1.744905796597211733e-01 1.761346813300565806e-01 1.766594355969791363e-01 1.758855625980927928e-01 1.735925739294594261e-01 1.695482072274457908e-01 1.635505718026278865e-01 1.554724429748740311e-01 1.452960764608053346e-01 1.331302172663385852e-01 1.192075616666774945e-01 1.109176000238695364e-01 1.120809881464831931e-01 1.128028689060840833e-01 1.130248724391132442e-01 1.127570127320751681e-01 1.213459275049711961e-01 1.352879684543881189e-01
1.305789344392205009e-01 1.341668050271550838e-01 1.368959624910985329e-01 1.387546153034880658e-01 1.397506214457090723e-01 1.399078672327201955e-01 1.392651219796145201e-01 1.378774391722553672e-01 1.358190356790942022e-01 1.331857990971608841e-01 1.300954445448269381e-01 1.314890798879484179e-01 1.377700748782051676e-01 1.441969751446038617e-01 1.504644163462741657e-01 1.563143644156778644e-01 1.615534227761777075e-01 1.660510014992887251e-01 1.697210962906698373e-01 1.724935063536716662e-01 1.742823597295458105e-01 1.749606214340793109e-01 1.743484943589162506e-01 1.722209136974256483e-01 1.683347145869764083e-01 1.624704265318260565e-01 1.544788528783041237e-01 1.443207400705734667e-01 1.320901383338313195e-01 1.180178044324122349e-01 1.077482590901856496e-01 1.089233119328885807e-01 1.097167925103017666e-01 1.100669458836951720e-01 1.099746249304303092e-01 1.198626561069071339e-01 1.341636772836889147e-01
1.318457914804810061e-01 1.353850345457753290e-01 1.380459674638908896e-01 1.398298244141841506e-01 1.407528642148851705e-01 1.408425109535623165e-01 1.401365428873816710e-01 1.386853388867005377e-01 1.365560243025764064e-01 1.338365314186243382e-01 1.306373978095687616e-01 1.291233860174276493e-01 1.352487827805731457e-01 1.416005849232627456e-01 1.478638517038277367e-01 1.537671359944854377e-01 1.591021389730924995e-01 1.637244100430327309e-01 1.675371896434590946e-01 1.704636823740940110e-01 1.724153045958122243e-01 1.732645554920932141e-01 1.728307549543526001e-01 1.708845599136422644e-01 1.671728421386117769e-01 1.614599359286356950e-01 1.535761381050433638e-01 1.434617565221939783e-01 1.311963481076970917e-01 1.170077301189287600e-01 1.048786545112089102e-01 1.060569940732970368e-01 1.069081224099003719e-01 1.073677049609149947e-01 1.074284342580047735e-01 1.183983775974900565e-01 1.330279552131712062e-01
1.332309567402954198e-01 1.366750709462886959e-01 1.392327849580813903e-01 1.409170434011495499e-01 1.417512285969545760e-01 1.417651736486855440e-01 1.409946993283132943e-01 1.394846317240071298e-01 1.372940922143840170e-01 1.345019963438810751e-01 1.312104411553017824e-01 1.275441201605237440e-01 1.326496737475967302e-01 1.389208407904631848e-01 1.451780544064960321e-01 1.511373319165362494e-01 1.565756577141802497e-01 1.613342407071929607e-01 1.653045733961835406e-01 1.684019962585461549e-01 1.705339413250138991e-01 1.715714355663295609e-01 1.713324004822334712e-01 1.695833263123724677e-01 1.660618607412824577e-01 1.605173404340385634e-01 1.527608716922807253e-01 1.427133024434721065e-01 1.304398770503487348e-01 1.161645337578587206e-01 1.022929543505758515e-01 1.034661176955343903e-01 1.043599181966925471e-01 1.049084526711898946e-01 1.050976451428719399e-01 1.169561464257530270e-01 1.318834510081349221e-01
1.347148264352521496e-01 1.380188060713436471e-01 1.404401101133866403e-01 1.420017219644383599e-01 1.427326608491663873e-01 1.426639665016987690e-01 1.418285726107257061e-01 1.402649878238198256e-01 1.380235681317572016e-01 1.351732975816020144e-01 1.318066712585372613e-01 1.280406377742745461e-01 1.299813650221928463e-01 1.361655498852419877e-01 1.424134180785160408e-01 1.484295727181041413e-01 1.539767209179121188e-01 1.588814728025539080e-01 1.630227382783800971e-01 1.663068029855937491e-01 1.686358393868487016e-01 1.698783191088119038e-01 1.698501124100294801e-01 1.683134749297695576e-01 1.649973721073845490e-01 1.596371537438971144e-01 1.520259056232123318e-01 1.420659163403853453e-01 1.298083082674187649e-01 1.154723094155752638e-01 9.997012016000610124e-02 1.011312552129756681e-01 1.020538237626463229e-01 1.026713538880547616e-01 1.029645473687916535e-01 1.155425870133981875e-01 1.307373502295633705e-01
1.362697253290737764e-01 1.393924235682912072e-01 1.416476113912835955e-01 1.430664393591276340e-01 1.436819940104338000e-01 1.435253409381715417e-01 1.426257029610780991e-01 1.410146719905412682e-01 1.387332737967786611e-01 1.358398412955797996e-01 1.324162638480743115e-01 1.285704318213296005e-01 1.272519206784168411e-01 1.333419379015022832e-01 1.395756487523376055e-01 1.456475933372888831e-01 1.513068930127709766e-01 1.563655306436872450e-01 1.606891729077197239e-01 1.641739605731186435e-01 1.667155559205960869e-01 1.681787480373018173e-01 1.683766031826180454e-01 1.670669349068457932e-01 1.639704086973005071e-01 1.588092426386992773e-01 1.513595474509099592e-01 1.415058867016661115e-01 1.292854658033859017e-01 1.149120795000763695e-01 9.877541896979878666e-02 9.902826631347541597e-02 9.996879844169560825e-02 1.006381237624793812e-01 1.010131677398779515e-01 1.141655616634830867e-01 1.295993277043255842e-01
