BlockUplift_2Ma_1kryTimeStep_2mmyr_k_0.0001_m_0.5_n_1.0_LinDiffusion_0.5_6x3km_30mRes_topographic__elevation.txt
nrows 100
cellsize 30.0
xllcorner 0.0
ncols 200
yllcorner 0.0
[rows 51 to 67 of 100, columns 0 to 36 of 200]
8.040009432264631078e-04 1.912025121321883603e+02 1.897556382998830600e+02 1.870014884365252783e+02 1.831962259258979770e+02 1.786770062236064405e+02 1.738276656963263633e+02 1.690534696637016054e+02 1.647619234967012574e+02 1.613393330495368616e+02 1.591151270308228334e+02 1.583170555768177508e+02 1.590321564348084564e+02 1.611911813254961316e+02 1.645846142948475688e+02 1.689026880071747598e+02 1.737810310423020326e+02 1.788349685166369909e+02 1.836770996310905844e+02 1.879258233402784697e+02 1.912183169551423134e+02 1.932370765721455825e+02 1.937480534324475059e+02 1.926378456927777449e+02 1.899337636499544431e+02 1.857959905910714724e+02 1.804822679393917610e+02 1.742961721202811134e+02 1.675348129161997974e+02 1.604495987615089234e+02 1.532276111968860164e+02 1.459952070236343218e+02 1.388416702140141297e+02 1.318579653316701581e+02 1.251816298577094386e+02 1.190332161264326913e+02 1.137258237632773472e+02
1.262535168193479232e-04 1.888394610695976610e+02 1.874210913576889652e+02 1.847248307038244093e+02 1.810075390348937674e+02 1.766051269744226886e+02 1.718964502429891752e+02 1.672769747907701969e+02 1.631398134679596410e+02 1.598540316619529733e+02 1.577319390393418530e+02 1.569877442965099306e+02 1.577015312145072130e+02 1.598054525150765244e+02 1.630998859938084991e+02 1.672920645940909878e+02 1.720392755683283497e+02 1.769801978022754270e+02 1.817493938523820418e+02 1.859828178891856965e+02 1.893280023332950179e+02 1.914683983024814324e+02 1.921605365385292430e+02 1.912720973732045024e+02 1.888048705602346615e+02 1.848912289704815350e+02 1.797633502803365104e+02 1.737050257337254493e+02 1.670011945511186298e+02 1.598988891028819239e+02 1.525876598128373871e+02 1.452017018230406222e+02 1.378419265462271426e+02 1.306132534969808034e+02 1.236682756595854897e+02 1.172427540488916264e+02 1.116644404712462091e+02
1.415402154194561482e-04 1.861739447456124310e+02 1.847734312445119258e+02 1.821157906921791039e+02 1.784621920716115824e+02 1.741516653896029823e+02 1.695621016340364804e+02 1.650817160922070173e+02 1.610895355067092396e+02 1.579353904528495889e+02 1.559110132584292217e+02 1.552136761567069243e+02 1.559148044685979926e+02 1.579489526349001096e+02 1.611300601871360527e+02 1.651876879550207491e+02 1.698063152851516691e+02 1.746524328654578824e+02 1.793852107850149196e+02 1.836588012446136702e+02 1.871298825994232402e+02 1.894800821259503039e+02 1.904525213058271049e+02 1.898912612117788399e+02 1.877678243394494757e+02 1.841827071611040765e+02 1.793396794778759045e+02 1.735012456831618124e+02 1.669396521077906641e+02 1.598973407388993451e+02 1.525657783427528784e+02 1.450858060654344115e+02 1.375683281910001767e+02 1.301307774536932413e+02 1.229403966671755342e+02 1.162495277599297197e+02 1.104040522393038515e+02
8.650418786667887295e-04 1.832799084443325341e+02 1.818873448731342819e+02 1.792500833016260344e+02 1.756364435862750781e+02 1.713920942816044146e+02 1.668973356134109736e+02 1.625354830377341671e+02 1.586721688381265665e+02 1.556369520394366646e+02 1.536988780241343306e+02 1.530362958058692300e+02 1.537113271266090919e+02 1.556622719591168789e+02 1.587197240331267949e+02 1.626394432913114372e+02 1.671365653113022347e+02 1.719075803485316669e+02 1.766368784662289215e+02 1.809960295678145599e+02 1.846490791530614217e+02 1.872734331492852107e+02 1.885960923992605842e+02 1.884347743358212028e+02 1.867283655531506383e+02 1.835438707013865098e+02 1.790560573354723601e+02 1.735065293012648340e+02 1.671557920283777321e+02 1.602425416460901602e+02 1.529602283663381854e+02 1.454552499540368444e+02 1.378463566974280070e+02 1.302608791089357965e+02 1.228785332331421216e+02 1.159674159907985000e+02 1.098925991604530736e+02
1.547366171231712129e-04 1.802545135722642158e+02 1.788627708912192134e+02 1.762325529515842959e+02 1.726410254814760776e+02 1.684426475981196916e+02 1.640222692541641152e+02 1.597599059452395807e+02 1.560084585025258264e+02 1.530769030338996686e+02 1.512107423888550670e+02 1.505687593792663392e+02 1.512040503523204791e+02 1.530601159328834910e+02 1.559864714378324493e+02 1.597673613387034379e+02 1.641500799824979424e+02 1.688614091922653984e+02 1.736101099353116126e+02 1.780835998018908981e+02 1.819515064062972272e+02 1.848854019732723941e+02 1.865949409132832670e+02 1.868707607152584558e+02 1.856189430088048766e+02 1.828734753475801824e+02 1.787812574592930162e+02 1.735646459344377774e+02 1.674742247763000194e+02 1.607464072124986671e+02 1.535771817677661488e+02 1.461177617275278351e+02 1.384926549709562380e+02 1.308360232893357988e+02 1.233367427280312540e+02 1.162759730233304509e+02 1.100365520424032439e+02
4.267325074640422296e-04 1.772054248959601352e+02 1.758112274028971740e+02 1.731817250882698715e+02 1.696033676898036617e+02 1.654400145826107575e+02 1.610817433180053797e+02 1.569058655848602370e+02 1.532529429536657517e+02 1.504115651822043560e+02 1.486038805569473027e+02 1.479695693564839587e+02 1.485536284829135809e+02 1.503060530935812551e+02 1.530965432494149923e+02 1.567385376879237242e+02 1.610112753706745252e+02 1.656706695067997543e+02 1.704480788642430014e+02 1.750449133337131968e+02 1.791349639856419458e+02 1.823833415085717604e+02 1.844826517093979703e+02 1.851976188180151439e+02 1.844033741173686849e+02 1.821031937731896164e+02 1.784186170888453375e+02 1.735552103053349242e+02 1.677557725462702081e+02 1.612559470036358391e+02 1.542548256040222725e+02 1.469077722122322029e+02 1.393430274672618339e+02 1.316983419006134852e+02 1.241677586076597350e+02 1.170414537403212734e+02 1.107165916315379235e+02
8.886768897730731734e-04 1.742400383413685176e+02 1.728439588219371217e+02 1.702158894653971117e+02 1.666508346158033476e+02 1.625212386746679840e+02 1.582217452310263752e+02 1.541266530813749114e+02 1.505643444233811294e+02 1.478036733855502121e+02 1.460445025986935548e+02 1.454087229803912464e+02 1.459345075250639354e+02 1.475792227340469367e+02 1.502328827339559325e+02 1.537372984708006243e+02 1.579019270415934386e+02 1.625094968343433095e+02 1.673115608575501199e+02 1.720215896115880128e+02 1.763165677121221222e+02 1.798554615522149334e+02 1.823155295439550514e+02 1.834385067374204255e+02 1.830723265311495709e+02 1.811935985640240858e+02 1.779022985909057013e+02 1.733903303515878349e+02 1.678949164605945725e+02 1.616521012726685171e+02 1.548641431762375476e+02 1.476894269693021329e+02 1.402575297614616261e+02 1.327061730189416835e+02 1.252300105172629401e+02 1.181232768015080978e+02 1.117927362803400371e+02
6.449013380946391153e-04 1.714570682186561896e+02 1.700627001335131467e+02 1.674422618185165277e+02 1.638976029799533762e+02 1.598077943682067428e+02 1.555703911542449021e+02 1.515558159441550004e+02 1.480804759287346712e+02 1.453947298711938174e+02 1.436780743987562232e+02 1.430366118902494179e+02 1.435031030606723448e+02 1.450425710073921550e+02 1.475642642922444736e+02 1.509360423358620835e+02 1.549944327859081454e+02 1.595455925964519395e+02 1.643582575986579002e+02 1.691558813801783288e+02 1.736179601120240648e+02 1.773983488179128472e+02 1.801618023757265235e+02 1.816315036523772335e+02 1.816336614968358560e+02 1.801239328007249014e+02 1.771858575444132384e+02 1.730015834183968764e+02 1.678051204752678700e+02 1.618337020524331535e+02 1.552920842531776486e+02 1.483396799818513898e+02 1.411041794861861547e+02 1.337189402872586754e+02 1.263740470547585204e+02 1.193622507684681295e+02 1.130946345857667978e+02
3.635394392047464280e-04 1.689390001475016163e+02 1.675517195958818490e+02 1.649482219187532337e+02 1.614347346808881127e+02 1.573941881312527187e+02 1.532248199761206422e+02 1.492921934396222241e+02 1.459013537789478221e+02 1.432862187261625024e+02 1.416087549257913736e+02 1.409619125859163375e+02 1.413744966519858792e+02 1.428188229558043645e+02 1.452210918860912443e+02 1.484714338191986940e+02 1.524289166012017347e+02 1.569186494728755861e+02 1.617228317446398478e+02 1.665724962939949307e+02 1.711490044378898574e+02 1.751025290609075853e+02 1.780889276536736929e+02 1.798183644271925345e+02 1.801021227358723991e+02 1.788819969334343511e+02 1.762314333542311431e+02 1.723275928632483271e+02 1.674040308591139592e+02 1.616998622638928111e+02 1.554211635551355926e+02 1.487256120400217867e+02 1.417349429871924258e+02 1.345730719651369327e+02 1.274198110873747680e+02 1.205606298416798978e+02 1.144056763975975599e+02
4.048971791444745194e-04 1.667438409745765853e+02 1.653695145745245441e+02 1.627929213786245839e+02 1.593216863053484929e+02 1.553393632800538455e+02 1.512424554300586692e+02 1.473909319936445002e+02 1.440797828820073789e+02 1.415295157393883301e+02 1.398883685322193458e+02 1.392393996704067831e+02 1.396089572353337758e+02 1.409756913744951703e+02 1.432793834934943789e+02 1.464273425457042777e+02 1.502953785319449764e+02 1.547220451198375031e+02 1.594985676042681746e+02 1.643607454876146790e+02 1.689910224342778235e+02 1.730374179312370586e+02 1.761508038755887071e+02 1.780343392209066167e+02 1.784917922359815634e+02 1.774588732462435416e+02 1.750059796484960373e+02 1.713107032847544531e+02 1.666094257443641027e+02 1.611441689004981299e+02 1.551212618386044824e+02 1.486937963009303871e+02 1.419732992830796263e+02 1.350690190074596160e+02 1.281447995290488393e+02 1.214732468051057310e+02 1.154587414580404072e+02
7.193987959295193406e-04 1.648960879891697289e+02 1.635399403865349655e+02 1.609987647726455862e+02 1.575783711020842190e+02 1.536595675825481635e+02 1.496348302884944701e+02 1.458582731850603409e+02 1.426169339188790559e+02 1.401219088595942708e+02 1.385124052586684797e+02 1.378654197070373755e+02 1.382064098509449082e+02 1.395189411205689680e+02 1.417521454602929225e+02 1.448243841460816270e+02 1.486214326551767897e+02 1.529890162694000253e+02 1.577224539906596874e+02 1.625592408306372079e+02 1.671820070964033107e+02 1.712380692560992657e+02 1.743770842651121029e+02 1.763009625946617405e+02 1.768130108769886419e+02 1.758502632937982355e+02 1.734868612142077779e+02 1.699062400464208906e+02 1.653512000042928776e+02 1.600683107612150025e+02 1.542639270985200142e+02 1.480846753146177264e+02 1.416286488620449120e+02 1.349862466968256172e+02 1.283006608596887759e+02 1.218269489013070483e+02 1.159595781926272338e+02
5.051959875258230006e-04 1.633786971774387382e+02 1.620444340523166886e+02 1.595441747750074342e+02 1.561787831778775910e+02 1.523231459658754829e+02 1.483637786659623146e+02 1.446492266157670485e+02 1.414613845249414226e+02 1.390067040921755108e+02 1.374207394375402487e+02 1.367786873196147326e+02 1.371067576703820805e+02 1.383917262999268871e+02 1.405873029023587435e+02 1.436161555882629273e+02 1.473667366439998716e+02 1.516853868988622764e+02 1.563665516372232105e+02 1.611464767409546823e+02 1.657072049884855858e+02 1.696967163521851489e+02 1.727667595304161523e+02 1.746228235018401733e+02 1.750734631549717051e+02 1.740628879263477700e+02 1.716743156393680181e+02 1.681014071290267680e+02 1.635966364823385959e+02 1.584132456010191845e+02 1.527586664640418519e+02 1.467731018018589282e+02 1.405403174992324011e+02 1.341301370486176268e+02 1.276626772839567963e+02 1.213725040719657926e+02 1.156409925366735223e+02
3.066236166437011704e-04 1.621289016563225971e+02 1.608181182795650557e+02 1.583602758513891331e+02 1.550485573003028605e+02 1.512492472434461774e+02 1.473414913994361939e+02 1.436690626958187806e+02 1.405119977561001861e+02 1.380772963203854715e+02 1.365025823919312415e+02 1.358657329881018541e+02 1.361954078543152491e+02 1.374797904576606697e+02 1.396722217838057816e+02 1.426928091296874470e+02 1.464254521107077665e+02 1.507108645476629931e+02 1.553381902196098281e+02 1.600401055476657746e+02 1.644977695735605607e+02 1.683612569201943927e+02 1.712871359144520795e+02 1.729879623887769355e+02 1.732812068426443943e+02 1.721216043899759427e+02 1.696042199513903199e+02 1.659351647595899237e+02 1.613785207086764046e+02 1.561961444414884284e+02 1.505986715490250560e+02 1.447221622064367068e+02 1.386382681900060447e+02 1.323980212691466818e+02 1.260993803968023173e+02 1.199560729870722895e+02 1.143346178865435689e+02
7.041472456484916933e-04 1.610405436654007190e+02 1.597524072067277530e+02 1.573340292640446307e+02 1.540688556505437816e+02 1.503126416027455150e+02 1.464363915664964111e+02 1.427803133322179860e+02 1.396260460890532329e+02 1.371863399945792708e+02 1.356065511162838959e+02 1.349716639518079546e+02 1.353144883475150664e+02 1.366229036946759834e+02 1.388451566426643353e+02 1.418923344013633994e+02 1.456372024170048292e+02 1.499094977691861459e+02 1.544896937259984782e+02 1.591056269422881257e+02 1.634380694289550036e+02 1.671408858055759765e+02 1.698776977874023544e+02 1.713702408544984337e+02 1.714463428699943961e+02 1.700717430294845087e+02 1.673529626846803069e+02 1.635077973065513959e+02 1.588115388224046285e+02 1.535353641391844235e+02 1.478953904474502394e+02 1.420274285667194363e+02 1.359961008217664471e+02 1.298390902587408107e+02 1.236369011398581534e+02 1.175852828217807655e+02 1.120361924975729835e+02
5.602426821762433035e-04 1.599742964610652507e+02 1.587054547773886668e+02 1.563190964501409894e+02 1.530877782478555957e+02 1.493557610259994703e+02 1.454858617823515488e+02 1.418162363104201802e+02 1.386334576066731188e+02 1.361607993136217090e+02 1.345565009837625894e+02 1.339167070460935918e+02 1.342799927452344377e+02 1.356324952964088766e+02 1.379132726461392906e+02 1.410188790180327771e+02 1.448055590062560611e+02 1.490880735370841137e+02 1.536362318178079818e+02 1.581729905969139054e+02 1.623801215130508524e+02 1.659173347916400871e+02 1.684572190849362698e+02 1.697317168909263501e+02 1.695786042777715465e+02 1.679725820144122110e+02 1.650282445424919331e+02 1.609711436092762824e+02 1.560844468400909193e+02 1.506470894442972792e+02 1.448817609996509077e+02 1.389280769838509855e+02 1.328502468846442639e+02 1.266806883235791190e+02 1.204904024432989758e+02 1.144632647406989321e+02 1.089396319532473427e+02
1.368199074100895243e-04 1.587751799751495696e+02 1.575198425474264354e+02 1.551538168152754906e+02 1.519386720558102297e+02 1.482073259069620974e+02 1.443151683919926427e+02 1.406000554692106732e+02 1.373564419344479006e+02 1.348220579114070858e+02 1.331722049878279108e+02 1.325175017295678117e+02 1.329036885410084778e+02 1.343141563532132068e+02 1.366757152142936889e+02 1.398663329365595587e+02 1.437219979843219448e+02 1.480401144067447774e+02 1.525792390109452867e+02 1.570584757336034727e+02 1.611626422170885462e+02 1.645595774674021925e+02 1.669325474925163348e+02 1.680240983322877639e+02 1.676804717125833690e+02 1.658817399088713671e+02 1.627451472433879758e+02 1.584975896762354068e+02 1.534240126309354082e+02 1.478068013546129293e+02 1.418739659147978500e+02 1.357714235881383900e+02 1.295690866319496308e+02 1.233028296485042716e+02 1.170437676510942424e+02 1.109724221367853545e+02 1.054232846757436448e+02
1.601316593432365999e-04 1.572945893052994961e+02 1.560447775443790874e+02 1.536836641223738695e+02 1.504628178046064875e+02 1.467051419385593078e+02 1.427602276560576797e+02 1.389676148699866758e+02 1.356320589661459337e+02 1.330085353630175575e+02 1.312922168550340416e+02 1.306104205364328550e+02 1.310170754883178574e+02 1.324923618422650691e+02 1.349491464245054431e+02 1.382446190760294371e+02 1.421927153336143306e+02 1.465727478318177361e+02 1.511325670127241665e+02 1.555890303960533458e+02 1.596321747043945436e+02 1.629401086077922116e+02 1.652082611796991785e+02 1.661899873951397524e+02 1.657383510377321159e+02 1.638349463104857762e+02 1.605936774731636660e+02 1.562352915647896907e+02 1.510387012281163948e+02 1.452831224798194114e+02 1.391979216590920032e+02 1.329350298698568338e+02 1.265737215681484145e+02 1.201603339738874467e+02 1.137750877323446161e+02 1.076043462416676988e+02 1.019844081969572613e+02
