BlockUplift_10Myr_500yrTimeStep_halfmmyr_k_1e-05_m_0.5_n_1.0_LinDiffusion_0.05_15x7km_30mRes.txt
nrows 250
cellsize 30.0
xllcorner 0.0
ncols 500
yllcorner 0.0
[rows 204 to 220 of 250, columns 37 to 73 of 500]
3.813285586324021210e+02 3.619008748527157877e+02 3.431591949551940957e+02 3.252008908205375519e+02 3.080005061274084710e+02 2.915026458333218216e+02 2.756312780727511722e+02 2.602567423041788288e+02 2.454943811314165032e+02 2.343715048782559336e+02 2.344995790178424500e+02 2.427704043194729024e+02 2.532813273611206455e+02 2.647189819968608049e+02 2.770619879967654242e+02 2.902865362446746076e+02 3.043686935818493566e+02 3.193033139035479735e+02 3.350808607886080495e+02 3.515847570655146797e+02 3.685522261381386784e+02 3.856307811625407567e+02 4.023440267694280692e+02 4.179818892394704903e+02 4.315918594028041753e+02 4.419964061098864363e+02 4.477526919488167891e+02 4.474410230328427360e+02 4.406616528720294923e+02 4.284449190283368694e+02 4.123705000793598288e+02 3.939030810275027079e+02 3.742230557635741093e+02 3.542059718454593167e+02 3.344488675712507302e+02 3.153197645431827141e+02 2.970124751543272623e+02
3.770607748498435967e+02 3.578686350984858677e+02 3.393715728918988361e+02 3.216566338171261350e+02 3.047249427008699172e+02 2.885384895877572831e+02 2.730476597515409480e+02 2.582191942181474928e+02 2.440115165802046704e+02 2.315374770162760569e+02 2.265577561007833083e+02 2.321594842966244414e+02 2.423189368660298726e+02 2.535381800840650897e+02 2.656113568846816406e+02 2.785420512059761222e+02 2.923479509777914132e+02 3.070652555979993394e+02 3.226575934415728852e+02 3.389883249193401298e+02 3.558777177885352216e+02 3.730751638294038912e+02 3.901551053534361131e+02 4.064909994178883608e+02 4.212395737543646987e+02 4.332384806230479057e+02 4.410237776770889582e+02 4.431243206603228941e+02 4.387087078312988524e+02 4.283317466496783368e+02 4.135045994184108054e+02 3.957926674684366048e+02 3.764967182218905464e+02 3.566009458699611514e+02 3.367916430110003603e+02 3.175040449421062476e+02 2.989788605997121067e+02
3.734731313647305342e+02 3.544864212803470878e+02 3.362220693344024767e+02 3.187602153747525335e+02 3.021069969677237737e+02 2.862301849883444333e+02 2.710820086571114871e+02 2.566113634915992066e+02 2.427519236899452437e+02 2.296868864821804266e+02 2.207596438815883744e+02 2.220645187286883981e+02 2.311151539209590453e+02 2.421699841001353093e+02 2.540248811120986261e+02 2.667265607640506460e+02 2.803352983912182026e+02 2.948584496643709372e+02 3.102309274294977399e+02 3.263786429909303592e+02 3.432026905231030582e+02 3.604937326846905989e+02 3.779035766779289247e+02 3.949101795979451026e+02 4.106874623234871819e+02 4.240679064824764168e+02 4.336889147726028568e+02 4.380922498338023274e+02 4.360546690558780938e+02 4.276107286108955350e+02 4.141311853110905759e+02 3.972594739136541762e+02 3.784081675419879502e+02 3.586722648620872747e+02 3.388316511726002318e+02 3.193935236983183472e+02 3.006499103059639992e+02
3.704028298817493692e+02 3.515989351370887448e+02 3.335459794828470876e+02 3.163179103981487401e+02 2.999201088383772458e+02 2.843207543893229285e+02 2.694722026186255448e+02 2.553250210979524581e+02 2.418443341579172738e+02 2.289672727672159169e+02 2.177121703276828555e+02 2.136465341101959439e+02 2.199796970417311002e+02 2.307033880196464395e+02 2.423839797151685787e+02 2.549262717299418171e+02 2.683707403892680077e+02 2.826810631157541707e+02 2.978361980321527085e+02 3.138210447340815108e+02 3.305627487931555493e+02 3.479255794847258585e+02 3.656646363548445038e+02 3.832784494071394761e+02 3.999401414785426709e+02 4.145934980704643635e+02 4.259743107981061030e+02 4.325469170982339620e+02 4.328242828592259457e+02 4.263865177518197243e+02 4.143517770577603301e+02 3.983927309172192963e+02 3.800363448840538467e+02 3.604918178917260434e+02 3.406372552479776914e+02 3.210561315360706658e+02 3.020955991363002227e+02
3.679565373318608295e+02 3.492824944762127757e+02 3.313857712579384156e+02 3.143349218479851288e+02 2.981319535700216079e+02 2.827414975150955456e+02 2.681096777231302895e+02 2.541739640267537936e+02 2.408639358979942813e+02 2.280758350076009151e+02 2.159327090961248814e+02 2.077334017561135511e+02 2.096033321830980753e+02 2.191719477025111757e+02 2.307541188442828286e+02 2.431898600218360684e+02 2.564657026390649435e+02 2.705751845818531365e+02 2.855402728296707551e+02 3.013495098403900556e+02 3.179802364422212122e+02 3.354117960595480099e+02 3.534457746099377005e+02 3.715786924726995153e+02 3.890855180837732519e+02 4.050146052090847206e+02 4.180611904682527893e+02 4.266228357180054331e+02 4.291338320463007676e+02 4.247734440822970896e+02 4.142691826250153895e+02 3.992797356885431554e+02 3.814536893312853181e+02 3.621228263615561218e+02 3.422670631242814352e+02 3.225492640023030617e+02 3.033744173892107483e+02
3.657743683240376527e+02 3.471909587153420489e+02 3.294055013128960354e+02 3.124821719880958426e+02 2.964198343780531673e+02 2.811806190496204749e+02 2.667088498958408991e+02 2.529426882324720509e+02 2.398210708503064268e+02 2.272942386047160994e+02 2.152827079494970235e+02 2.047125508633070297e+02 2.010167937335575914e+02 2.078571210517551151e+02 2.192066630032920784e+02 2.315470708245085518e+02 2.446702410365796538e+02 2.586121782636083140e+02 2.733873049022231498e+02 2.889989109307978197e+02 3.054446816088822061e+02 3.229110737544007179e+02 3.411941900318684588e+02 3.598674287169122294e+02 3.782869124125190865e+02 3.954680886607103503e+02 4.100352738558702868e+02 4.204238027427994098e+02 4.250236004312811815e+02 4.226577783128711872e+02 4.136568388308846238e+02 3.996473429536983986e+02 3.823817144824569141e+02 3.633000479718415363e+02 3.434781088308935182e+02 3.236556883050743636e+02 3.042951024535792612e+02
3.636763460340202414e+02 3.451459789514428280e+02 3.274272250179636217e+02 3.105809767387891611e+02 2.946036907631849999e+02 2.794557525479634705e+02 2.650805401932466339e+02 2.514166760430379668e+02 2.384058151329608108e+02 2.260013952037097624e+02 2.141139197260745561e+02 2.026839937048230524e+02 1.948022937169937165e+02 1.973601947145494933e+02 2.077249944072570145e+02 2.200446649278477764e+02 2.330559109575802381e+02 2.468291246811624546e+02 2.614294607809320610e+02 2.767912394660058908e+02 2.929297962078897513e+02 3.104006858513487828e+02 3.290298561044691041e+02 3.483545055828943759e+02 3.677162292785137652e+02 3.860931895315905535e+02 4.021423205679109856e+02 4.143055276387818253e+02 4.208124357744018198e+02 4.202441662251509342e+02 4.126419409709566253e+02 3.995834081890546940e+02 3.828844774751904652e+02 3.640739739043997929e+02 3.443134185706434778e+02 3.244147795342687459e+02 3.048956777658959822e+02
3.616080060402170488e+02 3.430889363097199976e+02 3.253879997900104968e+02 3.085640172384912034e+02 2.926117987733174459e+02 2.774902162864062234e+02 2.631410721227823046e+02 2.495010344223875904e+02 2.365086281240990616e+02 2.241066613769466471e+02 2.122508694144845265e+02 2.007968264723135974e+02 1.907675442398587506e+02 1.883723797130843423e+02 1.968733086966251165e+02 2.089469419293456554e+02 2.217682072680611327e+02 2.353644767888237652e+02 2.498676510642249866e+02 2.652136246062278246e+02 2.815282576098904883e+02 2.993263017569522617e+02 3.184145509763735618e+02 3.383096929945676834e+02 3.583751551246312488e+02 3.776960214510255014e+02 3.950067768981135714e+02 4.086739539420965457e+02 4.167803047273454808e+02 4.177684174540743811e+02 4.114496047114157591e+02 3.992945716267063858e+02 3.831489787567750227e+02 3.646123723132752161e+02 3.449236865984501037e+02 3.249627707252988671e+02 3.053003815862669512e+02
3.595510730786598401e+02 3.410004462231527782e+02 3.232671876942130780e+02 3.064096615502333520e+02 2.904221735406356970e+02 2.752627013760231307e+02 2.608715824874361715e+02 2.471833520699450730e+02 2.341336826502013082e+02 2.216631434722417850e+02 2.097185184785975594e+02 1.982505713763501660e+02 1.874699711697156488e+02 1.817719148307373302e+02 1.886077847565208572e+02 1.999803049232261287e+02 2.124910695616670466e+02 2.260219399901297663e+02 2.407377298930207701e+02 2.568718963726673223e+02 2.744644840645584623e+02 2.931401654041070515e+02 3.125108825330042919e+02 3.323994878612218713e+02 3.524207628076953824e+02 3.718239128684866728e+02 3.894806735934207609e+02 4.038518027861459814e+02 4.130558747823857857e+02 4.153610172342798137e+02 4.102464079511001955e+02 3.989629557996926792e+02 3.833501592063324210e+02 3.650764175856761540e+02 3.454551958450081202e+02 3.254321646853515517e+02 3.056296105468698556e+02
3.575193402682711508e+02 3.388964985168030921e+02 3.210825340357127402e+02 3.041376927859984107e+02 2.880575901481168444e+02 2.728005803872035813e+02 2.583063305551257827e+02 2.445076568210917571e+02 2.313374941243157252e+02 2.187324633227082131e+02 2.066352315882732000e+02 1.949755928267064746e+02 1.839689657853250537e+02 1.775269392986214143e+02 1.845259559475587707e+02 1.962547279665588462e+02 2.090003560225047181e+02 2.226258768345481087e+02 2.373140131932839552e+02 2.533237967715320735e+02 2.707725839046394185e+02 2.891507427900040739e+02 3.082173871904851694e+02 3.278323802873027262e+02 3.476107701752137586e+02 3.668771743361577364e+02 3.846124055885359780e+02 3.994136369932525668e+02 4.095005780265676663e+02 4.130008009150278099e+02 4.090511046359958414e+02 3.986175472463802407e+02 3.835156636004862776e+02 3.654883571070573680e+02 3.459264997069910805e+02 3.258394144636340002e+02 3.058987028967029005e+02
3.555595193050691591e+02 3.368286657534409869e+02 3.188893768733126421e+02 3.018071480589810562e+02 2.855816126851920558e+02 2.701735800994822512e+02 2.555236346524105500e+02 2.415641568409648698e+02 2.282264964146037300e+02 2.154446710581549098e+02 2.031574300034322107e+02 1.912897632559051431e+02 1.800500852846348323e+02 1.735325201119357814e+02 1.810736803952445371e+02 1.933560886892964277e+02 2.064422822917176745e+02 2.202584004538877878e+02 2.349802419747746569e+02 2.507584813808541924e+02 2.677050155514722292e+02 2.856169302977545499e+02 3.043618462879166486e+02 3.237183403202051295e+02 3.433013521202773859e+02 3.624740638311046723e+02 3.802776049391684978e+02 3.953911492733613500e+02 4.061272859847268819e+02 4.105964025053887667e+02 4.076415787587811792e+02 3.979503276175038309e+02 3.833092054165647369e+02 3.655186001895102095e+02 3.460290044132409548e+02 3.259025022735699508e+02 3.058528881997004873e+02
3.537516207687800716e+02 3.348837132883436425e+02 3.167791000238642027e+02 2.995132157145342262e+02 2.830934719775398207e+02 2.674860518409894894e+02 2.526347505249065932e+02 2.384734662826074612e+02 2.249339250746817811e+02 2.119499585835860387e+02 1.994603011297099044e+02 1.873903709599615865e+02 1.759575475891818996e+02 1.693517862369365616e+02 1.772027380064474187e+02 1.898365401490438558e+02 2.032175309279930957e+02 2.172424301710555312e+02 2.320634192983368962e+02 2.478007531965781425e+02 2.645257634337717150e+02 2.822086211595731697e+02 3.007442056454264048e+02 3.199267967646791817e+02 3.393864249111683193e+02 3.585167791251814720e+02 3.764047458434372402e+02 3.917793831309215875e+02 4.030158862436024378e+02 4.082459781050789616e+02 4.060785338590075071e+02 3.969958292579788690e+02 3.827557560208356904e+02 3.651867279460792588e+02 3.457802627364156933e+02 3.256381581120007240e+02 3.055082352977211144e+02
3.522027456856990852e+02 3.331773380033502576e+02 3.148724316836871253e+02 2.973797228648508622e+02 2.807193579369662757e+02 2.648666331598230386e+02 2.497713424190951059e+02 2.353710397532590832e+02 2.215996082209255178e+02 2.083923708094467884e+02 1.956897030374847191e+02 1.834192974363611768e+02 1.718011423977029040e+02 1.650887819844630258e+02 1.730894114968479869e+02 1.859537047564109571e+02 1.995616124315856723e+02 2.137808871039013354e+02 2.287386927661823393e+02 2.445338774958154033e+02 2.612349658774699037e+02 2.788481434216069488e+02 2.973013203836416096e+02 3.164099120541290517e+02 3.358245778941559934e+02 3.549655326696210409e+02 3.729544367347417051e+02 3.885641158170107587e+02 4.002094363138147628e+02 4.060249772392972432e+02 4.044743673005137339e+02 3.958908966047026183e+02 3.819958708801351008e+02 3.646310130893993460e+02 3.453125304265275304e+02 3.251704735196300362e+02 3.049794634645135716e+02
3.509481995279439275e+02 3.317642665100914314e+02 3.132374561521387477e+02 2.954839675820411458e+02 2.785430603301624046e+02 2.624038482306476681e+02 2.470254444280240875e+02 2.323513009548421167e+02 2.183188822842570858e+02 2.048657740479633560e+02 1.919342006266120109e+02 1.794527299256406252e+02 1.676449416407008925e+02 1.608206760642644042e+02 1.689366207078696505e+02 1.819905718571164073e+02 1.957954686713661090e+02 2.102030625984907601e+02 2.253260991331395928e+02 2.412502214368902571e+02 2.580387248794332891e+02 2.757077965721981627e+02 2.941991854104122694e+02 3.133423413042806942e+02 3.328025965612981736e+02 3.520174178032738723e+02 3.701287286861487473e+02 3.859278918486705834e+02 3.978440619864070413e+02 4.040255912734581898e+02 4.029122129966425518e+02 3.947287074545542964e+02 3.811365815427706707e+02 3.639651884213877793e+02 3.447405354148571632e+02 3.246110304488824454e+02 3.043722014628060037e+02
3.498773231458454234e+02 3.305708433199491765e+02 3.118283675876824645e+02 2.938009729526563660e+02 2.765551413493588484e+02 2.600998072077781558e+02 2.444075834707116144e+02 2.294304937038789660e+02 2.151110284139972464e+02 2.013894946840940179e+02 1.882096373038952208e+02 1.755019105715318801e+02 1.634904859421095580e+02 1.565314505126577558e+02 1.647298877341807781e+02 1.779363386659367734e+02 1.919080745889723687e+02 2.064900131753084906e+02 2.217849547470265463e+02 2.378688890558694027e+02 2.547988865097586881e+02 2.725905806165156378e+02 2.911891596088393612e+02 3.104298247283019805e+02 3.299858572962793346e+02 3.493055545482429807e+02 3.675447870892393212e+02 3.835108475232954675e+02 3.956449887135303811e+02 4.021137388560277941e+02 4.013705344762777258e+02 3.935477652976665013e+02 3.802454485302238822e+02 3.632732468576676297e+02 3.441566543445114235e+02 3.240548727623416880e+02 3.037798944620428756e+02
3.492136515441145548e+02 3.298293220596585229e+02 3.108784555588467242e+02 2.925599528964913247e+02 2.749776044550310417e+02 2.581675611763134839e+02 2.421209964097943157e+02 2.268016338781305876e+02 2.121584913887206483e+02 1.981345265138161267e+02 1.846730929490085771e+02 1.716996476053012373e+02 1.594288198055908765e+02 1.522651817313449953e+02 1.604922324876241930e+02 1.738200445706819153e+02 1.879407093364667958e+02 2.026887595286648320e+02 2.181597184092417763e+02 2.344214869803330998e+02 2.515238849038244950e+02 2.694772436788528012e+02 2.882235667569891575e+02 3.075970507527173368e+02 3.272727781657757760e+02 3.467049133842280639e+02 3.650607069145783043e+02 3.811652244143533608e+02 3.934842004764711874e+02 4.002125677457295296e+02 3.998189308001953464e+02 3.923552473330686894e+02 3.793610777726508445e+02 3.626165079314183117e+02 3.436373756954129703e+02 3.235871018700585182e+02 3.032906945300773600e+02
3.483411550852627556e+02 3.290112620027745720e+02 3.099326542535416138e+02 2.913663186629032111e+02 2.734653714336725443e+02 2.563024892151630070e+02 2.398942225297990944e+02 2.242207722222399582e+02 2.092408897485508419e+02 1.949022572634557093e+02 1.811490976079836912e+02 1.679034813828732808e+02 1.553685633222140439e+02 1.479933421290017179e+02 1.562471758236500534e+02 1.696968560464936502e+02 1.839689010978548822e+02 1.988906872940760309e+02 2.145521376317239799e+02 2.310137077894139566e+02 2.483168246347410957e+02 2.664631452347064169e+02 2.853863782622822214e+02 3.049137105502327927e+02 3.247160553710128852e+02 3.442486401093458426e+02 3.626880317218734717e+02 3.788796463745703704e+02 3.913232399772678605e+02 3.982594395230210012e+02 3.982015938020829253e+02 3.911263177229722032e+02 3.784935716815674027e+02 3.620351400074790718e+02 3.432459168848391187e+02 3.232867325454545835e+02 3.029924608308801908e+02
