BlockUplift_2Ma_1kryTimeStep_2mmyr_k_0.0001_m_0.5_n_1.0_LinDiffusion_0.75_6x3km_30mRes_topographic__elevation.txt
nrows 100
cellsize 30.0
xllcorner 0.0
ncols 200
yllcorner 0.0
[rows 34 to 50 of 100, columns 111 to 147 of 200]
1.789423752338511520e+02 1.841382598368377899e+02 1.895240512566052189e+02 1.949662545317006845e+02 2.003950652879473751e+02 2.057828003567990720e+02 2.111174339798806159e+02 2.163777578141060189e+02 2.215145729482723027e+02 2.264404058726894107e+02 2.310287561354740546e+02 2.351226016781365615e+02 2.385505665222832192e+02 2.411478364359760462e+02 2.427779216572577639e+02 2.433511127433049808e+02 2.428361652092017664e+02 2.412632541629257616e+02 2.387181410490726421e+02 2.353292554753349748e+02 2.312505710776011369e+02 2.266435265740057332e+02 2.216608495893614759e+02 2.164342247988924157e+02 2.110666644256976952e+02 2.056295489649801027e+02 2.001638709952954116e+02 1.946853024087988615e+02 1.891931223743687269e+02 1.836833429660287607e+02 1.781659870996448092e+02 1.726850213538276364e+02 1.673370904491119120e+02 1.622828981623043774e+02 1.577443872023270615e+02 1.539831873190892679e+02 1.512613228529278331e+02
1.741140785740974479e+02 1.792942689138971843e+02 1.846937278558823721e+02 1.901790833988563634e+02 1.956798934098386269e+02 2.011668754443144564e+02 2.066247471047188071e+02 2.120265480458731986e+02 2.173143564214569210e+02 2.223893222856998477e+02 2.271121853644608279e+02 2.313138020547120846e+02 2.348135757207938070e+02 2.374422307588907017e+02 2.390644832703336533e+02 2.395972069323523499e+02 2.390197638495392312e+02 2.373749883379867640e+02 2.347613386329602747e+02 2.313184024609666665e+02 2.272088785409331422e+02 2.226002586578503895e+02 2.176488522824778613e+02 2.124878227929478669e+02 2.072198795327697951e+02 2.019144951247448319e+02 1.966091925643360980e+02 1.913146025221560080e+02 1.860234298115650802e+02 1.807237555786529697e+02 1.754166879116629048e+02 1.701368752935650832e+02 1.649719804574390309e+02 1.600748417333698796e+02 1.556613050475675664e+02 1.519890261659737973e+02 1.493181380347513425e+02
1.687641132896577290e+02 1.739616188213936141e+02 1.794144270793403848e+02 1.849893890134465551e+02 1.906144748895433452e+02 1.962568223459063574e+02 2.018950748018373247e+02 2.074932111573264706e+02 2.129812295278384227e+02 2.182459586634407174e+02 2.231332380055715419e+02 2.274607197012109339e+02 2.310386384409630978e+02 2.336943449830914972e+02 2.352956424173541166e+02 2.357683282005567662e+02 2.351048050485787826e+02 2.333627531931610406e+02 2.306550024868947446e+02 2.271333109942355577e+02 2.229694334910187195e+02 2.183366715547068395e+02 2.133943006489871266e+02 2.082762231389434646e+02 2.030842267226103957e+02 1.978855778981285596e+02 1.927144812573379511e+02 1.875771731465524681e+02 1.824608837958525385e+02 1.773471775973845865e+02 1.722297401076116614e+02 1.671351555448405293e+02 1.621427781437873819e+02 1.573974037017380567e+02 1.531076709450143767e+02 1.495254072864723867e+02 1.469067150575600067e+02
1.631086202269885064e+02 1.683603837033629134e+02 1.739088026150427595e+02 1.796207096136722896e+02 1.854211077822230891e+02 1.912711170071204947e+02 1.971401239708903006e+02 2.029796039508644583e+02 2.087043199436935481e+02 2.141844017069408608e+02 2.192495177144187721e+02 2.237040685908838782e+02 2.273502036047424042e+02 2.300138610235873955e+02 2.315684286714533471e+02 2.319513003781077600e+02 2.311704355922966272e+02 2.293004510643789331e+02 2.264700256059992114e+02 2.228438576007642666e+02 2.186028263176449968e+02 2.139255117132309465e+02 2.089732032741220564e+02 2.038793955433302472e+02 1.987438483912226559e+02 1.936307690184086141e+02 1.885706093243160524e+02 1.835652999400916769e+02 1.785972367804679948e+02 1.736425971760673121e+02 1.686890964232475767e+02 1.637567615424899827e+02 1.589178711496769267e+02 1.543098305370058938e+02 1.501339678534629059e+02 1.466354725887258894e+02 1.440651938273601047e+02
1.573681791049223762e+02 1.627157532758918990e+02 1.684050601481859815e+02 1.743020320344677430e+02 1.803267236010520662e+02 1.864313388095075652e+02 1.925726268163519990e+02 1.986862795575754888e+02 2.046692314303179501e+02 2.103734470268211680e+02 2.156122848163746255e+02 2.201780183610941890e+02 2.238668227653535894e+02 2.265059277354096139e+02 2.279771931113080825e+02 2.282323314407869077e+02 2.272971648039717820e+02 2.252649820302601711e+02 2.222814032145459464e+02 2.185245072125966317e+02 2.141841311708678006e+02 2.094434551433357683e+02 2.044647309038442700e+02 1.993797883704531273e+02 1.942850784079058144e+02 1.892406186422965106e+02 1.842722849466189530e+02 1.793773115710272350e+02 1.745333839065745281e+02 1.697119480011811845e+02 1.648958662575458050e+02 1.601000157258834804e+02 1.553910392390124002e+02 1.509001380580225202e+02 1.468220371715949568e+02 1.433954386310963400e+02 1.408656421539851351e+02
1.517538029140484355e+02 1.572429585392902709e+02 1.631207040846173300e+02 1.692503800610900555e+02 1.755445065590582203e+02 1.819431865564473867e+02 1.883872680242671720e+02 1.947939288558515898e+02 2.010406126420377007e+02 2.069608402073724278e+02 2.123527856749109901e+02 2.169988677910949662e+02 2.206922629499423749e+02 2.232646719586402924e+02 2.246093765247917133e+02 2.246948339877947376e+02 2.235664942896552247e+02 2.213374127116605052e+02 2.181706404884691608e+02 2.142576190408256593e+02 2.097967178134049391e+02 2.049749789776719808e+02 1.999546588277308388e+02 1.948648386178476244e+02 1.897975453858771004e+02 1.848075586587171699e+02 1.799152948104977270e+02 1.751126731050540286e+02 1.703724093034704481e+02 1.656613910642571170e+02 1.609582559928573744e+02 1.562737608631743171e+02 1.516702028875087365e+02 1.472739226909116610e+02 1.432742204632856726e+02 1.399041647140433042e+02 1.374039861168831465e+02
1.464561109708325546e+02 1.521346667451327050e+02 1.582481089080610843e+02 1.646547228848946816e+02 1.712565118233324597e+02 1.779783587605010382e+02 1.847424921456067466e+02 1.914458054147690405e+02 1.979458264817807276e+02 2.040586821893481897e+02 2.095697096500138059e+02 2.142546874277361724e+02 2.179073133118212411e+02 2.203670377446941870e+02 2.215411922913345109e+02 2.214167512754345353e+02 2.200597051492174216e+02 2.176030712018041982e+02 2.142270207217994766e+02 2.101357481872827577e+02 2.055354102372793079e+02 2.006161347087682998e+02 1.955394280700881211e+02 1.904309097860721351e+02 1.853775126718397530e+02 1.804281490086925714e+02 1.755971966528647386e+02 1.708707619975017735e+02 1.662162338086404532e+02 1.615958068312882290e+02 1.569840665968877431e+02 1.523881834496335159e+02 1.478669952799467353e+02 1.435431346089135900e+02 1.396017450714500114e+02 1.362714699553453954e+02 1.337884669630019232e+02
1.416367986775030943e+02 1.475505337559110615e+02 1.539422562001911672e+02 1.606622241422683430e+02 1.675989420748346106e+02 1.746594892526513547e+02 1.817457530755989978e+02 1.887338737088082610e+02 1.954624378215139586e+02 2.017325117042962006e+02 2.073199316462398656e+02 2.119976265890493039e+02 2.155634512880874354e+02 2.178675579460051779e+02 2.188332600295461532e+02 2.184668664873126147e+02 2.168547414021906263e+02 2.141489946553758159e+02 2.105456838044909773e+02 2.062604656493280970e+02 2.015061577074727666e+02 1.964751292475758078e+02 1.913276001839245453e+02 1.861854579070410125e+02 1.811304572476506394e+02 1.762056513862364397e+02 1.714193918051350352e+02 1.667519276945980664e+02 1.621652057671767864e+02 1.576165848803062772e+02 1.530765223652616953e+02 1.485487141975368672e+02 1.440889457339832234e+02 1.398168907996520147e+02 1.359145891193409170e+02 1.326074878367505505e+02 1.301288929943352173e+02
1.374218571570793870e+02 1.436090510592585758e+02 1.503114886262614220e+02 1.573683596317788442e+02 1.646521833296175998e+02 1.720506542833596768e+02 1.794449481062568452e+02 1.866914556560196274e+02 1.936121529310786400e+02 1.999964188050661846e+02 2.056145219094015602e+02 2.102404440655133442e+02 2.136794901187021196e+02 2.157947502062478122e+02 2.165264699562009412e+02 2.158999800724203908e+02 2.140206882327866822e+02 2.110578397824222918e+02 2.072212255466895385e+02 2.027359932870165835e+02 1.978200936824953828e+02 1.926671801672069080e+02 1.874358059018964013e+02 1.822442422552593655e+02 1.771695443681865072e+02 1.722495871413509576e+02 1.674874154334794696e+02 1.628580344075348876e+02 1.583183536713996489e+02 1.538210611726005652e+02 1.493324649896738379e+02 1.448527124007202076e+02 1.404345844762479487e+02 1.361951277846634696e+02 1.323139762200382563e+02 1.290144111675787713e+02 1.265280976199373271e+02
1.338966516177133883e+02 1.403823652226559489e+02 1.474124780823098888e+02 1.548125139580565133e+02 1.624374761997219991e+02 1.701554296108240578e+02 1.778279639095848665e+02 1.852941309649813206e+02 1.923627198502395572e+02 1.988154273039318412e+02 2.044210067542576041e+02 2.089580387311585810e+02 2.122418368103085697e+02 2.141496782116451811e+02 2.146385754771055474e+02 2.137514310318883588e+02 2.116102923795553181e+02 2.083986379225742667e+02 2.043370691202163414e+02 1.996576890221550684e+02 1.945817065218429036e+02 1.893029672721203553e+02 1.839780393836400947e+02 1.787219317066063411e+02 1.736078689342778603e+02 1.686697484837186209e+02 1.639066437327131780e+02 1.592895891867209741e+02 1.547714971522575524e+02 1.503010775834830781e+02 1.458408154454529608e+02 1.413873596422384367e+02 1.369904462429087175e+02 1.327645855806913744e+02 1.288874093820308246e+02 1.255808152743462216e+02 1.230759044451602193e+02
1.311034987069704982e+02 1.378949465392872185e+02 1.452504007243958597e+02 1.529800191811524428e+02 1.609210141388557531e+02 1.689230081218186967e+02 1.768305086753896092e+02 1.844687377760149047e+02 1.916373773403394978e+02 1.981145894884446932e+02 2.036713187990738447e+02 2.080935565248723833e+02 2.112082022519978750e+02 2.129068837499820290e+02 2.131621448157674479e+02 2.120320380435888694e+02 2.096520222828225428e+02 2.062162481529486513e+02 2.019527125056567058e+02 1.970975975685089168e+02 1.918732854849494629e+02 1.864726181255378208e+02 1.810498417481570073e+02 1.757171136245785021e+02 1.705448352147402886e+02 1.655643612145544523e+02 1.607724741631969039e+02 1.561379689837557976e+02 1.516113436960843330e+02 1.471385948928293033e+02 1.426792340555632279e+02 1.382268628241141073e+02 1.338283624686214353e+02 1.295958562402298355e+02 1.257053042759754220e+02 1.223778668047919354e+02 1.198450287308331497e+02
1.290424683342266690e+02 1.361266289251022386e+02 1.437844906972128456e+02 1.518103282782489032e+02 1.600246034102601413e+02 1.682609477841685077e+02 1.763503086138134677e+02 1.841082060154158455e+02 1.913294366390053085e+02 1.977924509691018784e+02 2.032733865566361544e+02 2.075675081469233874e+02 2.105138345023553939e+02 2.120175024207394472e+02 2.120644833805418159e+02 2.107248817426650191e+02 2.081438660803559912e+02 2.045224093524144848e+02 2.000923431019918155e+02 1.950909999636145074e+02 1.897398386500773597e+02 1.842294858274651403e+02 1.787114805458703017e+02 1.732954506360375717e+02 1.680498714960712903e+02 1.630049012726416890e+02 1.581567010478921134e+02 1.534736750700762684e+02 1.489057654165113149e+02 1.443979437832352062e+02 1.399081214072333523e+02 1.354278505159887231e+02 1.310018355192496813e+02 1.267403271678140584e+02 1.228181595034812119e+02 1.194564748257080282e+02 1.168880540629067326e+02
1.276756517468821670e+02 1.350196856605331845e+02 1.429379490509205368e+02 1.512095564925348583e+02 1.596403964817405665e+02 1.680514465408001854e+02 1.762641313448854419e+02 1.840884847138444798e+02 1.913183104964198833e+02 1.977354995381074900e+02 2.031234907526325344e+02 2.072877061883464194e+02 2.100788825487115616e+02 2.114140385567508531e+02 2.112898998036664864e+02 2.097851946217325860e+02 2.070509965846562750e+02 2.032913284473411295e+02 1.987384872892360761e+02 1.936282587916782347e+02 1.881792817169629473e+02 1.825788666389839534e+02 1.769754430392870574e+02 1.714762756624743361e+02 1.661485360258610342e+02 1.610221882333177064e+02 1.560941041815974586e+02 1.513339017218064555e+02 1.466927496329121539e+02 1.421164220712536519e+02 1.375629563005904004e+02 1.330233705628181440e+02 1.285414652700128784e+02 1.242267034955815319e+02 1.202537933158914285e+02 1.168448577462991835e+02 1.142349687235513045e+02
1.269341964678802412e+02 1.344885136034942548e+02 1.426100281456240850e+02 1.510645056299712792e+02 1.596462298154310417e+02 1.681672743591608139e+02 1.764435876464978037e+02 1.842835675082521618e+02 1.914832595611173360e+02 1.978303079090686936e+02 2.031166613060926807e+02 2.071579340058399055e+02 2.098154732966446261e+02 2.110160545186067509e+02 2.107642280662539349e+02 2.091439070325802732e+02 2.063084680125813293e+02 2.024615706369226018e+02 1.978330498391804895e+02 1.926548895087279618e+02 1.871413804789483208e+02 1.814756503710557070e+02 1.758026756820220555e+02 1.702273912762399277e+02 1.648159715491145221e+02 1.595987309120150996e+02 1.545740528322001808e+02 1.497138611562799326e+02 1.449719434818180162e+02 1.402965227742421348e+02 1.356475675169751867e+02 1.310174111141241156e+02 1.264507469026757747e+02 1.220579391458349079e+02 1.180151252944172597e+02 1.145467993718575457e+02 1.118914735060380110e+02
1.267263717474856577e+02 1.344295902087216064e+02 1.426874339174722763e+02 1.512549278157113690e+02 1.599181140350564192e+02 1.684838947832012366e+02 1.767664086574426676e+02 1.845756220143589132e+02 1.917122626104185770e+02 1.979712141823027594e+02 2.031533830999049144e+02 2.070839893027566063e+02 2.096334504341166394e+02 2.107359567060781558e+02 2.104009616474951372e+02 2.087143417919894546e+02 2.058285665587157780e+02 2.019440287557490876e+02 1.972857309799625511e+02 1.920801349470531250e+02 1.865361035615667902e+02 1.808320266213126786e+02 1.751092261867632374e+02 1.694702932327087410e+02 1.639804720062538479e+02 1.586705559434468000e+02 1.535406924739475585e+02 1.485655956208910027e+02 1.437024932663785535e+02 1.389032754473172133e+02 1.341314477763600905e+02 1.293825770893608649e+02 1.247043586397728916e+02 1.202102115007154595e+02 1.160797418713802074e+02 1.125415689336584109e+02 1.098389320453203197e+02
1.269443480983765085e+02 1.347291177238831494e+02 1.430523428502103513e+02 1.516613836123568717e+02 1.603374588718672840e+02 1.688857202661662313e+02 1.771215823768970665e+02 1.848590573477976875e+02 1.919052418159799629e+02 1.980630630037877324e+02 2.031422875184131271e+02 2.069767836452733718e+02 2.094443177748201208e+02 2.104841615967324344e+02 2.101079367019441122e+02 2.084006026727961682e+02 2.055109693045767472e+02 2.016337842720878655e+02 1.969873861471897669e+02 1.917914946094561230e+02 1.862488866673552366e+02 1.805329752153162417e+02 1.747814177119025771e+02 1.690944997731703836e+02 1.635365033764325347e+02 1.581385713205434911e+02 1.529024575416790128e+02 1.478056240581815644e+02 1.428089851896803850e+02 1.378687848524735102e+02 1.329532803642046304e+02 1.280630081706234478e+02 1.232508158164245771e+02 1.186355430764631080e+02 1.144025798520008834e+02 1.107866345961554515e+02 1.080369984620297572e+02
1.274677787854988367e+02 1.352665339313112156e+02 1.435854725221927310e+02 1.521675443785899233e+02 1.607923983903747853e+02 1.692664190019733326e+02 1.774087802001295131e+02 1.850393647244196416e+02 1.919727208525872300e+02 1.980201372977968504e+02 2.029998146916786084e+02 2.067531541054366357e+02 2.091635575837695740e+02 2.101732047763136677e+02 2.097934373246540645e+02 2.081057993796639494e+02 2.052531262179658142e+02 2.014225931810797761e+02 1.968244695294977191e+02 1.916708872526492371e+02 1.861581884685708701e+02 1.804548129963639269e+02 1.746949238980162136e+02 1.689766557859404656e+02 1.633633335533573927e+02 1.578862542882163211e+02 1.525484293840432599e+02 1.473297025250895160e+02 1.421944885513677264e+02 1.371035907226914787e+02 1.320307820274944675e+02 1.269829602373999506e+02 1.220200786759848484e+02 1.172687026366310050e+02 1.129223322471416395e+02 1.092237235183472137e+02 1.064294417548215819e+02
