BlockUplift_2Ma_1kryTimeStep_5mmyr_k_5e-05_m_0.5_n_1.0_LinDiffusion_1.0_6x3km_30mRes_topographic__steepest_slope.txt
nrows 100
cellsize 30.0
xllcorner 0.0
ncols 200
yllcorner 0.0
[rows 34 to 50 of 100, columns 37 to 73 of 200]
1.378620224382274273e-01 1.407681201379868130e-01 1.428323336335836358e-01 1.440920629762369176e-01 1.445829296658681928e-01 1.443349514177706683e-01 1.433729781215646315e-01 1.417212875452880383e-01 1.394112363066739024e-01 1.364900147971070399e-01 1.330281043275069464e-01 1.291231643335085666e-01 1.248988300191740536e-01 1.304569748012941732e-01 1.366701404756585914e-01 1.427946646005018305e-01 1.485670125656547713e-01 1.537847397171763775e-01 1.582997923832757670e-01 1.619971970207467471e-01 1.647649105145756188e-01 1.664629105461740699e-01 1.669006599206993013e-01 1.658312429248576803e-01 1.629673065766973072e-01 1.580186844825563208e-01 1.507454611850136128e-01 1.410152470606369779e-01 1.288515309006154907e-01 1.144620227564021459e-01 9.824106205242230661e-02 9.712711900018480837e-02 9.807945782687284286e-02 9.878796739550731176e-02 9.922690836194097974e-02 1.128311515520799002e-01 1.284787112372685614e-01
1.394546461025186201e-01 1.421160275042240018e-01 1.439701730729268658e-01 1.450588985566317601e-01 1.454189635699587313e-01 1.450784362336425548e-01 1.440573298176502648e-01 1.423724304856402167e-01 1.400453241543630212e-01 1.371118118218788706e-01 1.336303949778406830e-01 1.296875147208074452e-01 1.253978314809406358e-01 1.275176908500814110e-01 1.337023642443158356e-01 1.398740630915558947e-01 1.457577431158533221e-01 1.511369518976975468e-01 1.558496268164663856e-01 1.597688488676276830e-01 1.627737603453764670e-01 1.647184409986576226e-01 1.654079602747877964e-01 1.645903700314979290e-01 1.619705415297314210e-01 1.572466118174176697e-01 1.501635158475844167e-01 1.405726141810252627e-01 1.284838397820791400e-01 1.140981826433217494e-01 9.781316746850585164e-02 9.539161171257148908e-02 9.635497957515042067e-02 9.709576922831501811e-02 9.758617740692633602e-02 1.115407677501448480e-01 1.273815717265323333e-01
1.410096619503841964e-01 1.434061157693529709e-01 1.450372858154025946e-01 1.459477476676577512e-01 1.461742052255270152e-01 1.457420864704715713e-01 1.446663177579409765e-01 1.429562355589761580e-01 1.406237854270964704e-01 1.376933767761983063e-01 1.342112041326563032e-01 1.302517202072986380e-01 1.259193885927061274e-01 1.245314612541024157e-01 1.306782403094058354e-01 1.368895505543095692e-01 1.428801752837904337e-01 1.484202829745425722e-01 1.533337049450640144e-01 1.574808994390252403e-01 1.607311980191354628e-01 1.629317761269837295e-01 1.638825765411535684e-01 1.633263515658733289e-01 1.609604498428672537e-01 1.564719765623104331e-01 1.495915348422183211e-01 1.401548562122497399e-01 1.281583994863550457e-01 1.137957592845283555e-01 9.746621247518265363e-02 9.378056981694556093e-02 9.475929958561929434e-02 9.553136458028177458e-02 9.606689887661255811e-02 1.102891438821392150e-01 1.263084305533859475e-01
1.424906063597471129e-01 1.446098832174186610e-01 1.460113116914821263e-01 1.467408052395427487e-01 1.468340564670000958e-01 1.463133870176572260e-01 1.451885941477219777e-01 1.434618090815083236e-01 1.411356795189542823e-01 1.382234521822311990e-01 1.347589324251174392e-01 1.308040510413178426e-01 1.264520454646070047e-01 1.218250978256217310e-01 1.276044531189927944e-01 1.338458065544751996e-01 1.399364048328317900e-01 1.456338641362532882e-01 1.507480072412129002e-01 1.551261600569223686e-01 1.586269814672575384e-01 1.610898422882101610e-01 1.623089106400280313e-01 1.620214371180401791e-01 1.599175360755226982e-01 1.556739371032003494e-01 1.490076697705031150e-01 1.397393563622473245e-01 1.278519505377120891e-01 1.135308950623213214e-01 9.717577687825294797e-02 9.225065016464478740e-02 9.325292192687015258e-02 9.406036523304142638e-02 9.464046768836263668e-02 1.090637351994042381e-01 1.252531073842221288e-01
1.438643571216734474e-01 1.457016971037319308e-01 1.468723345445548945e-01 1.474223555846937983e-01 1.473857311866936526e-01 1.467814258347857614e-01 1.456142519409610314e-01 1.438795533533891446e-01 1.415712045034922539e-01 1.386917253617999390e-01 1.352626836889584128e-01 1.313331984815855891e-01 1.269844723639058370e-01 1.223289533189027140e-01 1.244886692196070371e-01 1.307487567725896249e-01 1.369300054938613065e-01 1.427784959516284757e-01 1.480903394119676419e-01 1.526994003578631964e-01 1.564529517796429681e-01 1.591817771258169922e-01 1.606737132890541930e-01 1.606603722287005820e-01 1.588249523912921568e-01 1.548344454512304846e-01 1.483929914728891186e-01 1.393065038646793263e-01 1.275442677772608002e-01 1.132827193775858693e-01 9.692029440796139095e-02 9.076045559985743139e-02 9.179622995322157808e-02 9.264658691529917278e-02 9.327531737603370066e-02 1.078457406814619240e-01 1.242029848334272601e-01
1.451024372781110627e-01 1.466597234586875798e-01 1.476035457706823817e-01 1.479792526901093086e-01 1.478186141092749095e-01 1.471371767786952833e-01 1.459350661362767143e-01 1.442013931838942997e-01 1.419219293381085434e-01 1.390890798223362312e-01 1.357125402995867092e-01 1.318285684178704398e-01 1.275057610296698729e-01 1.228457317579341179e-01 1.213396302637713420e-01 1.276057528493519111e-01 1.338663299441394949e-01 1.398571080163374114e-01 1.453609906543902042e-01 1.501982448222388411e-01 1.542042020402815405e-01 1.572003913706286615e-01 1.589678376638011814e-01 1.592324147980973825e-01 1.576707193890282965e-01 1.539405904616619192e-01 1.477338616299722074e-01 1.388420031423450440e-01 1.272203337595574357e-01 1.130353397594420078e-01 9.668284378248004352e-02 8.927532482735973940e-02 9.035381135637882144e-02 9.125573664574251898e-02 9.193988500929606289e-02 1.066126437131268423e-01 1.231406966855277396e-01
1.461817531462315800e-01 1.474664509298719284e-01 1.481916187564706888e-01 1.484011939158686177e-01 1.481244686705290858e-01 1.473736668547881434e-01 1.461446397844289036e-01 1.444209167865939947e-01 1.421809431508355148e-01 1.394077626243434564e-01 1.360997521655624154e-01 1.322804868883499241e-01 1.280056313200664819e-01 1.233650881637894797e-01 1.184795058180858063e-01 1.244255827779070511e-01 1.307526005868868135e-01 1.368749613102283325e-01 1.425630808290359597e-01 1.476236983765845667e-01 1.518798115404634552e-01 1.551431324005158041e-01 1.571874366317385363e-01 1.577327484317847528e-01 1.564493148069601713e-01 1.529863025569672408e-01 1.470236857808114306e-01 1.383386121999290175e-01 1.268720164509694326e-01 1.127794365250816694e-01 9.645266116187935224e-02 8.777194838032756352e-02 8.889903581275290789e-02 8.985970893261215064e-02 9.060644011718087254e-02 1.053418731629974375e-01 1.220469860400977824e-01
1.470848412747130796e-01 1.481088610310621334e-01 1.486268306206587342e-01 1.486808123178860741e-01 1.482975118440852669e-01 1.474860414605236314e-01 1.462384664105608467e-01 1.445334425721663818e-01 1.423429339307034636e-01 1.396414811842238979e-01 1.364168538646036155e-01 1.326803328077374999e-01 1.284745653595081305e-01 1.238771074209608913e-01 1.189984827743595930e-01 1.212183165656773032e-01 1.275977849764139693e-01 1.338395724047318491e-01 1.397025530247204828e-01 1.449802273304369726e-01 1.494830342737712703e-01 1.530123956709801558e-01 1.553344044985451311e-01 1.561630500951207701e-01 1.551623495992604518e-01 1.519731104162073965e-01 1.462637193027732374e-01 1.377969720276215893e-01 1.264989095326812807e-01 1.125131183460690160e-01 9.622602965705726041e-02 8.624187293522425635e-02 8.741796602776522040e-02 8.844063360861013912e-02 8.925501428365786860e-02 1.040149446762918400e-01 1.209042479819083665e-01
1.477997354506091765e-01 1.485783211736863563e-01 1.489029825008884589e-01 1.488136211565622147e-01 1.483343776776640255e-01 1.474715422045610180e-01 1.462139198114281724e-01 1.445360218073034331e-01 1.424042074399883007e-01 1.397854423723856598e-01 1.366577255351965337e-01 1.330206167229221192e-01 1.289038917242758542e-01 1.243723707061917538e-01 1.195255206435338891e-01 1.179950144928881423e-01 1.244122815862294534e-01 1.307603799220779517e-01 1.367878217990803058e-01 1.422753899508164555e-01 1.470209135769426079e-01 1.508151271968802554e-01 1.534159727468049350e-01 1.545310849936890052e-01 1.538181675128599823e-01 1.509097511719936224e-01 1.454626970489518445e-01 1.372252708758622264e-01 1.261080554740401372e-01 1.122417369708223339e-01 9.600622305327514983e-02 8.469301775889069572e-02 8.591167223217345550e-02 8.699374773738478839e-02 8.787655648836695255e-02 1.026212840153630512e-01 1.197000954428199815e-01
1.483195702691896545e-01 1.488702812285841448e-01 1.490171727543819769e-01 1.487978461849877587e-01 1.482339924247763063e-01 1.473294122048438848e-01 1.460701817391111546e-01 1.444273859389862136e-01 1.423626554148474666e-01 1.398363447004138949e-01 1.368176111432347908e-01 1.332950229487124827e-01 1.292858417094000234e-01 1.248420058414012601e-01 1.200512330416681067e-01 1.150325586981210818e-01 1.212074657664447136e-01 1.276482086855980913e-01 1.338291363652511223e-01 1.395190767687038980e-01 1.445033794516444869e-01 1.485617644949764615e-01 1.514434918438081201e-01 1.528493393368592357e-01 1.524303521829316888e-01 1.498105876236824896e-01 1.446352071997194511e-01 1.366376297282849706e-01 1.257124029894811368e-01 1.119764781323039360e-01 9.580228715405017526e-02 8.314858476556044597e-02 8.439620832325545052e-02 8.552828270112323994e-02 8.647449650807080557e-02 1.011609105689440513e-01 1.184302131215349690e-01
1.486420240386109870e-01 1.489838461682126136e-01 1.489694728955148206e-01 1.486341791876062135e-01 1.479973835415914207e-01 1.470607438919728227e-01 1.458081181791300307e-01 1.442078470988983896e-01 1.422176809432139921e-01 1.397923320774595024e-01 1.368931042294803946e-01 1.334984278190934903e-01 1.296135942046608702e-01 1.252777435083478053e-01 1.205663923264902876e-01 1.155885367904128658e-01 1.179951612625158575e-01 1.245146129945760155e-01 1.308377584339758259e-01 1.367224798710649225e-01 1.419419670127349542e-01 1.462646711613329875e-01 1.494305663116231586e-01 1.511328635274436227e-01 1.510153116451090627e-01 1.486929912083147509e-01 1.437989486651891913e-01 1.360513215325920566e-01 1.253280785826342281e-01 1.117317709993577157e-01 9.562666114209235346e-02 8.164322137259413803e-02 8.289992789164651876e-02 8.406590502927807629e-02 8.506416809422603920e-02 9.964531937678525186e-02 1.170998444333912619e-01
1.487686821121618208e-01 1.489212834306044841e-01 1.487625477962116749e-01 1.483254819274388014e-01 1.476274431827514777e-01 1.466682842899426076e-01 1.454301155246573163e-01 1.438791607466508027e-01 1.419700885291623194e-01 1.396529158655113179e-01 1.368821077118231588e-01 1.336269012080379126e-01 1.298813179328391354e-01 1.256719912210864376e-01 1.210620157393482998e-01 1.161496153089586897e-01 1.147871087344741470e-01 1.213711951130453798e-01 1.278250820225014239e-01 1.338969561757437643e-01 1.393483640094799192e-01 1.439363188797874171e-01 1.473908422869132095e-01 1.493966661926262873e-01 1.495893138794033572e-01 1.475740864649431328e-01 1.429712767952254771e-01 1.354832240994643111e-01 1.249708538087861004e-01 1.115218675238610346e-01 9.549195020333492434e-02 8.021693463036286276e-02 8.145842640017519898e-02 8.263679784316385613e-02 8.367001276246431585e-02 9.809625426539901605e-02 1.157235139231853061e-01
1.487043795950171443e-01 1.486875088211064566e-01 1.484012524352806284e-01 1.478764645331504257e-01 1.471286645633976264e-01 1.461562122897352711e-01 1.449398884249006869e-01 1.434443600729622403e-01 1.416219465388905974e-01 1.394188710611662940e-01 1.367837717558046395e-01 1.336776937274824772e-01 1.300842123788802096e-01 1.260179263487269108e-01 1.215295005218697127e-01 1.167058635358576707e-01 1.116650582967830957e-01 1.182289956699859590e-01 1.248018313200588564e-01 1.310529713319723566e-01 1.367330354902215883e-01 1.415875352735385950e-01 1.453358415493282152e-01 1.476531287432425454e-01 1.481655131209546339e-01 1.464674554672201756e-01 1.421656786566338204e-01 1.349461717256252580e-01 1.246524769464277260e-01 1.113572444139745432e-01 9.540746853140803785e-02 7.890789040304374558e-02 8.010804178151904875e-02 8.127409121044971985e-02 8.232105204341735871e-02 9.654255049847540460e-02 1.143229850444640872e-01
1.484565633346174307e-01 1.482895815487893232e-01 1.478922288808111885e-01 1.472933572212440367e-01 1.465068668707535382e-01 1.455299013692837318e-01 1.443422709926504011e-01 1.429075721323509185e-01 1.411764300405423112e-01 1.390921122350277928e-01 1.365984124794910881e-01 1.336492090949510103e-01 1.302185434351059712e-01 1.263096009085397098e-01 1.219607981205892144e-01 1.172474407871448021e-01 1.122781587095886408e-01 1.150980371719906720e-01 1.217774571881652806e-01 1.281992976959866748e-01 1.341041661420087072e-01 1.392261382708203932e-01 1.432732525558925996e-01 1.459099452371760974e-01 1.467515635898820336e-01 1.453804812972915861e-01 1.413889235961857671e-01 1.344459975256218631e-01 1.243776845586142127e-01 1.112416437390571916e-01 9.537634781723015875e-02 7.774563378549241566e-02 7.887930846971850929e-02 8.000784139468446188e-02 8.104560450148502737e-02 9.501570877724664632e-02 1.129238865415028437e-01
1.480346981504529480e-01 1.477362282928945947e-01 1.472435199114121018e-01 1.465835895294750058e-01 1.457689214916854381e-01 1.447956795223660775e-01 1.436430021956927872e-01 1.422738253788063956e-01 1.406376521011822034e-01 1.386755550047610031e-01 1.363274141359293312e-01 1.335409602442477195e-01 1.302816673224791999e-01 1.265420457866061610e-01 1.223486084269003044e-01 1.177648874019411041e-01 1.128894583817877106e-01 1.119870711085058368e-01 1.187598123235765468e-01 1.253425880396349945e-01 1.314670970297160957e-01 1.368562019145664610e-01 1.412060023671458941e-01 1.441689966710273108e-01 1.453483152824810165e-01 1.443129044517616477e-01 1.406395300331734211e-01 1.339799579687527831e-01 1.241426163281972306e-01 1.111704886585173357e-01 9.539394339776294252e-02 7.744042688249699879e-02 7.779184025920168888e-02 7.885992451373245726e-02 7.986645000284416096e-02 9.354518259890451382e-02 1.115517708411156300e-01
1.474497311644967223e-01 1.470374080745282808e-01 1.464642099066158776e-01 1.457554871506459848e-01 1.449224893829419158e-01 1.439605960052205147e-01 1.428485147062881766e-01 1.415488572792961974e-01 1.400104911649160955e-01 1.381729689223921698e-01 1.359731179418503244e-01 1.333535083914966779e-01 1.302720365324290808e-01 1.267113608478515063e-01 1.226865709814357330e-01 1.182494340010075973e-01 1.134879724226484227e-01 1.089035386541930550e-01 1.157551266342132928e-01 1.224873649621345678e-01 1.288243233535479038e-01 1.344780554174647702e-01 1.391322538499223938e-01 1.424263514724602442e-01 1.439498321484292132e-01 1.432568783335029516e-01 1.399078745292493542e-01 1.335368978135540174e-01 1.239350155703829032e-01 1.111310740385167417e-01 9.544794987814837761e-02 7.751502460523100602e-02 7.685174274679316964e-02 7.784095764574014420e-02 7.879750471557542268e-02 9.215439970808807224e-02 1.102284789162038953e-01
1.467136202717417293e-01 1.462039238844984879e-01 1.455640992919882137e-01 1.448179930925931613e-01 1.439757766581417908e-01 1.430322021636575014e-01 1.419657344978664526e-01 1.407389291337058923e-01 1.393004211788687885e-01 1.375888274479204199e-01 1.355387013627392945e-01 1.330883857292794459e-01 1.301891835774370010e-01 1.268147795023774338e-01 1.229694313038199455e-01 1.186932922816235220e-01 1.140634694557140505e-01 1.091901154646222893e-01 1.127682424074169798e-01 1.196363752664778290e-01 1.261759923189546828e-01 1.320889450762634809e-01 1.370462491076226974e-01 1.406733050573844013e-01 1.425446376945540827e-01 1.421984214063181373e-01 1.391778345839094488e-01 1.330990441467464480e-01 1.237361076419015576e-01 1.111044368748639460e-01 9.552015499723862102e-02 7.761506289400790792e-02 7.605193355178130332e-02 7.694976044705963136e-02 7.784260270881399046e-02 9.085827790097344980e-02 1.089695390978367845e-01
