BlockTilt_5Ma_1mmyr_m1_n5_k1Minus5_10kyrTimeStep_wLinDiffp1_30mRes_7p5kmBy15km.txt
nrows 250
cellsize 30.0
xllcorner 0.0
ncols 500
yllcorner 0.0
[rows 204 to 220 of 250, columns 185 to 221 of 500]
8.365159543415609278e+02 8.669134806755977252e+02 8.971432487294011935e+02 9.269098560369679944e+02 9.558599932786446516e+02 9.835796264315637245e+02 1.009594299868317421e+03 1.033370550938892393e+03 1.054321755646194788e+03 1.071838654766144600e+03 1.085339504815387500e+03 1.094363180931262832e+03 1.098727710360226865e+03 1.098601539516911089e+03 1.094302456894751913e+03 1.086370217297468116e+03 1.075464936626583722e+03 1.062250156165327553e+03 1.047461835912198467e+03 1.032321603456744697e+03 1.018998065982311800e+03 1.009850990958356874e+03 1.005467216540998152e+03 1.005130843781019848e+03 1.008152617107119340e+03 1.013986379355513918e+03 1.022292589682465518e+03 1.032742930652591895e+03 1.043956356853471334e+03 1.053922537093149231e+03 1.061209506247989339e+03 1.065099583255763491e+03 1.065086650207246066e+03 1.060683175927238153e+03 1.051582069261168272e+03 1.037905634402255828e+03 1.020092781221452583e+03
8.444235252190649135e+02 8.747709901959467516e+02 9.047274781563296528e+02 9.339570587525583960e+02 9.620647352946245974e+02 9.885961177814751863e+02 1.013037223798095852e+03 1.034817338952439059e+03 1.053341652671662814e+03 1.068037680112601265e+03 1.078409571297948787e+03 1.084154314078146626e+03 1.085285685768401891e+03 1.082115361170195229e+03 1.075010248656778458e+03 1.064557488357951570e+03 1.051481281826571148e+03 1.036457473768278533e+03 1.020098769705044106e+03 1.003262213264237744e+03 9.878992470190106587e+02 9.769835095976908406e+02 9.719631025961488149e+02 9.716602456154583933e+02 9.749718329650712576e+02 9.815508267261474202e+02 9.915572063822484097e+02 1.004439242040885802e+03 1.018120382478748411e+03 1.030515848320244231e+03 1.040454297769422510e+03 1.047326469317878718e+03 1.050608426785175425e+03 1.049732600714862656e+03 1.044204444478085861e+03 1.033925899653803071e+03 1.019135078676749572e+03
8.520743078737583573e+02 8.821844247897749938e+02 9.116483244591194079e+02 9.400901931267380860e+02 9.670767219689168996e+02 9.921154939448745154e+02 1.014655133834372350e+03 1.034122228982577099e+03 1.049977614830237371e+03 1.061740314733853438e+03 1.069030786959559236e+03 1.071705351854465789e+03 1.069888339907964337e+03 1.063976180160082777e+03 1.054396380313644386e+03 1.041757665061121088e+03 1.026790533042734978e+03 1.010185563225707483e+03 9.925192846403238036e+02 9.744023198969257464e+02 9.572966635400183577e+02 9.444642251919460705e+02 9.385538125306671873e+02 9.381426050401518069e+02 9.416624355487000457e+02 9.490978577587130758e+02 9.610105396492975842e+02 9.760846692426141544e+02 9.917144021938410106e+02 1.006092110055782541e+03 1.018370793684119462e+03 1.027951494471099522e+03 1.034254408774855392e+03 1.036670701736488809e+03 1.034623425712383323e+03 1.027793252965479496e+03 1.016179413805431295e+03
8.592120717981384814e+02 8.888577109705266821e+02 9.175688247386675584e+02 9.449330544067371420e+02 9.704806699153111822e+02 9.936821967499699895e+02 1.013988800266929275e+03 1.030903498154782710e+03 1.043998813310909327e+03 1.052885457392936132e+03 1.057303846581419975e+03 1.057231959966425165e+03 1.052777547074424319e+03 1.044399483564555794e+03 1.032661364640439615e+03 1.018183256901414552e+03 1.001626832902224692e+03 9.836440565340626563e+02 9.648097424674883769e+02 9.456009185803544597e+02 9.270819289231150151e+02 9.125180262818126948e+02 9.055672681934695447e+02 9.048672177161226955e+02 9.085299164806019689e+02 9.169848102551881084e+02 9.308459204894744516e+02 9.477385283343908213e+02 9.648464059076841295e+02 9.808573228117656981e+02 9.951559504217830181e+02 1.007149714145986422e+03 1.016185061446618192e+03 1.021614470196411730e+03 1.022812362230190274e+03 1.019310227813392544e+03 1.010910663523488438e+03
8.655490704252079013e+02 8.944599821662386603e+02 9.221158292744304390e+02 9.480687336076041447e+02 9.718119773463034790e+02 9.928240602819050764e+02 1.010654016491560697e+03 1.024940909684898543e+03 1.035328367101470803e+03 1.041501963697866813e+03 1.043355180563467002e+03 1.040945195063357687e+03 1.034235999475851713e+03 1.023699766704386889e+03 1.010073524024326389e+03 9.940347823597695651e+02 9.761740944713768613e+02 9.570583186406738605e+02 9.372159276653568440e+02 9.170742054140737309e+02 8.974633736811420022e+02 8.814219248102630218e+02 8.731495494937832973e+02 8.719410182507314175e+02 8.758183828299223705e+02 8.854765600212980416e+02 9.010559176266663144e+02 9.193230104330696122e+02 9.376246164702032502e+02 9.550327549497246764e+02 9.710662689323605719e+02 9.851390247213736302e+02 9.965991305313494877e+02 1.004764567703663715e+03 1.008970826518517470e+03 1.008647742440134380e+03 1.003483256586491279e+03
8.707616880573350500e+02 8.986231185405918040e+02 9.248738104600670340e+02 9.490278273235384177e+02 9.705911449480749980e+02 9.891624343217418982e+02 1.004460854836467320e+03 1.016184690036202369e+03 1.023970521091681917e+03 1.027635000118668813e+03 1.027291562199220607e+03 1.023017578773780542e+03 1.014521494422066212e+03 1.002217177121230293e+03 9.869638602196450847e+02 9.695545338115879304e+02 9.505951995466302833e+02 9.305815425717685230e+02 9.099643421069939677e+02 8.891414438589456495e+02 8.687869824316576342e+02 8.514067331483116732e+02 8.413364015245859946e+02 8.393514624438724923e+02 8.436743044776125089e+02 8.548653486518535374e+02 8.718482223020164383e+02 8.910362517819061168e+02 9.102555913033388606e+02 9.288439625869946212e+02 9.463352735555158688e+02 9.621766724250651350e+02 9.757393981902038149e+02 9.863435683761732662e+02 9.932610026386546451e+02 9.958574028234071420e+02 9.937662793958580778e+02
8.744915435732368678e+02 9.009392725976076690e+02 9.253770993321819560e+02 9.473344494898008179e+02 9.664568234277281817e+02 9.825501292918866056e+02 9.954076559479601656e+02 1.004654769719407454e+03 1.009951893242740312e+03 1.011372017750942177e+03 1.009247896073381071e+03 1.003589246747235734e+03 9.937990537952744035e+02 9.801688112269661133e+02 9.636088104033871105e+02 9.450109005439468319e+02 9.250774196381970569e+02 9.043170947655922873e+02 8.831339157329900900e+02 8.618907393351781820e+02 8.410863631541913037e+02 8.225179102765712287e+02 8.104206578727144006e+02 8.074635829151052349e+02 8.123020787528100755e+02 8.251102273796853979e+02 8.432113209537964167e+02 8.629826767807385295e+02 8.828982413128717326e+02 9.024473515540299786e+02 9.211662789227199255e+02 9.385118443561831327e+02 9.538860446907137884e+02 9.665914887057761007e+02 9.758738556665862234e+02 9.810568976956071765e+02 9.817365712983497588e+02
8.763316926374648119e+02 9.009412221379844823e+02 9.231505959743876701e+02 9.426446939648382113e+02 9.593085122586373927e+02 9.730407307019119116e+02 9.835306148749334625e+02 9.903406623391597350e+02 9.933271028458765386e+02 9.928623270659500122e+02 9.893959630199348112e+02 9.827963436241579984e+02 9.721598697982600470e+02 9.576448265500106345e+02 9.401495056397615144e+02 9.206155438513800391e+02 8.998288095173641068e+02 8.783830615821193533e+02 8.566929513327155519e+02 8.350824442512199539e+02 8.138988436612660280e+02 7.944063752961815226e+02 7.806698835691989871e+02 7.768379014916926053e+02 7.819098239178251788e+02 7.958694985630233987e+02 8.147649526558471962e+02 8.350465828093754226e+02 8.555899149088754712e+02 8.759736651857200513e+02 8.957382313095922655e+02 9.143704860837622164e+02 9.312628175505950594e+02 9.457299381053230718e+02 9.570365279212928726e+02 9.644650052439410501e+02 9.675581396203983786e+02
8.758114026873237208e+02 8.981544378431314044e+02 9.178703444274163985e+02 9.349112275970616110e+02 9.492686674483504703e+02 9.607086910191620746e+02 9.687943853814018667e+02 9.732378826216113339e+02 9.742074841510130909e+02 9.722810363881720832e+02 9.679061852838379991e+02 9.607753232122264535e+02 9.496909723949542013e+02 9.346800173869522723e+02 9.166230140697080060e+02 8.964583628120918775e+02 8.750111396645821742e+02 8.529478350135583469e+02 8.307513989114717106e+02 8.087307372354051722e+02 7.871297474665931304e+02 7.669299185003250159e+02 7.520766760308730454e+02 7.475043396262256010e+02 7.524908842344233335e+02 7.670360429647199680e+02 7.865006776350958262e+02 8.072964422209551003e+02 8.284443262069748926e+02 8.495618580795432990e+02 8.702280210812527912e+02 8.899267036365475860e+02 9.080662950382147756e+02 9.240003491660838790e+02 9.370017095659528650e+02 9.463026495406822960e+02 9.514205921638266545e+02
8.724584634070406537e+02 8.922777204331124494e+02 9.095460789691780974e+02 9.243287669691478641e+02 9.364545382834904785e+02 9.455029704539311979e+02 9.511478950758536257e+02 9.534280266866689999e+02 9.527674949740463717e+02 9.498026442988327744e+02 9.449245897106958409e+02 9.376512565388147777e+02 9.264891947262683516e+02 9.113234676556156728e+02 8.930273048635068562e+02 8.725391409747234093e+02 8.506779901253324851e+02 8.281448277928543575e+02 8.054844213728670184e+02 7.830517448479027962e+02 7.610380913298000678e+02 7.402675925882828096e+02 7.245422941651630708e+02 7.191404407349280063e+02 7.238500400328783826e+02 7.386897834586427507e+02 7.586027133524289638e+02 7.798950546000046415e+02 8.015956944573238161e+02 8.233607630232922929e+02 8.447724948933199585e+02 8.653335639667818668e+02 8.844917158628760490e+02 9.016102507810289808e+02 9.159428384055246397e+02 9.267421995142775586e+02 9.335290748481535275e+02
8.659933537405281641e+02 8.833772888155989449e+02 8.984483398025460019e+02 9.110622674276918360e+02 9.208042094490632508e+02 9.273298833111027761e+02 9.306511260714424907e+02 9.311068331615466604e+02 9.292177749749706663e+02 9.255950399191726774e+02 9.205714057529012280e+02 9.135156620974182715e+02 9.026454202402780993e+02 8.876448927111240437e+02 8.693823068827643965e+02 8.488261675842661589e+02 8.267987846067682085e+02 8.039984826896481991e+02 7.810049316439465201e+02 7.582272706778534257e+02 7.358785611563729390e+02 7.146657590128479569e+02 6.980686591844445275e+02 6.914843761584563708e+02 6.958150986205598656e+02 7.109151956165186448e+02 7.312428983064928616e+02 7.529860028766989899e+02 7.751811209804718601e+02 7.974829007354952637e+02 8.194915592141562684e+02 8.407461803146828743e+02 8.606990858628827255e+02 8.786875139387840363e+02 8.940075325690283989e+02 9.060035530101407630e+02 9.141116965107488568e+02
8.565304617476142539e+02 8.717938697900508487e+02 8.847952066544293075e+02 8.950492917274245883e+02 9.021897161981348745e+02 9.062318213340099646e+02 9.075259941504908738e+02 9.065387702711790325e+02 9.037801727952736428e+02 8.998182945575913436e+02 8.949448940662196037e+02 8.884264972387446733e+02 8.782218982436130545e+02 8.637172165346546535e+02 8.457333001492150970e+02 8.253108050014295713e+02 8.033115639142241662e+02 7.804423725933831975e+02 7.572913656841618604e+02 7.343212147281860780e+02 7.118255371713879640e+02 6.903901664423309512e+02 6.728325748951231162e+02 6.645283172096188764e+02 6.682993066246124272e+02 6.837340330593176532e+02 7.045170501465662483e+02 7.266843797744212452e+02 7.492927600553163074e+02 7.720214818292823793e+02 7.945064235218793556e+02 8.162900833334628032e+02 8.367967410519593159e+02 8.553968333843837399e+02 8.714839178611877060e+02 8.843683453718882674e+02 8.933241349623682481e+02
8.444694598375450596e+02 8.577925700506734756e+02 8.685281653555034609e+02 8.761359235554792804e+02 8.806390547636485735e+02 8.824543084194244784e+02 8.820889583630216748e+02 8.800080610133901473e+02 8.766811571551371571e+02 8.726388374120871276e+02 8.681458495175936605e+02 8.624265680637561218e+02 8.532361941557273894e+02 8.395754603306513673e+02 8.221247835459106454e+02 8.020083337489322730e+02 7.801765897186849088e+02 7.573761240699172959e+02 7.342151487178093703e+02 7.112022217263507855e+02 6.887358696852908224e+02 6.672808787414778635e+02 6.488042408662672642e+02 6.385411181724053904e+02 6.415930571295233449e+02 6.573351643061504319e+02 6.785508931746868484e+02 7.010727646761577034e+02 7.240016006984237720e+02 7.470663539160206028e+02 7.699068344123974157e+02 7.920378160034188113e+02 8.129145068875698144e+02 8.320003042226300067e+02 8.486501078253298829e+02 8.619801849133616543e+02 8.711903233382975031e+02
8.301285657394702184e+02 8.413230209846235539e+02 8.494567362850337986e+02 8.543206717722907797e+02 8.564076253374030330e+02 8.563534346501021446e+02 8.546757704141309659e+02 8.517991421567386396e+02 8.481574388006918070e+02 8.442447648975903576e+02 8.403048545978155062e+02 8.355631438705549954e+02 8.276550659772483414e+02 8.151804116450596212e+02 7.985547125918205893e+02 7.789326851239770804e+02 7.573818502965978041e+02 7.347310941431816218e+02 7.116288314160352684e+02 6.886090593038042016e+02 6.661266309023374106e+02 6.445994965582983696e+02 6.254132049644930476e+02 6.136211347178858659e+02 6.160754035066075858e+02 6.319713698807966011e+02 6.534445196022882101e+02 6.761974081529280056e+02 6.993649620090287726e+02 7.226724982810393385e+02 7.457299931651966745e+02 7.680796413948604595e+02 7.892637875454672667e+02 8.087114547561774316e+02 8.255770636242395994e+02 8.387919722258187676e+02 8.477181915626568980e+02
8.135077017159983370e+02 8.221760533219463696e+02 8.275296429393226845e+02 8.298329864644719009e+02 8.298628750108628083e+02 8.282965658376481315e+02 8.256107169326186295e+02 8.221940473569312644e+02 8.184475666038209738e+02 8.148306326823135350e+02 8.115665573249365252e+02 8.079016163696890089e+02 8.014397803143559713e+02 7.904520152846616838e+02 7.749705611125692712e+02 7.560689901313442078e+02 7.349259066375270777e+02 7.124839366720838143e+02 6.894644967221123579e+02 6.664311678187876851e+02 6.438415921865301925e+02 6.220974298240033704e+02 6.023782881035640457e+02 5.896595130964191185e+02 5.917043643133586102e+02 6.075954291505198626e+02 6.291706459989813993e+02 6.520712830222115599e+02 6.754000951801821202e+02 6.988429043928806550e+02 7.220296253352307758e+02 7.445804268654300131e+02 7.660029261677799468e+02 7.855384062389383644e+02 8.021326287468494911e+02 8.147159753797883468e+02 8.229750838049901631e+02
7.943780556780777715e+02 8.002565603779310095e+02 8.029480809361308502e+02 8.030435182625591324e+02 8.013932946487331037e+02 7.986356704644778119e+02 7.952082115538763674e+02 7.914684195698430358e+02 7.877854336872576368e+02 7.845866585832708324e+02 7.820767756795547712e+02 7.795298767930231634e+02 7.745896256850930968e+02 7.653108549348147562e+02 7.512867882605841032e+02 7.333637374882861195e+02 7.127891708655350840e+02 6.906334327578925922e+02 6.677145392541137880e+02 6.446565889088251424e+02 6.219319407593546885e+02 5.999242564955045509e+02 5.797760009552544034e+02 5.664827811604143335e+02 5.682038923696660504e+02 5.840206916676821720e+02 6.056570698778735959e+02 6.286599652210802560e+02 6.520736174825408398e+02 6.755975635776022727e+02 6.989309762311952454e+02 7.216575125555439172e+02 7.431074210984399997e+02 7.623216258460661265e+02 7.781729634761015859e+02 7.897259604071699641e+02 7.970707282507895570e+02
7.725887271938414642e+02 7.757303194943496010e+02 7.760888868762361881e+02 7.743660476757936522e+02 7.713756342370761558e+02 7.677084451233137088e+02 7.637693985141575013e+02 7.598858041706889708e+02 7.563973662607476172e+02 7.537028596821508017e+02 7.519901750255819479e+02 7.505615012922710321e+02 7.471393353606156325e+02 7.396867933478121131e+02 7.273897706265499892e+02 7.107262236979403269e+02 6.909189545084780093e+02 6.691640426427003376e+02 6.463907856240540468e+02 6.233062346221480539e+02 6.004340664985006697e+02 5.781688712629803604e+02 5.576530228216328169e+02 5.439429896719165072e+02 5.453993329807581176e+02 5.611607092764469371e+02 5.828450737219458233e+02 6.059019852700791944e+02 6.293757953575031934e+02 6.530272137012001394e+02 6.765173276322765332e+02 6.992608196554298274e+02 7.204024183963548467e+02 7.389000606299213132e+02 7.536268573785469016e+02 7.638615863153702321e+02 7.701261086084581393e+02
