BlockTilt_5Ma_1mmyr_m1_n5_k1Minus5_5kyrTimeStep_wLinDiff_30mRes_30kmBy60km.txt
nrows 100
cellsize 30.0
xllcorner 0.0
ncols 200
yllcorner 0.0
[rows 17 to 33 of 100, columns 111 to 147 of 200]
5.301298207680989663e+02 5.033854560800180593e+02 5.741104208502611073e+02 5.863801686748303155e+02 5.156551842124922587e+02 4.742254188612421899e+02 4.017004392737043190e+02 3.925506837489610916e+02 2.925282923951630210e+02 3.843149703781400603e+02 4.257447898114619420e+02 4.050218910553722367e+02 3.366307061647299861e+02 4.366511245023460219e+02 5.134433586553566329e+02 5.711901136159970065e+02 5.413166121810913864e+02 4.412961440059438019e+02 4.851584041811931911e+02 5.851784721926438806e+02 6.363124533354067580e+02 5.831035060829657368e+02 5.416628698837541833e+02 5.299304656911475604e+02 4.884895097259140471e+02 4.138750986055827070e+02 3.138242516864305571e+02 3.697431137676118169e+02 2.696853151420276049e+02 3.611155177450451674e+02 4.025573676675445540e+02 3.725084046351549887e+02 2.724511566989267521e+02 3.618118348968448004e+02 3.728613017772668172e+02 2.890381451334570215e+02 3.008314755760062553e+02
4.694222384777829689e+02 4.326603467556769829e+02 5.326806026053021696e+02 6.020824237640938463e+02 5.606525762788807015e+02 5.431504012645098101e+02 4.632757370101155061e+02 3.632554074886314197e+02 3.843149703781400603e+02 2.842916608988091411e+02 3.761481013578450074e+02 3.050001495290207458e+02 4.050218910553722367e+02 4.780808777357344752e+02 5.399532696621661216e+02 5.041090595099262259e+02 4.626792868493678839e+02 4.034920666623876286e+02 5.035124286371355993e+02 5.362926721178718026e+02 5.362926721178718026e+02 6.277325701114006051e+02 5.462526530345295441e+02 4.462039540191255469e+02 3.884416397888832648e+02 3.530690082038691457e+02 4.138750986055827070e+02 4.111847398577419881e+02 3.611155177450451674e+02 2.610560753604739261e+02 3.526589513993368428e+02 3.941010480263918225e+02 3.530191275743138704e+02 2.617525254012777509e+02 2.728041236039513251e+02 3.435573119283168921e+02 4.008834539453133061e+02
3.694020957111877692e+02 4.694222384777829689e+02 5.486193471361719958e+02 5.071895532077616622e+02 4.606324186822220099e+02 5.443357010033153074e+02 5.047054985262518585e+02 4.632757370101155061e+02 4.257447898114538702e+02 3.761481013578450074e+02 2.761237827539926002e+02 3.761481013578450074e+02 4.464516578295405793e+02 5.106581085040248809e+02 4.399331155111532894e+02 4.626792868493678839e+02 3.626591123026256014e+02 4.626792868493678839e+02 5.277122637470816926e+02 4.362723205586642621e+02 4.862824963382681176e+02 5.777224292881940073e+02 5.876932143350411479e+02 5.299304656920180605e+02 4.884895097259140471e+02 4.108319049625262096e+02 4.945582592159038313e+02 4.145955921544742750e+02 3.145435344248442107e+02 3.526589513993368428e+02 2.525980596730221350e+02 3.442767722859929904e+02 2.529582978039824752e+02 3.530191275743138704e+02 3.728613017772668172e+02 4.143028619851547774e+02 4.850484120419936858e+02
4.194121670944852553e+02 5.052005967030779630e+02 4.908725937754749111e+02 4.071692671001138706e+02 4.028856149616692619e+02 5.029059113660607636e+02 5.108884446570954196e+02 4.694586799110741140e+02 4.286255731658296781e+02 3.706251822838349312e+02 2.706001327249267092e+02 3.706251822838349312e+02 4.391566932242595840e+02 4.692283404066611183e+02 3.692079674685818418e+02 4.059699022259013645e+02 3.384003505043224322e+02 4.384208312994306880e+02 4.470513121238258236e+02 3.862622094128711296e+02 4.362723205586642621e+02 5.362926721178718026e+02 6.102572084511322146e+02 5.688169179466557352e+02 5.523208992555432815e+02 5.108800962731870641e+02 4.853407727972393104e+02 3.852919788597064326e+02 4.145955921544742750e+02 3.941010480263247473e+02 3.442767722859929904e+02 2.442146830308865617e+02 3.382700428147342109e+02 3.797126049479076642e+02 4.374782765924002206e+02 4.821510283058347568e+02 4.407099400477907238e+02
3.637503113059460702e+02 4.344754540045123576e+02 4.116386385899241986e+02 3.494223671820020627e+02 4.494428140990878546e+02 5.443357010033153074e+02 4.694586799110741140e+02 3.694384037726268843e+02 3.286047088788456563e+02 2.952625918075373193e+02 2.651015136916610686e+02 3.574893031648364286e+02 3.391349760890448124e+02 4.391566932242595840e+02 4.059699022259013645e+02 3.059481428799977607e+02 4.059699022259013645e+02 4.137111735942846167e+02 3.470308965352023733e+02 4.470513121238258236e+02 5.277122637470816926e+02 5.777224292881940073e+02 5.688169179466557352e+02 4.687680893114091987e+02 4.980717127689021595e+02 5.395126488812618391e+02 5.267816057875629667e+02 4.853407727972393104e+02 4.653200203450411436e+02 3.652703124357839215e+02 3.075025847484533301e+02 3.382700428147342109e+02 2.382073164190073271e+02 2.959818564142344712e+02 3.960367797177886473e+02 4.407099400477907238e+02 3.406592006144313132e+02
2.930229948353741065e+02 3.782981023678586325e+02 3.116170299237278414e+02 4.116386385899241986e+02 4.908725937754749111e+02 5.461935020903438271e+02 5.108884446570951923e+02 4.694586799110741140e+02 4.286255731658296781e+02 3.952852850701681859e+02 3.574893031648364286e+02 2.574624662021521431e+02 3.574893031648364286e+02 4.446462891243155582e+02 3.870675664455862943e+02 2.870441940397573717e+02 3.835535699908473362e+02 3.136897178654131721e+02 4.137111735942846167e+02 4.470513121238258236e+02 5.470714650139352671e+02 5.875137672994817422e+02 5.374896677204770867e+02 4.960487194102707349e+02 3.980234109754379688e+02 4.980717127689021595e+02 5.036921604371840431e+02 5.451329851992466047e+02 5.067609722999760606e+02 4.489976522937970458e+02 4.047983902743310978e+02 3.047438572089296827e+02 2.339861084724303737e+02 3.340491514553319234e+02 4.239906712466284944e+02 3.929834652062590976e+02 3.515412786017446933e+02
3.782981023678586325e+02 2.782739000920603871e+02 3.782981023678586325e+02 4.530684305473094469e+02 4.645273854943102947e+02 4.461733446228845423e+02 5.461935020903438271e+02 5.342682532175349479e+02 4.928384454551998601e+02 4.228690879998483183e+02 3.228467914372633913e+02 2.521150878016233889e+02 3.446241123125921604e+02 3.446241123125921604e+02 3.526853247442314796e+02 2.687804616852630488e+02 2.835298744883386348e+02 3.835535699908473362e+02 4.551409499599546962e+02 5.013433560905634181e+02 5.590900979183027175e+02 5.460731916613215162e+02 4.460242471592201241e+02 3.960004505196297941e+02 3.626509385126483380e+02 4.293498438020317849e+02 4.036436477346892957e+02 4.873702050604596252e+02 4.884332170097884500e+02 3.883840789330285475e+02 3.176354982541674303e+02 2.676034118746282502e+02 2.297799271545495685e+02 3.239366405107728042e+02 3.239366405107728042e+02 3.345058323821265844e+02 2.514806881447535147e+02
3.557960042088676005e+02 2.689046169281243124e+02 3.689299775012295868e+02 4.145170046326005604e+02 3.645066237708908261e+02 4.352321438080089706e+02 5.352523552863766554e+02 4.928384454551998601e+02 3.928177780335265652e+02 4.221131532625303180e+02 3.935728594553781932e+02 3.446241123125921604e+02 2.445955803586802801e+02 3.371580489978455262e+02 2.526578479074714778e+02 3.526853247442314796e+02 3.835535699908473362e+02 3.151617085840354662e+02 3.598932092249787615e+02 4.176400461316071073e+02 5.176603266277982129e+02 5.875137672994817422e+02 5.374896677165743313e+02 4.960487194102707349e+02 4.293498438020317849e+02 3.292999754989613734e+02 3.458798674377022735e+02 4.459291246963769595e+02 4.956933947411830559e+02 4.591290609830460880e+02 4.091035321331220302e+02 3.676616456390049734e+02 3.239366405107728042e+02 2.238732120401102463e+02 3.180556416538224767e+02 2.344432286037379924e+02 3.052005548953662242e+02
2.557689542319291434e+02 3.557960042088676005e+02 3.736830888452217323e+02 3.144947467537441526e+02 4.145170046326005604e+02 5.059571752656403874e+02 5.232595633737637399e+02 4.818297451288133288e+02 4.221131532625303180e+02 3.220907283455220522e+02 3.686489182577065549e+02 3.719495060199739100e+02 3.305188626968375729e+02 2.371286212984697670e+02 3.371580489978455262e+02 3.343309313196335211e+02 4.343530100219884389e+02 4.151831163098377715e+02 3.543939504349933713e+02 4.044041859095005407e+02 4.751293005638205500e+02 5.751493564104559937e+02 5.393370844081824771e+02 4.392884811638087399e+02 3.685436800754227988e+02 4.050841864583437086e+02 3.050318018136902651e+02 3.542023688406819701e+02 4.249478817909397321e+02 4.756835419624134147e+02 4.616848164712507696e+02 4.202434457775398755e+02 3.539781755107792947e+02 3.125347708775307183e+02 2.179922385475146029e+02 3.180556416538224767e+02 3.759485326757304620e+02
2.467117744187431754e+02 3.371590160800876674e+02 2.736577961181017713e+02 3.736830888452217323e+02 4.559468531833840643e+02 5.026668282856628593e+02 4.818297451288133288e+02 3.818087859163677535e+02 4.111042466089099321e+02 3.686489182577065549e+02 2.686228265156716475e+02 3.239158901259424965e+02 2.304887315654002009e+02 3.305188626968375729e+02 2.842855298448121175e+02 3.843100688971628642e+02 4.757828562561018089e+02 4.958441069320597308e+02 3.991244709536028381e+02 4.544143412880782762e+02 5.458542603542628058e+02 5.763795688208060710e+02 4.763306901292550606e+02 4.185677554355698362e+02 4.392884811638087399e+02 4.465254628033295603e+02 3.542023688406819701e+02 2.834509088096113487e+02 3.341908339739543408e+02 4.049371879681747828e+02 4.202434457775398755e+02 3.201901806262246168e+02 3.125347708775307183e+02 2.124715641298330695e+02 3.125347708775307183e+02 3.594988752076348533e+02 3.987874519958944006e+02
3.371590160800876674e+02 2.371296743548896870e+02 3.371590160800876674e+02 3.795696372300070607e+02 3.612153263640002478e+02 4.612369551641588714e+02 4.989757370628258286e+02 4.111042466089099321e+02 3.110810473311015016e+02 3.576395976908279977e+02 3.239158901259424965e+02 2.238851631121456194e+02 3.239158901259424965e+02 3.719495060199740237e+02 3.843100688971628642e+02 3.420360122282242514e+02 3.997838855244345950e+02 4.998043412868642577e+02 4.568712723234178839e+02 5.405745491895416990e+02 5.958644091428743650e+02 6.178197762360504157e+02 5.600570987137159591e+02 4.763306901292550606e+02 5.393370844081824771e+02 4.956933947411976078e+02 4.249478817909397321e+02 3.634952491656369489e+02 2.634367833381429023e+02 3.445859765123365719e+02 3.860284010316797776e+02 3.494951035091891072e+02 2.494349181819264345e+02 2.085827399364195855e+02 3.086457039058367400e+02 3.289749088699160211e+02 2.987328955423303682e+02
3.013650536941354972e+02 2.306314039868412351e+02 3.218199249491577802e+02 2.795442014370918855e+02 3.795696372300070607e+02 4.362948673408560580e+02 3.989546711237089198e+02 3.989546711237089198e+02 3.576395976908279977e+02 2.576123856831409284e+02 3.129060685610336918e+02 2.192854120499245596e+02 2.470311340855380422e+02 3.177632513034940303e+02 4.177861898720313434e+02 4.420575042279562581e+02 4.834873094640306590e+02 5.412341299286564436e+02 5.568914796023548206e+02 5.983212682051608908e+02 6.244745859812474009e+02 6.659045373805780628e+02 6.178197762764402796e+02 5.763795688208172123e+02 5.838261985281375246e+02 4.837780499854749223e+02 4.837780499854773097e+02 4.049371879681747828e+02 3.445859765123365719e+02 2.445250320236285972e+02 3.264677919943280244e+02 3.679107511636951813e+02 3.047799343490491992e+02 2.047172753698367842e+02 3.047799343490491992e+02 2.289122609221669791e+02 2.409591861236069690e+02
2.659998709550378635e+02 3.218199249491577802e+02 2.217891403652936049e+02 3.131946582307583071e+02 2.948397281321578021e+02 3.948647314339845593e+02 3.989546711237089198e+02 2.989304404744948442e+02 3.356937931122008649e+02 3.066046801690013126e+02 2.128746289625535439e+02 3.129060685610336918e+02 3.470592917360131082e+02 2.941871379986578177e+02 3.319939428146585669e+02 3.820053224119888000e+02 4.527307240500117018e+02 5.527508398863940329e+02 5.951797717433333901e+02 5.537500627758860219e+02 5.244550060718418081e+02 6.244745859812520621e+02 5.931003686692356496e+02 5.353376677675746578e+02 4.938967889871871648e+02 4.837780499854773097e+02 3.837290273772298974e+02 4.205014921623297255e+02 3.860284010316797776e+02 3.264677919943280244e+02 2.264054110882848647e+02 3.090491672768578724e+02 3.009228023004408215e+02 2.008605022647304281e+02 2.121177871708545695e+02 3.121807671060049643e+02 3.410209268937805405e+02
3.660259830554751375e+02 2.925233474806739196e+02 3.131946582307583071e+02 2.131633113715549825e+02 3.047101101167282877e+02 3.461413534294999863e+02 4.084608778330273253e+02 3.356937931122008649e+02 2.356646021446057659e+02 2.065729866170762534e+02 3.066046801690013126e+02 2.836092672994195141e+02 3.836348035009716568e+02 3.942109857555234385e+02 4.320156300676136425e+02 4.734454465462620192e+02 5.234557111341534892e+02 5.504493282656230804e+02 5.090195924265375425e+02 4.537296904092008845e+02 5.244550060718418081e+02 6.244745859813406241e+02 5.516599432035839072e+02 4.516112252953485608e+02 3.938481394473491832e+02 4.361336742433030622e+02 4.093942093229545094e+02 3.204500337449023846e+02 4.205014921623297255e+02 3.679107511636951813e+02 3.090491672768578724e+02 2.089866746708087817e+02 2.921355190039090530e+02 1.972168297788352334e+02 2.972787482633121954e+02 2.698912925076535316e+02 3.699492637200499416e+02
3.925481195465283690e+02 3.925481195708584323e+02 2.948397281321578021e+02 3.047101101167282877e+02 2.046784157584236539e+02 2.670036301209286194e+02 3.355559069060294632e+02 2.941244226750029611e+02 2.002963023579240769e+02 2.710310318269793015e+02 3.480358784103070775e+02 3.836348035009716568e+02 4.250649697354818386e+02 4.713007835027278816e+02 5.127306113161852181e+02 5.610425064069819427e+02 5.196127406249354408e+02 5.090195924265375425e+02 4.089991063467900290e+02 5.090195924265375425e+02 5.951797717660330136e+02 5.544499782493785460e+02 5.837450923847435433e+02 4.938967889871873922e+02 3.938481394473491832e+02 3.360837578056983261e+02 3.093418994230261205e+02 2.850725992658791483e+02 3.573775957428154015e+02 3.988197225438298119e+02 3.504926478720977912e+02 2.921355190039090530e+02 1.920741823049636423e+02 2.921355190039090530e+02 3.387225624498287857e+02 3.699492637200499416e+02 3.515894477420782209e+02
4.925693129706960462e+02 4.362948673334479963e+02 3.948647314339839909e+02 3.461413534294936198e+02 2.963008186450155108e+02 1.962689824092655613e+02 2.879503222853012403e+02 1.940925634960166235e+02 2.941244226750029611e+02 3.417594775165666192e+02 4.124879232061531980e+02 4.420050601034980673e+02 4.005750619617191433e+02 3.712795088908104049e+02 4.713007835027278816e+02 5.196127406249354408e+02 4.195924103660464084e+02 4.488876868423568567e+02 3.831739761968927382e+02 4.831944139687784627e+02 5.251548009075129357e+02 4.544298216506929862e+02 4.837250472631075127e+02 5.353376677687128904e+02 4.775748097120688840e+02 4.068301053303458730e+02 4.093942093229545094e+02 3.573775957428154015e+02 2.573184680523665406e+02 3.337934331729731525e+02 3.594164763256484321e+02 2.593579724102894488e+02 1.886035138956086143e+02 2.593579724102894488e+02 3.594164763256484321e+02 4.496337850605046924e+02 4.516410765934230085e+02
4.092590427323918902e+02 3.759182542905992364e+02 3.545928701077424989e+02 3.341749041582264113e+02 3.164920429836399194e+02 2.879503222853012403e+02 1.879185318066022887e+02 2.879503222853012403e+02 3.355559069060294632e+02 4.210730795545516116e+02 3.993551450381341965e+02 3.579247842070989236e+02 3.005512944911604336e+02 3.583010137327580651e+02 4.583224857632889666e+02 5.196127406249354408e+02 4.195924103660464084e+02 3.488670356738530245e+02 4.211469494274869021e+02 4.625767481757853261e+02 4.365749280986031522e+02 3.837045402781828898e+02 4.544298216506929862e+02 5.544499782493785460e+02 5.483195140940104011e+02 4.729068509470303638e+02 3.728571602836511829e+02 3.150902859992777394e+02 3.337934331729731525e+02 2.337318107990007547e+02 3.114189742162615175e+02 2.852037505555246071e+02 1.851432604434668008e+02 2.852037505555246071e+02 3.081373688037019747e+02 4.081921373509836144e+02 4.134894437166470880e+02
