BlockUplift_2Ma_1kryTimeStep_2mmyr_k_5e-05_m_0.5_n_1.0_LinDiffusion_1_6x3km_30mRes_topographic__elevation.txt
nrows 100
cellsize 30.0
xllcorner 0.0
ncols 200
yllcorner 0.0
[rows 51 to 67 of 100, columns 148 to 184 of 200]
3.814729994372997908e+02 3.825519945154464949e+02 3.832847390308165245e+02 3.836168444223437177e+02 3.835049734030067725e+02 3.829162990867490066e+02 3.818282737293999958e+02 3.802285149529965906e+02 3.781145540761055486e+02 3.754932314893330272e+02 3.723796195130501587e+02 3.687954628745412151e+02 3.647672257093457233e+02 3.603239096746751216e+02 3.554948546971992300e+02 3.503077488079479735e+02 3.447870556576361878e+02 3.389530215928189136e+02 3.328213586318573221e+02 3.264036300462670965e+02 3.197083070784883034e+02 3.127424301694679230e+02 3.055137994715455534e+02 2.980336306241280226e+02 2.903196254978829529e+02 2.823993984069136332e+02 2.743141383612705795e+02 2.661222574589572787e+02 2.579025764729409502e+02 2.497563679860237471e+02 2.418073917120680392e+02 2.341990205623762904e+02 2.270877703200237363e+02 2.206330612427314293e+02 2.149838138744533467e+02 2.102633595036513725e+02 2.065548867731036182e+02
3.725565294594496208e+02 3.739157838210290947e+02 3.749627911499798074e+02 3.756397100381306586e+02 3.758982851957184153e+02 3.756994923948549854e+02 3.750136312214306713e+02 3.738206606292251877e+02 3.721104871829209060e+02 3.698829346730391308e+02 3.671472041316069408e+02 3.639207395118263548e+02 3.602275241316178267e+02 3.560959333950389691e+02 3.515563498078963676e+02 3.466387959321107246e+02 3.413708504984697356e+02 3.357760799184169969e+02 3.298731495742571838e+02 3.236756937771352227e+02 3.171929422366328595e+02 3.104310442143001296e+02 3.033950103880978304e+02 2.960912047445846156e+02 2.885303477677483102e+02 2.807310083914630354e+02 2.727235297573664639e+02 2.645542215026389954e+02 2.562894477942326148e+02 2.480189704509572834e+02 2.398576409323614769e+02 2.319443845583506629e+02 2.244375086990247326e+02 2.175057835460445972e+02 2.113154929637078396e+02 2.060146163231917171e+02 2.017162470087321822e+02
3.634458971609902846e+02 3.650570071001681640e+02 3.663902635298580321e+02 3.673854968693997876e+02 3.679906059780656733e+02 3.681612690515038366e+02 3.678612426673315099e+02 3.670630531714431868e+02 3.657487769198031629e+02 3.639105974632582274e+02 3.615508827816518078e+02 3.586816156128404032e+02 3.553231181989803531e+02 3.515021287352965373e+02 3.472493978621751580e+02 3.425970622943119679e+02 3.375761007873315975e+02 3.322141733493805873e+02 3.265340890593318477e+02 3.205530565082806902e+02 3.142827692355830322e+02 3.077302940722887001e+02 3.008996836663954468e+02 2.937942323809403433e+02 2.864193263212397369e+02 2.787858752196555088e+02 2.709143157693463309e+02 2.628391006012828939e+02 2.546134068429471995e+02 2.463135191459845998e+02 2.380420194599985848e+02 2.299286564078593074e+02 2.221277095209106562e+02 2.148109346857194168e+02 2.081558339294633129e+02 2.023299711762003597e+02 1.974731534364128152e+02
3.541744014230393418e+02 3.560093568872300125e+02 3.576006849577147477e+02 3.588869840069261841e+02 3.598134357009146811e+02 3.603314700614812409e+02 3.603991444430278648e+02 3.599820696138170320e+02 3.590545893263808352e+02 3.576008829723551798e+02 3.556156841852090338e+02 3.531043707849124758e+02 3.500822744031043499e+02 3.465731763619616572e+02 3.426070887117190864e+02 3.382175447352868787e+02 3.334387153110210420e+02 3.283027041611838968e+02 3.228373476244225913e+02 3.170647624103981457e+02 3.110007724279925014e+02 3.046552353928560137e+02 2.980332111215925011e+02 2.911368838720703707e+02 2.839681699810477653e+02 2.765319876332837339e+02 2.688401977914267604e+02 2.609161945444308799e+02 2.527999860402346997e+02 2.445533477312100104e+02 2.362642802015181474e+02 2.280496563648254096e+02 2.200547397010489874e+02 2.124483527286720062e+02 2.054129837979997149e+02 1.991300411946911595e+02 1.937616456859371112e+02
3.447742096894797896e+02 3.468057383657123296e+02 3.486271715412253229e+02 3.501768913245709314e+02 3.513984842425491593e+02 3.522402677794429451e+02 3.526556287737184334e+02 3.526040506145745326e+02 3.520525669151238048e+02 3.509773175507685892e+02 3.493648728088430175e+02 3.472130191108370241e+02 3.445307650082904161e+02 3.413374317144615588e+02 3.376608320855623901e+02 3.335346948333506134e+02 3.289956252055087020e+02 3.240799777495497551e+02 3.188210311976474713e+02 3.132467993451266466e+02 3.073787040806386130e+02 3.012312099962662160e+02 2.948124101787348081e+02 2.881254882428588644e+02 2.811709740780058269e+02 2.739497493414657470e+02 2.664668093544735825e+02 2.587357990534253531e+02 2.507842564836920758e+02 2.426592801338840957e+02 2.344329912894057770e+02 2.262067576662929298e+02 2.181128135945581903e+02 2.103118286588562285e+02 2.029852990038768326e+02 1.963224327654731383e+02 1.905023904403115296e+02
3.352759096113809392e+02 3.374777713068774574e+02 3.395019098885446738e+02 3.412873861541318661e+02 3.427772484204699595e+02 3.439178541933168276e+02 3.446590656259583056e+02 3.449552475320642202e+02 3.447668534627575809e+02 3.440623055480224934e+02 3.428198334083147643e+02 3.410289278306443066e+02 3.386910936405654411e+02 3.358196651465132163e+02 3.324385783167218733e+02 3.285801597642425236e+02 3.242821607813897344e+02 3.195843965503769937e+02 3.145254154663397799e+02 3.091396086021908900e+02 3.034550840655300021e+02 2.974925033447935903e+02 2.912649446911673294e+02 2.847787588573248172e+02 2.780353394360000721e+02 2.710337465855748178e+02 2.637741759188128867e+02 2.562623060028242890e+02 2.485145262048550876e+02 2.405638852495547440e+02 2.324662869722355651e+02 2.243060313958146992e+02 2.161993699969779641e+02 2.082944908634179058e+02 2.007664660647678261e+02 1.938063147667140811e+02 1.876044562197410812e+02
3.257081757530181108e+02 3.280553963220810942e+02 3.302557249422004588e+02 3.322496494562875569e+02 3.339806245943856879e+02 3.353941516239807470e+02 3.364377550935599857e+02 3.370618382992633428e+02 3.372212605566581942e+02 3.368773906714517352e+02 3.360003275122908235e+02 3.345709342419401651e+02 3.325823211624373812e+02 3.300404538765189955e+02 3.269636697318301231e+02 3.233810472426768570e+02 3.193297606644556481e+02 3.148517237588230273e+02 3.099899436434967015e+02 3.047850425923809894e+02 2.992723595900000646e+02 2.934799332218007066e+02 2.874275280819067575e+02 2.811267392850412534e+02 2.745821288961614073e+02 2.677933316420285337e+02 2.607581063691857253e+02 2.534763661571241755e+02 2.459552317832865072e+02 2.382150514516124531e+02 2.302960661803579683e+02 2.222649802977410900e+02 2.142202045425259485e+02 2.062941415495533022e+02 1.986507944379409309e+02 1.914773897657979660e+02 1.849696911540971200e+02
3.160975439595852663e+02 3.185665827284360034e+02 3.209177325176530076e+02 3.230934997143197052e+02 3.250385461265914273e+02 3.266985173822246225e+02 3.280197555606233095e+02 3.289499253871290989e+02 3.294394570018947093e+02 3.294436204052562971e+02 3.289249698046905905e+02 3.278558239839512680e+02 3.262203983975284132e+02 3.240162036179523284e+02 3.212543939090643903e+02 3.179588899990244499e+02 3.141642891038037533e+02 3.099127733793798711e+02 3.052503911301933499e+02 3.002231779163159899e+02 2.948735905672745616e+02 2.892376523027846247e+02 2.833430786990045931e+02 2.772085123121902939e+02 2.708438803604274199e+02 2.642518356444175538e+02 2.574302530344452293e+02 2.503758080799285040e+02 2.430887051211432777e+02 2.355785751481749628e+02 2.278713604093350966e+02 2.200166169326624299e+02 2.120941474554913668e+02 2.042183690475107198e+02 1.965385411205040214e+02 1.892331637561498212e+02 1.824976537126116511e+02
3.064682829235912322e+02 3.090371334665496192e+02 3.115150780855411199e+02 3.138470800385661050e+02 3.159796500445682454e+02 3.178594376323998745e+02 3.194326639994363290e+02 3.206454636881026090e+02 3.214450936671770478e+02 3.217818899275800391e+02 3.216117720000869440e+02 3.208990059073603902e+02 3.196188531342848478e+02 3.177596892401261357e+02 3.153242000182104903e+02 3.123293673698786392e+02 3.088051290828145738e+02 3.047918033477046151e+02 3.003365659791102189e+02 2.954894135305067948e+02 2.902991097416814341e+02 2.848095879229152843e+02 2.790571829383089835e+02 2.730689275941705887e+02 2.668620135526154513e+02 2.604444270550616807e+02 2.538167473556820539e+02 2.469751330156431663e+02 2.399155744928662273e+02 2.326394877523017044e+02 2.251605817373092009e+02 2.175125982133645550e+02 2.097570090654848229e+02 2.019891748951793886e+02 1.943410285401334363e+02 1.869783070374755027e+02 1.800909310138511046e+02
2.968423498286298354e+02 2.994905796561236002e+02 3.020727619903511254e+02 3.045366165261073093e+02 3.068309863937213322e+02 3.089042236992824542e+02 3.107033525083054428e+02 3.121741023328989399e+02 3.132618167992679901e+02 3.139131796683608968e+02 3.140786276551007745e+02 3.137152230391668013e+02 3.127896534011692324e+02 3.112809440809615467e+02 3.091824463083283945e+02 3.065027221780126752e+02 3.032650863280763360e+02 2.995057602562080774e+02 2.952708093796437083e+02 2.906122203199469709e+02 2.855835977543481476e+02 2.802359941765084841e+02 2.746143323930642737e+02 2.687547631860894057e+02 2.626831602551083620e+02 2.564148375582321933e+02 2.499555161430836563e+02 2.433035776676512683e+02 2.364536920390150101e+02 2.294019318045151863e+02 2.221523994343082506e+02 2.147251195484452921e+02 2.071644650822085509e+02 1.995467683498129077e+02 1.919852008204871652e+02 1.846297573889261798e+02 1.776605181238596458e+02
2.872394150448628238e+02 2.899481541347718121e+02 2.926135477039022703e+02 2.951862538309904949e+02 2.976177858047902305e+02 2.998587331616269012e+02 3.018576838797897608e+02 3.035609538197871871e+02 3.049131616258732151e+02 3.058586446124796225e+02 3.063436532059385513e+02 3.063191693139281142e+02 3.057440771546721976e+02 3.045883046618950516e+02 3.028354874416165785e+02 3.004847151012546078e+02 2.975510129389904819e+02 2.940643797704348685e+02 2.900674148438279758e+02 2.856117808943791374e+02 2.807539221513522421e+02 2.755505509418099450e+02 2.700544193702324378e+02 2.643108131766309157e+02 2.583550762663849696e+02 2.522113433384998302e+02 2.458925694125077257e+02 2.394019236520094864e+02 2.327356500069088838e+02 2.258875364832721857e+02 2.188550932381859582e+02 2.116473269659825576e+02 2.042935634986889681e+02 1.968521473243246191e+02 1.894171895250961484e+02 1.821211063787094417e+02 1.751307899057178759e+02
2.776769400677147814e+02 2.804288305976891138e+02 2.831579452674531581e+02 2.858179687960965794e+02 2.883632970596377731e+02 2.907471385640498625e+02 2.929202369504550916e+02 2.948303220875654915e+02 2.964223479853235972e+02 2.976395539670914445e+02 2.984253474374038433e+02 2.987259276701076942e+02 2.984934536026270848e+02 2.976894309703955059e+02 2.962878924094638364e+02 2.942779030032711489e+02 2.916649646772187907e+02 2.884710182286781901e+02 2.847329334661218923e+02 2.804996004732041683e+02 2.758279433771660365e+02 2.707783287941286972e+02 2.654099049364612597e+02 2.597763784659159683e+02 2.539226356961007696e+02 2.478824850670277158e+02 2.416776884921126225e+02 2.353183977039830097e+02 2.288051245488650807e+02 2.221324147719651876e+02 2.152943857223029056e+02 2.082921324389555195e+02 2.011426279516242346e+02 1.938881402849933409e+02 1.866044766550503766e+02 1.794057875153775399e+02 1.724435374467075235e+02
2.681702933696013247e+02 2.709494134458995518e+02 2.737242581992786086e+02 2.764515569921956626e+02 2.790886994566428712e+02 2.815917608284653397e+02 2.839140710983492113e+02 2.860054277107014968e+02 2.878120173602596310e+02 2.892771102334348825e+02 2.903425739740230256e+02 2.909511954165266161e+02 2.910496922441123502e+02 2.905921638814633070e+02 2.895436045463723076e+02 2.878830175416042039e+02 2.856056576066233674e+02 2.827240020614532341e+02 2.792672070025216726e+02 2.752790171615370127e+02 2.708143261462898295e+02 2.659347798332182151e+02 2.607039385459138430e+02 2.551825421592156147e+02 2.494243632438166287e+02 2.434730205510747680e+02 2.373600079787126163e+02 2.311041189335819581e+02 2.247124345085081245e+02 2.181830766036946443e+02 2.115099385251874651e+02 2.046894983382330224e+02 1.977295014056686284e+02 1.906587329830952910e+02 1.835363659811993671e+02 1.764586773101419226e+02 1.695605989909073230e+02
2.587328904165375434e+02 2.615246634249884323e+02 2.643286797663598122e+02 2.671046818668569927e+02 2.698130871382087435e+02 2.724129755732943750e+02 2.748605515479741257e+02 2.771081652504692556e+02 2.791039559842453741e+02 2.807921939356471626e+02 2.821144025206739911e+02 2.830113072935648688e+02 2.834255697844228621e+02 2.833051376846974563e+02 2.826069038624613086e+02 2.813002500168872189e+02 2.793699896070289128e+02 2.768182436754195805e+02 2.736648913081662613e+02 2.699464218990951281e+02 2.657132461236482186e+02 2.610257490114705092e+02 2.559495426428542544e+02 2.505504628463163499e+02 2.448898454753748979e+02 2.390205353640255623e+02 2.329839698307218896e+02 2.268085893090967033e+02 2.205097944591658177e+02 2.140916889531905838e+02 2.075508690823769768e+02 2.008824533557207417e+02 1.940882842394398153e+02 1.871867176012736707e+02 1.802226813224272917e+02 1.732759126647402752e+02 1.664647843082182135e+02
2.493763464140218389e+02 2.521674454322645431e+02 2.549854239373407268e+02 2.577929729447945419e+02 2.605535161716840094e+02 2.632291913750685808e+02 2.657792465336386272e+02 2.681589183231045013e+02 2.703188439722524663e+02 2.722050844296616674e+02 2.737598614016943657e+02 2.749230984168024179e+02 2.756347915341544876e+02 2.758381232749068204e+02 2.754830936523591163e+02 2.745303044619927277e+02 2.729544312517586491e+02 2.707468833364662260e+02 2.679172069014738895e+02 2.644929316032051361e+02 2.605177752282692154e+02 2.560483609765958590e+02 2.511498150831687894e+02 2.458907530284741938e+02 2.403382075884484550e+02 2.345530098511051165e+02 2.285860418657586024e+02 2.224756875554311932e+02 2.162467596580715110e+02 2.099111864323496093e+02 2.034707672528464002e+02 1.969222683266850709e+02 1.902649215535837186e+02 1.835099274843191210e+02 1.766908503143391442e+02 1.698729713721765222e+02 1.631590272895777503e+02
2.401106329463722204e+02 2.428888870594980460e+02 2.457068773317909063e+02 2.485301584019570100e+02 2.513251010891893600e+02 2.540568915108506189e+02 2.566878968061574255e+02 2.591764457610580052e+02 2.614760593234850603e+02 2.635352009811390417e+02 2.652976569106531315e+02 2.667036654351880429e+02 2.676918757714606727e+02 2.682021252028214917e+02 2.681788935402308311e+02 2.675751471041839977e+02 2.663561530877423706e+02 2.645027643886531905e+02 2.620136754367078993e+02 2.589062462931227060e+02 2.552156762834250117e+02 2.509925449452922521e+02 2.462989752214029693e+02 2.412038588034511122e+02 2.357776808227595211e+02 2.300874851184638317e+02 2.241924581574521369e+02 2.181405262685817661e+02 2.119663045526491487e+02 2.056907301930444874e+02 1.993227376080185707e+02 1.928633171295365116e+02 1.863121369468690602e+02 1.796765017330650096e+02 1.729817432216244129e+02 1.662812932377395896e+02 1.596639407967475961e+02
2.309442321764775272e+02 2.336985390192383250e+02 2.365037605562579870e+02 2.393282180652162197e+02 2.421411459917649722e+02 2.449107258981626387e+02 2.476024494654243142e+02 2.501778404204937658e+02 2.525935520066480535e+02 2.548008956324796941e+02 2.567459071753813760e+02 2.583700857469897869e+02 2.596119245229585317e+02 2.604092869883329513e+02 2.607025689010542919e+02 2.604384418788197308e+02 2.595738255058074628e+02 2.580796168584111001e+02 2.559436563625782242e+02 2.531724533693141836e+02 2.497913378407043297e+02 2.458429221689243036e+02 2.413840022965917171e+02 2.364812442808370179e+02 2.312061460997710185e+02 2.256298161520818724e+02 2.198180834505951964e+02 2.138273898785735980e+02 2.077018601507210178e+02 2.014719324186762321e+02 1.951549550643680391e+02 1.887581553758775783e+02 1.822842631452550677e+02 1.757397198654181807e+02 1.691447698353607336e+02 1.625438830792222404e+02 1.560141327620313234e+02
