BlockUplift_2Ma_1kryTimeStep_2mmyr_k_1e-05_m_0.5_n_1.0_LinDiffusion_0.25_3x6km_30mRes_drainage_area.txt
nrows 200
cellsize 30.0
xllcorner 0.0
ncols 100
yllcorner 0.0
[rows 85 to 101 of 200, columns 37 to 73 of 100]
2.700000000000000000e+04 2.790000000000000000e+04 2.880000000000000000e+04 2.970000000000000000e+04 3.060000000000000000e+04 6.300000000000000000e+04 1.305000000000000000e+05 6.174900000000000000e+06 7.200000000000000000e+04 3.510000000000000000e+04 3.420000000000000000e+04 3.330000000000000000e+04 3.240000000000000000e+04 3.150000000000000000e+04 3.060000000000000000e+04 2.970000000000000000e+04 2.880000000000000000e+04 2.790000000000000000e+04 2.700000000000000000e+04 2.610000000000000000e+04 2.520000000000000000e+04 2.430000000000000000e+04 2.340000000000000000e+04 2.250000000000000000e+04 2.160000000000000000e+04 2.070000000000000000e+04 1.980000000000000000e+04 1.890000000000000000e+04 1.800000000000000000e+04 1.710000000000000000e+04 1.620000000000000000e+04 1.530000000000000000e+04 1.440000000000000000e+04 1.350000000000000000e+04 1.260000000000000000e+04 1.170000000000000000e+04 1.080000000000000000e+04
2.700000000000000000e+04 2.790000000000000000e+04 2.880000000000000000e+04 2.970000000000000000e+04 3.060000000000000000e+04 9.450000000000000000e+04 6.306300000000000000e+06 7.290000000000000000e+04 3.510000000000000000e+04 3.420000000000000000e+04 3.330000000000000000e+04 3.240000000000000000e+04 3.150000000000000000e+04 3.060000000000000000e+04 2.970000000000000000e+04 2.880000000000000000e+04 2.790000000000000000e+04 2.700000000000000000e+04 2.610000000000000000e+04 2.520000000000000000e+04 2.430000000000000000e+04 2.340000000000000000e+04 2.250000000000000000e+04 2.160000000000000000e+04 2.070000000000000000e+04 1.980000000000000000e+04 1.890000000000000000e+04 1.800000000000000000e+04 1.710000000000000000e+04 1.620000000000000000e+04 1.530000000000000000e+04 1.440000000000000000e+04 1.350000000000000000e+04 1.260000000000000000e+04 1.170000000000000000e+04 1.080000000000000000e+04 9.900000000000000000e+03
2.700000000000000000e+04 2.790000000000000000e+04 2.880000000000000000e+04 2.970000000000000000e+04 3.060000000000000000e+04 1.260000000000000000e+05 6.380100000000000000e+06 3.600000000000000000e+04 3.420000000000000000e+04 3.330000000000000000e+04 3.240000000000000000e+04 3.150000000000000000e+04 3.060000000000000000e+04 2.970000000000000000e+04 2.880000000000000000e+04 2.790000000000000000e+04 2.700000000000000000e+04 2.610000000000000000e+04 2.520000000000000000e+04 2.430000000000000000e+04 2.340000000000000000e+04 2.250000000000000000e+04 2.160000000000000000e+04 2.070000000000000000e+04 1.980000000000000000e+04 1.890000000000000000e+04 1.800000000000000000e+04 1.710000000000000000e+04 1.620000000000000000e+04 1.530000000000000000e+04 1.440000000000000000e+04 1.350000000000000000e+04 1.260000000000000000e+04 1.170000000000000000e+04 1.080000000000000000e+04 9.900000000000000000e+03 9.000000000000000000e+03
2.700000000000000000e+04 2.790000000000000000e+04 2.880000000000000000e+04 2.970000000000000000e+04 3.060000000000000000e+04 1.575000000000000000e+05 6.417000000000000000e+06 6.750000000000000000e+04 3.240000000000000000e+04 3.150000000000000000e+04 3.060000000000000000e+04 2.970000000000000000e+04 2.880000000000000000e+04 2.790000000000000000e+04 2.700000000000000000e+04 2.610000000000000000e+04 2.520000000000000000e+04 2.430000000000000000e+04 2.340000000000000000e+04 2.250000000000000000e+04 2.160000000000000000e+04 2.070000000000000000e+04 1.980000000000000000e+04 1.890000000000000000e+04 1.800000000000000000e+04 1.710000000000000000e+04 1.620000000000000000e+04 1.530000000000000000e+04 1.440000000000000000e+04 1.350000000000000000e+04 1.260000000000000000e+04 1.170000000000000000e+04 1.080000000000000000e+04 9.900000000000000000e+03 9.000000000000000000e+03 8.100000000000000000e+03 7.200000000000000000e+03
2.700000000000000000e+04 2.790000000000000000e+04 2.880000000000000000e+04 2.970000000000000000e+04 6.120000000000000000e+04 6.575400000000000000e+06 6.840000000000000000e+04 3.240000000000000000e+04 3.150000000000000000e+04 3.060000000000000000e+04 2.970000000000000000e+04 2.880000000000000000e+04 2.790000000000000000e+04 2.700000000000000000e+04 2.610000000000000000e+04 2.520000000000000000e+04 2.430000000000000000e+04 2.340000000000000000e+04 2.250000000000000000e+04 2.160000000000000000e+04 2.070000000000000000e+04 1.980000000000000000e+04 1.890000000000000000e+04 1.800000000000000000e+04 1.710000000000000000e+04 1.620000000000000000e+04 1.530000000000000000e+04 1.440000000000000000e+04 1.350000000000000000e+04 1.260000000000000000e+04 1.170000000000000000e+04 1.080000000000000000e+04 9.900000000000000000e+03 9.000000000000000000e+03 8.100000000000000000e+03 7.200000000000000000e+03 6.300000000000000000e+03
4.680000000000000000e+04 2.790000000000000000e+04 2.880000000000000000e+04 2.970000000000000000e+04 9.180000000000000000e+04 6.644700000000000000e+06 3.330000000000000000e+04 3.060000000000000000e+04 2.970000000000000000e+04 2.880000000000000000e+04 2.790000000000000000e+04 2.700000000000000000e+04 2.610000000000000000e+04 2.520000000000000000e+04 2.430000000000000000e+04 2.340000000000000000e+04 2.250000000000000000e+04 2.160000000000000000e+04 2.070000000000000000e+04 1.980000000000000000e+04 1.890000000000000000e+04 1.800000000000000000e+04 1.710000000000000000e+04 1.620000000000000000e+04 1.530000000000000000e+04 1.440000000000000000e+04 1.350000000000000000e+04 1.260000000000000000e+04 1.170000000000000000e+04 1.080000000000000000e+04 9.900000000000000000e+03 9.000000000000000000e+03 8.100000000000000000e+03 7.200000000000000000e+03 6.300000000000000000e+03 5.400000000000000000e+03 4.500000000000000000e+03
2.790000000000000000e+04 4.770000000000000000e+04 2.880000000000000000e+04 2.970000000000000000e+04 1.224000000000000000e+05 6.678900000000000000e+06 3.150000000000000000e+04 2.970000000000000000e+04 2.880000000000000000e+04 2.790000000000000000e+04 2.700000000000000000e+04 2.610000000000000000e+04 2.520000000000000000e+04 2.430000000000000000e+04 2.340000000000000000e+04 2.250000000000000000e+04 2.160000000000000000e+04 2.070000000000000000e+04 1.980000000000000000e+04 1.890000000000000000e+04 1.800000000000000000e+04 1.710000000000000000e+04 1.620000000000000000e+04 1.530000000000000000e+04 1.440000000000000000e+04 1.350000000000000000e+04 1.260000000000000000e+04 1.170000000000000000e+04 1.080000000000000000e+04 9.900000000000000000e+03 9.000000000000000000e+03 8.100000000000000000e+03 7.200000000000000000e+03 6.300000000000000000e+03 5.400000000000000000e+03 4.500000000000000000e+03 3.600000000000000000e+03
2.790000000000000000e+04 2.880000000000000000e+04 4.860000000000000000e+04 2.970000000000000000e+04 1.530000000000000000e+05 6.711300000000000000e+06 5.850000000000000000e+04 2.790000000000000000e+04 2.700000000000000000e+04 2.610000000000000000e+04 2.520000000000000000e+04 2.430000000000000000e+04 2.340000000000000000e+04 2.250000000000000000e+04 2.160000000000000000e+04 2.070000000000000000e+04 1.980000000000000000e+04 1.890000000000000000e+04 1.800000000000000000e+04 1.710000000000000000e+04 1.620000000000000000e+04 1.530000000000000000e+04 1.440000000000000000e+04 1.350000000000000000e+04 1.260000000000000000e+04 1.170000000000000000e+04 1.080000000000000000e+04 9.900000000000000000e+03 9.000000000000000000e+03 8.100000000000000000e+03 7.200000000000000000e+03 6.300000000000000000e+03 5.400000000000000000e+03 4.500000000000000000e+03 3.600000000000000000e+03 2.700000000000000000e+03 1.800000000000000000e+03
5.850000000000000000e+04 2.880000000000000000e+04 2.970000000000000000e+04 7.920000000000000000e+04 6.865200000000000000e+06 5.940000000000000000e+04 2.790000000000000000e+04 2.700000000000000000e+04 2.610000000000000000e+04 2.520000000000000000e+04 2.430000000000000000e+04 2.340000000000000000e+04 2.250000000000000000e+04 2.160000000000000000e+04 2.070000000000000000e+04 1.980000000000000000e+04 1.890000000000000000e+04 1.800000000000000000e+04 1.710000000000000000e+04 1.620000000000000000e+04 1.530000000000000000e+04 1.440000000000000000e+04 1.350000000000000000e+04 1.260000000000000000e+04 1.170000000000000000e+04 1.080000000000000000e+04 9.900000000000000000e+03 9.000000000000000000e+03 8.100000000000000000e+03 7.200000000000000000e+03 6.300000000000000000e+03 5.400000000000000000e+03 4.500000000000000000e+03 3.600000000000000000e+03 2.700000000000000000e+03 1.800000000000000000e+03 9.000000000000000000e+02
2.880000000000000000e+04 5.940000000000000000e+04 2.970000000000000000e+04 1.098000000000000000e+05 6.925500000000000000e+06 2.880000000000000000e+04 2.610000000000000000e+04 2.520000000000000000e+04 2.430000000000000000e+04 2.340000000000000000e+04 2.250000000000000000e+04 2.160000000000000000e+04 2.070000000000000000e+04 1.980000000000000000e+04 1.890000000000000000e+04 1.800000000000000000e+04 1.710000000000000000e+04 1.620000000000000000e+04 1.530000000000000000e+04 1.440000000000000000e+04 1.350000000000000000e+04 1.260000000000000000e+04 1.170000000000000000e+04 1.080000000000000000e+04 9.900000000000000000e+03 9.000000000000000000e+03 8.100000000000000000e+03 7.200000000000000000e+03 6.300000000000000000e+03 5.400000000000000000e+03 4.500000000000000000e+03 3.600000000000000000e+03 2.700000000000000000e+03 1.800000000000000000e+03 9.000000000000000000e+02 9.000000000000000000e+02 2.700000000000000000e+03
6.840000000000000000e+04 2.970000000000000000e+04 6.030000000000000000e+04 1.404000000000000000e+05 6.955200000000000000e+06 2.700000000000000000e+04 2.430000000000000000e+04 2.340000000000000000e+04 2.250000000000000000e+04 2.160000000000000000e+04 2.070000000000000000e+04 1.980000000000000000e+04 1.890000000000000000e+04 1.800000000000000000e+04 1.710000000000000000e+04 1.620000000000000000e+04 1.530000000000000000e+04 1.440000000000000000e+04 1.350000000000000000e+04 1.260000000000000000e+04 1.170000000000000000e+04 1.080000000000000000e+04 9.900000000000000000e+03 9.000000000000000000e+03 8.100000000000000000e+03 7.200000000000000000e+03 6.300000000000000000e+03 5.400000000000000000e+03 4.500000000000000000e+03 3.600000000000000000e+03 2.700000000000000000e+03 1.800000000000000000e+03 9.000000000000000000e+02 9.000000000000000000e+02 1.800000000000000000e+03 3.600000000000000000e+03 5.400000000000000000e+03
7.866000000000000000e+05 6.930000000000000000e+04 3.060000000000000000e+04 2.016000000000000000e+05 6.983100000000000000e+06 2.520000000000000000e+04 2.250000000000000000e+04 2.160000000000000000e+04 2.070000000000000000e+04 1.980000000000000000e+04 1.890000000000000000e+04 1.800000000000000000e+04 1.710000000000000000e+04 1.620000000000000000e+04 1.530000000000000000e+04 1.440000000000000000e+04 1.350000000000000000e+04 1.260000000000000000e+04 1.170000000000000000e+04 1.080000000000000000e+04 9.900000000000000000e+03 9.000000000000000000e+03 8.100000000000000000e+03 7.200000000000000000e+03 6.300000000000000000e+03 5.400000000000000000e+03 4.500000000000000000e+03 3.600000000000000000e+03 2.700000000000000000e+03 1.800000000000000000e+03 9.000000000000000000e+02 9.000000000000000000e+02 1.800000000000000000e+03 2.700000000000000000e+03 4.500000000000000000e+03 6.300000000000000000e+03 8.100000000000000000e+03
2.340000000000000000e+04 8.109000000000000000e+05 7.020000000000000000e+04 2.331000000000000000e+05 7.009200000000000000e+06 2.340000000000000000e+04 2.070000000000000000e+04 1.980000000000000000e+04 1.890000000000000000e+04 1.800000000000000000e+04 1.710000000000000000e+04 1.620000000000000000e+04 1.530000000000000000e+04 1.440000000000000000e+04 1.350000000000000000e+04 1.260000000000000000e+04 1.170000000000000000e+04 1.080000000000000000e+04 9.900000000000000000e+03 9.000000000000000000e+03 8.100000000000000000e+03 7.200000000000000000e+03 6.300000000000000000e+03 5.400000000000000000e+03 4.500000000000000000e+03 3.600000000000000000e+03 2.700000000000000000e+03 1.800000000000000000e+03 9.000000000000000000e+02 9.000000000000000000e+02 1.800000000000000000e+03 2.700000000000000000e+03 3.600000000000000000e+03 5.400000000000000000e+03 7.200000000000000000e+03 9.000000000000000000e+03 1.350000000000000000e+04
2.160000000000000000e+04 2.250000000000000000e+04 8.118000000000000000e+05 3.042000000000000000e+05 7.033500000000000000e+06 2.160000000000000000e+04 1.890000000000000000e+04 1.800000000000000000e+04 1.710000000000000000e+04 1.620000000000000000e+04 1.530000000000000000e+04 1.440000000000000000e+04 1.350000000000000000e+04 1.260000000000000000e+04 1.170000000000000000e+04 1.080000000000000000e+04 9.900000000000000000e+03 9.000000000000000000e+03 8.100000000000000000e+03 7.200000000000000000e+03 6.300000000000000000e+03 5.400000000000000000e+03 4.500000000000000000e+03 3.600000000000000000e+03 2.700000000000000000e+03 1.800000000000000000e+03 9.000000000000000000e+02 9.000000000000000000e+02 1.800000000000000000e+03 2.700000000000000000e+03 3.600000000000000000e+03 4.500000000000000000e+03 6.300000000000000000e+03 8.100000000000000000e+03 9.900000000000000000e+03 1.440000000000000000e+04 2.340000000000000000e+04
1.980000000000000000e+04 2.070000000000000000e+04 4.410000000000000000e+04 1.116900000000000000e+06 7.056000000000000000e+06 3.600000000000000000e+04 1.620000000000000000e+04 1.530000000000000000e+04 1.440000000000000000e+04 1.350000000000000000e+04 1.260000000000000000e+04 1.170000000000000000e+04 1.080000000000000000e+04 9.900000000000000000e+03 9.000000000000000000e+03 8.100000000000000000e+03 7.200000000000000000e+03 6.300000000000000000e+03 5.400000000000000000e+03 4.500000000000000000e+03 3.600000000000000000e+03 2.700000000000000000e+03 1.800000000000000000e+03 9.000000000000000000e+02 9.000000000000000000e+02 9.000000000000000000e+02 1.800000000000000000e+03 2.700000000000000000e+03 3.600000000000000000e+03 4.500000000000000000e+03 5.400000000000000000e+03 7.200000000000000000e+03 9.000000000000000000e+03 1.080000000000000000e+04 1.530000000000000000e+04 2.430000000000000000e+04 2.340000000000000000e+04
1.800000000000000000e+04 1.890000000000000000e+04 1.980000000000000000e+04 1.161900000000000000e+06 7.092900000000000000e+06 1.530000000000000000e+04 1.440000000000000000e+04 1.350000000000000000e+04 1.260000000000000000e+04 1.170000000000000000e+04 1.080000000000000000e+04 9.900000000000000000e+03 9.000000000000000000e+03 8.100000000000000000e+03 7.200000000000000000e+03 6.300000000000000000e+03 5.400000000000000000e+03 4.500000000000000000e+03 3.600000000000000000e+03 2.700000000000000000e+03 1.800000000000000000e+03 9.000000000000000000e+02 9.000000000000000000e+02 1.800000000000000000e+03 1.800000000000000000e+03 2.700000000000000000e+03 3.600000000000000000e+03 4.500000000000000000e+03 5.400000000000000000e+03 6.300000000000000000e+03 8.100000000000000000e+03 9.900000000000000000e+03 1.170000000000000000e+04 1.620000000000000000e+04 2.520000000000000000e+04 2.430000000000000000e+04 2.250000000000000000e+04
1.620000000000000000e+04 1.710000000000000000e+04 1.800000000000000000e+04 1.182600000000000000e+06 7.109100000000000000e+06 1.260000000000000000e+04 1.170000000000000000e+04 1.080000000000000000e+04 9.900000000000000000e+03 9.000000000000000000e+03 8.100000000000000000e+03 7.200000000000000000e+03 6.300000000000000000e+03 5.400000000000000000e+03 4.500000000000000000e+03 3.600000000000000000e+03 2.700000000000000000e+03 1.800000000000000000e+03 9.000000000000000000e+02 9.000000000000000000e+02 9.000000000000000000e+02 1.800000000000000000e+03 2.700000000000000000e+03 2.700000000000000000e+03 3.600000000000000000e+03 4.500000000000000000e+03 5.400000000000000000e+03 6.300000000000000000e+03 7.200000000000000000e+03 9.000000000000000000e+03 1.080000000000000000e+04 1.260000000000000000e+04 1.710000000000000000e+04 2.610000000000000000e+04 2.520000000000000000e+04 2.340000000000000000e+04 2.250000000000000000e+04
