BlockUplift_2Ma_1kryTimeStep_2mmyr_k_5e-05_m_0.5_n_1.0_LinDiffusion_0.25_3x6km_30mRes_topographic__steepest_slope.txt
nrows 200
cellsize 30.0
xllcorner 0.0
ncols 100
yllcorner 0.0
[rows 0 to 16 of 200, columns 0 to 36 of 100]
0.000000000000000000e+00 0.000000000000000000e+00 0.000000000000000000e+00 0.000000000000000000e+00 0.000000000000000000e+00 0.000000000000000000e+00 0.000000000000000000e+00 0.000000000000000000e+00 0.000000000000000000e+00 0.000000000000000000e+00 0.000000000000000000e+00 0.000000000000000000e+00 0.000000000000000000e+00 0.000000000000000000e+00 0.000000000000000000e+00 0.000000000000000000e+00 0.000000000000000000e+00 0.000000000000000000e+00 0.000000000000000000e+00 0.000000000000000000e+00 0.000000000000000000e+00 0.000000000000000000e+00 0.000000000000000000e+00 0.000000000000000000e+00 0.000000000000000000e+00 0.000000000000000000e+00 0.000000000000000000e+00 0.000000000000000000e+00 0.000000000000000000e+00 0.000000000000000000e+00 0.000000000000000000e+00 0.000000000000000000e+00 0.000000000000000000e+00 0.000000000000000000e+00 0.000000000000000000e+00 0.000000000000000000e+00 0.000000000000000000e+00
0.000000000000000000e+00 6.372161498014158876e-02 9.071633801787681861e-02 1.125633991935535566e-01 1.277859928718163840e-01 1.357889669162335444e-01 1.363944054511586346e-01 1.298274820285063025e-01 1.172397408587942114e-01 1.010642873680783621e-01 8.444466944426812227e-02 8.478515576678281873e-02 8.445989247534271827e-02 8.359833166368275947e-02 8.257892985146403353e-02 8.151254532481289061e-02 8.028753123947278414e-02 7.867901376378275136e-02 7.645461198373672274e-02 7.346966254289669096e-02 6.976019160317908918e-02 7.205373964123679142e-02 8.865246291550285540e-02 1.061369631893893523e-01 1.223520043456252371e-01 1.367806713593154311e-01 1.492616460521977162e-01 1.555288543542966695e-01 1.559016926781491008e-01 1.512735521419893980e-01 1.466058683433854315e-01 1.386715859485330160e-01 1.274759010029790640e-01 1.135575345916778889e-01 9.831212408448050666e-02 8.369385641584003999e-02 7.601165100228778060e-02
0.000000000000000000e+00 9.575359801929694825e-02 1.251972933291093104e-01 1.501207475694973370e-01 1.688421967549898761e-01 1.804666108899997401e-01 1.844427335619087394e-01 1.805799090899718740e-01 1.696872397027920365e-01 1.541078429882018486e-01 1.568168419671205072e-01 1.586872521742388187e-01 1.584723781225780559e-01 1.571264760269248939e-01 1.553822978127016030e-01 1.534999171514205840e-01 1.513096937033632516e-01 1.484021392476468637e-01 1.443331344448210984e-01 1.388125913397156297e-01 1.318819258618285917e-01 1.240435758393573507e-01 1.226702873646978720e-01 1.393929955820115418e-01 1.557987786180189682e-01 1.699479077079429357e-01 1.807273222307113625e-01 1.878862002158874778e-01 1.916899738822484545e-01 1.924513681131799769e-01 1.901517387693698879e-01 1.843542077565066273e-01 1.745927505049102990e-01 1.611241635779865067e-01 1.454411658792891804e-01 1.425246372229044822e-01 1.418881399174911906e-01
0.000000000000000000e+00 1.249869668850086130e-01 1.534079815563590965e-01 1.810131208355174326e-01 2.025907790678816434e-01 2.170054268100872208e-01 2.234164490371568779e-01 2.213137165669138151e-01 2.112557586803123777e-01 2.035632572083443392e-01 2.108263637482176989e-01 2.144449036852828783e-01 2.150760658817944260e-01 2.138903368270992644e-01 2.119224676899307269e-01 2.096421543326338621e-01 2.069116894601923662e-01 2.032035370369631722e-01 1.978959101966533407e-01 1.905574038890165411e-01 1.811966566200984008e-01 1.704373975274582620e-01 1.595225746673956391e-01 1.632509532437124156e-01 1.805914155639672669e-01 1.962377742054126628e-01 2.086991361370389986e-01 2.175546633579857336e-01 2.230837565906541031e-01 2.256250930220217443e-01 2.250283931960378736e-01 2.205350560466357301e-01 2.113217465660588434e-01 1.975105850816463726e-01 1.887171625494716010e-01 1.911683378189195648e-01 1.910010785041474091e-01
0.000000000000000000e+00 1.487496119759536273e-01 1.739315708881763178e-01 2.034961716682605060e-01 2.270297309822169873e-01 2.432382125650829063e-01 2.511164405797757793e-01 2.499679298094847069e-01 2.401781032636911561e-01 2.338422319885239686e-01 2.438508179572541623e-01 2.498557263730750433e-01 2.521614200031933595e-01 2.518912336596562107e-01 2.502899594444973896e-01 2.480881981357886956e-01 2.452767564880048157e-01 2.412824576168816348e-01 2.353447600744383861e-01 2.269096548877674591e-01 2.159420710303985858e-01 2.031129879848208586e-01 1.898096422728959565e-01 1.778814100019568967e-01 1.955209060763039020e-01 2.130878293807348667e-01 2.274588284460377918e-01 2.379604642046913299e-01 2.448559614242132310e-01 2.485550233170638890e-01 2.488931450572071935e-01 2.449478072278744589e-01 2.356842662604108907e-01 2.211745517526179372e-01 2.168547695199113945e-01 2.206298516569480117e-01 2.216095457742880970e-01
0.000000000000000000e+00 1.637042379223203059e-01 1.871648407772496248e-01 2.179246176201772855e-01 2.425439758963905956e-01 2.596446238191333911e-01 2.681915633530616572e-01 2.674460866845098095e-01 2.576779023340404762e-01 2.453519576408874914e-01 2.579439353777388533e-01 2.667569645902290176e-01 2.714571733027715816e-01 2.728329938893656048e-01 2.721896792443828650e-01 2.705199113990564563e-01 2.680117423812210520e-01 2.641078542570691190e-01 2.579522874762972262e-01 2.489156812744245939e-01 2.369657971259035434e-01 2.228166201566485483e-01 2.078920047595071707e-01 1.941044411765176503e-01 2.012007295611109581e-01 2.209198497745299139e-01 2.372727851179725622e-01 2.492646664366690579e-01 2.571187253169921472e-01 2.613764951708064666e-01 2.620077050339063574e-01 2.581154487474829340e-01 2.485965070064104776e-01 2.334862790243844022e-01 2.277834546977980379e-01 2.331037395137476043e-01 2.358029499599278156e-01
0.000000000000000000e+00 1.717651931328324222e-01 1.944743732487401178e-01 2.258233487242133075e-01 2.508574897052217034e-01 2.681688737771119602e-01 2.768167798479350683e-01 2.761600622727812260e-01 2.664033510142906347e-01 2.495632114594192597e-01 2.573089709961626226e-01 2.689590972482335252e-01 2.765092646477398941e-01 2.801389782425947605e-01 2.809936150073591987e-01 2.802386710817510451e-01 2.782684310102278569e-01 2.745869316113555558e-01 2.683064724726894612e-01 2.588177129790589226e-01 2.462074280992415654e-01 2.313080491157904761e-01 2.155359301858709442e-01 2.006760976794187967e-01 1.993179587753433624e-01 2.213294478455577197e-01 2.396868134477486978e-01 2.530327035767053756e-01 2.615263045138268572e-01 2.658874838219615899e-01 2.663588650263804536e-01 2.622598556992279950e-01 2.525580424346998143e-01 2.372300205758540725e-01 2.257074506524664459e-01 2.326162803007643387e-01 2.373743800561859130e-01
0.000000000000000000e+00 1.746886481258191626e-01 1.974528630383237671e-01 2.290370423120802468e-01 2.540646527177009006e-01 2.711362800690997887e-01 2.795103106926026815e-01 2.787722655166089969e-01 2.691246513926370820e-01 2.522937723742867955e-01 2.465616035675225193e-01 2.605926979740710858e-01 2.710685954297256672e-01 2.773475559951558700e-01 2.801331268221228243e-01 2.805608295072981040e-01 2.791606012806975290e-01 2.755365579331832127e-01 2.688833312713370671e-01 2.587740099586066100e-01 2.455838316369257368e-01 2.303759616982953562e-01 2.145482081401117458e-01 1.995942886185048393e-01 1.919198992614195576e-01 2.163488892868434543e-01 2.367604404172013177e-01 2.514254339646295744e-01 2.604036162511363939e-01 2.645991218008686419e-01 2.646226355088740489e-01 2.601767838868677130e-01 2.504415438914000536e-01 2.353268813484895583e-01 2.166021578330283026e-01 2.232897215409574698e-01 2.301337796831603444e-01
0.000000000000000000e+00 1.736859221638439865e-01 1.975215202334352493e-01 2.292621871860764105e-01 2.540974202577748198e-01 2.706682302891468272e-01 2.785178202338631781e-01 2.775738553338515935e-01 2.681231766625146173e-01 2.515721704660913161e-01 2.310398744115076675e-01 2.453693327181629968e-01 2.583812152023919340e-01 2.673794358568727381e-01 2.723273695122657156e-01 2.740293434635570069e-01 2.730059572883116181e-01 2.690118056790538614e-01 2.615115275251109206e-01 2.504852312427431338e-01 2.367656164040132238e-01 2.217105266030254540e-01 2.066539353561400449e-01 1.926595135727571517e-01 1.810175943450582359e-01 2.079529719873939309e-01 2.304855108258977436e-01 2.465384460249866461e-01 2.560214391037802795e-01 2.599747331711342868e-01 2.594031237502336662e-01 2.545066489981311353e-01 2.448130852270002100e-01 2.302065977445654221e-01 2.120700971175351335e-01 2.086094902196426459e-01 2.172156869995660600e-01
0.000000000000000000e+00 1.693796582335721779e-01 1.957832699877631866e-01 2.278638757864701048e-01 2.525230682493210810e-01 2.684792069398162506e-01 2.756300794516396979e-01 2.743419244288380909e-01 2.650919700668816215e-01 2.490056757202057658e-01 2.286180815888690931e-01 2.264762832292319672e-01 2.411349783350127951e-01 2.524798720957505682e-01 2.595007046453398636e-01 2.623388679453947936e-01 2.613248487203861936e-01 2.564378916594819424e-01 2.476555618492454758e-01 2.355952420497430810e-01 2.257835306326234359e-01 2.119175469991593230e-01 1.938721623676087913e-01 1.817466155889974344e-01 1.712475158528623809e-01 1.978101398299235703e-01 2.224555541271822368e-01 2.399928637338419879e-01 2.501216212832562680e-01 2.539222656863883154e-01 2.527435038297184411e-01 2.473206235002963493e-01 2.376341978962150658e-01 2.236323988965989717e-01 2.062974802651479367e-01 1.913442345983753512e-01 2.010677975032194864e-01
0.000000000000000000e+00 1.619153053198014447e-01 1.929511568188663484e-01 2.257565407425619342e-01 2.504074733967450173e-01 2.657523035148333657e-01 2.720983773387444238e-01 2.703163528800697213e-01 2.611791349671209739e-01 2.456277457730784430e-01 2.255928469403182812e-01 2.066267022840046763e-01 2.216247646964423779e-01 2.344571582357294348e-01 2.430680847420281510e-01 2.466845195949683156e-01 2.452918435401064412e-01 2.391764805164655061e-01 2.290462180374428780e-01 2.251531369073390410e-01 2.220054384744475362e-01 2.086560523907230735e-01 1.843659457739043050e-01 1.689691867481163401e-01 1.604160272281925925e-01 1.871189152923018739e-01 2.136714058656712101e-01 2.326873428480729644e-01 2.436038849525415106e-01 2.474291674663809948e-01 2.457517699133015543e-01 2.398009735961040834e-01 2.300567571007096357e-01 2.166355694739788285e-01 2.001933683242601847e-01 1.825971838405364978e-01 1.835731738256489165e-01
0.000000000000000000e+00 1.511555419494375885e-01 1.892492500243150300e-01 2.232134454021839076e-01 2.480744865291829582e-01 2.628907605997087837e-01 2.684176348532700818e-01 2.660486398860064661e-01 2.569225982518239526e-01 2.419141841728329467e-01 2.223989719290472011e-01 2.008798108859295717e-01 2.018110281825784003e-01 2.149127643293278767e-01 2.243005866496578793e-01 2.282265712122314993e-01 2.262558386514247899e-01 2.190234437877090212e-01 2.136684958759177688e-01 2.193236773464423139e-01 2.168255532005068098e-01 2.038409540315042068e-01 1.800016788214856833e-01 1.563872160523790966e-01 1.496017544408346223e-01 1.764763384330417517e-01 2.044382285946562405e-01 2.246815434447430593e-01 2.363663064414786574e-01 2.403500374544974283e-01 2.383517309721607247e-01 2.319977615811426863e-01 2.222390283534866617e-01 2.094272962096873636e-01 1.939984127518082635e-01 1.772491463762831954e-01 1.659745578358808871e-01
0.000000000000000000e+00 1.417747602393504558e-01 1.843196369426365611e-01 2.196763721227010524e-01 2.448520052131470115e-01 2.592322533556615238e-01 2.640415796154004791e-01 2.611541241689094850e-01 2.520729666925284884e-01 2.376934848704661818e-01 2.189211181427830333e-01 1.974819354112044567e-01 1.831298050340649242e-01 1.952730215088005761e-01 2.045345399182982304e-01 2.083746240444838693e-01 2.059623080872351464e-01 1.982277310644159629e-01 2.067282777737333710e-01 2.136267192707651807e-01 2.116679495932104749e-01 1.989768479779886745e-01 1.755684889093185319e-01 1.454959867387287942e-01 1.398399534023004320e-01 1.659233704186277025e-01 1.944862989914753759e-01 2.153667972821309562e-01 2.275021313545592117e-01 2.315999553906358255e-01 2.294432953295027222e-01 2.229407129240847107e-01 2.134164356743186997e-01 2.014502399605190008e-01 1.873341056490669676e-01 1.718382553021277348e-01 1.566121781786626588e-01
0.000000000000000000e+00 1.324016205604512941e-01 1.773297452960372611e-01 2.138711807912551111e-01 2.391903158767787196e-01 2.531476040964771301e-01 2.574415979866983006e-01 2.543286082286974614e-01 2.455877671931268047e-01 2.321490044628667371e-01 2.145253983538457920e-01 1.936587025269365381e-01 1.711996334868165215e-01 1.765697215088133931e-01 1.850744851736711438e-01 1.886916142188833079e-01 1.863010560052790199e-01 1.854377095051664426e-01 2.008076561061834242e-01 2.089428554859689424e-01 2.074338463896541473e-01 1.949926097074246856e-01 1.720265725041321414e-01 1.401711157177570333e-01 1.317783382580027252e-01 1.552976125026601373e-01 1.834386464360008573e-01 2.040752711770352501e-01 2.160497061830385368e-01 2.199996905224680943e-01 2.177608197598718542e-01 2.114199005309904955e-01 2.025384051168521715e-01 1.918490958798842183e-01 1.795221099791158015e-01 1.658345437789900123e-01 1.517131214231839109e-01
0.000000000000000000e+00 1.208236324311467852e-01 1.674929816446448227e-01 2.045303679945939812e-01 2.295273599774105000e-01 2.429523154318372347e-01 2.469622032589719740e-01 2.440692402520596438e-01 2.361851720654640496e-01 2.242201619108700750e-01 2.083459801293933156e-01 1.887630405249985932e-01 1.662329346076456271e-01 1.591032922803492511e-01 1.668151344711816253e-01 1.704376377862767411e-01 1.687139082239203502e-01 1.781824632127141650e-01 1.961698840837546587e-01 2.054937918290484500e-01 2.043401117157458979e-01 1.921254944458035963e-01 1.696809950481778795e-01 1.387103666285082748e-01 1.259338750918269911e-01 1.447345090796469669e-01 1.714416392430430369e-01 1.909079134998019067e-01 2.020351584626050023e-01 2.058200211466801877e-01 2.033961655068556584e-01 1.972259466276579665e-01 1.893531813568401501e-01 1.803354576323681346e-01 1.702179302091943458e-01 1.588153129341570158e-01 1.462729450844364176e-01
0.000000000000000000e+00 1.075088155198509060e-01 1.548693046660702399e-01 1.915091708510232860e-01 2.156359310413523689e-01 2.283675039858271971e-01 2.322641684095511083e-01 2.299773143068687409e-01 2.234219653517425241e-01 2.134269326102442577e-01 1.998720805206626316e-01 1.823079247210983023e-01 1.606164320167186854e-01 1.422767399459455018e-01 1.498269589827941617e-01 1.540331736408063479e-01 1.536471347288890510e-01 1.718025511490442470e-01 1.924313634330074851e-01 2.029058815543793581e-01 2.020680630610193762e-01 1.901264272930671684e-01 1.683894957217509369e-01 1.386480553335857624e-01 1.228609251243502343e-01 1.349200500975991646e-01 1.594721698530306431e-01 1.771453206134777081e-01 1.915620578353317283e-01 2.023737708431876114e-01 2.025269601907723482e-01 1.950040184845875102e-01 1.824281972463173418e-01 1.678630625948277777e-01 1.599852161340460932e-01 1.509277316933997914e-01 1.400439182469039312e-01
0.000000000000000000e+00 9.375384858170257574e-02 1.408080248315784766e-01 1.857614304935547578e-01 2.136108824263033001e-01 2.249095754911801803e-01 2.239653234939320836e-01 2.150520008766041713e-01 2.084881784084652023e-01 2.005434036507249274e-01 1.894701665596909002e-01 1.743209581887886217e-01 1.541904764926713967e-01 1.287122452352074398e-01 1.332602923048360199e-01 1.388482712959349386e-01 1.404487796363374230e-01 1.653908644525020899e-01 1.887532910888371773e-01 2.004811031256847620e-01 2.000726659226627069e-01 1.885700595795384571e-01 1.678274930302185719e-01 1.397919103006414199e-01 1.230122426807895436e-01 1.268572669626844562e-01 1.489930803481953614e-01 1.647762371544407300e-01 1.819507268731892224e-01 1.954730432669691820e-01 1.989478689356947994e-01 1.948457542385464702e-01 1.854407781413650869e-01 1.721176711158572403e-01 1.550975872540220624e-01 1.430752722845119174e-01 1.333186837123044588e-01
