BlockUplift_2Ma_1kryTimeStep_5mmyr_k_5e-05_m_0.5_n_1.0_LinDiffusion_1.0_6x3km_30mRes_topographic__steepest_slope.txt
nrows 100
cellsize 30.0
xllcorner 0.0
ncols 200
yllcorner 0.0
[rows 17 to 33 of 100, columns 74 to 110 of 200]
1.552518091668942946e-01 1.625974645384979933e-01 1.688868659469783540e-01 1.738448253727694626e-01 1.772498980137137414e-01 1.789766278226296858e-01 1.790062234230499760e-01 1.774099124417358453e-01 1.743179773286382406e-01 1.698893915370834062e-01 1.642927299777293126e-01 1.577014951576277413e-01 1.502996654459176906e-01 1.422888595236795894e-01 1.338882512656937029e-01 1.253219129152842171e-01 1.180819583324686506e-01 1.186080804234980746e-01 1.191321823759797921e-01 1.195985224852696149e-01 1.199726248995640759e-01 1.202443969042500810e-01 1.204275250035285183e-01 1.205554613082028964e-01 1.257976369846904585e-01 1.344943793792122422e-01 1.431205748035716818e-01 1.514617372613060176e-01 1.592944478073793080e-01 1.664141801517236563e-01 1.726509668172460654e-01 1.778724456798522202e-01 1.819784333957327194e-01 1.848935367537787033e-01 1.865638874641635248e-01 1.869613539548045100e-01 1.860947563056051524e-01
1.548740626776789198e-01 1.624599362662447755e-01 1.688863868274126101e-01 1.739017292689889471e-01 1.773113448916643631e-01 1.790143536012676895e-01 1.790100972733864038e-01 1.773796049105817174e-01 1.742552447423537931e-01 1.697929375240606609e-01 1.641565584062155414e-01 1.575165080957144081e-01 1.500573488952967605e-01 1.419854581829549656e-01 1.335279000443566066e-01 1.249176591065542519e-01 1.180044265622067629e-01 1.185621541866832274e-01 1.190852175181040251e-01 1.195233977603701730e-01 1.198468368095783887e-01 1.200484430916067963e-01 1.201428956547829358e-01 1.201626119364618689e-01 1.254325482719270135e-01 1.340646398576681719e-01 1.426339112088837457e-01 1.509179492470544837e-01 1.586873697799393301e-01 1.657359886347249955e-01 1.718978660422752214e-01 1.770502956140111162e-01 1.811066666227754696e-01 1.840058758312504983e-01 1.857049859393139490e-01 1.861794760530320614e-01 1.854317604987565926e-01
1.543120094294701539e-01 1.621422479764094982e-01 1.687027154272287000e-01 1.737672654719802923e-01 1.771703732719163982e-01 1.788376834024269224e-01 1.787880785320963284e-01 1.771133046749869822e-01 1.739484209475307686e-01 1.694467619573441497e-01 1.637679069641421736e-01 1.570794619379289603e-01 1.495666822244207383e-01 1.414405142764776080e-01 1.329353838707059698e-01 1.242923738215769153e-01 1.176795458951308687e-01 1.182520024506175105e-01 1.187614668289351527e-01 1.191628733345813373e-01 1.194306180998732231e-01 1.195603907868890842e-01 1.195678868259202887e-01 1.194847968804557126e-01 1.247723036154554238e-01 1.333323132929226384e-01 1.418382303367236863e-01 1.500598341340505792e-01 1.577615265163477554e-01 1.647347155232530280e-01 1.708163146205328164e-01 1.758919881830039444e-01 1.798878008428490272e-01 1.827569713597149148e-01 1.844688388750412855e-01 1.850051810098658212e-01 1.843655977797827583e-01
1.536297351376217923e-01 1.617056060761290770e-01 1.683962732619197489e-01 1.735025035957365180e-01 1.768893908606674059e-01 1.785103889357277651e-01 1.784048573939013560e-01 1.766759409555629379e-01 1.734619757348870306e-01 1.689143045005633281e-01 1.631888064037622377e-01 1.564507869389390182e-01 1.488864469306420690e-01 1.407112034138187362e-01 1.321663663474320072e-01 1.235003306976988763e-01 1.171638391504927768e-01 1.177370194538942400e-01 1.182228397743585874e-01 1.185808122469306086e-01 1.187890769690833764e-01 1.188457943588218796e-01 1.187676600352403911e-01 1.185859514210032273e-01 1.238691673632925094e-01 1.323514966043205232e-01 1.407897717787365277e-01 1.489461581388043243e-01 1.565786280058797109e-01 1.634754064808339735e-01 1.694749691099330102e-01 1.744698231115887066e-01 1.783974291433491899e-01 1.812248732259861828e-01 1.829346204077225979e-01 1.835170757855392742e-01 1.829725535944972115e-01
1.528768392775771701e-01 1.611966442973363778e-01 1.680127883910717268e-01 1.731537005076046465e-01 1.765159294656847566e-01 1.780814227340769829e-01 1.779105356181711894e-01 1.761182856206172098e-01 1.728468420854691601e-01 1.682462329961208758e-01 1.624693593548859616e-01 1.556798390111767683e-01 1.480651582277090483e-01 1.398451634861413995e-01 1.312676122753381747e-01 1.225874629930631676e-01 1.165062716305575036e-01 1.170693370709879333e-01 1.175240967627701194e-01 1.178339423461560870e-01 1.179801683834549864e-01 1.179630494752757358e-01 1.178002407933358142e-01 1.175229090881600713e-01 1.227683922079731149e-01 1.311686694878721748e-01 1.395364907822086720e-01 1.476266697126187577e-01 1.551905925724943458e-01 1.620125646948776255e-01 1.679313140495675705e-01 1.728445350218023591e-01 1.766995227617785824e-01 1.794763326876986642e-01 1.811708599086722382e-01 1.817839487301409762e-01 1.813198440085172503e-01
1.520894848641846930e-01 1.606488436903625028e-01 1.675849931527838843e-01 1.727541840663322503e-01 1.760846290136047765e-01 1.775869245163484711e-01 1.773425856092679387e-01 1.754788047300395171e-01 1.721421115686750103e-01 1.674819486688574055e-01 1.616490381523461861e-01 1.548059903243448887e-01 1.471419638786690964e-01 1.388812281845843155e-01 1.302775875386426863e-01 1.215918607880798752e-01 1.157490544434855023e-01 1.162943724412002638e-01 1.167132269755143115e-01 1.169721347418828800e-01 1.170549304377099531e-01 1.169636378771296420e-01 1.167168246662394354e-01 1.163458345336209759e-01 1.215088223494692754e-01 1.298234688466008702e-01 1.381190241112706385e-01 1.461432680707558385e-01 1.536409117397222190e-01 1.603916803474063901e-01 1.662332962011674742e-01 1.710669507019270674e-01 1.748480241408940927e-01 1.775682623188883091e-01 1.792367424210595528e-01 1.798659413974619259e-01 1.794667439677568310e-01
1.512913237558168589e-01 1.600837134536665096e-01 1.671340128787713319e-01 1.723259035212854340e-01 1.756189040538568280e-01 1.770519560770600354e-01 1.767276023453677458e-01 1.747853741793863325e-01 1.713766630873521657e-01 1.666510861109493646e-01 1.607580281054785676e-01 1.538598043046591202e-01 1.461476549357235422e-01 1.378502893639830251e-01 1.292271955173035225e-01 1.205444048720297617e-01 1.149283656899569850e-01 1.154513642439762150e-01 1.158318669763048064e-01 1.160387550764179765e-01 1.160578038972516907e-01 1.158924413180557195e-01 1.155621099942038682e-01 1.150986070201213407e-01 1.201235051499881662e-01 1.283494384010245015e-01 1.365715945430983902e-01 1.445310734660532892e-01 1.519658824544576903e-01 1.586505976962331865e-01 1.644207718452760369e-01 1.691794385518973209e-01 1.728882118555503944e-01 1.755489451777797194e-01 1.771831333181847212e-01 1.778154226940467653e-01 1.774654108926315144e-01
1.504946270978676504e-01 1.595120373253477442e-01 1.666707127396815091e-01 1.718808653206722603e-01 1.751324560335461022e-01 1.764920705814897184e-01 1.760829000959173996e-01 1.740568654472154364e-01 1.705706958436698228e-01 1.657749553878966609e-01 1.598185506416933688e-01 1.528642250719576823e-01 1.451057199895177396e-01 1.367762249469963998e-01 1.281405933813320186e-01 1.194694875502531062e-01 1.140750073171545864e-01 1.145739053341211927e-01 1.149157584386671233e-01 1.150710799720589678e-01 1.150270269155290320e-01 1.147881236452974463e-01 1.143746715628822103e-01 1.138191923889735335e-01 1.186402736907359173e-01 1.267747111421947959e-01 1.349228072264788969e-01 1.428193491699466799e-01 1.501956562998769396e-01 1.568206745548112180e-01 1.625267354136318287e-01 1.672171424644087745e-01 1.708578642974539485e-01 1.734590623787026220e-01 1.750534397839504097e-01 1.756777132578577205e-01 1.753615689925758225e-01
1.497019450265808516e-01 1.589355068612886557e-01 1.661973063651926985e-01 1.714227262008302111e-01 1.746308601158094720e-01 1.759148950388106647e-01 1.754180810002425039e-01 1.733046799940597960e-01 1.697372033773898725e-01 1.648679302362994203e-01 1.588461466186717463e-01 1.518357463404445551e-01 1.440333996384906556e-01 1.356768460584938385e-01 1.270360426482438354e-01 1.183857777809930317e-01 1.132150108148474998e-01 1.136904739647472268e-01 1.139952383642575257e-01 1.141007663594109517e-01 1.139950913201649568e-01 1.136835718444179633e-01 1.131873777308783219e-01 1.125400262148919667e-01 1.170822774140913569e-01 1.251226030508936493e-01 1.331963189067712217e-01 1.410322604110615108e-01 1.483550976395583698e-01 1.549277365139156426e-01 1.605783474363992880e-01 1.652090401845206502e-01 1.687882905826637303e-01 1.713326399658118282e-01 1.728844412391230823e-01 1.734918144962549202e-01 1.731952135765608414e-01
1.489084783388295863e-01 1.583489403166565834e-01 1.657094274942845225e-01 1.709487343232594381e-01 1.741133956554689055e-01 1.753218653951566786e-01 1.747366811208348747e-01 1.725343037623197073e-01 1.688834287402027901e-01 1.639387958529645584e-01 1.578509125111820510e-01 1.507855375469512871e-01 1.429427093785146374e-01 1.345648266442301122e-01 1.259267560349037196e-01 1.173069942126700876e-01 1.123702005623177513e-01 1.128249626879664902e-01 1.130957534111871610e-01 1.131543602485256400e-01 1.129892448705258345e-01 1.126063822068166104e-01 1.120278443845866972e-01 1.112884159912425758e-01 1.154684465058715415e-01 1.234121077705419012e-01 1.314113750642282308e-01 1.391894717218225830e-01 1.464644594433784086e-01 1.529928429803031620e-01 1.585977886746165744e-01 1.631788648487629834e-01 1.667052814008873340e-01 1.691979829730393403e-01 1.707071699661601438e-01 1.712912301002712523e-01 1.710014167052993916e-01
1.481050990200326045e-01 1.577430609197168765e-01 1.651986649773586613e-01 1.704520351888847429e-01 1.735751443900035162e-01 1.747101382782462187e-01 1.740379127303206819e-01 1.717468921492809053e-01 1.680123015286192345e-01 1.629920474935613595e-01 1.568386722872409933e-01 1.497205033083684744e-01 1.418414023213870057e-01 1.334485844436592572e-01 1.248217090363424320e-01 1.162426559542238669e-01 1.115587210210719632e-01 1.119972025923781644e-01 1.122383894887699768e-01 1.122538314985452729e-01 1.120320235030021622e-01 1.115793757959067933e-01 1.109189139188373474e-01 1.100869600075791710e-01 1.138138814368397367e-01 1.216582883460160108e-01 1.295832161083763645e-01 1.373065883423489342e-01 1.445398855387646231e-01 1.510328747610864275e-01 1.566029487895818362e-01 1.611458946460946617e-01 1.646299800749805309e-01 1.670785916926122439e-01 1.685478309889437143e-01 1.691048607558268690e-01 1.688112009791218615e-01
1.472816817836176129e-01 1.571075563347983650e-01 1.646553358027604275e-01 1.699241625731123251e-01 1.730092149361789622e-01 1.740745695243044178e-01 1.733184182521068373e-01 1.709408205040571782e-01 1.671238064165807002e-01 1.620290997517226106e-01 1.558120514932507528e-01 1.486442466766680903e-01 1.407338443908035808e-01 1.323330872621613918e-01 1.237263913140123350e-01 1.151987876051056570e-01 1.107955319788203469e-01 1.112234788175622130e-01 1.114404063319483357e-01 1.114171200675002638e-01 1.111417968543804563e-01 1.106211266098512114e-01 1.098791456019853341e-01 1.089539759674513220e-01 1.121301646399891355e-01 1.198725671179878827e-01 1.277233564860337234e-01 1.353954456385260408e-01 1.425937393075337734e-01 1.490609340946332517e-01 1.546079256127191881e-01 1.591255665743777081e-01 1.625796060976706092e-01 1.649939676421350865e-01 1.664286455466973957e-01 1.669578366474274156e-01 1.666523296718177005e-01
1.464302049093137437e-01 1.564339539360514730e-01 1.640711043410230663e-01 1.693573913033860345e-01 1.724088328686065319e-01 1.734095543049053723e-01 1.725738787775316085e-01 1.701130833774662232e-01 1.662161988100661347e-01 1.610493468760727798e-01 1.547714116623638836e-01 1.475579061400851544e-01 1.396217791501864203e-01 1.312205656248516261e-01 1.226434808588664771e-01 1.141785623373619274e-01 1.100928734111950719e-01 1.105170301742589289e-01 1.107157635926389189e-01 1.106586765691739971e-01 1.103333087449423489e-01 1.097464854432871617e-01 1.089233040322056950e-01 1.079039321918429523e-01 1.104255977460214672e-01 1.180629200305007009e-01 1.258397424523027275e-01 1.334642467988402803e-01 1.406347470373987552e-01 1.470865254439515379e-01 1.526232751240047258e-01 1.571298187261717660e-01 1.605678949965061164e-01 1.629601318009344935e-01 1.643684039126120933e-01 1.648720459243145364e-01 1.645497558705336927e-01
1.455470306556867488e-01 1.557177977314397055e-01 1.634410113481371551e-01 1.687465909798468444e-01 1.717690060944853658e-01 1.727105024219615925e-01 1.718003066158217684e-01 1.692604191371099576e-01 1.652869823367834889e-01 1.600510180624303003e-01 1.537156100186822250e-01 1.464608453005239452e-01 1.385049694432030076e-01 1.301111229811874048e-01 1.215734331801915785e-01 1.131828746136919611e-01 1.094606979988611839e-01 1.098885217190437857e-01 1.100756211820273223e-01 1.099899770181328590e-01 1.096181927875951173e-01 1.089670826456284602e-01 1.080628341022673994e-01 1.069478766457943181e-01 1.087053751217083586e-01 1.162339873389160727e-01 1.239367965325900711e-01 1.315175458803588271e-01 1.386679333998751817e-01 1.451154650960303771e-01 1.506559206690223918e-01 1.551670213002703524e-01 1.586050608451998745e-01 1.609896073841541042e-01 1.623824324652547446e-01 1.628660303084525918e-01 1.625253867798114038e-01
1.446339141462160971e-01 1.549597261054430075e-01 1.627645701163536740e-01 1.680902983331654943e-01 1.710875414057441424e-01 1.719747779248086139e-01 1.709948976507078000e-01 1.683800747362291239e-01 1.643335940478781454e-01 1.590317969794509123e-01 1.526425700767136961e-01 1.453511911133243684e-01 1.373817171184691377e-01 1.290032463952036357e-01 1.205149874994998344e-01 1.122108419159738996e-01 1.089070657122410551e-01 1.093464759779569362e-01 1.095287943808945924e-01 1.094199906743502509e-01 1.090054437051928005e-01 1.082917947380119955e-01 1.073063137780650295e-01 1.060938625897203252e-01 1.069717123400064640e-01 1.143871193330569802e-01 1.220153609655049293e-01 1.295560740496149998e-01 1.366943227543948869e-01 1.431494583581481850e-01 1.487086144456297720e-01 1.532413342018966729e-01 1.566970581885402114e-01 1.590905825911959615e-01 1.604816363249062794e-01 1.609538701378672443e-01 1.605967679348124511e-01
1.436975745987942865e-01 1.541652880696257055e-01 1.620457848280820456e-01 1.673908882776310447e-01 1.703653200866822870e-01 1.712020380614092396e-01 1.701564026918999661e-01 1.674701897905216674e-01 1.633537917726432531e-01 1.579892106713157440e-01 1.515496748582451370e-01 1.442262355174957211e-01 1.362492760060684260e-01 1.278942311373615082e-01 1.194656001311418247e-01 1.112602414886858515e-01 1.084384923373723636e-01 1.088976480133870411e-01 1.090821457079793333e-01 1.089555829474032067e-01 1.085018289726898816e-01 1.077271642677989916e-01 1.066598803587557598e-01 1.053473738203479088e-01 1.052239568926203045e-01 1.125203847393458079e-01 1.200725622903559137e-01 1.275764182423948234e-01 1.347103937178528443e-01 1.411853001955239717e-01 1.467788655478454718e-01 1.513513551253806433e-01 1.548439508952000054e-01 1.572650032865144654e-01 1.586703152880841738e-01 1.591427169249954587e-01 1.587743246071194880e-01
1.427479994606994096e-01 1.533436186742493101e-01 1.612921787524776440e-01 1.666539112666166333e-01 1.696058889711142825e-01 1.703940219288062330e-01 1.692850646149678673e-01 1.665298438884334209e-01 1.623457844684064733e-01 1.569208250607104504e-01 1.504340158226633306e-01 1.430827290829289611e-01 1.351041821299504009e-01 1.267805384620558917e-01 1.184218196400760453e-01 1.103278920420948661e-01 1.080602432264356622e-01 1.085473326474499373e-01 1.087409015763171338e-01 1.086018430955950492e-01 1.081122335842517601e-01 1.072777697163123378e-01 1.061276319190246481e-01 1.047117572304756550e-01 1.034587189639942645e-01 1.106285838160761814e-01 1.181016403698422063e-01 1.255705929224067707e-01 1.327073201887812026e-01 1.392137192659645695e-01 1.448573350403921378e-01 1.494880330126805712e-01 1.530373323028726973e-01 1.555055069215295627e-01 1.569426325018458412e-01 1.574288267507126804e-01 1.570569977081048285e-01
