BlockUplift_10Myr_500yrTimeStep_halfmmyr_k_1e-05_m_0.5_n_1.0_LinDiffusion_0.05_15x7km_30mRes1000.txt
nrows 250
cellsize 30.0
xllcorner 0.0
ncols 500
yllcorner 0.0
[rows 68 to 84 of 250, columns 444 to 480 of 500]
5.175085736082468202e+02 4.963998463148241740e+02 4.749810969252835093e+02 4.538383438428893442e+02 4.337152094826569737e+02 4.203164495045683111e+02 4.261310659358240400e+02 4.383338611041029367e+02 4.514258752776198662e+02 4.650523344079426238e+02 4.791991134006104858e+02 4.938224081709237794e+02 5.088792550038973559e+02 5.243298876847493375e+02 5.401403942134227236e+02 5.562844807757313674e+02 5.727442836484596000e+02 5.895110429540910673e+02 6.065859916774295471e+02 6.239783137118782861e+02 6.417041979530540630e+02 6.597864170198552074e+02 6.782417640437008686e+02 6.970642494928927135e+02 7.162077549941458301e+02 7.355980618716570234e+02 7.550716898683915588e+02 7.743068023067978629e+02 7.928231418013294842e+02 8.099861197257565664e+02 8.249693883101492702e+02 8.368045889408168705e+02 8.443050847623458139e+02 8.461617063627330708e+02 8.419874779192405185e+02 8.328889291539350097e+02 8.201735888090088338e+02
5.135289138389766777e+02 4.925137727708573721e+02 4.711334252753222813e+02 4.499893551116711023e+02 4.298375689509376798e+02 4.165661330260903128e+02 4.231005787617002056e+02 4.362025884013827408e+02 4.502225941339710289e+02 4.647823328586068783e+02 4.798355485152903839e+02 4.953073840786299229e+02 5.111285994709654688e+02 5.272381518065950559e+02 5.435856565679956702e+02 5.601330145374147378e+02 5.768528139321143726e+02 5.937290071184321505e+02 6.107591846186622888e+02 6.279486463529926823e+02 6.453126980469279488e+02 6.628719397041803632e+02 6.806586924988642977e+02 6.986504100131400037e+02 7.167922640314673117e+02 7.350435904013512527e+02 7.532693769030989870e+02 7.711849202335100699e+02 7.883771409195665001e+02 8.043557167271595745e+02 8.185634193504674840e+02 8.301406032556724313e+02 8.376842834175384951e+02 8.396399889145196767e+02 8.355330682640277473e+02 8.264974372061998338e+02 8.139800444070767753e+02
5.093296562105177827e+02 4.884378222760005315e+02 4.671333136486140347e+02 4.460262448168750211e+02 4.258872008637958402e+02 4.128398482809084840e+02 4.203166054520881403e+02 4.345697315274741186e+02 4.497202724535686116e+02 4.653468179407897765e+02 4.813641638900223256e+02 4.976658250422884748e+02 5.141608285650570451e+02 5.307733746333238969e+02 5.474442230315971756e+02 5.641321013610321415e+02 5.808065153583229403e+02 5.974411289741080964e+02 6.140430451853575278e+02 6.306259540592684516e+02 6.471934814897942942e+02 6.637632871449078493e+02 6.803808759164223829e+02 6.970476688243963963e+02 7.137610506844666816e+02 7.305011446164954805e+02 7.472090989071535887e+02 7.637717337792493026e+02 7.800168664595335031e+02 7.956404062886244901e+02 8.100576198278163247e+02 8.221154115847808725e+02 8.301092584837675759e+02 8.324050126063967809e+02 8.284933393254773364e+02 8.195424115322578018e+02 8.072088690945354301e+02
5.043332050385186562e+02 4.836473479910970923e+02 4.625046031569489742e+02 4.415390426638531380e+02 4.215707512304113607e+02 4.089555357347445579e+02 4.176084605551174036e+02 4.332304652589709804e+02 4.496460120539175023e+02 4.663644812055932789e+02 4.832655175989563645e+02 5.002202695463354871e+02 5.171300522716750265e+02 5.339177597255177261e+02 5.505190259560754384e+02 5.669096275241365674e+02 5.830486184855310512e+02 5.989022296519651718e+02 6.145113098723712710e+02 6.299148190275842580e+02 6.451241049380940922e+02 6.601668804474483068e+02 6.751263619846860138e+02 6.901509820866788232e+02 7.053766025348210178e+02 7.208319685919956328e+02 7.365332308995928088e+02 7.525344463370468020e+02 7.688358294407007634e+02 7.850922508555850072e+02 8.003946957002045792e+02 8.132430303355102978e+02 8.218642485575829824e+02 8.246837754155193352e+02 8.210568267194801138e+02 8.120597852341149974e+02 7.994865478185223537e+02
4.994163241883284172e+02 4.789486184014057244e+02 4.579517823997976507e+02 4.370877004088027888e+02 4.172345118269658997e+02 4.050256970504246965e+02 4.149344007558241287e+02 4.320187348412393362e+02 4.496931969211690330e+02 4.673502714043145261e+02 4.848503240047438680e+02 5.020630754067323664e+02 5.189166237057507942e+02 5.353384156404057421e+02 5.512725012083785714e+02 5.667172694315233912e+02 5.816641762226596484e+02 5.961354170776772889e+02 6.102018241786972794e+02 6.239594189827603259e+02 6.375188355481509461e+02 6.510031762143595415e+02 6.645613323199548859e+02 6.783836859975951938e+02 6.926361722253825519e+02 7.074165304809382633e+02 7.228913039845034518e+02 7.392558620850609259e+02 7.564471818747247198e+02 7.738363360070712815e+02 7.901816699038176921e+02 8.038759078913406029e+02 8.132503276289104406e+02 8.167645680625182649e+02 8.135526088439843306e+02 8.044843598782960044e+02 7.914117260765009405e+02
4.948027804804094103e+02 4.745554658663010059e+02 4.536606915952008876e+02 4.328183243871841341e+02 4.129718850307320963e+02 4.010999202907436256e+02 4.123032093923383741e+02 4.307390652067001042e+02 4.493680666236630827e+02 4.675113642967135661e+02 4.850335456708986044e+02 5.018338372241494767e+02 5.178917362228031607e+02 5.331989998399302522e+02 5.477584576328550838e+02 5.616301657255814916e+02 5.749510103474713105e+02 5.878684010144667127e+02 6.004683370254492729e+02 6.128562935729257788e+02 6.251806043757467251e+02 6.376135906317309718e+02 6.503236520376765384e+02 6.635004170347070840e+02 6.773336768123454021e+02 6.920703359025271766e+02 7.080260024200555335e+02 7.253744459952340549e+02 7.438073792325823206e+02 7.623905891526205778e+02 7.797644502378997231e+02 7.943922375637964706e+02 8.046582931211928553e+02 8.089728663397539776e+02 8.062729889894837925e+02 7.972055068104428983e+02 7.836216975019973461e+02
4.904330850177551611e+02 4.704337479000350299e+02 4.496120001319846438e+02 4.287146349080905452e+02 4.087620960079590873e+02 3.970896375292694529e+02 4.094668151323871825e+02 4.288845078514517581e+02 4.478536212344768614e+02 4.656978309697930740e+02 4.823767609311891533e+02 4.979243919797505100e+02 5.124400389223247885e+02 5.260882432676335156e+02 5.390425529299798200e+02 5.514505883457677555e+02 5.634728877426556437e+02 5.752387945281287784e+02 5.868204892121096918e+02 5.983345884731965043e+02 6.099400177067346931e+02 6.217991259465596841e+02 6.341007948021883749e+02 6.470650860288747026e+02 6.609796911810900610e+02 6.762252904461688559e+02 6.930569056797205576e+02 7.115970692185993585e+02 7.312677145863120813e+02 7.510061047845279063e+02 7.694895654924597466e+02 7.852087211117000152e+02 7.964762749740872323e+02 8.016065536284596647e+02 7.994554754302290576e+02 7.905542411861489427e+02 7.767153560475136373e+02
4.863566960249261228e+02 4.666677706159898662e+02 4.459097833709386123e+02 4.248947922110445461e+02 4.046814428823099092e+02 3.928843909998732329e+02 4.059149516849861357e+02 4.255286659095095843e+02 4.438674597806599991e+02 4.604562057435125553e+02 4.755457158601810761e+02 4.894378640990785811e+02 5.023748644882189751e+02 5.145953525047580115e+02 5.263303277289444395e+02 5.377366790973234174e+02 5.489288185905909359e+02 5.599836880339605614e+02 5.709808202836971986e+02 5.820392346818437090e+02 5.932942263095383169e+02 6.049130051036586337e+02 6.171584160482542529e+02 6.303266163813065077e+02 6.447304017308564426e+02 6.607698052969590208e+02 6.784875322225417449e+02 6.981434502423323920e+02 7.190295131722215274e+02 7.400037278078307281e+02 7.597681130755584036e+02 7.767206685506257600e+02 7.890006064252906981e+02 7.948796093233360125e+02 7.932895652672121969e+02 7.848325983857741903e+02 7.713814235344757435e+02
4.823329111078465985e+02 4.630922589401711207e+02 4.424462633723937870e+02 4.212724681186731459e+02 4.006518656818128079e+02 3.883874433633163221e+02 4.011815121711110237e+02 4.198680468730223652e+02 4.366779755609831568e+02 4.515728340460208869e+02 4.650515808064797056e+02 4.775054464082198251e+02 4.892081198983066201e+02 5.004130967259672502e+02 5.113279519805654445e+02 5.220950796849604103e+02 5.328022818030736971e+02 5.435100039047283644e+02 5.542767978900843673e+02 5.651687120195139187e+02 5.763135603930263642e+02 5.879694551413872432e+02 6.004865426530946024e+02 6.142379722542860918e+02 6.293794601023483892e+02 6.465011419282195675e+02 6.655174241877928125e+02 6.864188025733105860e+02 7.084703396426920108e+02 7.305648246582792353e+02 7.514193803392071231e+02 7.693717581758673987e+02 7.824597392437666485e+02 7.888871790878777119e+02 7.876750046294865797e+02 7.795639849339596594e+02 7.664966051933812423e+02
4.773451474807718569e+02 4.588196592216516478e+02 4.384347263859228860e+02 4.171516035615302371e+02 3.961691902332468089e+02 3.833093295540901408e+02 3.950171940123341869e+02 4.119899700145795123e+02 4.269668788526395815e+02 4.402596772576125659e+02 4.523935403136122204e+02 4.637175643088888251e+02 4.745118955613048115e+02 4.849939384457037477e+02 4.953298661674526784e+02 5.056901223990697076e+02 5.162021817586199859e+02 5.268846799760732438e+02 5.376895822683113693e+02 5.485379384082060596e+02 5.598503501048128328e+02 5.718726919089990588e+02 5.850171336095843344e+02 5.999337218181956359e+02 6.168389350357630292e+02 6.361588369010206634e+02 6.575303110646552796e+02 6.800272130578707674e+02 7.027767545753054037e+02 7.250844990670665311e+02 7.459509054820870233e+02 7.639102086438310835e+02 7.771153976813274085e+02 7.836658463362398379e+02 7.825273015112966277e+02 7.745154721319399869e+02 7.615988157640932741e+02
4.718339384332809914e+02 4.543940360453503331e+02 4.345272357175707612e+02 4.132373054228227147e+02 3.918254664617597314e+02 3.779840583223424915e+02 3.877225029146397333e+02 4.026033937804180027e+02 4.158355391597292510e+02 4.277164163810630839e+02 4.387382087300813964e+02 4.492268730540121169e+02 4.593947829456481031e+02 4.693538005211295285e+02 4.791451058300829686e+02 4.892853480245924516e+02 4.998935363110865069e+02 5.108675086326747419e+02 5.218578275851316448e+02 5.328318013532658597e+02 5.448607542878158938e+02 5.581862575771566526e+02 5.732169691265247593e+02 5.906471943487149474e+02 6.104129044987267889e+02 6.318048629422586373e+02 6.542764629302481580e+02 6.771646391304780082e+02 7.000015203258583369e+02 7.221916894730613876e+02 7.427277365641411961e+02 7.602324982214468037e+02 7.729972423220277733e+02 7.791854135865935405e+02 7.777624253807487094e+02 7.695938340061119334e+02 7.566258310071234519e+02
4.649948054977392644e+02 4.486420177163979019e+02 4.296151856865108698e+02 4.086939287070665614e+02 3.872211127059870250e+02 3.725705934653291820e+02 3.799017781120704740e+02 3.924494649782940314e+02 4.039231290316159857e+02 4.145499400677554718e+02 4.247452048235262509e+02 4.347276351382473649e+02 4.445688731898259221e+02 4.540761246273327743e+02 4.632798558793613211e+02 4.734321207098452078e+02 4.845361812029271391e+02 4.961384498636489297e+02 5.079138867637227008e+02 5.202136844935927229e+02 5.342854455374505278e+02 5.504323177405966590e+02 5.685091365769902723e+02 5.880097511149016327e+02 6.088206485114250199e+02 6.304732772917776629e+02 6.528481379892486984e+02 6.756323621243591333e+02 6.983784572415604543e+02 7.203661017367812747e+02 7.405479243506515559e+02 7.575329807836867531e+02 7.696625912458615630e+02 7.752162633481109424e+02 7.732469141669706687e+02 7.647192287472912540e+02 7.515502154183487846e+02
4.569334933013132058e+02 4.414694058986922869e+02 4.234867199922894088e+02 4.034115809400975650e+02 3.823401364445959416e+02 3.669944075918292015e+02 3.715390711314205419e+02 3.815782773790052715e+02 3.914530561729036435e+02 4.011535798880873358e+02 4.108975029006398358e+02 4.207551258147190083e+02 4.306282549948722931e+02 4.402936366032379851e+02 4.500413378747275033e+02 4.610745315634927692e+02 4.731874303932281691e+02 4.860767954081631501e+02 5.000341771060658971e+02 5.154332920896348469e+02 5.320464616707055256e+02 5.496748433713083841e+02 5.685055377738071911e+02 5.881323024795706260e+02 6.087046671678675693e+02 6.301574891877886557e+02 6.523641010810570151e+02 6.750117649961118786e+02 6.975893601180287078e+02 7.193196840169831603e+02 7.391051823174408355e+02 7.555227302716338045e+02 7.668995229482271725e+02 7.715879606764500522e+02 7.688427096968821388e+02 7.598038469777274031e+02 7.463332009688120934e+02
4.482506874040578850e+02 4.339703244080194509e+02 4.174067373364684954e+02 3.986476770064285802e+02 3.781021309303087037e+02 3.618210313501589894e+02 3.638657788192779208e+02 3.720524387718623984e+02 3.810643921912741803e+02 3.904555596266934003e+02 4.002156982734459234e+02 4.103687859767888995e+02 4.210676543521360031e+02 4.326668943355204533e+02 4.453330914840638002e+02 4.586837249237098604e+02 4.721313885074564496e+02 4.858557368223057438e+02 5.004854660462633547e+02 5.164682695966686197e+02 5.333019345155200881e+02 5.508872873658959861e+02 5.694257385249929939e+02 5.888390806420496801e+02 6.092365938158143308e+02 6.305610077490267713e+02 6.526383176615872799e+02 6.751391559318747113e+02 6.975176836795217241e+02 7.189505795364095775e+02 7.382921304132172509e+02 7.540692401376605858e+02 7.645641300822844642e+02 7.681836966799661468e+02 7.644753360781846823e+02 7.547805469019415341e+02 7.409326993514880542e+02
4.386133437965630151e+02 4.254363793246239425e+02 4.100180713910253871e+02 3.927315981327532199e+02 3.736323101868421190e+02 3.582683590143696506e+02 3.607357710375353577e+02 3.694936808393003389e+02 3.790410006874345754e+02 3.889353060370668231e+02 3.992278899466551820e+02 4.099650711481517646e+02 4.212543208152664533e+02 4.334320004273659492e+02 4.466909947674486148e+02 4.603027740196394575e+02 4.740042867964872357e+02 4.880556535387368058e+02 5.027526999852024687e+02 5.184023106037128628e+02 5.348813531089879234e+02 5.522518470606037226e+02 5.705540574559342986e+02 5.898361497985828237e+02 6.101142780144238031e+02 6.313173850852916758e+02 6.532590020771760919e+02 6.755867698862790576e+02 6.977233358637647598e+02 7.188080435779145319e+02 7.376553637147154632e+02 7.527548277355390383e+02 7.623610719513307004e+02 7.649265503771545127e+02 7.602214476203829463e+02 7.497443315251597369e+02 7.354271429701137777e+02
4.279468732933165711e+02 4.158766640544109237e+02 4.012636921317775318e+02 3.851213768066231751e+02 3.678288995700380610e+02 3.544965950456899009e+02 3.584687679787679713e+02 3.683069013802328300e+02 3.786859579690683404e+02 3.893024788200964963e+02 4.002328428979336650e+02 4.115388981713965677e+02 4.233028031083686074e+02 4.356235179593523412e+02 4.486129817494898475e+02 4.619769844130029242e+02 4.756881620136081210e+02 4.898362590463120227e+02 5.045878898354430930e+02 5.200978628103985102e+02 5.364404990169558687e+02 5.536789254002811731e+02 5.718721851413582726e+02 5.910623501439714573e+02 6.112467515374517006e+02 6.323424701096456602e+02 6.541460075185208325e+02 6.762817104680194689e+02 6.981428569044400092e+02 7.188353960787746928e+02 7.371410836546376686e+02 7.515258786183555912e+02 7.602455859859662723e+02 7.618205490893202523e+02 7.562055757316137488e+02 7.449990136964368048e+02 7.302259501852138328e+02
4.162609680599435933e+02 4.054280126534014244e+02 3.915853116462380967e+02 3.762357094737160423e+02 3.606248132063448679e+02 3.504051969332616636e+02 3.560094810971422135e+02 3.668121431918460189e+02 3.779347928242391959e+02 3.891765386708925121e+02 4.006379879335530063e+02 4.123873363812564889e+02 4.244873963906485415e+02 4.369932780519691846e+02 4.499311492331339082e+02 4.632708878880757766e+02 4.770205550339771321e+02 4.912541451336043679e+02 5.060822010764225638e+02 5.216191265574761928e+02 5.379568276911491012e+02 5.551761305105609381e+02 5.733438396596974371e+02 5.924998230487366300e+02 6.126333664601843338e+02 6.336501434691707573e+02 6.553296022846734559e+02 6.772721466794266689e+02 6.988407361376710014e+02 7.191073148925070200e+02 7.368225232363031409e+02 7.504363424936040019e+02 7.582262421915876303e+02 7.588314335689732388e+02 7.524441508188366470e+02 7.407151798862743135e+02 7.256004572165529680e+02
