BlockUplift_2Ma_1kryTimeStep_2mmyr_k_5e-05_m_0.5_n_1.0_LinDiffusion_1_6x3km_30mRes_topographic__steepest_slope.txt
nrows 100
cellsize 30.0
xllcorner 0.0
ncols 200
yllcorner 0.0
[rows 51 to 67 of 100, columns 74 to 110 of 200]
2.059371220677890801e-01 1.947694150660472523e-01 1.921005144502108408e-01 1.977218375967083885e-01 2.026789500075987516e-01 2.067669208840413886e-01 2.098139303515192122e-01 2.116927259373824199e-01 2.123261384663370221e-01 2.116888327534866276e-01 2.098075386559817845e-01 2.067610345650431614e-01 2.026796030110385172e-01 1.977422292945372473e-01 1.921691170002058358e-01 1.862075269849109704e-01 1.861773483272311236e-01 1.967205007575095477e-01 2.065814112476091480e-01 2.149657428038442841e-01 2.210086406725527419e-01 2.237461555847474470e-01 2.221267090648648135e-01 2.150962540787593746e-01 2.017694081197334011e-01 1.816647424166745461e-01 1.549461557663845135e-01 1.269775096112861490e-01 1.224701159254929367e-01 1.183909480257208657e-01 1.162363015854676329e-01 1.483928050239196050e-01 1.780962345698395011e-01 2.034922440881951899e-01 2.234287018307481720e-01 2.375527305259260979e-01 2.462312221303022686e-01
2.057578414127729238e-01 1.945065761279275440e-01 1.977409849016415477e-01 2.032374694821972583e-01 2.080839750609849714e-01 2.120846043802638858e-01 2.150801998826618044e-01 2.169565389328927951e-01 2.176466276844299386e-01 2.171300310175089121e-01 2.154320550969695547e-01 2.126243241653317795e-01 2.088263886436322880e-01 2.042062046066841219e-01 1.989763399123281318e-01 1.933830321131059238e-01 1.876867878383241817e-01 1.987182091367560577e-01 2.092906337336181422e-01 2.184874306352210804e-01 2.253950499759690418e-01 2.290065505928736977e-01 2.282425084596602372e-01 2.220427692847505852e-01 2.095387823220492829e-01 1.902833252859199853e-01 1.644800729318625088e-01 1.451242449009991220e-01 1.418908227100568464e-01 1.389570219727507550e-01 1.365536452942232304e-01 1.652882327108482208e-01 1.946618518717654622e-01 2.194586490930500455e-01 2.385818816093747963e-01 2.517384300915438411e-01 2.593495513678797382e-01
2.056927515436225706e-01 1.974924585634786067e-01 2.032503249642824417e-01 2.085878093620692764e-01 2.132919255145490356e-01 2.171771022746819824e-01 2.200980362210600561e-01 2.219543361644071011e-01 2.226894686293671155e-01 2.222876063868132746e-01 2.207716683301233218e-01 2.182043123800762319e-01 2.146914671601223290e-01 2.103859228957730976e-01 2.054872759106501634e-01 2.002346174481450247e-01 1.948898720885495206e-01 2.006924074134693592e-01 2.119512518396679535e-01 2.219370396554847524e-01 2.296904780128202206e-01 2.341644816715449107e-01 2.342541212244519389e-01 2.288940557494403005e-01 2.172307233990813102e-01 1.988451203831550218e-01 1.739697880169685518e-01 1.618664279670364581e-01 1.599597623988093520e-01 1.582266708601442473e-01 1.568144871218824787e-01 1.807960408993623258e-01 2.100546051248851354e-01 2.344594928540815471e-01 2.529530952610465344e-01 2.652897110344472065e-01 2.719377733605841119e-01
2.056615721858572887e-01 2.029672463037134889e-01 2.085321442189410901e-01 2.136878487470918742e-01 2.182267981975125337e-01 2.219753821969296381e-01 2.248033960814798948e-01 2.266249909168133458e-01 2.273942952253359406e-01 2.270998491589542312e-01 2.257614916194143062e-01 2.234316195054039667e-01 2.202003776074282770e-01 2.162020907443168993e-01 2.116188380703325211e-01 2.066769933482134891e-01 2.016339561314471895e-01 2.025098430489933321e-01 2.144105579562198827e-01 2.251441628232611902e-01 2.337098638229288816e-01 2.390236578649065080e-01 2.399564346405437254e-01 2.354359687821446778e-01 2.246178598811121030e-01 2.071007390041996465e-01 1.831310879648610779e-01 1.767718872540475217e-01 1.761519272163108440e-01 1.755825047257132954e-01 1.751142404548071962e-01 1.944191131228221736e-01 2.237614401982580548e-01 2.479826871604285943e-01 2.660452644836108771e-01 2.777351632435649531e-01 2.835575564047396191e-01
2.055834167479166641e-01 2.081414665651967200e-01 2.135044618480587131e-01 2.184654789939770581e-01 2.228246084394508442e-01 2.264220202277101579e-01 2.291437770015685715e-01 2.309191051146456120e-01 2.317128639661746037e-01 2.315177506420241227e-01 2.303501044814405818e-01 2.282513197557553553e-01 2.252944148239142408e-01 2.215929632312471087e-01 2.173080538988718391e-01 2.126487091034524324e-01 2.078624269783195533e-01 2.040705259163137220e-01 2.165563690798109342e-01 2.279858848432341767e-01 2.373215093703144041e-01 2.434450756587014097e-01 2.452028633576895378e-01 2.415110340679279266e-01 2.315246720523899127e-01 2.148457133827063881e-01 1.917172393541611841e-01 1.895483120514294684e-01 1.900800262338956659e-01 1.905421648946344360e-01 1.908849861885054677e-01 2.058030757790920984e-01 2.353965665176694089e-01 2.596265653870718504e-01 2.774552342019617757e-01 2.886825256782149518e-01 2.938375594367696464e-01
2.076004170699301821e-01 2.129397072350115994e-01 2.181013544239495672e-01 2.228628517170742895e-01 2.270345160180662902e-01 2.304721049392696730e-01 2.330789080461026230e-01 2.347995065339546217e-01 2.356093859012503289e-01 2.355051889914439867e-01 2.344995726628875954e-01 2.326226977942724150e-01 2.299299018523716653e-01 2.265127427871637678e-01 2.225089949650301546e-01 2.181067937445144989e-01 2.135391652674741292e-01 2.090674887783564029e-01 2.183073741605925100e-01 2.303731810234236344e-01 2.404288171174587818e-01 2.473236423657119154e-01 2.498768797052763613e-01 2.469855902585270380e-01 2.377917827726410693e-01 2.218843186073420626e-01 1.994854050874709794e-01 1.999955781528854060e-01 2.014575843744921824e-01 2.027348929649330500e-01 2.036839777856414568e-01 2.147289801146453625e-01 2.447016954422715218e-01 2.691064383841352825e-01 2.868851378060103263e-01 2.978332546457738150e-01 3.024896440666110520e-01
2.121513916405945166e-01 2.173057843157873148e-01 2.222734398577358716e-01 2.268368641191670920e-01 2.308192425594465247e-01 2.340935260017355801e-01 2.365808778601224960e-01 2.382412168764441729e-01 2.390603588256018097e-01 2.390386560549492001e-01 2.381850828915067497e-01 2.365187571889066365e-01 2.340774543767281668e-01 2.309303591190333405e-01 2.271906729352470566e-01 2.230231870419610574e-01 2.186427513637549114e-01 2.143016303506802556e-01 2.196041810690018137e-01 2.322389465943859310e-01 2.429550604504503164e-01 2.505697835290837672e-01 2.538710446428956713e-01 2.517274351661504816e-01 2.432540381307845001e-01 2.280104173478286478e-01 2.061828135686644969e-01 2.079787911058910421e-01 2.100816313523542478e-01 2.118953098970564608e-01 2.131985983860734679e-01 2.211052195668944398e-01 2.515434340081263986e-01 2.762566496095490987e-01 2.941480476584382719e-01 3.049905847384095647e-01 3.093181638153242874e-01
2.162113767338344761e-01 2.212019965224461260e-01 2.259874777322807005e-01 2.303589370324649055e-01 2.341548816219453100e-01 2.372667158218765282e-01 2.396337566226444948e-01 2.412309449229515790e-01 2.420539525626907162e-01 2.421065721012515271e-01 2.413942258766193505e-01 2.399254943241430627e-01 2.377212297941374286e-01 2.348286128387618021e-01 2.313359052962292994e-01 2.273830431194142077e-01 2.231638088790437735e-01 2.189170941059728759e-01 2.204035859820121235e-01 2.335309041789997153e-01 2.448352109653927078e-01 2.531008178732445102e-01 2.570789689123189059e-01 2.555998191804826347e-01 2.477382791821139685e-01 2.330108241312005279e-01 2.115572534815159389e-01 2.134285452969379437e-01 2.158405636844416275e-01 2.178786857524386278e-01 2.192676267347119790e-01 2.249640673437998950e-01 2.559127864336595004e-01 2.810325098425320300e-01 2.991716436059197459e-01 3.100641567402768195e-01 3.142247922095319779e-01
2.197579898828792011e-01 2.246076640307383687e-01 2.292253818454772218e-01 2.334142672897977777e-01 2.370302193405658953e-01 2.399839315142476837e-01 2.422327869950114121e-01 2.437661745167019889e-01 2.445890098001408941e-01 2.447082343735833831e-01 2.441259409493928556e-01 2.428408958398677042e-01 2.408580346658898974e-01 2.382034386070586152e-01 2.349407535753205989e-01 2.311843243075221155e-01 2.271046933885259023e-01 2.229235799685473640e-01 2.206768299858977156e-01 2.342102662147989012e-01 2.460157285838701080e-01 2.548428902388709671e-01 2.594006642830816167e-01 2.584716334858911391e-01 2.510797131137167959e-01 2.366888293246028341e-01 2.153879979719481030e-01 2.163633475402302053e-01 2.187413508660445982e-01 2.206912487307950699e-01 2.219120501035585502e-01 2.264625270158820147e-01 2.579269825029745777e-01 2.835127681629863727e-01 3.020008925565605962e-01 3.130724405207522265e-01 3.172102607390205331e-01
2.227860089217055528e-01 2.275173492349987781e-01 2.319828911885034872e-01 2.360007125543158168e-01 2.394456783126656663e-01 2.422481697948228319e-01 2.443832291259885325e-01 2.458539284869213359e-01 2.466737363941926275e-01 2.468524563539385153e-01 2.463891443158123251e-01 2.452736182166158074e-01 2.434961440402275967e-01 2.410629787784330236e-01 2.380139883069981865e-01 2.344378116729975148e-01 2.304802181191083210e-01 2.263424659130824634e-01 2.222684642816375455e-01 2.342549738079791055e-01 2.464605123161427713e-01 2.557407923195904043e-01 2.607574662429367196e-01 2.602385375199006146e-01 2.531499405323832663e-01 2.388990987245218633e-01 2.175265440466694900e-01 2.169204481826094988e-01 2.189416348945457114e-01 2.205209908787613415e-01 2.213615172502216011e-01 2.258820335816377756e-01 2.578292040258892137e-01 2.838992509343404302e-01 3.027973920326796353e-01 3.141415321413967288e-01 3.183723771251223966e-01
2.253049190650756317e-01 2.299390268659427250e-01 2.342680691660878611e-01 2.381274284761786819e-01 2.414119828146302493e-01 2.440718055628868510e-01 2.460989490110989664e-01 2.475092970817494575e-01 2.483241659955808811e-01 2.485559714273297971e-01 2.482010889924140540e-01 2.472413466288192752e-01 2.456537380521789660e-01 2.434262203812447012e-01 2.405760959036513102e-01 2.371666971214665409e-01 2.333180892379914384e-01 2.292083839674641521e-01 2.250639561792259769e-01 2.336650034433765954e-01 2.461594727473182254e-01 2.557708190986087704e-01 2.611100817373105953e-01 2.608467513931135850e-01 2.538864097742042913e-01 2.395818084625563060e-01 2.179333846517850781e-01 2.153779725161105718e-01 2.167691626707617669e-01 2.177517886058059904e-01 2.180605341354256155e-01 2.236191347383731376e-01 2.559793785049288006e-01 2.825079996078608269e-01 3.018309135170548774e-01 3.134970320344253047e-01 3.178981004491366891e-01
2.273367804091056543e-01 2.318923390722166800e-01 2.360997269811643262e-01 2.398133413796093294e-01 2.429486280917330931e-01 2.454750402661905750e-01 2.474008396720137060e-01 2.487538226257697827e-01 2.495624913265013789e-01 2.498416905124770382e-01 2.495855353129513843e-01 2.487688848163164268e-01 2.473569505773809962e-01 2.453210848145924161e-01 2.426575393090388277e-01 2.394051912207998956e-01 2.356580756775239760e-01 2.315691916575493281e-01 2.273434745739715823e-01 2.324668296809326018e-01 2.451357078661488831e-01 2.549512927738633028e-01 2.604728383039166539e-01 2.603109181736603106e-01 2.533130631604187388e-01 2.387843707375267022e-01 2.166982188647165464e-01 2.121540552057789852e-01 2.127143259506273920e-01 2.129474792724749821e-01 2.126427025477577726e-01 2.201607269290897506e-01 2.528302801363476737e-01 2.797469440683931774e-01 2.994590591838990901e-01 3.114458174382125910e-01 3.160473505501013025e-01
2.289144559924428390e-01 2.334069630007983565e-01 2.375058088360826047e-01 2.410855110149213998e-01 2.440822233354727755e-01 2.464842399458821720e-01 2.483151610923670094e-01 2.496138303342803622e-01 2.504153562073895278e-01 2.507369130059439732e-01 2.505708362333905481e-01 2.498860800552127615e-01 2.486376203416796327e-01 2.467820207350939765e-01 2.442962398447813543e-01 2.411959675130295466e-01 2.375495013873812067e-01 2.334835850908802968e-01 2.291788170857652629e-01 2.307146428570065189e-01 2.434480253145183959e-01 2.533465064598668381e-01 2.589188259802130410e-01 2.587197060582036023e-01 2.515450149792796131e-01 2.366631285269467644e-01 2.140360592343985568e-01 2.077764565413673381e-01 2.073901064819040074e-01 2.068015331911813859e-01 2.058704124668764845e-01 2.160422107365626565e-01 2.488874275236939992e-01 2.760787633534981245e-01 2.960938868536309165e-01 3.083468013551954878e-01 3.131279001653358152e-01
2.300800971869146339e-01 2.345210374856899760e-01 2.385217338356710459e-01 2.419774160920506179e-01 2.448447660473495602e-01 2.471302345951405244e-01 2.488718774189171146e-01 2.501187882293123832e-01 2.509121974673424460e-01 2.512715912016385000e-01 2.511880549999479517e-01 2.506257242227490911e-01 2.495309124568535764e-01 2.478472939121208751e-01 2.455344919384487012e-01 2.425866569927128125e-01 2.390472518672424884e-01 2.350164943613085311e-01 2.306488905936523170e-01 2.284871159414865738e-01 2.411872312826078835e-01 2.510621427281989337e-01 2.565737067166735663e-01 2.562268331418887102e-01 2.487751597887242483e-01 2.334635555430010223e-01 2.102589100492823493e-01 2.028260566154102551e-01 2.014643714957202181e-01 2.000589336655413664e-01 1.985482131238512638e-01 2.117931429997756410e-01 2.446569886746327027e-01 2.719726596320897749e-01 2.921586850555435433e-01 3.045733112346961646e-01 3.094634714291963351e-01
2.308836772499859025e-01 2.352795368374046292e-01 2.391886579009754599e-01 2.425271773986139578e-01 2.452718932493828108e-01 2.474466397001483242e-01 2.491030588566104653e-01 2.502997674101360981e-01 2.510837144164611567e-01 2.514767393840884324e-01 2.514692307866387977e-01 2.510215851489684957e-01 2.500730203244832528e-01 2.485562598482526087e-01 2.464156958725984281e-01 2.436259054201571073e-01 2.402069707826512968e-01 2.362331478779841065e-01 2.318322375835473736e-01 2.271746062110243658e-01 2.384666288457611694e-01 2.482329289854433574e-01 2.535994825154244126e-01 2.530296187996832757e-01 2.452459735113361183e-01 2.294837563484946608e-01 2.057296886689786997e-01 1.978662137029023882e-01 1.955784772580993203e-01 1.934259106694080910e-01 1.914266962312799192e-01 2.078800908335237396e-01 2.405907444465442968e-01 2.678531785305364732e-01 2.880419435930495209e-01 3.004729753020110028e-01 3.053597872268687952e-01
2.313812979443629902e-01 2.357324441112050861e-01 2.395515989804010704e-01 2.427757199226922014e-01 2.454011434264155300e-01 2.474682488207558262e-01 2.490414023626461304e-01 2.501880589962676704e-01 2.509605269750750378e-01 2.513830609499715929e-01 2.514458902285677255e-01 2.511067084117921122e-01 2.502991543763054549e-01 2.489469240867701327e-01 2.469813544507654113e-01 2.443596364909761121e-01 2.410803610721255208e-01 2.371930896549988288e-01 2.327993111365126710e-01 2.280436117146194819e-01 2.354088802608987341e-01 2.450055295987563497e-01 2.501723352002708234e-01 2.493405845525044906e-01 2.412137336905048057e-01 2.250304362898144228e-01 2.008096260756136453e-01 1.933743811647521682e-01 1.902704683339076497e-01 1.874871490184640832e-01 1.851170792242025354e-01 2.046584105755089866e-01 2.370391600235934593e-01 2.640561171755415604e-01 2.840573161591952167e-01 2.963325437546199814e-01 3.010746197857216977e-01
2.316329867771855788e-01 2.359325762829693474e-01 2.396573691274435647e-01 2.427648726899443998e-01 2.452702565697592318e-01 2.472295360629175320e-01 2.487189122420593035e-01 2.498139881378117766e-01 2.505720641096615964e-01 2.510198426788027293e-01 2.511478720653419483e-01 2.509120908604776101e-01 2.502419760024906514e-01 2.490540379715156516e-01 2.472687155043407359e-01 2.448280979569849025e-01 2.417114448790471104e-01 2.379453898388514121e-01 2.336062659114655216e-01 2.288133329172959973e-01 2.321322645898885872e-01 2.415207693529262678e-01 2.464599412478213070e-01 2.453590466762475553e-01 2.369138116502946811e-01 2.203777660474217637e-01 1.958112433143934239e-01 1.896913764021320448e-01 1.859195823360731137e-01 1.826478561360469766e-01 1.800337625451059465e-01 2.023428505317642068e-01 2.342220095131334612e-01 2.608002119459386647e-01 2.804172845462877817e-01 2.923542303346394200e-01 2.967972487367216972e-01
