BlockUplift_10Myr_500yrTimeStep_halfmmyr_k_1e-05_m_0.5_n_1.0_LinDiffusion_0.05_15x7km_30mRes.txt
nrows 250
cellsize 30.0
xllcorner 0.0
ncols 500
yllcorner 0.0
[rows 221 to 237 of 250, columns 185 to 221 of 500]
3.655075649866894310e+02 3.791244772931157740e+02 3.914391416158470633e+02 4.019281888447331994e+02 4.098851475794261887e+02 4.146221704361826141e+02 4.157967226422908311e+02 4.135251395771615535e+02 4.082301401224700044e+02 4.005907930902841940e+02 3.922224661261790857e+02 3.857148545601310161e+02 3.821546032706165192e+02 3.805785115516592327e+02 3.810959149951416407e+02 3.838844944457517840e+02 3.894912419466647862e+02 3.981578131645311487e+02 4.072190459019959690e+02 4.140623176477838001e+02 4.173903331906807352e+02 4.165131244652438340e+02 4.110155435080415600e+02 4.010959800723659328e+02 3.875839012216223409e+02 3.714372279336542420e+02 3.535223807883458562e+02 3.345463622540150936e+02 3.150699419317119236e+02 2.955217933032881774e+02 2.762159652284870504e+02 2.573707095695277758e+02 2.391271517859112521e+02 2.215662481079899919e+02 2.047234164980668538e+02 1.886007631960245305e+02 1.731771863170594656e+02
3.684047057883751677e+02 3.812811597952124885e+02 3.921988453890616597e+02 4.006955002162260939e+02 4.061372866275329443e+02 4.079988196411051717e+02 4.061765697572867566e+02 4.011238789243925567e+02 3.934859578022579853e+02 3.839647242822882163e+02 3.735987530392663416e+02 3.649303035543757119e+02 3.607810786458297798e+02 3.591807916379823382e+02 3.596379928731067253e+02 3.627353908137210965e+02 3.701984770168542127e+02 3.810623577942790234e+02 3.918901666389078287e+02 4.007257944002828367e+02 4.066920479174493721e+02 4.089729637770423096e+02 4.067744862198969713e+02 3.998917718768412897e+02 3.888618961673462309e+02 3.745399488548106319e+02 3.578646738173948165e+02 3.396415850388284525e+02 3.205176509680728714e+02 3.010078193656204348e+02 2.815065504884764209e+02 2.623021561721853345e+02 2.435937608368436429e+02 2.255083923495272984e+02 2.081165747953998277e+02 1.914459191333431534e+02 1.754927603253094617e+02
3.693283225006329076e+02 3.808793887691963960e+02 3.899720459892229769e+02 3.962305391269909478e+02 3.992533023312007572e+02 3.987144646693324148e+02 3.944486481904509105e+02 3.871319661035848299e+02 3.775765381782599093e+02 3.665015179021326048e+02 3.546798734410411384e+02 3.444581295262674416e+02 3.399423548466401712e+02 3.382658101382469340e+02 3.385304966917316847e+02 3.420238003754834040e+02 3.514944256075855833e+02 3.637792889016563436e+02 3.756933350941117169e+02 3.861397411639331381e+02 3.943534205479905950e+02 3.993235490645124059e+02 4.000721415545474997e+02 3.961766299426786873e+02 3.878697446219217682e+02 3.757647581452246754e+02 3.607548635491889399e+02 3.436871645254000782e+02 3.252656422050362721e+02 3.060757843059924426e+02 2.865917771152238629e+02 2.671790038500849960e+02 2.481047191193526658e+02 2.295527866271498567e+02 2.116390352034766522e+02 1.944255607608143066e+02 1.779335896387169669e+02
3.682172652432417408e+02 3.777200880338218099e+02 3.845711120565018746e+02 3.885411119558144719e+02 3.895038802207673143e+02 3.872601081451491609e+02 3.812459667047692733e+02 3.721780616885662880e+02 3.610699654596096480e+02 3.487055753931941240e+02 3.358002059511600805e+02 3.246453514402606970e+02 3.199183048332803878e+02 3.181872493444705015e+02 3.183436139809916199e+02 3.220266456286976791e+02 3.328436866499311577e+02 3.460283113589440518e+02 3.589170451860032927e+02 3.707848584327059029e+02 3.807816570515238368e+02 3.878675027212148620e+02 3.910652375278269801e+02 3.898158825724240160e+02 3.842271749259600142e+02 3.746070646363897367e+02 3.616817496758634434e+02 3.462282335183785449e+02 3.289371836789798067e+02 3.104319132670348722e+02 2.912531981730555799e+02 2.718456372980993478e+02 2.525536640941304540e+02 2.336297232699310200e+02 2.152469431773644999e+02 1.975130097008312759e+02 1.804836410805372395e+02
3.642992579474204149e+02 3.714100065909523209e+02 3.759442324560047837e+02 3.778333966034743412e+02 3.772301969181123127e+02 3.739996518479636620e+02 3.669888363434650955e+02 3.567550026988831746e+02 3.444521285819245122e+02 3.310370753076719552e+02 3.172832658057062076e+02 3.055505872197965687e+02 3.007236384514390011e+02 2.990005223111074883e+02 2.991158049997643502e+02 3.028519204895550274e+02 3.143296559926407667e+02 3.282138892080145638e+02 3.420161692575306347e+02 3.549814180647707076e+02 3.662590942798092897e+02 3.749312098377260440e+02 3.800724362751335548e+02 3.810259180511366708e+02 3.780806288794626653e+02 3.712230125948062209e+02 3.608350425261866690e+02 3.475028275521653427e+02 3.318212529719734789e+02 3.144105433537354202e+02 2.958666486569189260e+02 2.767071242587686015e+02 2.573611427198193269e+02 2.381624211291481004e+02 2.193557964110991918e+02 2.011083613210005865e+02 1.835225554290318257e+02
3.570043902239468707e+02 3.618280829340948230e+02 3.642371077021375640e+02 3.644278816191132933e+02 3.628406736334038101e+02 3.592469675975041241e+02 3.519164540341577094e+02 3.411173720568294812e+02 3.280585457854012930e+02 3.138427086084109874e+02 2.994153013028247301e+02 2.872675574158712948e+02 2.824045911924594066e+02 2.806987634212315470e+02 2.807796802914770069e+02 2.845205063957906759e+02 2.963420783227737161e+02 3.107867432158657834e+02 3.252524841091538974e+02 3.389566287816879253e+02 3.511525399189929999e+02 3.609940663158173493e+02 3.674342627260778045e+02 3.698198943140373558e+02 3.690009993781762887e+02 3.647574051610936294e+02 3.570769096364491588e+02 3.462894682680503706e+02 3.327753370942368178e+02 3.169927172785664879e+02 2.995324270382539567e+02 2.809851837840392932e+02 2.618587749043401232e+02 2.425767374366663773e+02 2.234689034614891341e+02 2.047768117600232358e+02 1.866639576718976059e+02
3.463975292764537244e+02 3.491608576858916422e+02 3.497731012268382642e+02 3.487850751154851423e+02 3.467397361678712855e+02 3.432798890449071223e+02 3.362330784236595491e+02 3.253936166730201762e+02 3.120016502836775203e+02 2.972717454911552863e+02 2.822977512084952423e+02 2.697988455428835550e+02 2.649280842356777157e+02 2.632538732202384608e+02 2.632805869833575798e+02 2.669744980654252799e+02 2.790403335477774363e+02 2.938766417028662090e+02 3.087626242906690663e+02 3.229820172473648654e+02 3.358460138362042358e+02 3.463778255510489430e+02 3.533571645383149189e+02 3.564493421304917433e+02 3.571211152093388819e+02 3.550730428410179798e+02 3.499146555996226198e+02 3.417145903034123080e+02 3.307274036817750584e+02 3.171677158557201892e+02 3.013759514351020812e+02 2.839223428271323542e+02 2.654043016145485581e+02 2.463308854106053616e+02 2.271278253341849904e+02 2.081260278048383441e+02 1.895662869095309020e+02
3.327016668505242478e+02 3.337411899407508145e+02 3.330953316520775616e+02 3.314395610902203657e+02 3.293038990238417796e+02 3.263358836025751657e+02 3.201133811718774496e+02 3.096935645205822993e+02 2.963008664802081853e+02 2.813361517066024931e+02 2.659977066572000126e+02 2.531816560861104506e+02 2.482774654626933000e+02 2.466167160412854571e+02 2.465989489621025825e+02 2.502541335990585480e+02 2.624808419579375141e+02 2.775381378414252822e+02 2.927160689787058345e+02 3.073316199278362433e+02 3.205590372634369487e+02 3.311904675445811108e+02 3.380041555796813668e+02 3.412333174836493299e+02 3.428306835031611399e+02 3.425599664777732301e+02 3.397165489370395903e+02 3.339851815832759598e+02 3.254923024860901251e+02 3.144366451690367512e+02 3.008966498856992757e+02 2.851241075286903879e+02 2.676832234926455385e+02 2.491886601923027911e+02 2.301600755719156552e+02 2.110318588766820938e+02 1.921391855700386486e+02
3.165112299372425468e+02 3.162787345905340999e+02 3.148617131003677514e+02 3.129158769754190530e+02 3.109584295302206556e+02 3.086811590611742417e+02 3.036041823833343756e+02 2.940224984347985355e+02 2.809460626155950536e+02 2.659427010134960483e+02 2.503762803955921186e+02 2.373094849996525397e+02 2.323726843896458263e+02 2.307249897717397857e+02 2.306636573076218610e+02 2.342551483397847960e+02 2.465691340881987230e+02 2.618260084253698778e+02 2.772830827713824533e+02 2.921292006252977558e+02 3.053245684982641137e+02 3.154982812908266396e+02 3.215564547802220545e+02 3.244946821258231466e+02 3.265614886803348327e+02 3.275859228721730574e+02 3.267904793725225545e+02 3.234873433083778878e+02 3.174033562132970587e+02 3.087281229566100933e+02 2.976359866443206670e+02 2.841032759581810296e+02 2.683160172399324779e+02 2.508453955548154681e+02 2.323334729908958423e+02 2.133195011298875556e+02 1.942512400466595750e+02
2.985727947854678632e+02 2.974768962164810659e+02 2.956415399191298548e+02 2.936812304901266089e+02 2.920907434140166856e+02 2.906019693451079320e+02 2.867651402520439774e+02 2.783142934718280230e+02 2.658802506782737964e+02 2.510517577216766369e+02 2.353587984174950236e+02 2.220913642601369702e+02 2.171376952294772593e+02 2.155058131553288661e+02 2.154085188813890284e+02 2.189413001895777597e+02 2.313647402674392879e+02 2.468520440099033237e+02 2.625061671071360934e+02 2.773126632464307022e+02 2.900713582221096658e+02 2.992962638434607925e+02 3.042252648674023590e+02 3.066143973232907456e+02 3.088118102597017014e+02 3.106493515586192871e+02 3.114277423699828091e+02 3.103771174842653409e+02 3.067834767005870162e+02 3.004241872740136046e+02 2.915673405410547616e+02 2.803855580555552365e+02 2.667799780292742184e+02 2.508908853225015889e+02 2.333087469896636321e+02 2.147172724828322430e+02 1.956865162625531980e+02
2.795352780241714754e+02 2.779061652838146870e+02 2.759151076302699721e+02 2.741239616808352935e+02 2.730006066914299367e+02 2.723151624234180304e+02 2.697066450871084839e+02 2.625793147366106268e+02 2.510213914619695288e+02 2.365827276091612816e+02 2.208976168295361333e+02 2.074683386198169330e+02 2.024958224589391591e+02 2.008890912986608157e+02 2.007897966902912117e+02 2.043339073434754880e+02 2.169210559931285900e+02 2.325993527027853531e+02 2.482774705252214176e+02 2.627770364053944832e+02 2.747140838229253745e+02 2.825829664031124935e+02 2.862489275622817217e+02 2.879634994534263797e+02 2.900359569670923747e+02 2.923167671286606151e+02 2.941630201609455639e+02 2.948935564140008978e+02 2.936975388884430913e+02 2.898478299416149184e+02 2.831805292200511985e+02 2.740487836591329938e+02 2.626449974782614163e+02 2.488249639494701171e+02 2.326941653556664846e+02 2.148898983289987257e+02 1.961717803350786653e+02
2.599315714876386210e+02 2.580286549166746681e+02 2.560668313959193938e+02 2.545543286957221198e+02 2.539250216625811163e+02 2.539841128299328261e+02 2.525477131303809131e+02 2.468867001245765209e+02 2.363642319639019149e+02 2.224412229034571737e+02 2.068853281283541889e+02 1.933606041612902686e+02 1.883773755041494269e+02 1.868044040005464410e+02 1.867252676799679421e+02 1.903168866438396662e+02 2.030982483511290297e+02 2.189120184505977704e+02 2.344706789019616906e+02 2.484208991569883551e+02 2.591966231903775792e+02 2.654499969745727412e+02 2.678457734498862237e+02 2.688511873935603376e+02 2.706432518636880786e+02 2.730854880948753021e+02 2.756056070733111483e+02 2.775913030620764630e+02 2.783319196257271528e+02 2.769873731502710257e+02 2.728207506411810073e+02 2.657203471337329574e+02 2.561132121323238380e+02 2.442944535803225676e+02 2.300433172434503604e+02 2.134613876551134126e+02 1.953852380157133553e+02
2.401852194890346937e+02 2.382017865837974284e+02 2.363910118611750306e+02 2.352125843739727884e+02 2.350709795721118383e+02 2.357980949027259499e+02 2.354121258753421841e+02 2.312263291816955473e+02 2.218714102880851726e+02 2.085765166645109048e+02 1.932204091141715026e+02 1.796648093079689943e+02 1.747075253741098777e+02 1.731856798128495427e+02 1.731465532584965956e+02 1.768123279461416928e+02 1.897941012243352077e+02 2.056751083970549985e+02 2.209533479899135955e+02 2.341038148831418937e+02 2.434688107569359374e+02 2.480542268007981193e+02 2.492586659431381975e+02 2.495679061070959790e+02 2.509833641410460245e+02 2.533863397997174900e+02 2.562682452871045484e+02 2.590950650086433029e+02 2.612349625795860675e+02 2.619592048305554499e+02 2.604054409847693137e+02 2.557835741170090103e+02 2.479496276554581584e+02 2.376602549852227071e+02 2.251157263579016217e+02 2.100678235304044676e+02 1.930261694564857180e+02
2.206167756329781184e+02 2.186883597532722661e+02 2.171002914975623526e+02 2.162718526292005947e+02 2.165849745445010512e+02 2.179053661150840924e+02 2.184341801728072596e+02 2.155893843239140324e+02 2.074789759787087746e+02 1.949528488773900108e+02 1.798971446099124591e+02 1.663559798112009673e+02 1.614388536397747202e+02 1.599786940288396693e+02 1.599953312541615276e+02 1.637517236708627593e+02 1.769151301092987296e+02 1.927691389628577667e+02 2.076021269765516593e+02 2.197376315318268780e+02 2.275214251633275069e+02 2.305487142087586676e+02 2.306957329786404784e+02 2.303442988990638014e+02 2.313391546603793927e+02 2.335685582288097351e+02 2.365793556040591170e+02 2.399099377862268341e+02 2.430199348730878341e+02 2.452775330529253210e+02 2.459486524424993092e+02 2.440439830145945734e+02 2.385695976350250476e+02 2.298547958468396359e+02 2.186764264327223941e+02 2.052599870284236658e+02 1.897112211359456637e+02
2.014562251180629744e+02 1.996705622588338827e+02 1.983383080274653594e+02 1.978467650837774272e+02 1.985618057473671740e+02 2.003848509762875096e+02 2.016848766404597200e+02 2.000163739882944185e+02 1.931820951262736230e+02 1.815191855106864409e+02 1.668636806981234031e+02 1.534016694206096929e+02 1.485350267972011409e+02 1.471397779478035943e+02 1.472126868422693349e+02 1.510528884925264208e+02 1.643547473742635532e+02 1.800906386655002507e+02 1.943474810075577182e+02 2.052969278747735871e+02 2.114132675342277992e+02 2.130510537030324940e+02 2.122964902367767479e+02 2.113574835160539749e+02 2.119280856424578019e+02 2.139033058094523199e+02 2.168755448678018070e+02 2.204470553207900139e+02 2.241629837904016540e+02 2.274968002820646404e+02 2.298337352199275756e+02 2.303105724196155393e+02 2.276380103623954483e+02 2.214013268102890208e+02 2.122319473472408902e+02 2.009135045483504314e+02 1.874719530965393801e+02
1.828583921497878180e+02 1.812654780560421273e+02 1.801938228015104357e+02 1.800064575561010543e+02 1.810583259833917111e+02 1.832804604513076470e+02 1.851931062072575003e+02 1.845506149491257872e+02 1.790257419271404729e+02 1.682812259339422951e+02 1.540618100919309086e+02 1.407325585505780339e+02 1.359543585857350934e+02 1.346353804753675547e+02 1.347665464864446676e+02 1.386744621757439404e+02 1.520562060511291804e+02 1.675677894186392507e+02 1.811004888827952755e+02 1.907561026586679418e+02 1.952618434687714455e+02 1.957001787514763294e+02 1.941901284909023673e+02 1.927411393187864519e+02 1.929110517757931405e+02 1.945923416362596186e+02 1.974119385029034675e+02 2.010248190326596784e+02 2.050516363995190545e+02 2.090628665521635696e+02 2.125575514294429524e+02 2.148159007363990156e+02 2.146594556063366781e+02 2.112586809203722567e+02 2.045156153863421764e+02 1.951653770311651783e+02 1.837476844988485709e+02
1.649184347266453301e+02 1.635398236242984638e+02 1.627138762863563954e+02 1.627864175903686146e+02 1.641069483898189105e+02 1.666380894098992087e+02 1.690303730173409065e+02 1.692456951024916521e+02 1.649803210752518225e+02 1.552224406249769686e+02 1.415140286944630645e+02 1.283559781923243008e+02 1.236808128763261863e+02 1.224431207697454909e+02 1.226210220881714434e+02 1.265672063250122505e+02 1.399534660714679433e+02 1.551162996200579016e+02 1.678012112523677217e+02 1.761285411124667917e+02 1.791876658107307492e+02 1.786061052914737957e+02 1.764634235392523465e+02 1.745886226913478936e+02 1.744003561979602921e+02 1.757788338406925845e+02 1.783742308798011038e+02 1.818828804138971122e+02 1.859890094344165448e+02 1.903479896898069512e+02 1.945628509666918546e+02 1.980385171890453080e+02 1.997638956644213408e+02 1.989282767397535849e+02 1.948734359428145240e+02 1.875827991778332660e+02 1.777693463558661335e+02
