BlockUplift_2Ma_1kryTimeStep_2mmyr_k_5e-05_m_0.5_n_1.0_LinDiffusion_0.5_6x3km_30mRes_topographic__elevation.txt
nrows 100
cellsize 30.0
xllcorner 0.0
ncols 200
yllcorner 0.0
[rows 0 to 16 of 100, columns 148 to 184 of 200]
3.627888934949319283e-05 6.542689900894665261e-04 8.954434627027670502e-04 9.447877553931938437e-04 4.748242007994680830e-04 5.044573504115590069e-05 3.752730779209645178e-04 1.334065769932088030e-04 3.982664724424228413e-04 7.466745205977074265e-04 3.371123410163051810e-04 1.364646484784148872e-04 3.404501923554410455e-04 6.283436181508521854e-04 2.420008566554678899e-04 9.865930778674306210e-04 1.463283801586867693e-04 2.400690905064961590e-05 1.952935338230579168e-04 6.764632616783927991e-04 8.736489121946781726e-04 6.007531123553478845e-04 4.203073829736435471e-04 7.571854554623183142e-04 1.254386407009645463e-04 2.619140831597175289e-04 2.803762380766350329e-05 4.122695332525393402e-04 8.060614202662531739e-04 8.300144101547268175e-04 1.785018765267453280e-04 1.480225897928052385e-04 3.909120559807911701e-04 7.582666204205603657e-04 9.365653511057477629e-04 9.940184436556683510e-04 3.562376309502321902e-04
5.781106599660025722e+02 5.842754422193213486e+02 5.908632877564291448e+02 5.976697090100817604e+02 6.044954050249748434e+02 6.111478676514290100e+02 6.174366195809377587e+02 6.231681078686805222e+02 6.281453830282450781e+02 6.321751018426871269e+02 6.350812711409117810e+02 6.367224945188227139e+02 6.370080805037359823e+02 6.359085786231072461e+02 6.334578915225057472e+02 6.297464054192219010e+02 6.249068648320908324e+02 6.190963994610439158e+02 6.124787433841105440e+02 6.052100645304433328e+02 5.974301988552095963e+02 5.892591797730494818e+02 5.807975829398505994e+02 5.721287925352399952e+02 5.633216977888586143e+02 5.544330748945769756e+02 5.455095591824443773e+02 5.365894630249811144e+02 5.277047603318567326e+02 5.188834406825930046e+02 5.101522324102813286e+02 5.015394919839503700e+02 4.930779727846784795e+02 4.848073466218464205e+02 4.767767548964553157e+02 4.690479946366189665e+02 4.616995693992404313e+02
5.756649652082288640e+02 5.819499486236737766e+02 5.886576586336923356e+02 5.955791565493093458e+02 6.025130896185740994e+02 6.092663334245133910e+02 6.156480197975499777e+02 6.214636594682123132e+02 6.265147640902619059e+02 6.306063275377790660e+02 6.335611515437661865e+02 6.352373975697745436e+02 6.355446306501726212e+02 6.344541325405770067e+02 6.320009344632542252e+02 6.282771321850648292e+02 6.234180404358492069e+02 6.175842796442969984e+02 6.109436359526230262e+02 6.036561860813568501e+02 5.958647701530042013e+02 5.876910107016908569e+02 5.792355531226145331e+02 5.705805921273780541e+02 5.617930246481377026e+02 5.529272952158589760e+02 5.440277032655603762e+02 5.351303690509507760e+02 5.262651844254340858e+02 5.174579992186003210e+02 5.087331174945305747e+02 5.001159968881415807e+02 4.916359744049664755e+02 4.833290008247219021e+02 4.752407392674566040e+02 4.674306425366436315e+02 4.599771324439933551e+02
5.709173993376751923e+02 5.774318457588320825e+02 5.843692288016218299e+02 5.915122460801397892e+02 5.986554344069108993e+02 6.056040349917896037e+02 6.121658709024496829e+02 6.181441867298699435e+02 6.233373075756516073e+02 6.275470864537608122e+02 6.305942847036576495e+02 6.323365649905791770e+02 6.326842401929462767e+02 6.316100253762315333e+02 6.291508741842538939e+02 6.254017106490364313e+02 6.205022650901556744e+02 6.146194476899900110e+02 6.079286560828165875e+02 6.005976057590161190e+02 5.927753097668065720e+02 5.845870180981340809e+02 5.761341299702198739e+02 5.674971046259485092e+02 5.587394163059408356e+02 5.499112668899388154e+02 5.410525606038415845e+02 5.321952098662819708e+02 5.233650905584792099e+02 5.145839707454687186e+02 5.058716141938288047e+02 4.972481211608393323e+02 4.887365318893186554e+02 4.803658847146851372e+02 4.721752518446079421e+02 4.642194169605322145e+02 4.565761508871697174e+02
5.641358793169024466e+02 5.709699117420831271e+02 5.782288101589574580e+02 5.856839267352645493e+02 5.931236571897309204e+02 6.003499805380207590e+02 6.071677061426170212e+02 6.133759452744633336e+02 6.187681333041203970e+02 6.231419209748953563e+02 6.263158838098212300e+02 6.281478090162416947e+02 6.285496533143430042e+02 6.274962165349230645e+02 6.250266050683871981e+02 6.212386811203906518e+02 6.162771688066761726e+02 6.103168106710897973e+02 6.035432136603922118e+02 5.961350109027624740e+02 5.882506979344758520e+02 5.800218524526175088e+02 5.715523082591344064e+02 5.629213440016477534e+02 5.541885847101252693e+02 5.453988637379457032e+02 5.365861714930067592e+02 5.277765517254147198e+02 5.189902131298322274e+02 5.102432425103230571e+02 5.015492606589144771e+02 4.929212864790194430e+02 4.843740937177645947e+02 4.759275436781110216e+02 4.676116828481672201e+02 4.594744053949585236e+02 4.515914896206028857e+02
5.556772162346034065e+02 5.628978465564457565e+02 5.705476039133554877e+02 5.783846187605180376e+02 5.861892504088012856e+02 5.937580713944446416e+02 6.008905258536942711e+02 6.073794004517603753e+02 6.130117443815611296e+02 6.175806179288767908e+02 6.209031553527714777e+02 6.228386931052348245e+02 6.233021829034312304e+02 6.222711080174576637e+02 6.197863400788920671e+02 6.159476557581364204e+02 6.109038637124364186e+02 6.048375058781556390e+02 5.979456523565277166e+02 5.904203054195990035e+02 5.824326013036850327e+02 5.741236565600231643e+02 5.656024245761884686e+02 5.569488019964427394e+02 5.482193695488678031e+02 5.394535050351735208e+02 5.306785377106540409e+02 5.219135143109530190e+02 5.131717253587066807e+02 5.044623901882767996e+02 4.957919495019479541e+02 4.871654200363207110e+02 4.785883652180009449e+02 4.700703040237232244e+02 4.616307049904401083e+02 4.533086249428418455e+02 4.451757638103275667e+02
5.459438088387290691e+02 5.535949569436364754e+02 5.616812356442574128e+02 5.699467668535717166e+02 5.781623001745743977e+02 5.861167126502181191e+02 5.936015690003858936e+02 6.004012998206992506e+02 6.062956486690895872e+02 6.110735564321747688e+02 6.145523554163346489e+02 6.165950563539338418e+02 6.171213172475189594e+02 6.161118542103569098e+02 6.136084265167027070e+02 6.097107647765672027e+02 6.045695225704956783e+02 5.983734412763782302e+02 5.913307667376194559e+02 5.836481098512928156e+02 5.755117658388513746e+02 5.670756320681741727e+02 5.584570988333841797e+02 5.497395165742179870e+02 5.409784220315077619e+02 5.322087850848744210e+02 5.234514617134210539e+02 5.147180695861663935e+02 5.060142377494875063e+02 4.973415632057707398e+02 4.886987604557176041e+02 4.800825884683487175e+02 4.714893391263477724e+02 4.629180471605528169e+02 4.543769865513165769e+02 4.458949036940065298e+02 4.375369016615035207e+02
5.353406361835048983e+02 5.434456760136971525e+02 5.519916865584480092e+02 5.607089647947558433e+02 5.693576374234536388e+02 5.777169685320880035e+02 5.855685909282472039e+02 5.926872437303316019e+02 5.988453201856667647e+02 6.038289790775279471e+02 6.074580611640866437e+02 6.096017681099704077e+02 6.101863145648198952e+02 6.091961479343382280e+02 6.066728038246398000e+02 6.027135139032274083e+02 5.974676876111706179e+02 5.911274415003698550e+02 5.839104406678246733e+02 5.760376898645341726e+02 5.677120187934852993e+02 5.591027395442016541e+02 5.503390016433845631e+02 5.415109890346546990e+02 5.326760968115981996e+02 5.238669768763010097e+02 5.150991918094007360e+02 5.063773182265246078e+02 4.976991912565165421e+02 4.890584731260698845e+02 4.804459774322851331e+02 4.718503716330114344e+02 4.632591884855152102e+02 4.546615880140068384e+02 4.460548562574765583e+02 4.374565800233915525e+02 4.289227652023682253e+02
5.242396971805944759e+02 5.328048213156887414e+02 5.418138047603933956e+02 5.509841374164350327e+02 5.600650993218974918e+02 5.688252753737914418e+02 5.770352992945898905e+02 5.844599415359883778e+02 5.908651512790647757e+02 5.960362930151110277e+02 5.997982925498355371e+02 6.020290226685332300e+02 6.026629632990219534e+02 6.016887287790538039e+02 5.991465807422961234e+02 5.951288503244185222e+02 5.897804190799089383e+02 5.832933173543929115e+02 5.758917581579639773e+02 5.678094916638199265e+02 5.592657956256704210e+02 5.504468489839682661e+02 5.414962022852112113e+02 5.325141507362552602e+02 5.235632614774840476e+02 5.146767183676780633e+02 5.058668758996581118e+02 4.971325235068221104e+02 4.884642690890987637e+02 4.798480101188081335e+02 4.712667793140954586e+02 4.627015204286146286e+02 4.541317585404745500e+02 4.455377814956441398e+02 4.369066741251263579e+02 4.282446641219446519e+02 4.195965879790467739e+02
5.129561046267857591e+02 5.219733523965006725e+02 5.314314843685835967e+02 5.410369227444351736e+02 5.505288139277448636e+02 5.596651372626095053e+02 5.682056944213805991e+02 5.759061275407432277e+02 5.825276128132915119e+02 5.878569745529748616e+02 5.917265998266670977e+02 5.940250612397150007e+02 5.946964196312633248e+02 5.937338127438430320e+02 5.911754821418400070e+02 5.871069862234871835e+02 5.816658362229424029e+02 5.750405475459173203e+02 5.674584502412116080e+02 5.591632665151634001e+02 5.503891620927655595e+02 5.413391303503540257e+02 5.321725381241030846e+02 5.230023330817535907e+02 5.138993932907234239e+02 5.049006072542010202e+02 4.960178660628107536e+02 4.872462196706301825e+02 4.785703545939028345e+02 4.699691236332938047e+02 4.614182052758120562e+02 4.528912854921725284e+02 4.443606380014848014e+02 4.357987545057762304e+02 4.271835920978730314e+02 4.185103627992135102e+02 4.098113328111369356e+02
5.017366419352341609e+02 5.111862324296572524e+02 5.210655976955886217e+02 5.310724553955884630e+02 5.409374755102180643e+02 5.504092661358565692e+02 5.592381199230835591e+02 5.671722708972165492e+02 5.739701827765067037e+02 5.794222300540619699e+02 5.833700476820891936e+02 5.857142034856336750e+02 5.864091140948630709e+02 5.854527087260083817e+02 5.828809023950946084e+02 5.787714316800174856e+02 5.732524907793491593e+02 5.665062617402810474e+02 5.587598117856202862e+02 5.502634535881337570e+02 5.412635085167024727e+02 5.319782417366641312e+02 5.225827567770024871e+02 5.132039845177375810e+02 5.039235194042143462e+02 4.947849309423048680e+02 4.858026637676431960e+02 4.769706556625508824e+02 4.682696630399586866e+02 4.596728170783668475e+02 4.511492582434119072e+02 4.426660136685199518e+02 4.341887970072649523e+02 4.256832673062385766e+02 4.171193669278395646e+02 4.084819964236656347e+02 3.997901738167477674e+02
4.907589073989577173e+02 5.006110857598654889e+02 5.108726923106873983e+02 5.212356111120719788e+02 5.314244845256730514e+02 5.411807111153889309e+02 5.502472112018974713e+02 5.583669855759216034e+02 5.652978045046235138e+02 5.708351703087300848e+02 5.748309470875339002e+02 5.771981695349198844e+02 5.779018280849397797e+02 5.769448300768315221e+02 5.743609166081400872e+02 5.702198499823920201e+02 5.646396513691472592e+02 5.577943237172555655e+02 5.499078565533455958e+02 5.412337425471454253e+02 5.320270684244471795e+02 5.225186612799944896e+02 5.128978423871714085e+02 5.033054327305011952e+02 4.938350021422247664e+02 4.845390810886644317e+02 4.754374880108871935e+02 4.665259082513963449e+02 4.577836631762442607e+02 4.491800655467508818e+02 4.406790111423578651e+02 4.322417237727667612e+02 4.238280633773196087e+02 4.153976857359576798e+02 4.069135407515545353e+02 3.983511100548229251e+02 3.897161293582754524e+02
4.801377985661167713e+02 4.903545823734820601e+02 5.009514588353982845e+02 5.116176938652914714e+02 5.220748548823271449e+02 5.320598169154585548e+02 5.413106034638150277e+02 5.495671476661938186e+02 5.565881447401592368e+02 5.621750982515067108e+02 5.661902537373199493e+02 5.685588419451253230e+02 5.692561797081840496e+02 5.682902815031866339e+02 5.656932623108159532e+02 5.615275524378007503e+02 5.559011914061887865e+02 5.489792416928787588e+02 5.409806804557649684e+02 5.321592328646886472e+02 5.227752736666614055e+02 5.130688294886271024e+02 5.032408136314525677e+02 4.934444961629616273e+02 4.837853524082085528e+02 4.743260827153413288e+02 4.650940441805364571e+02 4.560893335262318828e+02 4.472925271192048058e+02 4.386714579060908932e+02 4.301865613488141662e+02 4.217944938236089456e+02 4.134501396287437274e+02 4.051079541342173798e+02 3.967248292675228640e+02 3.882678104581613638e+02 3.797298400810651060e+02
4.699359572441515525e+02 4.804730601364097424e+02 4.913533987232807476e+02 5.022669639687990184e+02 5.129353422182305167e+02 5.230936389996904836e+02 5.324773307918063665e+02 5.408250638839560906e+02 5.478974639492176948e+02 5.535021773239590175e+02 5.575112713870008747e+02 5.598613366075526301e+02 5.605374436145530126e+02 5.595528172843836501e+02 5.569387929946520899e+02 5.527517206341574365e+02 5.470907080870059644e+02 5.401121106469339566e+02 5.320289301891560854e+02 5.230929425769586487e+02 5.135667217372331379e+02 5.036960283362965924e+02 4.936901290164585134e+02 4.837122738609163548e+02 4.738785216420108100e+02 4.642617137070593571e+02 4.548979087782700503e+02 4.457936600967526601e+02 4.369332944189994237e+02 4.282856674496657092e+02 4.198099180759549540e+02 4.114597914987320451e+02 4.031863856760800786e+02 3.949398910427524925e+02 3.866720864555570643e+02 3.783426449360030688e+02 3.699326299354532352e+02
4.601754353928042747e+02 4.709844346738131549e+02 4.820946344396090808e+02 4.931999714791071483e+02 5.040249245958527240e+02 5.143052533860234234e+02 5.237757664591038065e+02 5.321750034930995525e+02 5.392658593376991121e+02 5.448616213703365929e+02 5.488430791897576455e+02 5.511569615821148318e+02 5.517973184819334165e+02 5.507826875824611079e+02 5.481446853517260251e+02 5.439352674660216280e+02 5.382463014177446894e+02 5.312264730379346247e+02 5.230827334739002481e+02 5.140635793924099062e+02 5.044313640594021422e+02 4.944344537505596122e+02 4.842871265024355694e+02 4.741595746693477622e+02 4.641761647368084027e+02 4.544186849853545596e+02 4.449319033798229839e+02 4.357299367885651691e+02 4.268027752447458170e+02 4.181226101646099664e+02 4.096495867439271592e+02 4.013365251982198174e+02 3.931322841617417794e+02 3.849839841548283061e+02 3.768393721046139717e+02 3.686519430138021676e+02 3.603921640916861406e+02
4.508487356367789971e+02 4.618793836690987860e+02 4.731668008153378651e+02 4.844117233337988182e+02 4.953438864667782582e+02 5.057015339942706191e+02 5.152200440327734441e+02 5.236383836935428917e+02 5.307214577786413656e+02 5.362871865563490701e+02 5.402235892961318768e+02 5.424860391026392108e+02 5.430766458862874515e+02 5.420193617903275936e+02 5.393473067866783595e+02 5.351100597754201544e+02 5.293944287170173766e+02 5.223430903128004275e+02 5.141575898847316921e+02 5.050825816723625508e+02 4.953785096035378501e+02 4.852937953203120287e+02 4.750446777892994419e+02 4.648051518565474680e+02 4.547050879520568287e+02 4.448331414286715813e+02 4.352417126240293896e+02 4.259525124068352397e+02 4.169622321942613894e+02 4.082481675185752579e+02 3.997735900009694205e+02 3.914924945158478522e+02 3.833533239887208310e+02 3.753016180279906280e+02 3.672823962310746992e+02 3.592443581944872335e+02 3.511489910466577271e+02
4.419281965514183526e+02 4.531307069655900932e+02 4.645459475731573207e+02 4.758837456279068761e+02 4.868807804858396366e+02 4.972789227395268199e+02 5.068147187873716462e+02 5.152275417880874784e+02 5.222835860339237115e+02 5.278040180338382470e+02 5.316822780050171104e+02 5.338806302258451524e+02 5.344081493745065927e+02 5.332942604619446456e+02 5.305749402998757205e+02 5.262997166707858696e+02 5.205529651708293386e+02 5.134735426340502045e+02 5.052588062797168504e+02 4.961496090601157221e+02 4.864034235737185554e+02 4.762667828448921341e+02 4.659553279253004803e+02 4.556439670239355451e+02 4.454651711843295629e+02 4.355118935751092977e+02 4.258422691004008129e+02 4.164846271531457091e+02 4.074424002309241359e+02 3.986989457035118107e+02 3.902222752144521678e+02 3.819694787850012858e+02 3.738904871250713313e+02 3.659309617281535338e+02 3.580347286424665185e+02 3.501472837552448141e+02 3.422230421682378960e+02
