BlockUplift_2Ma_1kryTimeStep_2mmyr_k_1e-05_m_0.5_n_1.0_LinDiffusion_0.5_3x6km_30mRes_topographic__elevation.txt
nrows 200
cellsize 30.0
xllcorner 0.0
ncols 100
yllcorner 0.0
[rows 170 to 186 of 200, columns 37 to 73 of 100]
4.331503592809744987e+02 4.331503600347552378e+02 4.331503606568249438e+02 4.331503611600083445e+02 4.331503615585387479e+02 4.331503618666577609e+02 4.331503620973268767e+02 4.331503622611679134e+02 4.331503623657199569e+02 4.331503624150603855e+02 4.331503624097891816e+02 4.331503623473398079e+02 4.331503622225420145e+02 4.331503620283477289e+02 4.331503617566216349e+02 4.331503613989083306e+02 4.331503609471070604e+02 4.331503603940114431e+02 4.331503597337053861e+02 4.331503589618336036e+02 4.331503580757899385e+02 4.331503570748750462e+02 4.331503559604686870e+02 4.331503547362460722e+02 4.331503534084368994e+02 4.331503519860992810e+02 4.331503504813596237e+02 4.331503489095570103e+02 4.331503472892342188e+02 4.331503456419305280e+02 4.331503439917524929e+02 4.331503423647264412e+02 4.331503407879584415e+02 4.331503392886502866e+02 4.331503378930347594e+02 4.331503366252981095e+02 4.331503355065597134e+02
4.176046089621326018e+02 4.176046096994859340e+02 4.176046102974267455e+02 4.176046107718826761e+02 4.176046111402781094e+02 4.176046114198446162e+02 4.176046116260734493e+02 4.176046117714603270e+02 4.176046118646469267e+02 4.176046119100153078e+02 4.176046119077313961e+02 4.176046118541822807e+02 4.176046117427127342e+02 4.176046115645420969e+02 4.176046113097379475e+02 4.176046109681350913e+02 4.176046105301131206e+02 4.176046099871844035e+02 4.176046093323849959e+02 4.176046085605005942e+02 4.176046076681928980e+02 4.176046066540999391e+02 4.176046055189801223e+02 4.176046042659399404e+02 4.176046029007491143e+02 4.176046014322031965e+02 4.176045998724690094e+02 4.176045982373286165e+02 4.176045965462441245e+02 4.176045948221823778e+02 4.176045930911684536e+02 4.176045913815699464e+02 4.176045897231456365e+02 4.176045881459177735e+02 4.176045866789457364e+02 4.176045853490842887e+02 4.176045841798101037e+02
4.021063046069371580e+02 4.021063053217990841e+02 4.021063058886189197e+02 4.021063063270612474e+02 4.021063066583785144e+02 4.021063069033635315e+02 4.021063070804883068e+02 4.021063072044103137e+02 4.021063072849810851e+02 4.021063073268189783e+02 4.021063073294379819e+02 4.021063072878549747e+02 4.021063071935511175e+02 4.021063070356322555e+02 4.021063068020322930e+02 4.021063064806170928e+02 4.021063060600816925e+02 4.021063055305837111e+02 4.021063048841083400e+02 4.021063041146171599e+02 4.021063032180725827e+02 4.021063021924476288e+02 4.021063010378190370e+02 4.021062997566044714e+02 4.021062983539467837e+02 4.021062968381959877e+02 4.021062952213964081e+02 4.021062935196666785e+02 4.021062917533665200e+02 4.021062899469698095e+02 4.021062881286023298e+02 4.021062863292476663e+02 4.021062845816613844e+02 4.021062829190719299e+02 4.021062813737612487e+02 4.021062799756297181e+02 4.021062787508431597e+02
3.866550073128466920e+02 3.866550079979044767e+02 3.866550085252146118e+02 3.866550089189490222e+02 3.866550092049592422e+02 3.866550094082904252e+02 3.866550095509314247e+02 3.866550096500340601e+02 3.866550097167646527e+02 3.866550097558653647e+02 3.866550097659033440e+02 3.866550097401043899e+02 3.866550096676054977e+02 3.866550095349267053e+02 3.866550093274619257e+02 3.866550090308101630e+02 3.866550086318125636e+02 3.866550081192249877e+02 3.866550074840288858e+02 3.866550067194546045e+02 3.866550058208505334e+02 3.866550047855541266e+02 3.866550036129046362e+02 3.866550023044836735e+02 3.866550008645908179e+02 3.866549993008844694e+02 3.866549976250608438e+02 3.866549958534180860e+02 3.866549940071627134e+02 3.866549921123514650e+02 3.866549901994160905e+02 3.866549883022739778e+02 3.866549864570815203e+02 3.866549847007253788e+02 3.866549830691727720e+02 3.866549815958067029e+02 3.866549803098644134e+02
3.712502850050005918e+02 3.712502856514368546e+02 3.712502861291668523e+02 3.712502864678062338e+02 3.712502866987457537e+02 3.712502868521196433e+02 3.712502869540759889e+02 3.712502870246443649e+02 3.712502870764049021e+02 3.712502871140501384e+02 3.712502871348039548e+02 3.712502871295549767e+02 3.712502870844855352e+02 3.712502869829414180e+02 3.712502868072845104e+02 3.712502865405040211e+02 3.712502861674176984e+02 3.712502856753752098e+02 3.712502850544726698e+02 3.712502842973857469e+02 3.712502833990087083e+02 3.712502823561191576e+02 3.712502811672692360e+02 3.712502798330232281e+02 3.712502783565531672e+02 3.712502767444949541e+02 3.712502750078867280e+02 3.712502731629820119e+02 3.712502712317445912e+02 3.712502692418856896e+02 3.712502672263755699e+02 3.712502652224396229e+02 3.712502632701115317e+02 3.712502614104697045e+02 3.712502596837086912e+02 3.712502581272016755e+02 3.712502567736968331e+02
3.558917122860749487e+02 3.558917128832584922e+02 3.558917132993074119e+02 3.558917135704250541e+02 3.558917137346904269e+02 3.558917138283467239e+02 3.558917138824741073e+02 3.558917139204241380e+02 3.558917139562753391e+02 3.558917139944157952e+02 3.558917140301965674e+02 3.558917140514603830e+02 3.558917140406591670e+02 3.558917139772296423e+02 3.558917138399024225e+02 3.558917136086608366e+02 3.558917132661366054e+02 3.558917127983306159e+02 3.558917121946749376e+02 3.558917114475859194e+02 3.558917105517675168e+02 3.558917095035788520e+02 3.558917083007452788e+02 3.558917069425853583e+02 3.558917054307681838e+02 3.558917037704612767e+02 3.558917019716219556e+02 3.558917000501463690e+02 3.558916980286159628e+02 3.558916959364618720e+02 3.558916938094631632e+02 3.558916916885971204e+02 3.558916896183431504e+02 3.558916876446045308e+02 3.558916858124401301e+02 3.558916841638032906e+02 3.558916827354558450e+02
3.405788702910745656e+02 3.405788708261844135e+02 3.405788711659948831e+02 3.405788713546972986e+02 3.405788714384715377e+02 3.405788714609195154e+02 3.405788714589879760e+02 3.405788714598671731e+02 3.405788714791942766e+02 3.405788715206876986e+02 3.405788715771214470e+02 3.405788716323756375e+02 3.405788716641837937e+02 3.405788716471531075e+02 3.405788715556504940e+02 3.405788713661936526e+02 3.405788710590809956e+02 3.405788706191117967e+02 3.405788700354200387e+02 3.405788693006225003e+02 3.405788684096438033e+02 3.405788673586566802e+02 3.405788661445344587e+02 3.405788647650574603e+02 3.405788632198905930e+02 3.405788615121319367e+02 3.405788596500848939e+02 3.405788576488579906e+02 3.405788555314468908e+02 3.405788533290632358e+02 3.405788510806137879e+02 3.405788488313628477e+02 3.405788466309202818e+02 3.405788445307696293e+02 3.405788425815860023e+02 3.405788408305868984e+02 3.405788393191220962e+02
3.253113465480860214e+02 3.253113470056559322e+02 3.253113472516896536e+02 3.253113473400892985e+02 3.253113473268805933e+02 3.253113472645646880e+02 3.253113471970926867e+02 3.253113471560956214e+02 3.253113471587916479e+02 3.253113472077154711e+02 3.253113472921323250e+02 3.253113473907739035e+02 3.253113474753968148e+02 3.253113475146244582e+02 3.253113474775584564e+02 3.253113473367145616e+02 3.253113470699369145e+02 3.253113466610973319e+02 3.253113460995974151e+02 3.253113453789443952e+02 3.253113444948974688e+02 3.253113434438018885e+02 3.253113422216728168e+02 3.253113408243697222e+02 3.253113392488800173e+02 3.253113374954206165e+02 3.253113355698656619e+02 3.253113334859533552e+02 3.253113312668089065e+02 3.253113289454827850e+02 3.253113265643961540e+02 3.253113241737549970e+02 3.253113218291316002e+02 3.253113195884977245e+02 3.253113175090334153e+02 3.253113156440148828e+02 3.253113140400294583e+02
3.100887348463859894e+02 3.100887352077502896e+02 3.100887353388417864e+02 3.100887353054012010e+02 3.100887351754695374e+02 3.100887350123587112e+02 3.100887348684175322e+02 3.100887347804227261e+02 3.100887347671366570e+02 3.100887348291979038e+02 3.100887349511332900e+02 3.100887351049944414e+02 3.100887352549593174e+02 3.100887353622146634e+02 3.100887353894837588e+02 3.100887353046474573e+02 3.100887350830155924e+02 3.100887347079803362e+02 3.100887341700540674e+02 3.100887334646419617e+02 3.100887325892338140e+02 3.100887315408808718e+02 3.100887303147587204e+02 3.100887289042973407e+02 3.100887273028946538e+02 3.100887255067868864e+02 3.100887235183740245e+02 3.100887213492419505e+02 3.100887190222607614e+02 3.100887165723830208e+02 3.100887140460256433e+02 3.100887114991488716e+02 3.100887089943087176e+02 3.100887065970634922e+02 3.100887043721519376e+02 3.100887023798279643e+02 3.100887006726469508e+02
2.949106351120583440e+02 2.949106353546776518e+02 2.949106353452320377e+02 2.949106351639435957e+02 2.949106348935825963e+02 2.949106346106607361e+02 2.949106343776433619e+02 2.949106342372799077e+02 2.949106342097523452e+02 2.949106342928231470e+02 2.949106344646634739e+02 2.949106346886701431e+02 2.949106349194036625e+02 2.949106351087845042e+02 2.949106352117736947e+02 2.949106351908625925e+02 2.949106350188027932e+02 2.949106346791919577e+02 2.949106341648748071e+02 2.949106334746015250e+02 2.949106326088793253e+02 2.949106315662401130e+02 2.949106303410689520e+02 2.949106289236785301e+02 2.949106273026332019e+02 2.949106254686955708e+02 2.949106234193855585e+02 2.949106211630958114e+02 2.949106187219371122e+02 2.949106161328454618e+02 2.949106134468493678e+02 2.949106107266871959e+02 2.949106080431651549e+02 2.949106054707635849e+02 2.949106030830326404e+02 2.949106009482637205e+02 2.949105991257916344e+02
2.797766532858084929e+02 2.797766533824467956e+02 2.797766532014392169e+02 2.797766528407900068e+02 2.797766524014204492e+02 2.797766519760506299e+02 2.797766516393965048e+02 2.797766514411528647e+02 2.797766514026657205e+02 2.797766515174836854e+02 2.797766517552984169e+02 2.797766520683101703e+02 2.797766523988707945e+02 2.797766526873281236e+02 2.797766528791508449e+02 2.797766529305260406e+02 2.797766528116952145e+02 2.797766525074643482e+02 2.797766520147498568e+02 2.797766513377005140e+02 2.797766504816701740e+02 2.797766494477789934e+02 2.797766482297077459e+02 2.797766468137065203e+02 2.797766451817974485e+02 2.797766433172366192e+02 2.797766412107735619e+02 2.797766388662339523e+02 2.797766363043235174e+02 2.797766335640882858e+02 2.797766307019760461e+02 2.797766277888115383e+02 2.797766249052358489e+02 2.797766221362850274e+02 2.797766195658116999e+02 2.797766172713622268e+02 2.797766153199363544e+02
2.646864011848912810e+02 2.646864011026093522e+02 2.646864007123273836e+02 2.646864001339840229e+02 2.646863994909998041e+02 2.646863988961223981e+02 2.646863984389878510e+02 2.646863981773799424e+02 2.646863981333605693e+02 2.646863982944428244e+02 2.646863986190553533e+02 2.646863990449374455e+02 2.646863994989457751e+02 2.646863999069471447e+02 2.646864002027419360e+02 2.646864003350819985e+02 2.646864002718322695e+02 2.646864000004296713e+02 2.646863995243062959e+02 2.646863988559011887e+02 2.646863980080003103e+02 2.646863969858804921e+02 2.646863957826462297e+02 2.646863943791692009e+02 2.646863927485667887e+02 2.646863908638104022e+02 2.646863887063402103e+02 2.646863862736139481e+02 2.646863835841273840e+02 2.646863806792528635e+02 2.646863776219410624e+02 2.646863744927964035e+02 2.646863713842940911e+02 2.646863683940359238e+02 2.646863656179531858e+02 2.646863631442355995e+02 2.646863610484938363e+02
2.496394963115026826e+02 2.496394960104215954e+02 2.496394953648739374e+02 2.496394945219955730e+02 2.496394936332812335e+02 2.496394928363961583e+02 2.496394922392577769e+02 2.496394919090811584e+02 2.496394918679106354e+02 2.496394920947481353e+02 2.496394925331142360e+02 2.496394931021055754e+02 2.496394937089274038e+02 2.496394942613007686e+02 2.496394946786046489e+02 2.496394949007233492e+02 2.496394948933675551e+02 2.496394946485762034e+02 2.496394941796972944e+02 2.496394935115139333e+02 2.496394926678849515e+02 2.496394916604542971e+02 2.496394904819226781e+02 2.496394891059310339e+02 2.496394874934030383e+02 2.496394856032169116e+02 2.496394834040935393e+02 2.496394808847772424e+02 2.496394780605814105e+02 2.496394749755833402e+02 2.496394717007186728e+02 2.496394683285873271e+02 2.496394649660407481e+02 2.496394617257293476e+02 2.496394587177815652e+02 2.496394560425995905e+02 2.496394537853803968e+02
2.346355615576829052e+02 2.346355609894608563e+02 2.346355600323481667e+02 2.346355588674069566e+02 2.346355576814200106e+02 2.346355566432849287e+02 2.346355558834618193e+02 2.346355554801619974e+02 2.346355554542575419e+02 2.346355557728729480e+02 2.346355563598510514e+02 2.346355571103058253e+02 2.346355579065573238e+02 2.346355586335711507e+02 2.346355591927998603e+02 2.346355595133980785e+02 2.346355595592167731e+02 2.346355593295728568e+02 2.346355588524270104e+02 2.346355581705735460e+02 2.346355573240657293e+02 2.346355563340205777e+02 2.346355551929511876e+02 2.346355538646335219e+02 2.346355522931943938e+02 2.346355504181800029e+02 2.346355481910117362e+02 2.346355455886884442e+02 2.346355426222087601e+02 2.346355393390140023e+02 2.346355358200795536e+02 2.346355321729277250e+02 2.346355285220389817e+02 2.346355249981929489e+02 2.346355217282392687e+02 2.346355188265453933e+02 2.346355163888484014e+02
2.196742247952720390e+02 2.196742239012229447e+02 2.196742225633392991e+02 2.196742210052917983e+02 2.196742194585723382e+02 2.196742181315339906e+02 2.196742171826130345e+02 2.196742167028222354e+02 2.196742167100821348e+02 2.196742171550558851e+02 2.196742179356699864e+02 2.196742189162630723e+02 2.196742199477185977e+02 2.196742208864668271e+02 2.196742216115463009e+02 2.196742220388950386e+02 2.196742221308141154e+02 2.196742218974651450e+02 2.196742213878720804e+02 2.196742206707502589e+02 2.196742198095529091e+02 2.196742188392310027e+02 2.196742177523599935e+02 2.196742164990772892e+02 2.196742150002389167e+02 2.196742131688321535e+02 2.196742109328299080e+02 2.196742082535960492e+02 2.196742051365628186e+02 2.196742016336572760e+02 2.196741978387697145e+02 2.196741938782366219e+02 2.196741898983504200e+02 2.196741860518543490e+02 2.196741824853240814e+02 2.196741793290175053e+02 2.196741766900623531e+02
2.047551185129510714e+02 2.047551172217239071e+02 2.047551154176251487e+02 2.047551133782405088e+02 2.047551113921817318e+02 2.047551097180426325e+02 2.047551085491982121e+02 2.047551079915054402e+02 2.047551080572295348e+02 2.047551086743160624e+02 2.047551097066174464e+02 2.047551109791017723e+02 2.047551123030851272e+02 2.047551134992575612e+02 2.047551144184702707e+02 2.047551149600368774e+02 2.047551150849028545e+02 2.047551148187402532e+02 2.047551142404477673e+02 2.047551134556935892e+02 2.047551125614753573e+02 2.047551116127027910e+02 2.047551106022702356e+02 2.047551094612412612e+02 2.047551080780638699e+02 2.047551063291808475e+02 2.047551041108715992e+02 2.047551013639241830e+02 2.047550980869302180e+02 2.047550943381620243e+02 2.047550902284642405e+02 2.047550859081798933e+02 2.047550815508099333e+02 2.047550773358449021e+02 2.047550734331559568e+02 2.047550699909590719e+02 2.047550671283954387e+02
1.898778800674998308e+02 1.898778782922311166e+02 1.898778759159743288e+02 1.898778732850889810e+02 1.898778707617765065e+02 1.898778686690981203e+02 1.898778672443136486e+02 1.898778666103664818e+02 1.898778667697961282e+02 1.898778676192646060e+02 1.898778689778828266e+02 1.898778706204529385e+02 1.898778723087686728e+02 1.898778738188906061e+02 1.898778749660319818e+02 1.898778756281011226e+02 1.898778757644996062e+02 1.898778754223753822e+02 1.898778747224729102e+02 1.898778738227934753e+02 1.898778728681831467e+02 1.898778719421198957e+02 1.898778710380207428e+02 1.898778700600081493e+02 1.898778688511973201e+02 1.898778672376849954e+02 1.898778650730368724e+02 1.898778622712754611e+02 1.898778588230494790e+02 1.898778547959790899e+02 1.898778503235263315e+02 1.898778455869643551e+02 1.898778407939714157e+02 1.898778361567628394e+02 1.898778318727324574e+02 1.898778281102037511e+02 1.898778250005441635e+02
