BlockUplift_2Ma_1kryTimeStep_2mmyr_k_1e-05_m_0.5_n_1.0_LinDiffusion_0.75_6x3km_30mRes_topographic__steepest_slope.txt
nrows 100
cellsize 30.0
xllcorner 0.0
ncols 200
yllcorner 0.0
[rows 34 to 50 of 100, columns 74 to 110 of 200]
1.153747313347359249e+00 1.153747313650850037e+00 1.153747313938606522e+00 1.153747314209294883e+00 1.153747314461694762e+00 1.153747314694707482e+00 1.153747314907377586e+00 1.153747315098856641e+00 1.153747315268446982e+00 1.153747315415603270e+00 1.153747315539878082e+00 1.153747315640983651e+00 1.153747315718752997e+00 1.153747315773171023e+00 1.153747315804313667e+00 1.153747315812415852e+00 1.153747315797825967e+00 1.153747315761006531e+00 1.153747315702556397e+00 1.153747315623142367e+00 1.153747315523605765e+00 1.153747315404856089e+00 1.153747315267893647e+00 1.153747315113870853e+00 1.153747314943969648e+00 1.153747314759531628e+00 1.153747314561913706e+00 1.153747314352593367e+00 1.153747314133109603e+00 1.153747313905076455e+00 1.153747313670123731e+00 1.153747313429941412e+00 1.153747313186280099e+00 1.153747312940868186e+00 1.153747312695463823e+00 1.153747312451832929e+00 1.153747312211673259e+00
1.151781444587860914e+00 1.151781444902151952e+00 1.151781445199761444e+00 1.151781445479271859e+00 1.151781445739432863e+00 1.151781445979092267e+00 1.151781446197249759e+00 1.151781446393041142e+00 1.151781446565769418e+00 1.151781446714835511e+00 1.151781446839822864e+00 1.151781446940435716e+00 1.151781447016492210e+00 1.151781447067977249e+00 1.151781447095019395e+00 1.151781447097854016e+00 1.151781447076837051e+00 1.151781447032468986e+00 1.151781446965355782e+00 1.151781446876225301e+00 1.151781446765918870e+00 1.151781446635398831e+00 1.151781446485733884e+00 1.151781446318068447e+00 1.151781446133683495e+00 1.151781445933935721e+00 1.151781445720280406e+00 1.151781445494248102e+00 1.151781445257438419e+00 1.151781445011511140e+00 1.151781444758224415e+00 1.151781444499351936e+00 1.151781444236689822e+00 1.151781443972087482e+00 1.151781443707409425e+00 1.151781443444474418e+00 1.151781443185132092e+00
1.148889438685167352e+00 1.148889439010645219e+00 1.148889439318418138e+00 1.148889439607031271e+00 1.148889439875173002e+00 1.148889440121653616e+00 1.148889440345449930e+00 1.148889440545675322e+00 1.148889440721586608e+00 1.148889440872608247e+00 1.148889440998285272e+00 1.148889441098329689e+00 1.148889441172589843e+00 1.148889441221065955e+00 1.148889441243856391e+00 1.148889441241234044e+00 1.148889441213585494e+00 1.148889441161425884e+00 1.148889441085392038e+00 1.148889440986257116e+00 1.148889440864877542e+00 1.148889440722261179e+00 1.148889440559499597e+00 1.148889440377812710e+00 1.148889440178527455e+00 1.148889439963037828e+00 1.148889439732859730e+00 1.148889439489592768e+00 1.148889439234918930e+00 1.148889438970589483e+00 1.148889438698408094e+00 1.148889438420246822e+00 1.148889438138007701e+00 1.148889437853631623e+00 1.148889437569050598e+00 1.148889437286235715e+00 1.148889437007089009e+00
1.145153414999072083e+00 1.145153415336108038e+00 1.145153415654378115e+00 1.145153415952396836e+00 1.145153416228769538e+00 1.145153416482276088e+00 1.145153416711862882e+00 1.145153416916620426e+00 1.145153417095798432e+00 1.145153417248775396e+00 1.145153417375142091e+00 1.145153417474587876e+00 1.145153417546968422e+00 1.145153417592291500e+00 1.145153417610693669e+00 1.145153417602455148e+00 1.145153417567977838e+00 1.145153417507814630e+00 1.145153417422617670e+00 1.145153417313198085e+00 1.145153417180442057e+00 1.145153417025395859e+00 1.145153416849204131e+00 1.145153416653116984e+00 1.145153416438499105e+00 1.145153416206827979e+00 1.145153415959672794e+00 1.145153415698700883e+00 1.145153415425647747e+00 1.145153415142363018e+00 1.145153414850725859e+00 1.145153414552699589e+00 1.145153414250285051e+00 1.145153413945521059e+00 1.145153413640453754e+00 1.145153413337129722e+00 1.145153413037610424e+00
1.140651435480791953e+00 1.140651435829780347e+00 1.140651436158933940e+00 1.140651436466638691e+00 1.140651436751492609e+00 1.140651437012244696e+00 1.140651437247788724e+00 1.140651437457184558e+00 1.140651437639674803e+00 1.140651437794667711e+00 1.140651437921693878e+00 1.140651438020487740e+00 1.140651438090928060e+00 1.140651438132992190e+00 1.140651438146869534e+00 1.140651438132848305e+00 1.140651438091360159e+00 1.140651438022973752e+00 1.140651437928393852e+00 1.140651437808416269e+00 1.140651437664011336e+00 1.140651437496232212e+00 1.140651437306253957e+00 1.140651437095395293e+00 1.140651436865073309e+00 1.140651436616796355e+00 1.140651436352201564e+00 1.140651436073024660e+00 1.140651435781091960e+00 1.140651435478298392e+00 1.140651435166637473e+00 1.140651434848170220e+00 1.140651434524981189e+00 1.140651434199215553e+00 1.140651433873032694e+00 1.140651433548608429e+00 1.140651433228079714e+00
1.135457496818836898e+00 1.135457497180216935e+00 1.135457497520587777e+00 1.135457497838312291e+00 1.135457498131919873e+00 1.135457498400122223e+00 1.135457498641767371e+00 1.135457498855930725e+00 1.135457499041816254e+00 1.135457499198832876e+00 1.135457499326533615e+00 1.135457499424645356e+00 1.135457499493031763e+00 1.135457499531753456e+00 1.135457499540977189e+00 1.135457499521021374e+00 1.135457499472348308e+00 1.135457499395541525e+00 1.135457499291320893e+00 1.135457499160558381e+00 1.135457499004216109e+00 1.135457498823393419e+00 1.135457498619325545e+00 1.135457498393338982e+00 1.135457498146903665e+00 1.135457497881611655e+00 1.135457497599137833e+00 1.135457497301285867e+00 1.135457496989950688e+00 1.135457496667125588e+00 1.135457496334887129e+00 1.135457495995380262e+00 1.135457495650810777e+00 1.135457495303429321e+00 1.135457494955509627e+00 1.135457494609340756e+00 1.135457494267196443e+00
1.129641549626497543e+00 1.129641550000701544e+00 1.129641550352691093e+00 1.129641550680768658e+00 1.129641550983410569e+00 1.129641551259260357e+00 1.129641551507188479e+00 1.129641551726225268e+00 1.129641551915582021e+00 1.129641552074637456e+00 1.129641552202989896e+00 1.129641552300358898e+00 1.129641552366653423e+00 1.129641552401911442e+00 1.129641552406345228e+00 1.129641552380288294e+00 1.129641552324255782e+00 1.129641552238839219e+00 1.129641552124796000e+00 1.129641551983005865e+00 1.129641551814468903e+00 1.129641551620329754e+00 1.129641551401838750e+00 1.129641551160398105e+00 1.129641550897501068e+00 1.129641550614769674e+00 1.129641550313976950e+00 1.129641549996972527e+00 1.129641549665734601e+00 1.129641549322339733e+00 1.129641548968947973e+00 1.129641548607810408e+00 1.129641548241246074e+00 1.129641547871612195e+00 1.129641547501311516e+00 1.129641547132746338e+00 1.129641546768349825e+00
1.123269541356406442e+00 1.123269541743904254e+00 1.123269542107914187e+00 1.123269542446670766e+00 1.123269542758612349e+00 1.123269543042359375e+00 1.123269543296729900e+00 1.123269543520738489e+00 1.123269543713604435e+00 1.123269543874744203e+00 1.123269544003718146e+00 1.123269544100291339e+00 1.123269544164387845e+00 1.123269544196083825e+00 1.123269544195606207e+00 1.123269544163334466e+00 1.123269544099760653e+00 1.123269544005544684e+00 1.123269543881466825e+00 1.123269543728421693e+00 1.123269543547462446e+00 1.123269543339733945e+00 1.123269543106547141e+00 1.123269542849311575e+00 1.123269542569573787e+00 1.123269542269038856e+00 1.123269541949495354e+00 1.123269541612868627e+00 1.123269541261227689e+00 1.123269540896717489e+00 1.123269540521603993e+00 1.123269540138229106e+00 1.123269539749041313e+00 1.123269539356495761e+00 1.123269538963139302e+00 1.123269538571518344e+00 1.123269538184172189e+00
1.116403479849403357e+00 1.116403480250664826e+00 1.116403480627104816e+00 1.116403480976896345e+00 1.116403481298417821e+00 1.116403481590251934e+00 1.116403481851208745e+00 1.116403482080303045e+00 1.116403482276753900e+00 1.116403482439970229e+00 1.116403482569542804e+00 1.116403482665259572e+00 1.116403482727075014e+00 1.116403482755095045e+00 1.116403482749577458e+00 1.116403482710923933e+00 1.116403482639664935e+00 1.116403482536482805e+00 1.116403482402173131e+00 1.116403482237683376e+00 1.116403482044059592e+00 1.116403481822499044e+00 1.116403481574320677e+00 1.116403481300987321e+00 1.116403481004090370e+00 1.116403480685350225e+00 1.116403480346639387e+00 1.116403479989950709e+00 1.116403479617391392e+00 1.116403479231227402e+00 1.116403478833808638e+00 1.116403478427590246e+00 1.116403478015104200e+00 1.116403477598987504e+00 1.116403477181893367e+00 1.116403476766504310e+00 1.116403476355533941e+00
1.109101514643490827e+00 1.109101515059016219e+00 1.109101515448317921e+00 1.109101515809493232e+00 1.109101516140867716e+00 1.109101516441008517e+00 1.109101516708710822e+00 1.109101516942973875e+00 1.109101517143032289e+00 1.109101517308302753e+00 1.109101517438436213e+00 1.109101517533228387e+00 1.109101517592663733e+00 1.109101517616886579e+00 1.109101517606184917e+00 1.109101517561005723e+00 1.109101517481902555e+00 1.109101517369587508e+00 1.109101517224894362e+00 1.109101517048748153e+00 1.109101516842254886e+00 1.109101516606635141e+00 1.109101516343222738e+00 1.109101516053495606e+00 1.109101515739105981e+00 1.109101515401812232e+00 1.109101515043524389e+00 1.109101514666303911e+00 1.109101514272356370e+00 1.109101513863993249e+00 1.109101513443670139e+00 1.109101513013964313e+00 1.109101512577543192e+00 1.109101512137150802e+00 1.109101511695583575e+00 1.109101511255698780e+00 1.109101510820346359e+00
1.101418033382674411e+00 1.101418033812994191e+00 1.101418034215574382e+00 1.101418034588490080e+00 1.101418034929997791e+00 1.101418035238649784e+00 1.101418035513226368e+00 1.101418035752726565e+00 1.101418035956392760e+00 1.101418036123709587e+00 1.101418036254320443e+00 1.101418036348089435e+00 1.101418036405023892e+00 1.101418036425320768e+00 1.101418036409321122e+00 1.101418036357464825e+00 1.101418036270380707e+00 1.101418036148781310e+00 1.101418035993515288e+00 1.101418035805560747e+00 1.101418035586023914e+00 1.101418035336117374e+00 1.101418035057236011e+00 1.101418034750872632e+00 1.101418034418687464e+00 1.101418034062483731e+00 1.101418033684224973e+00 1.101418033286033049e+00 1.101418032870174146e+00 1.101418032439058559e+00 1.101418031995240243e+00 1.101418031541409936e+00 1.101418031080341642e+00 1.101418030614937926e+00 1.101418030148162641e+00 1.101418029683001398e+00 1.101418029222493988e+00
1.093403770873669689e+00 1.093403771319299222e+00 1.093403771735627972e+00 1.093403772120624673e+00 1.093403772472538504e+00 1.093403772789883988e+00 1.093403773071418117e+00 1.093403773316200978e+00 1.093403773523482503e+00 1.093403773692777303e+00 1.093403773823782510e+00 1.093403773916399313e+00 1.093403773970718751e+00 1.093403773986953320e+00 1.093403773965474057e+00 1.093403773906819199e+00 1.093403773811602697e+00 1.093403773680574842e+00 1.093403773514599608e+00 1.093403773314685079e+00 1.093403773081937924e+00 1.093403772817585606e+00 1.093403772523023010e+00 1.093403772199773583e+00 1.093403771849504436e+00 1.093403771474072528e+00 1.093403771075478925e+00 1.093403770655875906e+00 1.093403770217613147e+00 1.093403769763184208e+00 1.093403769295264283e+00 1.093403768816635147e+00 1.093403768330222237e+00 1.093403767839057128e+00 1.093403767346255107e+00 1.093403766855014281e+00 1.093403766368517882e+00
1.085105928540709419e+00 1.085105929002209812e+00 1.085105929432726546e+00 1.085105929830168181e+00 1.085105930192738377e+00 1.085105930518928563e+00 1.085105930807533925e+00 1.085105931057607220e+00 1.085105931268465884e+00 1.085105931439632743e+00 1.085105931570910842e+00 1.085105931662239120e+00 1.085105931713754579e+00 1.085105931725767414e+00 1.085105931698687298e+00 1.085105931633067122e+00 1.085105931529574352e+00 1.085105931388981482e+00 1.085105931212190900e+00 1.085105931000195367e+00 1.085105930754093562e+00 1.085105930475151581e+00 1.085105930164733445e+00 1.085105929824393023e+00 1.085105929455804974e+00 1.085105929060834251e+00 1.085105928641519224e+00 1.085105928200088554e+00 1.085105927738929221e+00 1.085105927260656244e+00 1.085105926767998108e+00 1.085105926263872700e+00 1.085105925751364886e+00 1.085105925233635027e+00 1.085105924713987813e+00 1.085105924195772786e+00 1.085105923682408546e+00
1.076568302223578577e+00 1.076568302701525592e+00 1.076568303146693051e+00 1.076568303556913131e+00 1.076568303930381942e+00 1.076568304265568488e+00 1.076568304561283274e+00 1.076568304816616140e+00 1.076568305030938699e+00 1.076568305203863929e+00 1.076568305335240394e+00 1.076568305425098515e+00 1.076568305473642795e+00 1.076568305481237164e+00 1.076568305448373897e+00 1.076568305375644741e+00 1.076568305263746472e+00 1.076568305113490442e+00 1.076568304925770825e+00 1.076568304701587930e+00 1.076568304442048429e+00 1.076568304148395328e+00 1.076568303822000416e+00 1.076568303464387144e+00 1.076568303077253042e+00 1.076568302662470389e+00 1.076568302222108198e+00 1.076568301758432655e+00 1.076568301273914674e+00 1.076568300771206577e+00 1.076568300253173627e+00 1.076568299722854727e+00 1.076568299183456201e+00 1.076568298638342913e+00 1.076568298090955889e+00 1.076568297544864938e+00 1.076568297003670294e+00
1.067831416450841564e+00 1.067831416945818956e+00 1.067831417406083894e+00 1.067831417829431029e+00 1.067831418213995631e+00 1.067831418558292444e+00 1.067831418861116211e+00 1.067831419121633596e+00 1.067831419339283050e+00 1.067831419513777247e+00 1.067831419645024926e+00 1.067831419733185294e+00 1.067831419778531243e+00 1.067831419781517299e+00 1.067831419742681920e+00 1.067831419662684356e+00 1.067831419542267124e+00 1.067831419382249125e+00 1.067831419183532082e+00 1.067831418947101429e+00 1.067831418674071164e+00 1.067831418365638774e+00 1.067831418023160950e+00 1.067831417648153591e+00 1.067831417242291581e+00 1.067831416807462075e+00 1.067831416345734308e+00 1.067831415859419986e+00 1.067831415351042867e+00 1.067831414823346314e+00 1.067831414279294178e+00 1.067831413722054368e+00 1.067831413154961773e+00 1.067831412581555561e+00 1.067831412005481706e+00 1.067831411430514299e+00 1.067831410860480945e+00
1.058932663499172033e+00 1.058932664011785985e+00 1.058932664487626019e+00 1.058932664924410849e+00 1.058932665320268418e+00 1.058932665673698148e+00 1.058932665983593369e+00 1.058932666249158272e+00 1.058932666469938111e+00 1.058932666645735710e+00 1.058932666776596809e+00 1.058932666862756333e+00 1.058932666904646158e+00 1.058932666902766551e+00 1.058932666857761662e+00 1.058932666770344033e+00 1.058932666641286824e+00 1.058932666471423589e+00 1.058932666261663824e+00 1.058932666012985191e+00 1.058932665726433742e+00 1.058932665403222062e+00 1.058932665044638677e+00 1.058932664652153743e+00 1.058932664227442366e+00 1.058932663772346405e+00 1.058932663288980391e+00 1.058932662779655809e+00 1.058932662246949485e+00 1.058932661693688715e+00 1.058932661122935270e+00 1.058932660537993842e+00 1.058932659942365628e+00 1.058932659339742122e+00 1.058932658733996002e+00 1.058932658129090987e+00 1.058932657529104926e+00
1.049906445719640535e+00 1.049906446250535419e+00 1.049906446742390198e+00 1.049906447192908265e+00 1.049906447600187587e+00 1.049906447962780431e+00 1.049906448279618099e+00 1.049906448550010918e+00 1.049906448773632928e+00 1.049906448950408411e+00 1.049906449080534321e+00 1.049906449164367039e+00 1.049906449202459680e+00 1.049906449195449065e+00 1.049906449144047293e+00 1.049906449049035517e+00 1.049906448911239520e+00 1.049906448731500630e+00 1.049906448510697921e+00 1.049906448249786628e+00 1.049906447949797483e+00 1.049906447611829163e+00 1.049906447237155316e+00 1.049906446827185480e+00 1.049906446383526371e+00 1.049906445908027397e+00 1.049906445402757571e+00 1.049906444870074118e+00 1.049906444312584064e+00 1.049906443733182870e+00 1.049906443135061318e+00 1.049906442521622241e+00 1.049906441896556908e+00 1.049906441263737999e+00 1.049906440627235815e+00 1.049906439991271645e+00 1.049906439360158039e+00
