BlockUplift_LongRun_3Myr_1kyrTimeStep_halfmmyr_k_1.5e-05_m_0.5_n_1.0_LinDiffusion_0.5_0x0km_30mRes.txt
nrows 10
cellsize 30.0
xllcorner 0.0
ncols 20
yllcorner 0.0
6.405493545354999391e-04 8.527303701442535749e-04 1.974721767191246541e-04 4.595741381462065253e-04 4.157173553610452412e-04 9.902778972826009954e-04 3.372094490416624045e-04 3.063787240428689001e-04 1.513908165948504403e-04 3.012653731633266785e-04 7.215860529378621824e-04 3.560210993647250377e-04 8.628841167411014463e-04 6.660876728098026568e-04 4.254440736084230825e-05 7.932589827776699272e-04 4.281191448266047275e-04 4.982136345098552022e-04 6.093193320761342621e-04 8.992749856331302711e-04
7.042170244204657955e-04 2.688902862130255045e+01 2.688903157877601302e+01 2.688903720853678081e+01 2.688904500963186450e+01 2.688905439467174574e+01 2.688906479302508146e+01 2.688907564879365353e+01 2.688908644971808570e+01 2.688909680454248630e+01 2.688910656487059825e+01 2.688911585613852395e+01 2.688912494567678735e+01 2.688913402014355825e+01 2.688914303891034407e+01 2.688915162703494133e+01 2.688915911953311877e+01 2.688916473527510576e+01 2.688916775661763836e+01 6.055072730407315461e-04
1.971028932564751327e-04 2.602663845355248640e+01 2.602664168406123935e+01 2.602664779342235590e+01 2.602665615699257629e+01 2.602666608885430932e+01 2.602667701974013426e+01 2.602668836612891923e+01 2.602669954154198351e+01 2.602671003847260778e+01 2.602671967902091055e+01 2.602672871490587880e+01 2.602673762602814733e+01 2.602674673981364961e+01 2.602675611770327535e+01 2.602676534241516748e+01 2.602677358284764608e+01 2.602677988544326482e+01 2.602678331546043466e+01 4.397701587646165515e-04
9.581869678422350435e-04 2.433414244856769315e+01 2.433414627842509148e+01 2.433415344674711989e+01 2.433416300811369481e+01 2.433417401216041398e+01 2.433418601473647414e+01 2.433419839471189405e+01 2.433421041575770261e+01 2.433422121937307381e+01 2.433423050469184901e+01 2.433423883681269828e+01 2.433424726337857180e+01 2.433425635718219482e+01 2.433426648023173655e+01 2.433427711253231251e+01 2.433428698547171365e+01 2.433429484301854018e+01 2.433429919942076580e+01 1.606544601389672225e-04
3.705400374422458502e-04 2.186084458170647338e+01 2.186084945083644371e+01 2.186085852742737856e+01 2.186087013648574384e+01 2.186088258754080726e+01 2.186089620681754653e+01 2.186091027270180476e+01 2.186092391600328355e+01 2.186093529708956495e+01 2.186094370871677128e+01 2.186095037427105225e+01 2.186095779637958003e+01 2.186096652735562529e+01 2.186097785647571357e+01 2.186099103878457939e+01 2.186100366272429696e+01 2.186101441757262265e+01 2.186102046949500277e+01 8.666504395882774050e-04
4.061930061745499989e-05 1.866324873327967993e+01 1.866325521186923453e+01 1.866326768355823518e+01 1.866328281483012219e+01 1.866329635549768184e+01 1.866331217284312416e+01 1.866332867413452590e+01 1.866334557771062919e+01 1.866335818092482057e+01 1.866336459887576638e+01 1.866336734729369340e+01 1.866337327009323488e+01 1.866338046064705836e+01 1.866339363553767683e+01 1.866341149527659482e+01 1.866342799198921298e+01 1.866344414532332152e+01 1.866345308985394524e+01 2.871581592086582782e-04
5.125028898620261541e-04 1.480135472575926237e+01 1.480136320498628244e+01 1.480138199716063596e+01 1.480140436322143138e+01 1.480141541937725158e+01 1.480143473025156275e+01 1.480145384733557812e+01 1.480147819700243694e+01 1.480149370635927575e+01 1.480149587849262893e+01 1.480148862012084798e+01 1.480149476647256357e+01 1.480149619890621082e+01 1.480151232408455186e+01 1.480154016215742807e+01 1.480155950387173291e+01 1.480158707022852305e+01 1.480160041601133258e+01 7.042890597585738273e-04
6.430339587879429141e-04 1.033655083260523533e+01 1.033655952351089091e+01 1.033659035586689434e+01 1.033663368039238684e+01 1.033662377047496683e+01 1.033665468784254671e+01 1.033667085672389874e+01 1.033671551454169268e+01 1.033673771462495594e+01 1.033673259246482701e+01 1.033669421409259925e+01 1.033671798080684034e+01 1.033669555292952325e+01 1.033671725397584673e+01 1.033677360883486429e+01 1.033677951894401126e+01 1.033683920304996917e+01 1.033685556154341789e+01 7.661119669939119026e-04
1.479039083297314277e-04 5.345291920936242391e+00 5.345287521166917521e+00 5.345338129345534206e+00 5.345466263137658380e+00 5.345343393182800718e+00 5.345441500967269555e+00 5.345411169584327382e+00 5.345524767405814615e+00 5.345557097494847199e+00 5.345552379066952575e+00 5.345390367743399374e+00 5.345539031386564943e+00 5.345404505420837005e+00 5.345440713017479695e+00 5.345608038109836535e+00 5.345497024206895986e+00 5.345683304475222108e+00 5.345674610077105982e+00 2.488769000803395595e-04
4.580549482240905577e-04 3.083496069649116250e-04 2.314870450355622762e-04 2.774245517561258877e-04 8.172348119026698939e-04 1.113466360924981736e-04 6.264372289542524544e-04 2.767878866365143346e-04 6.821746741884953053e-04 6.789707839107429451e-04 7.967174185877427643e-04 4.580216252273305725e-05 9.125982744103684850e-04 2.138159863370666671e-04 3.036373012725162050e-04 9.890636234503387587e-04 1.858815029211289139e-04 9.887248354111613253e-04 7.500842313719652439e-04 2.223860451143420123e-04
