BlockTilt_5Ma_1mmyr_m1_n5_k1Minus5_5kyrTimeStep_wLinDiff_30mRes_30kmBy60km.txt
nrows 100
cellsize 30.0
xllcorner 0.0
ncols 200
yllcorner 0.0
[rows 51 to 67 of 100, columns 111 to 147 of 200]
3.456716264517943955e+02 3.103072600726615065e+02 2.769640021126369334e+02 3.172099241216281484e+02 2.171788133212834282e+02 2.017431124709720507e+02 1.871518807685824868e+02 1.734117002992760774e+02 1.601626503140994942e+02 1.472491923158959821e+02 1.345456660111825045e+02 2.242028776398219634e+02 1.877600088162373027e+02 2.140382365053017395e+02 1.140080930553423002e+02 2.140382365053017395e+02 2.646948553244604341e+02 2.963271301951753571e+02 3.234426558014813509e+02 3.648736933393769277e+02 4.226228897799974220e+02 4.643592109776782308e+02 3.728910213463444165e+02 2.728346445503033806e+02 2.150642489255294265e+02 1.703161435107314787e+02 1.671320691445653779e+02 2.570041722465214775e+02 2.155594188233899899e+02 1.194580040772992788e+02 2.195193333880862951e+02 2.649363233531529431e+02 2.542552740066245178e+02 1.824967797370811695e+02 2.075113138066550391e+02 2.782656279941655839e+02 3.783219177344312811e+02
3.576397567611738282e+02 3.129073416503701992e+02 2.720704746138648034e+02 2.404367811813378353e+02 3.172099241216275800e+02 2.724770471608240996e+02 2.371687819116331752e+02 2.441451866664708632e+02 2.601933943991009528e+02 2.472793980946761963e+02 2.242028776398219634e+02 1.241730549063381233e+02 1.170278230515449991e+02 2.070298051938551680e+02 1.110934100872800769e+02 1.369213687485545279e+02 1.646644946405155565e+02 1.962970940312086157e+02 2.341059845666703438e+02 2.841216538350369660e+02 3.548510365433830316e+02 4.548733059139046873e+02 4.143332284624225395e+02 3.565666734584061714e+02 3.118196778559670292e+02 2.370224560431797158e+02 1.369624863031615121e+02 2.116071983139446502e+02 1.154971874052130119e+02 2.155594188233893931e+02 1.902127924923748026e+02 2.902715818847573246e+02 3.179328433757031576e+02 2.178731257655717855e+02 3.075714367587243032e+02 2.501781695443967806e+02 3.209314788204849833e+02
4.537730544427313930e+02 3.537421690445049762e+02 3.706261276999213123e+02 2.705983792586513346e+02 3.706261277000018026e+02 3.725053207714639711e+02 2.949218586758062202e+02 3.441758381786569885e+02 3.397037663217861905e+02 2.396783707928020704e+02 1.819253731821070801e+02 2.242028776398219634e+02 2.070298051938551680e+02 1.069990730246750843e+02 2.070298051938551680e+02 2.369514249745280381e+02 2.646948553244604341e+02 2.963271301951753571e+02 3.341342674036869198e+02 3.755650680397199608e+02 4.255771319478982946e+02 4.625778569190844109e+02 4.516337176586735609e+02 3.601563205722353018e+02 2.600997202218193252e+02 1.893466451594933346e+02 2.077078091446166468e+02 1.115439788343404217e+02 2.116071983139446502e+02 2.570041722465214775e+02 2.902715818847573814e+02 3.317152649490604972e+02 3.587811234914667011e+02 2.587236250599771665e+02 3.587811234914634042e+02 3.502364167006604703e+02 3.036634263968676919e+02
4.952319177782581505e+02 4.338892699748301993e+02 3.338614592136842134e+02 3.413283862982917185e+02 4.120699125100417746e+02 4.363875607308593771e+02 3.949484864456941295e+02 3.770420568437879183e+02 3.811155825179869794e+02 3.233809416989717533e+02 2.819547002764162471e+02 2.750850198197582017e+02 1.750555493824489304e+02 1.043224820656822516e+02 1.750555493824489304e+02 2.750850198197582017e+02 3.194959629593483896e+02 3.609271453104550460e+02 3.825712488463386762e+02 4.240016742060917068e+02 4.625778569190842973e+02 3.625285874935186712e+02 3.515841225590923500e+02 3.362287477255475210e+02 2.361711183773132348e+02 1.654175924332002410e+02 1.076435499904738009e+02 2.077078091446166468e+02 2.530520185336826557e+02 3.032796729591520375e+02 3.032796729591520375e+02 4.033344894620558989e+02 4.002211901179289839e+02 3.587809052346505041e+02 4.002211901005447316e+02 4.451585066308598471e+02 4.037176474607075534e+02
5.006328827617659840e+02 4.753418832102370288e+02 4.045892089406779064e+02 4.413569910563857093e+02 4.297639640159690089e+02 3.720096998526271932e+02 3.305714687655039370e+02 2.770135825808760046e+02 2.839432300816113184e+02 2.646922448231628664e+02 2.461169814076035323e+02 2.298899043186690960e+02 2.016819695595178814e+02 1.016506317779351178e+02 2.016819695595178814e+02 2.487652959427865085e+02 2.194676943888309211e+02 3.194959629593483896e+02 2.825456380864141579e+02 3.662524892792529272e+02 4.516337176586803253e+02 3.515841225590923500e+02 2.808345140555035186e+02 3.308612422821486803e+02 2.757126436922052903e+02 1.756531105733031666e+02 1.048948584976442930e+02 2.049598693014696096e+02 2.455106610627239832e+02 2.032208092514877933e+02 2.739739322934698862e+02 3.740299895296307113e+02 3.585277867457774050e+02 4.000699664609797992e+02 3.928130406846336768e+02 3.512487304511994921e+02 3.652982490789638632e+02
4.296546699263221853e+02 5.300440746219314860e+02 5.046258747112905780e+02 4.545657824468613626e+02 3.883214720128290764e+02 2.882955325429246045e+02 2.305422121028874187e+02 2.062802962598783267e+02 1.839123317834296927e+02 1.646615326366564886e+02 1.460866725285240193e+02 1.298597688493215401e+02 1.142372985782993737e+02 9.898160128601861629e+01 1.952969169611687903e+02 1.487351183550871383e+02 2.487652959427865085e+02 2.670701067320014204e+02 2.247931998338996493e+02 3.248214355482388100e+02 4.146099711920987829e+02 3.731686268805756299e+02 3.308612422821486803e+02 2.308045506046900073e+02 2.729689688092689153e+02 1.729092232489120988e+02 1.021502970508268362e+02 1.983414830074494262e+02 1.454497240650831031e+02 2.455106610627239832e+02 2.863145038317909439e+02 3.278094852010099203e+02 2.582691327706509696e+02 3.331208670998446451e+02 3.349177564689862265e+02 2.509991345559435274e+02 2.650578597779358461e+02
4.577630201436588777e+02 5.079288714779429483e+02 4.708611977003646984e+02 3.708350454503571996e+02 3.130858022683632953e+02 2.752782571796279854e+02 3.305714687645331651e+02 2.546457492478377276e+02 2.839432294965937444e+02 2.038395022207104148e+02 2.461169814076035323e+02 2.298899043186690960e+02 2.142678056396833313e+02 1.952969169611687903e+02 9.526472901266856752e+01 1.952969169611687903e+02 2.223353209626071703e+02 1.670400847927457448e+02 2.377726828363906861e+02 3.378003448433785820e+02 3.731686268805756299e+02 2.731146452818607600e+02 3.006930146404753259e+02 2.006353175123411461e+02 3.006930146404753259e+02 2.436610645024612154e+02 1.983414830074494262e+02 9.827475183621800170e+01 1.983414830074494262e+02 2.179218378532661973e+02 1.861743413237034019e+02 2.393847711910059957e+02 2.004369567617234509e+02 2.328634880656804569e+02 2.744032957543176963e+02 1.933184425546387502e+02 2.073925098235254723e+02
3.660394536311490015e+02 4.663525990205860126e+02 5.123309875537497646e+02 4.545651947913411277e+02 4.131108608042233072e+02 3.460080194758274956e+02 3.961150414017630510e+02 3.253767935925324082e+02 3.453040488242421588e+02 2.538553647224924816e+02 3.214279093139774659e+02 2.213994698458083974e+02 1.636463400532241792e+02 1.228086693515390238e+02 9.264638418976772982e+01 1.889917064915868252e+02 1.223044775495465899e+02 1.670400847927457448e+02 2.247931998338996493e+02 3.248214355482380142e+02 3.731686268805755162e+02 2.731146452818607600e+02 2.023625393690192880e+02 1.738933264137076833e+02 2.739514702431130786e+02 2.663683188368348738e+02 1.663079880653487805e+02 9.554764999467232656e+01 1.956149804205480791e+02 1.178240724691461878e+02 1.283922761885770569e+02 1.392659635656997068e+02 1.504018093234868445e+02 1.621154322429256069e+02 1.743177902773378491e+02 2.744032957543095677e+02 3.074244333305723558e+02
4.477791958186554666e+02 5.079285362556596510e+02 5.521052632885753155e+02 5.020763736368663785e+02 4.606935938288978605e+02 4.460379057135685343e+02 4.663239781292620592e+02 4.254036316136201776e+02 3.953206074785782675e+02 3.245862421513244840e+02 3.628589843009557399e+02 2.636764628984621481e+02 2.044837172606915772e+02 2.228393362580717110e+02 1.889917064915868252e+02 8.895857789077194866e+01 1.889917064915868252e+02 2.637677982968372135e+02 3.085019761900193771e+02 3.662524892747709373e+02 3.697146066086550604e+02 2.696604416310747183e+02 1.989082405044734401e+02 1.488778343336572334e+02 2.226601273060312565e+02 2.641040516729486853e+02 1.928925007953258159e+02 9.282467215079051925e+01 1.030456954413071173e+02 1.738164515467431386e+02 2.284985540510535884e+02 2.100423039917434380e+02 2.167721351077881593e+02 2.207716258547971222e+02 2.450342141863824281e+02 2.277643709222316488e+02 3.288146731759034651e+02
4.893495469142555976e+02 5.814161847286043212e+02 4.814091412549387314e+02 4.106871879405812251e+02 3.606786438492009665e+02 4.198626752665810500e+02 3.663115486992040246e+02 4.370243551315020341e+02 4.565963925884695982e+02 4.246118399497588598e+02 4.051338918930107411e+02 3.459438681607549597e+02 3.045124747093522615e+02 2.571356209749553159e+02 1.571055527305564965e+02 8.637014986922753224e+01 1.441258375299658212e+02 2.148586623798325945e+02 3.148870204106361825e+02 3.449526499652481561e+02 3.558942598046036210e+02 3.404082202869176967e+02 2.903804226658319294e+02 2.226601273060312565e+02 1.225985488690498357e+02 2.226601273060312565e+02 1.865489108871992698e+02 9.019548616391742257e+01 1.902633073706155358e+02 2.445860219931184361e+02 3.153555924392496763e+02 3.102237534569535455e+02 3.120703721397320010e+02 2.979314572349356354e+02 3.453065307883672972e+02 2.780102273147913934e+02 3.713220198100554512e+02
5.124894447944915328e+02 5.946587651822870839e+02 4.946564839685333936e+02 4.239348864167785678e+02 4.198626752665865070e+02 3.198460589275750863e+02 2.955870862364627101e+02 3.647389022059669514e+02 3.565813013711848498e+02 4.272906071578045157e+02 3.616417941721057900e+02 3.116277536247637272e+02 2.701957173512017221e+02 2.368523240930342411e+02 1.838208271334142410e+02 8.378689107513574186e+01 1.545226610554007607e+02 2.545528570316138826e+02 3.156543878232951101e+02 2.449253097574242872e+02 2.558673615761214251e+02 3.558942598046036210e+02 2.632688272915805214e+02 1.632097778765644307e+02 1.054355002839698159e+02 1.828396272695415803e+02 8.648124375700373889e+01 1.865489108871992698e+02 2.317084709656060966e+02 2.817844554517997722e+02 3.176026400064146173e+02 3.574903140492815510e+02 4.022538166947630884e+02 4.071644936293414503e+02 4.211997304349588376e+02 3.814376281749969166e+02 4.261975670395054294e+02
4.665771769787331209e+02 5.244249705349297983e+02 5.653462610159706401e+02 5.239464740019172950e+02 4.612798203992464892e+02 4.198626752665865070e+02 3.647389022059669514e+02 2.647187523953375035e+02 2.858561300856888465e+02 3.772900109253660048e+02 3.202100194614775432e+02 2.201814227431878805e+02 1.701655405181508627e+02 1.368217481911372033e+02 1.079443311191678276e+02 8.120706103758764982e+01 1.776115788963972477e+02 2.190446411025758948e+02 2.742226394002420875e+02 1.741926509841736390e+02 2.742226394002420875e+02 3.323255260030375098e+02 3.047120492902433853e+02 2.469439888888554151e+02 1.828396272695415803e+02 8.277230843168251795e+01 1.828396272695415803e+02 2.279939254003615758e+02 2.330299358981472722e+02 1.884120290614171438e+02 2.369142502445210710e+02 2.998253838401527673e+02 3.289391998495573830e+02 3.390289235405142563e+02 3.415445872947394719e+02 3.450956409163110834e+02 4.630282324742466926e+02
3.827299768890059681e+02 4.829280605158045887e+02 4.990549981362020731e+02 4.576370591544776971e+02 4.222762641580170566e+02 3.921200881834874394e+02 3.653890660055411672e+02 3.358656044734278794e+02 2.358432893571292652e+02 3.358656044734278794e+02 3.616417595862007488e+02 3.116277536248182969e+02 2.701957173512018358e+02 2.368523240930342411e+02 2.079759835085552595e+02 1.776115788963972477e+02 7.757668276850152722e+01 1.776115788963972477e+02 2.030712516490155224e+02 1.408485901672097498e+02 1.908646020159957288e+02 2.908940178404428707e+02 3.155482360273535392e+02 2.154924489347303620e+02 1.802546803755257088e+02 8.018771507877760030e+01 1.802546803755257088e+02 1.897548687367115008e+02 1.349068906773433127e+02 2.135928441771480379e+02 2.262715703006817876e+02 2.393234401133291556e+02 2.270296071213532798e+02 2.368265572173315547e+02 2.301786130296050317e+02 3.449705798711328839e+02 3.981929204878356359e+02
4.665771769854321747e+02 5.153797505412893543e+02 4.153664691525253261e+02 3.576216248151728792e+02 3.222595413906223598e+02 2.921017600444783398e+02 2.653689043341997262e+02 2.411086683123363343e+02 2.181605869304762280e+02 2.985678109144937480e+02 2.985678020847271910e+02 3.985859370238036377e+02 3.144524089282535897e+02 2.144201368187622450e+02 1.566668870962075744e+02 1.066499630424461316e+02 7.501383217730742103e+01 1.714382206280113223e+02 1.030388243278806186e+02 1.607935297697029853e+02 2.608236937502898627e+02 3.323255260030375098e+02 2.862435884142307145e+02 1.861863674089707956e+02 1.154298093970622574e+02 7.760578308406300607e+01 1.740300307537521576e+02 8.939799482561132038e+01 1.004468560736768552e+02 1.122707937967483929e+02 1.244083442687217769e+02 1.368928365103596434e+02 1.497509348839733718e+02 1.632364692556007242e+02 2.638337813443993127e+02 3.110341008732134469e+02 2.917256412546147430e+02
5.173780221196162756e+02 5.567911433155701388e+02 4.990549979788899009e+02 4.576370591544776971e+02 4.222762641580171703e+02 3.921200881834874394e+02 3.653890660055411672e+02 3.411306138908424259e+02 2.985678109144937480e+02 1.985435574134828300e+02 2.985678109144937480e+02 3.491335975568371168e+02 3.559191476373552518e+02 2.774140308169338027e+02 1.773840337225471444e+02 2.066821415494223970e+02 1.714382206280113223e+02 7.140243342678894578e+01 1.714382206280113223e+02 2.445039739184635437e+02 3.022556376094613597e+02 3.238494323432719284e+02 2.824110490948322081e+02 2.569361659395751190e+02 2.154924489347303620e+02 1.740300307537521576e+02 7.396416439356313788e+01 1.740300307537521576e+02 2.012765481302225510e+02 2.135990407354761942e+02 2.262715703019553075e+02 2.393234401214002389e+02 2.264572619194275944e+02 2.668762328447770642e+02 1.844134190891601293e+02 2.054104627792225415e+02 2.331331044439123445e+02
4.263048133479052240e+02 4.838743605313087528e+02 4.836475889374448229e+02 4.422252279161706952e+02 4.422252280975106942e+02 4.179677000616493956e+02 4.139048406882515110e+02 3.138870490220608644e+02 2.431598161893940642e+02 1.854095206696064793e+02 2.674690735453434627e+02 2.491147568434699906e+02 3.491335975568371168e+02 3.188490387157092982e+02 2.774140308169338027e+02 2.578229229143370276e+02 1.689046543137842775e+02 6.886853808130676668e+01 1.396062205560032226e+02 2.396373304481089122e+02 3.235779059335492320e+02 2.824110490948322081e+02 1.823632240243402975e+02 2.116665535445218893e+02 2.094523318938940406e+02 1.680100739950861737e+02 7.146114468916853468e+01 9.647529102201733053e+01 1.222932761927091292e+02 1.489686490858486536e+02 2.167385382052724481e+02 2.999682653515085349e+02 3.392434304636083198e+02 3.126102688493447204e+02 2.067457077327168520e+02 3.110035887128326522e+02 2.801504127039786454e+02
3.428583338425607394e+02 4.425183765328371805e+02 4.422252278709814277e+02 3.422088678631942003e+02 3.422088678633008954e+02 3.179501500117621617e+02 3.263886692376212864e+02 3.067725495571723400e+02 2.888077161840072336e+02 2.674690735453434627e+02 1.674446031638166232e+02 2.674690735453434627e+02 3.234838310643276600e+02 3.649102452539106025e+02 2.871217875337671899e+02 1.870924668625350478e+02 1.163582707910924796e+02 6.633790747246246156e+01 1.663743236803738341e+02 2.235498625429391382e+02 2.235498625429391382e+02 2.824110490948322081e+02 1.823632240243402975e+02 1.116135184852812898e+02 1.645011004987321996e+02 6.794987235927392533e+01 1.680100739950861737e+02 1.186336504987928322e+02 2.186929943238099270e+02 2.485115124074768858e+02 1.935261728053056629e+02 2.944141657270029668e+02 3.925688403251115801e+02 3.380283667073287006e+02 2.303925378443297518e+02 3.060999779090694233e+02 3.552211376481363345e+02
