BlockUplift_2Ma_1kryTimeStep_2mmyr_k_1e-05_m_0.5_n_1.0_LinDiffusion_0.5_6x3km_30mRes_topographic__elevation.txt
nrows 100
cellsize 30.0
xllcorner 0.0
ncols 200
yllcorner 0.0
[rows 51 to 67 of 100, columns 37 to 73 of 200]
1.198909533659689032e+03 1.198909534142917664e+03 1.198909534585791562e+03 1.198909534986957397e+03 1.198909535345329004e+03 1.198909535660084202e+03 1.198909535930658421e+03 1.198909536156737886e+03 1.198909536338255293e+03 1.198909536475383902e+03 1.198909536568531848e+03 1.198909536618342827e+03 1.198909536625695182e+03 1.198909536591703500e+03 1.198909536517723154e+03 1.198909536405354856e+03 1.198909536256449883e+03 1.198909536073116215e+03 1.198909535857722858e+03 1.198909535612903710e+03 1.198909535341556648e+03 1.198909535046842393e+03 1.198909534732176780e+03 1.198909534401220753e+03 1.198909534057864676e+03 1.198909533706207412e+03 1.198909533350529500e+03 1.198909532995265408e+03 1.198909532644965111e+03 1.198909532304257027e+03 1.198909531977805273e+03 1.198909531670264641e+03 1.198909531386235358e+03 1.198909531130217147e+03 1.198909530906564214e+03 1.198909530719443865e+03 1.198909530572796484e+03
1.168010096332835701e+03 1.168010096827510097e+03 1.168010097280172204e+03 1.168010097689438226e+03 1.168010098054203809e+03 1.168010098373636993e+03 1.168010098647171390e+03 1.168010098874495270e+03 1.168010099055544515e+03 1.168010099190495566e+03 1.168010099279759970e+03 1.168010099323982558e+03 1.168010099324041448e+03 1.168010099281050543e+03 1.168010099196365672e+03 1.168010099071590957e+03 1.168010098908585860e+03 1.168010098709475187e+03 1.168010098476653866e+03 1.168010098212795583e+03 1.168010097920853468e+03 1.168010097604059865e+03 1.168010097265922013e+03 1.168010096910212496e+03 1.168010096540953327e+03 1.168010096162393893e+03 1.168010095778986624e+03 1.168010095395352664e+03 1.168010095016244577e+03 1.168010094646504513e+03 1.168010094291016912e+03 1.168010093954661443e+03 1.168010093642261381e+03 1.168010093358533368e+03 1.168010093108038518e+03 1.168010092895135813e+03 1.168010092723939351e+03
1.137468660522876007e+03 1.137468661029197847e+03 1.137468661491792773e+03 1.137468661909253342e+03 1.137468662280463604e+03 1.137468662604591373e+03 1.137468662881074579e+03 1.137468663109609906e+03 1.137468663290142331e+03 1.137468663422855343e+03 1.137468663508164809e+03 1.137468663546716698e+03 1.137468663539385716e+03 1.137468663487281447e+03 1.137468663391754035e+03 1.137468663254403737e+03 1.137468663077090923e+03 1.137468662861947905e+03 1.137468662611389618e+03 1.137468662328121809e+03 1.137468662015146720e+03 1.137468661675765588e+03 1.137468661313575012e+03 1.137468660932459215e+03 1.137468660536574589e+03 1.137468660130328772e+03 1.137468659718352683e+03 1.137468659305466645e+03 1.137468658896638090e+03 1.137468658496937678e+03 1.137468658111488367e+03 1.137468657745410837e+03 1.137468657403769384e+03 1.137468657091515524e+03 1.137468656813433427e+03 1.137468656574088072e+03 1.137468656377779325e+03
1.107277326457060326e+03 1.107277326975225151e+03 1.107277327447886364e+03 1.107277327873621516e+03 1.107277328251312838e+03 1.107277328580135872e+03 1.107277328859543331e+03 1.107277329089248042e+03 1.107277329269210668e+03 1.107277329399626069e+03 1.107277329480916478e+03 1.107277329513727409e+03 1.107277329498928793e+03 1.107277329437619755e+03 1.107277329331137253e+03 1.107277329181069717e+03 1.107277328989268199e+03 1.107277328757864097e+03 1.107277328489281444e+03 1.107277328186250088e+03 1.107277327851815016e+03 1.107277327489340223e+03 1.107277327102509162e+03 1.107277326695318379e+03 1.107277326272060918e+03 1.107277325837308581e+03 1.107277325395879870e+03 1.107277324952805657e+03 1.107277324513283929e+03 1.107277324082630457e+03 1.107277323666224447e+03 1.107277323269448289e+03 1.107277322897626846e+03 1.107277322555966066e+03 1.107277322249491363e+03 1.107277321982990998e+03 1.107277321760963787e+03
1.077428057158982256e+03 1.077428057689175148e+03 1.077428058172020656e+03 1.077428058606090417e+03 1.077428058990276668e+03 1.077428059323775187e+03 1.077428059606064153e+03 1.077428059836883449e+03 1.077428060016216023e+03 1.077428060144274014e+03 1.077428060221488522e+03 1.077428060248503925e+03 1.077428060226180833e+03 1.077428060155601543e+03 1.077428060038082322e+03 1.077428059875187955e+03 1.077428059668749938e+03 1.077428059420886484e+03 1.077428059134019577e+03 1.077428058810892935e+03 1.077428058454584288e+03 1.077428058068515156e+03 1.077428057656451983e+03 1.077428057222500911e+03 1.077428056771096635e+03 1.077428056306979897e+03 1.077428055835166788e+03 1.077428055360911458e+03 1.077428054889658370e+03 1.077428054426987501e+03 1.077428053978554772e+03 1.077428053550026334e+03 1.077428053147010814e+03 1.077428052774990192e+03 1.077428052439252269e+03 1.077428052144827006e+03 1.077428051896428542e+03
1.047912737615652304e+03 1.047912738158043567e+03 1.047912738651168866e+03 1.047912739093606206e+03 1.047912739484273061e+03 1.047912739822399999e+03 1.047912740107504533e+03 1.047912740339364973e+03 1.047912740517997236e+03 1.047912740643636880e+03 1.047912740716725693e+03 1.047912740737906915e+03 1.047912740708026831e+03 1.047912740628143411e+03 1.047912740499541087e+03 1.047912740323749631e+03 1.047912740102566886e+03 1.047912739838083326e+03 1.047912739532705473e+03 1.047912739189177955e+03 1.047912738810601923e+03 1.047912738400446642e+03 1.047912737962556321e+03 1.047912737501146239e+03 1.047912737020793884e+03 1.047912736526414847e+03 1.047912736023233720e+03 1.047912735516741805e+03 1.047912735012647545e+03 1.047912734516815817e+03 1.047912734035203357e+03 1.047912733573784408e+03 1.047912733138476824e+03 1.047912732735063628e+03 1.047912732369119794e+03 1.047912732045937673e+03 1.047912731770464461e+03
1.018723226186097691e+03 1.018723226740835344e+03 1.018723227244305122e+03 1.018723227695108562e+03 1.018723228092204863e+03 1.018723228434877342e+03 1.018723228722700355e+03 1.018723228955505874e+03 1.018723229133354039e+03 1.018723229256510876e+03 1.018723229325432385e+03 1.018723229340759076e+03 1.018723229303317680e+03 1.018723229214132516e+03 1.018723229074443452e+03 1.018723228885730236e+03 1.018723228649741031e+03 1.018723228368521745e+03 1.018723228044447069e+03 1.018723227680247646e+03 1.018723227279033836e+03 1.018723226844313672e+03 1.018723226380001847e+03 1.018723225890420736e+03 1.018723225380290842e+03 1.018723224854709997e+03 1.018723224319121186e+03 1.018723223779268892e+03 1.018723223241144751e+03 1.018723222710922414e+03 1.018723222194884215e+03 1.018723221699341707e+03 1.018723221230550394e+03 1.018723220794624353e+03 1.018723220397450973e+03 1.018723220044610798e+03 1.018723219741304320e+03
9.898513989613065860e+02 9.898513995285086366e+02 9.898514000423481320e+02 9.898514005014702661e+02 9.898514009048973321e+02 9.898514012519880225e+02 9.898514015423942283e+02 9.898514017760190882e+02 9.898514019529808365e+02 9.898514020735852910e+02 9.898514021383062982e+02 9.898514021477797087e+02 9.898514021028058778e+02 9.898514020043639903e+02 9.898514018536344565e+02 9.898514016520293808e+02 9.898514014012274629e+02 9.898514011032106055e+02 9.898514007603017717e+02 9.898514003751998871e+02 9.898513999510092845e+02 9.898513994912636917e+02 9.898513989999399882e+02 9.898513984814632067e+02 9.898513979406985754e+02 9.898513973829315091e+02 9.898513968138353221e+02 9.898513962394241616e+02 9.898513956659944597e+02 9.898513951000543329e+02 9.898513945482418421e+02 9.898513940172369985e+02 9.898513935136664941e+02 9.898513930440075228e+02 9.898513926144920561e+02 9.898513922310162343e+02 9.898513918990573757e+02
9.612891877457333294e+02 9.612891883254783352e+02 9.612891888496620822e+02 9.612891893169972946e+02 9.612891897265972148e+02 9.612891900779226262e+02 9.612891903707281926e+02 9.612891906050095940e+02 9.612891907809602117e+02 9.612891908989355443e+02 9.612891909594318349e+02 9.612891909630778855e+02 9.612891909106390358e+02 9.612891908030354671e+02 9.612891906413706238e+02 9.612891904269675933e+02 9.612891901614126482e+02 9.612891898466000384e+02 9.612891894847783760e+02 9.612891890785932674e+02 9.612891886311244889e+02 9.612891881459165688e+02 9.612891876269985687e+02 9.612891870788917004e+02 9.612891865066063701e+02 9.612891859156217151e+02 9.612891853118533163e+02 9.612891847016029487e+02 9.612891840914958266e+02 9.612891834884034097e+02 9.612891828993527952e+02 9.612891823314282647e+02 9.612891817916656692e+02 9.612891812869428350e+02 9.612891808238719022e+02 9.612891804086968932e+02 9.612891800471993520e+02
9.330286122897896348e+02 9.330286128821044258e+02 9.330286134165418162e+02 9.330286138919123005e+02 9.330286143074530401e+02 9.330286146627601056e+02 9.330286149577210608e+02 9.330286151924507294e+02 9.330286153672366254e+02 9.330286154824970026e+02 9.330286155387545932e+02 9.330286155366278535e+02 9.330286154768367624e+02 9.330286153602261265e+02 9.330286151878003693e+02 9.330286149607686639e+02 9.330286146805977978e+02 9.330286143490668564e+02 9.330286139683228157e+02 9.330286135409331791e+02 9.330286130699315663e+02 9.330286125588553432e+02 9.330286120117722248e+02 9.330286114332936904e+02 9.330286108285730506e+02 9.330286102032896451e+02 9.330286095636133723e+02 9.330286089161535301e+02 9.330286082678908315e+02 9.330286076260919117e+02 9.330286069982100798e+02 9.330286063917756110e+02 9.330286058142756929e+02 9.330286052730322126e+02 9.330286047750789749e+02 9.330286043270449454e+02 9.330286039350473857e+02
9.050618073614812147e+02 9.050618079663272511e+02 9.050618085108458217e+02 9.050618089939832771e+02 9.050618094151408286e+02 9.050618097740903067e+02 9.050618100708893508e+02 9.050618103058028510e+02 9.050618104792358736e+02 9.050618105916837521e+02 9.050618106437007100e+02 9.050618106358897421e+02 9.050618105689131880e+02 9.050618104435197893e+02 9.050618102605890272e+02 9.050618100211867159e+02 9.050618097266282120e+02 9.050618093785445808e+02 9.050618089789504666e+02 9.050618085303058251e+02 9.050618080355726534e+02 9.050618074982603503e+02 9.050618069224599367e+02 9.050618063128628137e+02 9.050618056747641731e+02 9.050618050140478772e+02 9.050618043371517842e+02 9.050618036510139746e+02 9.050618029629991952e+02 9.050618022808054093e+02 9.050618016123546568e+02 9.050618009656690219e+02 9.050618003487371652e+02 9.050617997693741472e+02 9.050617992350829581e+02 9.050617987529209358e+02 9.050617983293774387e+02
8.773810452042024508e+02 8.773810458214574055e+02 8.773810463757826028e+02 8.773810468663065194e+02 8.773810472926442117e+02 8.773810476547917006e+02 8.773810479530218345e+02 8.773810481877867460e+02 8.773810483596369068e+02 8.773810484691607599e+02 8.773810485169491358e+02 8.773810485035838838e+02 8.773810484296521963e+02 8.773810482957827617e+02 8.773810481026990828e+02 8.773810478512881446e+02 8.773810475426763560e+02 8.773810471783097000e+02 8.773810467600335414e+02 8.773810462901672054e+02 8.773810457715710527e+02 8.773810452077020727e+02 8.773810446026560612e+02 8.773810439611929723e+02 8.773810432887456727e+02 8.773810425914068674e+02 8.773810418758964715e+02 8.773810411495036305e+02 8.773810404200089579e+02 8.773810396955822171e+02 8.773810389846614726e+02 8.773810382958139371e+02 8.773810376375853366e+02 8.773810370183416580e+02 8.773810364461103291e+02 8.773810359284269680e+02 8.773810354721960039e+02
8.499787538871437391e+02 8.499787545165804659e+02 8.499787550803105205e+02 8.499787555777019179e+02 8.499787560086439271e+02 8.499787563734171272e+02 8.499787566725630086e+02 8.499787569067653976e+02 8.499787570767525722e+02 8.499787571832252979e+02 8.499787572268151052e+02 8.499787572080738300e+02 8.499787571274936226e+02 8.499787569855524225e+02 8.499787567827806924e+02 8.499787565198449784e+02 8.499787561976387451e+02 8.499787558173793514e+02 8.499787553807011591e+02 8.499787548897439819e+02 8.499787543472330071e+02 8.499787537565443927e+02 8.499787531217563128e+02 8.499787524476834051e+02 8.499787517398898444e+02 8.499787510046814987e+02 8.499787502490727320e+02 8.499787494807288795e+02 8.499787487078808681e+02 8.499787479392151681e+02 8.499787471837390740e+02 8.499787464506255219e+02 8.499787457490423321e+02 8.499787450879720154e+02 8.499787444760303288e+02 8.499787439212900608e+02 8.499787434311207335e+02
8.228475320152090262e+02 8.228475326564687293e+02 8.228475332290445294e+02 8.228475337326140107e+02 8.228475341674156880e+02 8.228475345340865488e+02 8.228475348335016406e+02 8.228475350666301438e+02 8.228475352344158864e+02 8.228475353376925341e+02 8.228475353771364098e+02 8.228475353532572854e+02 8.228475352664261209e+02 8.228475351169331589e+02 8.228475349050711429e+02 8.228475346312366128e+02 8.228475342960394983e+02 8.228475339004176021e+02 8.228475334457464214e+02 8.228475329339433983e+02 8.228475323675592108e+02 8.228475317498563300e+02 8.228475310848706386e+02 8.228475303774530403e+02 8.228475296332911739e+02 8.228475288589053207e+02 8.228475280616186183e+02 8.228475272494971477e+02 8.228475264312604622e+02 8.228475256161611924e+02 8.228475248138365714e+02 8.228475240341336985e+02 8.228475232869168394e+02 8.228475225818617673e+02 8.228475219282468061e+02 8.228475213347505814e+02 8.228475208092662569e+02
7.959801602270878220e+02 7.959801608796478831e+02 7.959801614603157986e+02 7.959801619691652377e+02 7.959801624068751380e+02 7.959801627745268888e+02 7.959801630734082210e+02 7.959801633048356280e+02 7.959801634700131672e+02 7.959801635699304825e+02 7.959801636053109632e+02 7.959801635766054915e+02 7.959801634840305269e+02 7.959801633276431403e+02 7.959801631074446959e+02 7.959801628235030648e+02 7.959801624760857521e+02 7.959801620657927970e+02 7.959801615936873986e+02 7.959801610614146057e+02 7.959801604713074994e+02 7.959801598264781433e+02 7.959801591308897741e+02 7.959801583894087571e+02 7.959801576078344851e+02 7.959801567929017665e+02 7.959801559522543357e+02 7.959801550943859638e+02 7.959801542285453024e+02 7.959801533646066218e+02 7.959801525129045103e+02 7.959801516840392424e+02 7.959801508886567945e+02 7.959801501372148778e+02 7.959801494397413535e+02 7.959801488056011749e+02 7.959801482432798139e+02
7.693696098734293400e+02 7.693696105365636413e+02 7.693696111243298219e+02 7.693696116373051836e+02 7.693696120767208413e+02 7.693696124442096789e+02 7.693696127415659021e+02 7.693696129705290332e+02 7.693696131326133809e+02 7.693696132289902607e+02 7.693696132604294462e+02 7.693696132272997374e+02 7.693696131296205749e+02 7.693696129671598101e+02 7.693696127395619442e+02 7.693696124464980812e+02 7.693696120878236115e+02 7.693696116637365776e+02 7.693696111749260353e+02 7.693696106227099563e+02 7.693696100091559629e+02 7.693696093371838742e+02 7.693696086106504026e+02 7.693696078344119087e+02 7.693696070143638508e+02 7.693696061574519263e+02 7.693696052716517215e+02 7.693696043659110728e+02 7.693696034500519545e+02 7.693696025346304168e+02 7.693696016307551417e+02 7.693696007498690506e+02 7.693695999034988517e+02 7.693695991029868537e+02 7.693695983592123184e+02 7.693695976823206593e+02 7.693695970814713974e+02
7.430090492321021429e+02 7.430090499048310448e+02 7.430090504984065092e+02 7.430090510140412334e+02 7.430090514536547062e+02 7.430090518195623872e+02 7.430090521141783029e+02 7.430090523397536799e+02 7.430090524981718545e+02 7.430090525908120753e+02 7.430090526184857254e+02 7.430090525814467810e+02 7.430090524794637759e+02 7.430090523119451973e+02 7.430090520781006944e+02 7.430090517771229770e+02 7.430090514083766493e+02 7.430090509715824965e+02 7.430090504669890379e+02 7.430090498955274825e+02 7.430090492589463338e+02 7.430090485599278054e+02 7.430090478021829767e+02 7.430090469905278496e+02 7.430090461309333705e+02 7.430090452305486224e+02 7.430090442976885470e+02 7.430090433417811937e+02 7.430090423732677891e+02 7.430090414034532387e+02 7.430090404443067200e+02 7.430090395082153236e+02 7.430090386077008588e+02 7.430090377551103984e+02 7.430090369622935214e+02 7.430090362402874007e+02 7.430090355990222406e+02
