BlockUplift_10Myr_500yrTimeStep_halfmmyr_k_1e-05_m_0.5_n_1.0_LinDiffusion_0.05_15x7km_30mRes.txt
nrows 250
cellsize 30.0
xllcorner 0.0
ncols 500
yllcorner 0.0
[rows 136 to 152 of 250, columns 148 to 184 of 500]
5.931155080680557603e+02 5.795669384532559434e+02 5.646307617351873205e+02 5.485999146465521790e+02 5.317579002284055605e+02 5.143767769061721538e+02 4.967698345880029365e+02 4.792086044856046669e+02 4.618817529544446074e+02 4.449247588292721503e+02 4.284543324667339448e+02 4.125400717075723946e+02 3.972091065804779078e+02 3.824541517888209228e+02 3.682458813495019285e+02 3.545434122843211640e+02 3.412974323782651140e+02 3.284565341211122700e+02 3.159824754372610300e+02 3.038809210049778926e+02 2.922560436815950311e+02 2.813821163778299592e+02 2.717471648145773315e+02 2.639777589784645784e+02 2.587025522308600785e+02 2.570498594691329117e+02 2.608035577405839263e+02 2.683080975874040064e+02 2.784254770422066940e+02 2.903315328525187056e+02 3.032573647133163490e+02 3.166855011095883583e+02 3.303935058014143920e+02 3.443311092703771692e+02 3.585196390525125594e+02 3.729938355300016042e+02 3.877610119637728303e+02
5.930249187147497878e+02 5.811614886557481441e+02 5.672171602363088141e+02 5.516239474291185161e+02 5.348261170762425536e+02 5.172440729585565578e+02 4.992753605847127005e+02 4.812441775166706748e+02 4.633996840685687744e+02 4.459253654173027144e+02 4.289517566412546330e+02 4.125597282844791494e+02 3.967862221032033858e+02 3.816332770611633123e+02 3.670772635152078465e+02 3.530771981313126844e+02 3.395811446076435800e+02 3.265352544634044989e+02 3.139004111745178420e+02 3.016839568327141592e+02 2.899929762702347489e+02 2.791015267145072585e+02 2.694862696125357502e+02 2.617452021114432341e+02 2.564940842966321384e+02 2.550504214750536960e+02 2.595692600703421817e+02 2.679215336413328714e+02 2.787306941510253182e+02 2.910845460831130822e+02 3.041787150043174961e+02 3.175245041038960494e+02 3.309729397013651919e+02 3.445345209926952634e+02 3.582529019007698139e+02 3.721442639227077507e+02 3.861980667731543804e+02
5.896630956941377235e+02 5.804317932265323634e+02 5.683575499222660028e+02 5.539514448075979089e+02 5.378148130198605941e+02 5.205115669355928958e+02 5.025382034178593926e+02 4.843030590536022260e+02 4.661247667632556499e+02 4.482410941540758813e+02 4.308204213139628678e+02 4.139713085038912936e+02 3.977523384555070152e+02 3.821819187980216839e+02 3.672474002786555616e+02 3.529131834902044602e+02 3.391284859433264955e+02 3.258374594958747821e+02 3.129963925590196823e+02 3.006050399025889988e+02 2.887583254617060788e+02 2.777114233950805442e+02 2.679155034337940720e+02 2.599438896834996626e+02 2.544291706438118013e+02 2.529292384978254518e+02 2.579671050069162561e+02 2.668311365983580572e+02 2.778892733674824740e+02 2.901767517905500426e+02 3.029070163581328075e+02 3.156872194227308341e+02 3.284376987086221789e+02 3.412018452497117096e+02 3.540133612518745281e+02 3.668923511624295202e+02 3.799127532988285907e+02
5.828501497643047742e+02 5.769615612181172537e+02 5.676021723327680775e+02 5.551458540092193061e+02 5.403072471937741739e+02 5.237950818877785650e+02 5.062186426668542936e+02 4.880825229850762526e+02 4.697865255351735527e+02 4.516354683872655187e+02 4.338511815713474107e+02 4.165847099920612777e+02 3.999280486855400341e+02 3.839250601217605663e+02 3.685812415791805847e+02 3.538724752103482274e+02 3.397536522552858287e+02 3.261693939924987831e+02 3.130710134949437133e+02 3.004461838223011796e+02 2.883675562537402470e+02 2.770554672822702287e+02 2.669183253028707554e+02 2.584976860675787407e+02 2.524460382807974668e+02 2.504608457946912097e+02 2.552741390693185224e+02 2.637788255636501162e+02 2.741915239919359237e+02 2.855951707834341846e+02 2.973505132272745186e+02 3.092250121560351772e+02 3.211388075057261631e+02 3.330693915727572403e+02 3.450198928207348104e+02 3.570707733224851381e+02 3.693450889741068863e+02
5.728434392648613311e+02 5.704860010167825521e+02 5.644141198001176463e+02 5.546054846997867571e+02 5.417236686032464377e+02 5.265626956313217306e+02 5.098468928880155886e+02 4.921753760519169418e+02 4.740361106748324005e+02 4.558114018822917046e+02 4.377897991795006192e+02 4.201782517513182711e+02 4.031143825274956498e+02 3.866780222276398149e+02 3.709017283533331693e+02 3.557804132547390736e+02 3.412808650601155023e+02 3.273529562623861580e+02 3.139459612678090821e+02 3.010355627472779929e+02 2.886676835028423511e+02 2.770174947305960700e+02 2.664370293876875735e+02 2.574310327245402163e+02 2.506167425368074646e+02 2.475994571246604039e+02 2.510548474386512510e+02 2.582299921901351354e+02 2.672559502192295326e+02 2.773407869783112005e+02 2.879600529548566215e+02 2.988443870354041110e+02 3.099866558815535313e+02 3.212340804389358482e+02 3.326063162358775571e+02 3.442003250150279996e+02 3.560686128360948146e+02
5.603283890246607370e+02 5.611923446698014004e+02 5.584226830189662678e+02 5.516853801355739506e+02 5.413701235010649953e+02 5.281809852972486397e+02 5.128585865480456505e+02 4.960962177500420580e+02 4.784638438676894907e+02 4.604275914562949197e+02 4.423528691716097683e+02 4.245148674902226276e+02 4.071093049641442008e+02 3.902636307313237580e+02 3.740478529125281284e+02 3.584849409183362923e+02 3.435612691147363762e+02 3.292384038657157816e+02 3.154688580716239130e+02 3.022204132671148500e+02 2.895150537379187199e+02 2.774846620193560511e+02 2.664291530634783385e+02 2.568090120195446389e+02 2.491825607450137738e+02 2.447851544180770418e+02 2.459591390794082599e+02 2.512947395360688745e+02 2.587002750357659693e+02 2.673298824123516511e+02 2.766167113858426774e+02 2.862280493747114178e+02 2.965735264257893959e+02 3.073744892258170012e+02 3.184675711032390382e+02 3.298667915809073179e+02 3.415372408937175237e+02
5.460466008666026028e+02 5.496052233252767110e+02 5.496295050073697439e+02 5.458923341726342642e+02 5.385146776733797651e+02 5.278972558367938746e+02 5.145957038766240430e+02 4.992728225260883050e+02 4.825883086047126653e+02 4.650862196825071351e+02 4.472160558581814485e+02 4.293315273687924787e+02 4.116987215734302481e+02 3.945050993649785482e+02 3.778697324241309730e+02 3.618539550097071356e+02 3.464725255849015184e+02 3.317060519973950363e+02 3.175165997634554174e+02 3.038703142659000491e+02 2.907731005770091315e+02 2.783242584097937424e+02 2.667793566725496817e+02 2.565812138082126808e+02 2.482497798235797859e+02 2.425407793947901496e+02 2.412281599018181453e+02 2.446263540952914468e+02 2.505184135588066283e+02 2.578034696319014074e+02 2.659183772118823867e+02 2.746743181039957449e+02 2.845593530512213079e+02 2.951941728980786479e+02 3.062279359839997142e+02 3.175578940996390429e+02 3.291647578656449014e+02
5.303443886533524392e+02 5.360693648578779857e+02 5.382353284371282598e+02 5.370918399114460726e+02 5.326470868185882637e+02 5.249635617078646419e+02 5.142902743135900892e+02 5.010509195921824244e+02 4.858492569667286602e+02 4.693236782929790820e+02 4.520030131657156858e+02 4.343279457527891623e+02 4.166457677789522904e+02 3.992165679536010998e+02 3.822210474285613486e+02 3.657705078995061854e+02 3.499181585342541325e+02 3.346719960402435845e+02 3.200105505166550870e+02 3.059047916572271220e+02 2.923523209800732729e+02 2.794307039184917016e+02 2.673660741235846103e+02 2.565784837284635387e+02 2.476161641922459467e+02 2.409911915551228958e+02 2.378935961333157536e+02 2.398105948242617274e+02 2.446139522521199581e+02 2.513876430586615527e+02 2.599059365678580775e+02 2.697828118495202716e+02 2.804853467417195247e+02 2.914160126155204580e+02 3.024873407855054097e+02 3.137488639701508646e+02 3.252465995140264567e+02
5.137077948459306072e+02 5.209383835080697054e+02 5.244885325230266062e+02 5.253767169806178572e+02 5.236194979340079954e+02 5.189150489503612107e+02 5.112205840578803873e+02 5.006755505954427576e+02 4.876133396570016885e+02 4.726026570277710448e+02 4.562748528486870327e+02 4.391536724560993434e+02 4.216771729114409482e+02 4.041895410252424199e+02 3.869461846257024717e+02 3.701212461900278754e+02 3.538181895303329725e+02 3.380826559996010587e+02 3.229183599102457833e+02 3.083088083952527541e+02 2.942509112395859461e+02 2.808084338192329596e+02 2.681844538602674675e+02 2.567789420198297421e+02 2.471421536386734772e+02 2.398364908706715539e+02 2.360104685488547887e+02 2.377070363562564523e+02 2.427051802774471412e+02 2.498380437547562565e+02 2.587593654687950675e+02 2.689975956852219383e+02 2.797429284815172537e+02 2.906323551404847763e+02 3.016267460017901385e+02 3.126971552236235539e+02 3.239035675774788388e+02
4.965312455130163585e+02 5.044954263081010595e+02 5.087520727054155145e+02 5.110679750897298845e+02 5.115667650886755382e+02 5.096683216704872734e+02 5.049994020726782082e+02 4.974720615529893166e+02 4.871530837069700510e+02 4.743187321206962679e+02 4.595216599097519179e+02 4.433965939472024615e+02 4.264688139153212205e+02 4.091770230810387829e+02 3.918634073472467776e+02 3.747785955813609462e+02 3.580897829070959801e+02 3.418928524786092567e+02 3.262281232334163974e+02 3.111019354459160695e+02 2.965196476846673477e+02 2.825383059092649205e+02 2.693404066503437662e+02 2.572996761599233650e+02 2.469550777905218126e+02 2.389016425363854808e+02 2.344807799609498034e+02 2.360312865852974085e+02 2.415910486003108417e+02 2.493089433853089361e+02 2.585727033073795269e+02 2.688513174508703969e+02 2.795538614167084575e+02 2.904108981039310038e+02 3.012306073818290884e+02 3.118529380613301214e+02 3.224945145964865105e+02
4.789054387425109667e+02 4.870184576779491863e+02 4.914977026594952463e+02 4.946609708055542569e+02 4.968468290522066582e+02 4.973923830225882625e+02 4.956162226305949616e+02 4.911350575494449231e+02 4.838462103313021316e+02 4.737765881474833236e+02 4.611696137985407518e+02 4.465740679055584224e+02 4.306336900931389096e+02 4.138781447433740937e+02 3.967474331842225297e+02 3.795812539179166833e+02 3.626247669009466108e+02 3.460383139123122191e+02 3.299124224358595256e+02 3.142888983309442210e+02 2.991926809097367368e+02 2.846823151386262225e+02 2.709225699711494713e+02 2.582569253063319366e+02 2.471992221359296309e+02 2.383733382559706513e+02 2.330465014099368375e+02 2.336781533772704051e+02 2.396827069163595922e+02 2.480358436058994869e+02 2.576319809739734410e+02 2.679660429418946705e+02 2.787258775561138577e+02 2.895493173426086742e+02 3.000909112189879693e+02 3.101207866576401670e+02 3.202930364912963341e+02
4.610583465570295516e+02 4.688112124579264446e+02 4.731241780640703496e+02 4.767185326143051611e+02 4.800358974469522195e+02 4.824773541647819002e+02 4.832710469438121095e+02 4.817214620694567770e+02 4.774630058142890903e+02 4.704038098941809380e+02 4.605544610093243136e+02 4.481406956487062985e+02 4.337133232509616505e+02 4.179267237981143239e+02 4.013148565630140183e+02 3.843178565790938706e+02 3.672716018666929472e+02 3.504152150537416901e+02 3.339035947610076960e+02 3.178273366744383566e+02 3.022428851534553473e+02 2.872201805991655306e+02 2.729140128346660390e+02 2.596461167985731890e+02 2.479422919094845383e+02 2.384061108221853829e+02 2.318581119577943639e+02 2.305103544960034014e+02 2.358224561177121359e+02 2.438879680234545901e+02 2.530514068144604778e+02 2.628790696327757814e+02 2.734680205039294947e+02 2.843249257612015413e+02 2.949579063964209240e+02 3.053358634717654922e+02 3.162805016356370515e+02
4.431862511696553497e+02 4.501171267625871337e+02 4.540038739934646514e+02 4.577474777006387399e+02 4.617836855272641969e+02 4.655520565475197259e+02 4.683684454013476852e+02 4.694503647224672704e+02 4.681157409678900763e+02 4.640361629408893123e+02 4.571476219606241216e+02 4.474592575367369705e+02 4.351866675511145672e+02 4.208839404283700105e+02 4.052149802673538375e+02 3.887159609523249060e+02 3.718247658566550058e+02 3.548715118085267477e+02 3.380887351500523437e+02 3.216282342559604217e+02 3.055887048815924345e+02 2.900596672215654053e+02 2.751894741488145542e+02 2.612719227858709701e+02 2.488041214938361350e+02 2.384151140764941488e+02 2.307228074516341394e+02 2.275077077952312266e+02 2.313327548150308814e+02 2.380592645896386728e+02 2.461480086666773275e+02 2.553025651813836987e+02 2.656839363909836038e+02 2.767912737824744909e+02 2.881742609589336439e+02 2.998094249646224512e+02 3.120698368269584648e+02
4.253299607126429578e+02 4.311931334146285622e+02 4.345357841266106789e+02 4.382334245623203515e+02 4.426618974715015042e+02 4.473108038424079496e+02 4.515574904747076630e+02 4.547204637077473421e+02 4.560282805241251367e+02 4.548284182332838554e+02 4.508402718496205352e+02 4.440383824106176576e+02 4.344386770928824149e+02 4.222488155626614912e+02 4.080244456711406542e+02 3.924362143497285729e+02 3.760190315741866129e+02 3.592050226067113385e+02 3.423157069542555178e+02 3.255761423600678768e+02 3.091385822544396547e+02 2.931225474946700160e+02 2.776789830989620214e+02 2.630784285744481394e+02 2.497857240818137825e+02 2.384218641168363320e+02 2.296521656338573507e+02 2.250177524462753809e+02 2.272400615529352592e+02 2.328269190538496503e+02 2.406871025965733111e+02 2.503694656708345008e+02 2.612961161937531074e+02 2.727791933898621437e+02 2.845813297159975264e+02 2.967202740719490066e+02 3.092686720003227947e+02
4.075396744302182128e+02 4.123001281352278511e+02 4.150606958729619009e+02 4.185792746347243565e+02 4.231636802245659510e+02 4.283370623754389612e+02 4.335437837186665888e+02 4.381767614698852071e+02 4.415769952883766791e+02 4.429968118978794109e+02 4.418193021893594050e+02 4.378169916681423501e+02 4.310096664747879345e+02 4.214240728687794899e+02 4.092588866996615025e+02 3.950679332271666340e+02 3.795248905667987174e+02 3.631587964778357218e+02 3.463914567521022718e+02 3.295327386337419284e+02 3.128017720747290582e+02 2.963624094411702572e+02 2.803832546096632541e+02 2.651250882916581304e+02 2.510274652187962374e+02 2.387024290876419172e+02 2.288278344131122140e+02 2.229731922674073701e+02 2.239798757553353994e+02 2.295120827715525422e+02 2.377323322137484354e+02 2.478209564165785537e+02 2.589585711796412966e+02 2.706289114516672498e+02 2.826298957152573053e+02 2.948892061250015786e+02 3.073858336308370554e+02
3.899145647502080010e+02 3.936022806240907812e+02 3.958134897931176397e+02 3.991001129170466584e+02 4.036857970085169995e+02 4.091172599065242252e+02 4.149020968219787733e+02 4.205172549558508877e+02 4.253874983556630696e+02 4.288839142061697771e+02 4.302842830146893789e+02 4.290074557535355666e+02 4.248819223026444547e+02 4.179778486392568198e+02 4.083349463604733955e+02 3.961403566913216991e+02 3.819419761560130269e+02 3.664122915791695618e+02 3.500686840418288170e+02 3.333176625624947178e+02 3.164585345433090424e+02 2.997161258825322534e+02 2.832950664452196179e+02 2.674639148926039525e+02 2.526484481459860660e+02 2.394472727113334543e+02 2.285864883382882624e+02 2.214856660093026619e+02 2.209888950915841974e+02 2.268068850433088244e+02 2.356425402401777944e+02 2.460811480066050478e+02 2.574533925099163412e+02 2.693289073940949265e+02 2.814657985407664000e+02 2.937703156641884448e+02 3.062133906675434218e+02
3.724449905650195660e+02 3.751685073395890413e+02 3.769535398928886707e+02 3.800311530214406730e+02 3.845318005860946755e+02 3.900305921349792015e+02 3.960988164571423908e+02 4.022959444275927581e+02 4.081398194430315129e+02 4.130875291260929885e+02 4.165368959059811118e+02 4.177871193257398659e+02 4.162906325508450323e+02 4.119346885495631909e+02 4.048457889947164290e+02 3.950792481975511237e+02 3.828083072794700570e+02 3.685705966359394665e+02 3.530311491059251239e+02 3.366857616512280060e+02 3.199253798905313033e+02 3.030499688662291646e+02 2.863178795315250227e+02 2.700265755291457594e+02 2.546163169350647593e+02 2.407403042893196812e+02 2.291602980057886896e+02 2.208892184672314443e+02 2.185633166834111876e+02 2.243035895633848043e+02 2.335392062844645977e+02 2.442254817604505206e+02 2.557388569313903304e+02 2.676847887779409803e+02 2.798399152480196221e+02 2.921204432806429168e+02 3.044896478146667391e+02
