BlockUplift_2Ma_1kryTimeStep_2mmyr_k_0.0001_m_0.5_n_1.0_LinDiffusion_0.5_3x6km_30mRes_topographic__elevation.txt
nrows 200
cellsize 30.0
xllcorner 0.0
ncols 100
yllcorner 0.0
[rows 17 to 33 of 200, columns 0 to 36 of 100]
3.929906607532629258e-05 2.852864609579619923e+02 2.851285356506062953e+02 2.848160277746025031e+02 2.843565064216593896e+02 2.837631604282150874e+02 2.830561531698435829e+02 2.822635043585261769e+02 2.814213568742194411e+02 2.805736983567541074e+02 2.797715583520218843e+02 2.790714905471631937e+02 2.785330749119448228e+02 2.782154369339674531e+02 2.781732798766743144e+02 2.784533457795765798e+02 2.790922803944365569e+02 2.801165011077576992e+02 2.815440003364592485e+02 2.833873486650638256e+02 2.856568043150787730e+02 2.883625610202824987e+02 2.915156694556113166e+02 2.951276982711976871e+02 2.992094179088449550e+02 3.037686331986551522e+02 3.088069950004582438e+02 3.143154496195993488e+02 3.202679746218476566e+02 3.266132799165563938e+02 3.332642750705101093e+02 3.400857455548040775e+02 3.468823701790275891e+02 3.533918656176978743e+02 3.592903428718478267e+02 3.642165763438151771e+02 3.678169534511643519e+02
7.787551324404251704e-05 2.804687385701907942e+02 2.803076186965292891e+02 2.799891595122356307e+02 2.795221777766759601e+02 2.789224892383015231e+02 2.782147391854353486e+02 2.774333686408417634e+02 2.766223948289609780e+02 2.758340936384868201e+02 2.751268135617988833e+02 2.745620551753970631e+02 2.742009012086021471e+02 2.741000969911667653e+02 2.743084650729032887e+02 2.748645659042471721e+02 2.757963250575879783e+02 2.771227458127762020e+02 2.788570827186421184e+02 2.810103265089356910e+02 2.835938000395870517e+02 2.866201068482033065e+02 2.901023658549293032e+02 2.940522317128498457e+02 2.984773615549884198e+02 3.033787357816769941e+02 3.087477953507934103e+02 3.145629635539725655e+02 3.207848747434040320e+02 3.273495505195456303e+02 3.341589940353159136e+02 3.410695939878734180e+02 3.478806837973769461e+02 3.543283079652424021e+02 3.600913267763937142e+02 3.648162512327874083e+02 3.681620421366669689e+02
5.866571410753084219e-04 2.758547686757013366e+02 2.756915386803795514e+02 2.753696889056264467e+02 2.749000582912409527e+02 2.743021865653850568e+02 2.736064529662550626e+02 2.728548246080110289e+02 2.720997552436589899e+02 2.714014601795460067e+02 2.708241697417593628e+02 2.704319579258744852e+02 2.702846163952302732e+02 2.704340623775787549e+02 2.709219047157172895e+02 2.717787769454005797e+02 2.730256742259524003e+02 2.746768829919603263e+02 2.767434917054504808e+02 2.792362550927923053e+02 2.821668845032082800e+02 2.855475041858067016e+02 2.893887060523765626e+02 2.936970140705236076e+02 2.984724828708568225e+02 3.037067063508667957e+02 3.093809562552351622e+02 3.154637332839010355e+02 3.219067898984370686e+02 3.286387150339364212e+02 3.355556061941823600e+02 3.425094960179947634e+02 3.492972494494670173e+02 3.556552033629413927e+02 3.612665095484314293e+02 3.657869593529363215e+02 3.688897148158914092e+02
2.836777571139514767e-04 2.714339973799357040e+02 2.712705707007774549e+02 2.709496524862410070e+02 2.704850150960141946e+02 2.699010699686222665e+02 2.692350199619131672e+02 2.685370093135857132e+02 2.678677700887892570e+02 2.672942757402298639e+02 2.668845155101749356e+02 2.667025005603834984e+02 2.668042670836297248e+02 2.672353274485454904e+02 2.680298479453876439e+02 2.692116346629952091e+02 2.707966311962746886e+02 2.727961572094033045e+02 2.752198227166263678e+02 2.780771729350393571e+02 2.813776458270167495e+02 2.851291029323394355e+02 2.893356799155739623e+02 2.939957692683913137e+02 2.991005987675389406e+02 3.046333083941727295e+02 3.105679111436442099e+02 3.168672142717553584e+02 3.234787182438383297e+02 3.303277194914087431e+02 3.373074513601801527e+02 3.442673506245772046e+02 3.510025388667314132e+02 3.572498798395879476e+02 3.626971773627245170e+02 3.670104188415912176e+02 3.698784752154610374e+02
3.050046558999352988e-05 2.671980695903336596e+02 2.670375346855274188e+02 2.667242578442150602e+02 2.662758528955963016e+02 2.657225882930957255e+02 2.651091646320370501e+02 2.644938825053773712e+02 2.639447900476371274e+02 2.635337324464271092e+02 2.633299846186543505e+02 2.633950246386571621e+02 2.637793139890384850e+02 2.645212403629976166e+02 2.656479442262904627e+02 2.671775249278335878e+02 2.691219404368933965e+02 2.714897714915446727e+02 2.742880654573471020e+02 2.775228130900266592e+02 2.811981496568354260e+02 2.853148514547388004e+02 2.898688684780711355e+02 2.948504139470175573e+02 3.002436482719161859e+02 3.060264830515048402e+02 3.121696860572845935e+02 3.186343636567809199e+02 3.253670132689539969e+02 3.322916814204457978e+02 3.392994653424755711e+02 3.462368697567965796e+02 3.528964005625301183e+02 3.590146944909325271e+02 3.642841538519240885e+02 3.683819158407241048e+02 3.710144195410462657e+02
9.127468955681127026e-04 2.631416178027600949e+02 2.629885647797596562e+02 2.626925782264214035e+02 2.622758274563493615e+02 2.617750168000950453e+02 2.612423730628843828e+02 2.607435327189371606e+02 2.603521421866944365e+02 2.601425632755076549e+02 2.601828730427555456e+02 2.605299874435938818e+02 2.612276442086750308e+02 2.623069153446575683e+02 2.637883580870966966e+02 2.656848354480958960e+02 2.680041895878645164e+02 2.707511689337010807e+02 2.739282914606291683e+02 2.775356899018506738e+02 2.815703399901104262e+02 2.860252506454735908e+02 2.908890811214411087e+02 2.961462846974566219e+02 3.017774331535595138e+02 3.077590398114867298e+02 3.140620708039972442e+02 3.206484040677974008e+02 3.274647174275187353e+02 3.344336897088704177e+02 3.414431361187444622e+02 3.483349517004193672e+02 3.548974395522303098e+02 3.608661257525403130e+02 3.659382699708820041e+02 3.698036716280905694e+02 3.721888148373952845e+02
8.292865108206092699e-04 2.592632756610371985e+02 2.591240414306157618e+02 2.588583021363097032e+02 2.584930950179178808e+02 2.580715057744957335e+02 2.576525085624996905e+02 2.573074321768924051e+02 2.571131853110272800e+02 2.571440637496236832e+02 2.574646685546735512e+02 2.581258073693228994e+02 2.591637977442629790e+02 2.606023054429164745e+02 2.624553275850473142e+02 2.647301207775053626e+02 2.674293770319935675e+02 2.705524307739707410e+02 2.740956274543996187e+02 2.780522061709213517e+02 2.824121357723076358e+02 2.871622547848726867e+02 2.922868022277487512e+02 2.977680810259877831e+02 3.035867083459335731e+02 3.097207780443345086e+02 3.161432993152169502e+02 3.228174313739302193e+02 3.296892812242044783e+02 3.366784479558749013e+02 3.436672564764042477e+02 3.504908529744861312e+02 3.569318540562537692e+02 3.627243390889203738e+02 3.675714904471489035e+02 3.711781309317515252e+02 3.732939620004876815e+02
1.345649772685641901e-04 2.555670686182583893e+02 2.554498415666040216e+02 2.552307057717802650e+02 2.549412923200744103e+02 2.546302116897401788e+02 2.543615264626194801e+02 2.542098508723310601e+02 2.542525604239904169e+02 2.545612342519808351e+02 2.551949671452392465e+02 2.561972529111009749e+02 2.575964600340691959e+02 2.594085893515657517e+02 2.616406469532527126e+02 2.642934408283733205e+02 2.673633636129021625e+02 2.708433020590426281e+02 2.747230748889986103e+02 2.789898113559008266e+02 2.836285423263485086e+02 2.886230472676592740e+02 2.939567403373537786e+02 2.996131620076457693e+02 3.055755370869047738e+02 3.118248819970177692e+02 3.183362549052635018e+02 3.250728999770120708e+02 3.319782687159295733e+02 3.389663350862443281e+02 3.459114254615310529e+02 3.526399983778243268e+02 3.589281176591555891e+02 3.645089815417418890e+02 3.690937658050854679e+02 3.724055831430945886e+02 3.742211558154991167e+02
5.810741496071486099e-04 2.520641421052076510e+02 2.519788719451577208e+02 2.518258208738729422e+02 2.516402214406032840e+02 2.514744612638757246e+02 2.513951636229577673e+02 2.514771658662697860e+02 2.517951906972396330e+02 2.524154470851442795e+02 2.533896735504180526e+02 2.547530129969039763e+02 2.565253750439217129e+02 2.587147211999975980e+02 2.613205665125358905e+02 2.643366710336925962e+02 2.677527406733997850e+02 2.715554821999299406e+02 2.757294620215051282e+02 2.802580552725526104e+02 2.851245226661690140e+02 2.903130250976067259e+02 2.958092268735185826e+02 3.016000690306292427e+02 3.076723139394806026e+02 3.140095415054448722e+02 3.205873768108036188e+02 3.273668504587926122e+02 3.342860208700927842e+02 3.412504777789522450e+02 3.481242241844454952e+02 3.547236198804498031e+02 3.608181099883186675e+02 3.661415366968569742e+02 3.704160953319502028e+02 3.733872243640504962e+02 3.748629166841637925e+02
7.582228846022284014e-04 2.487743751930483711e+02 2.487324318958819731e+02 2.486673342777597213e+02 2.486161443347104694e+02 2.486323839944956546e+02 2.487819234331438167e+02 2.491362450245067919e+02 2.497640980713307783e+02 2.507237067899035026e+02 2.520577440650075118e+02 2.537920973185076718e+02 2.559378287420487084e+02 2.584947154302376475e+02 2.614547966753630703e+02 2.648051098392562039e+02 2.685295888710616055e+02 2.726104911903667585e+02 2.770296877478770057e+02 2.817699144666986513e+02 2.868158492016899004e+02 2.921547392987013154e+02 2.977762637430133736e+02 3.036713406657352721e+02 3.098296496350920961e+02 3.162356967252239883e+02 3.228633028915023147e+02 3.296684960544917544e+02 3.365810591813924475e+02 3.434955783676421674e+02 3.502637932025342025e+02 3.566911594190212327e+02 3.625412185031475474e+02 3.675508334520346807e+02 3.714570039995243746e+02 3.740320250494852417e+02 3.751195458400836173e+02
2.731506685667756161e-04 2.457268985687565817e+02 2.457404236870607406e+02 2.457862323324459339e+02 2.459006857553122245e+02 2.461349886801633318e+02 2.465503158806440069e+02 2.472108926755623770e+02 2.481761449034478062e+02 2.494938611715271293e+02 2.511961902801615452e+02 2.532991660938749305e+02 2.558050432636391349e+02 2.587059356571183457e+02 2.619873977821307562e+02 2.656312982871076542e+02 2.696179894387395848e+02 2.739280331050018731e+02 2.785436502737554179e+02 2.834498508368531020e+02 2.886350538080477008e+02 2.940909711864106271e+02 2.998115616912626820e+02 3.057909093901191113e+02 3.120199123452511571e+02 3.184816728372118178e+02 3.251455007532496211e+02 3.319595692218879321e+02 3.388426328090054085e+02 3.456759379787882835e+02 3.522974624931349581e+02 3.585015605679133159e+02 3.640473149044761954e+02 3.686777068573600786e+02 3.721488421883464639e+02 3.742645403207947084e+02 3.749081972220923831e+02
4.212644242509694490e-04 2.429582229987920812e+02 2.430391437053467598e+02 2.432179795819742196e+02 2.435272264137707907e+02 2.440117098450843116e+02 2.447235973430460660e+02 2.457159165548846147e+02 2.470356698920952851e+02 2.487181904335471074e+02 2.507841728932747856e+02 2.532398181334612843e+02 2.560793724064307639e+02 2.592887437048595416e+02 2.628490530955916711e+02 2.667395713628969816e+02 2.709399934455229300e+02 2.754321716917103231e+02 2.802013468196960844e+02 2.852367862043067817e+02 2.905316872246287971e+02 2.960822292150662065e+02 3.018857022339553282e+02 3.079376564068562061e+02 3.142279922870088740e+02 3.207358811105355016e+02 3.274234373582956437e+02 3.342282787701246889e+02 3.410556195225703959e+02 3.477713811495589766e+02 3.541987886035805673e+02 3.601215723947026959e+02 3.652965600195646516e+02 3.694765970853274553e+02 3.724414893406546412e+02 3.740310017352469458e+02 3.741715715944867497e+02
7.072251649383355784e-04 2.405070129787436031e+02 2.406657699692353845e+02 2.409965114819600842e+02 2.415243199059504775e+02 2.422833085363595274e+02 2.433123433068487600e+02 2.446496731978589025e+02 2.463274122505432331e+02 2.483672114272576721e+02 2.507782409066339255e+02 2.535577765354157691e+02 2.566937555908756963e+02 2.601682022719451766e+02 2.639605698988446534e+02 2.680505053661970010e+02 2.724199206000193385e+02 2.770543895113276562e+02 2.819438577380432775e+02 2.870826052479285977e+02 2.924684078437159656e+02 2.981008783162017153e+02 3.039789792466132212e+02 3.100976636286237635e+02 3.164435371349254069e+02 3.229894074895858580e+02 3.296876875005158354e+02 3.364629623824814075e+02 3.432046937786037120e+02 3.497619448334647814e+02 3.559428611305821732e+02 3.615218773719768137e+02 3.662566454297929681e+02 3.699142511026576017e+02 3.723028901054358357e+02 3.733020850722335240e+02 3.728833428009072009e+02
4.178817247159317895e-04 2.384056985163693128e+02 2.386498677620945443e+02 2.391456118498302317e+02 2.399070565731447857e+02 2.409534810598709385e+02 2.423066748403685153e+02 2.439873520127301560e+02 2.460113065567597914e+02 2.483863865980573848e+02 2.511112264732241215e+02 2.541760130434906557e+02 2.575648027575241485e+02 2.612585102845004030e+02 2.652377772053136482e+02 2.694852691465694079e+02 2.739872461894877915e+02 2.787343821364992209e+02 2.837218278970457277e+02 2.889485165851415331e+02 2.944157251616873623e+02 3.001249134387296067e+02 3.060748256262426139e+02 3.122577663297097956e+02 3.186548972849109305e+02 3.252304234577877651e+02 3.319247514780467441e+02 3.386472034798503046e+02 3.452696621175801965e+02 3.516234251266286606e+02 3.575021334917240665e+02 3.626733302802805383e+02 3.668995735505949938e+02 3.699671597553422657e+02 3.717172615922544310e+02 3.720720573150671271e+02 3.710485510684159181e+02
7.341330560963944428e-04 2.366707639999214905e+02 2.370038753852162472e+02 2.376698562619258723e+02 2.386688223567733473e+02 2.400018753464471786e+02 2.416710046805270338e+02 2.436778750106286395e+02 2.460218262331441963e+02 2.486979872644980674e+02 2.516964268039148749e+02 2.550027418873222587e+02 2.585998167949784374e+02 2.624700942602722762e+02 2.665977126667420407e+02 2.709701059139600829e+02 2.755789044997789574e+02 2.804201102259691538e+02 2.854935648569222053e+02 2.908017476775047498e+02 2.963479344673845617e+02 3.021337171440955558e+02 3.081558131432852861e+02 3.144020126228018626e+02 3.208460820963259152e+02 3.274415571077562390e+02 3.341147146212284156e+02 3.407576722399072082e+02 3.472234323722647673e+02 3.533254697210862787e+02 3.588446399698479468e+02 3.635452470230828226e+02 3.671998632962501006e+02 3.696194200340864882e+02 3.706823058473458445e+02 3.703551004266365112e+02 3.686990020035402722e+02
8.924788801625239618e-04 2.352948461801355222e+02 2.357157397381234318e+02 2.365483299928497445e+02 2.377766391464197397e+02 2.393815484076495466e+02 2.413439952347742974e+02 2.436465505057246901e+02 2.462732709226465602e+02 2.492086546792730815e+02 2.524367863247098853e+02 2.559413419237626215e+02 2.597064691098606772e+02 2.637181086742768912e+02 2.679652426975865183e+02 2.724407130602157281e+02 2.771414534389509186e+02 2.820681074488049376e+02 2.872240585752972493e+02 2.926139019525410845e+02 2.982413581146540764e+02 3.041065666567503172e+02 3.102026167809909225e+02 3.165111139499464912e+02 3.229966221589764928e+02 3.296000575606515781e+02 3.362316249868529781e+02 3.427646766639267071e+02 3.490327379507464798e+02 3.548324678567583419e+02 3.599349643329292121e+02 3.641062154225517133e+02 3.671347823736125520e+02 3.688618097048499180e+02 3.692064785643984237e+02 3.681801886364676193e+02 3.658853689438232664e+02
6.315949542448928450e-05 2.342438238019016126e+02 2.347467833173560336e+02 2.357339763332730911e+02 2.371725557768303361e+02 2.390227577460796908e+02 2.412448559053951271e+02 2.438036997206592105e+02 2.466702616714974567e+02 2.498210556739116441e+02 2.532368395001693386e+02 2.569016723941876990e+02 2.608026800921759332e+02 2.649303155044146934e+02 2.692787069770777180e+02 2.738457636493824907e+02 2.786328678777304617e+02 2.836441037440138189e+02 2.888850182044570261e+02 2.943609020025817813e+02 3.000745286801166571e+02 3.060232173448460458e+02 3.121950163750717024e+02 3.185637962601387585e+02 3.250831764089524540e+02 3.316795899716655072e+02 3.382454610989829007e+02 3.446343361985959177e+02 3.506605587513701039e+02 3.561061992108975574e+02 3.607369588315322062e+02 3.643265317158929406e+02 3.666859475112361793e+02 3.676918497808754296e+02 3.673067622758686070e+02 3.655858798250094424e+02 3.626684591335276195e+02
