BlockUplift_2Ma_1kryTimeStep_5mmyr_k_0.0001_m_0.5_n_1.0_LinDiffusion_1.0_6x3km_30mRes_topographic__steepest_slope.txt
nrows 100
cellsize 30.0
xllcorner 0.0
ncols 200
yllcorner 0.0
[rows 17 to 33 of 100, columns 37 to 73 of 200]
5.503863432464632943e-01 5.241889264801257164e-01 4.914633784148748630e-01 4.526801237545516887e-01 4.086017989016056395e-01 3.602421563774432234e-01 3.497776892420347283e-01 3.465875988893609705e-01 3.440265452535603008e-01 3.818628232862618654e-01 4.248024728793241001e-01 4.618565979669146393e-01 4.910599896167949785e-01 5.106166711992373708e-01 5.190805664429170019e-01 5.155206310491154964e-01 4.996401445386992601e-01 4.718300711878638531e-01 4.331530275392628249e-01 3.852716624948280821e-01 3.640282845055973215e-01 3.641135882792658207e-01 3.623689371146838201e-01 3.588062216287085104e-01 3.537605744388126472e-01 4.011763673505756578e-01 4.402297493893718716e-01 4.692356617175734157e-01 4.870467178466663660e-01 4.931253440887290451e-01 4.875846611380950657e-01 4.711766304090921897e-01 4.452162158153711857e-01 4.114458597313720434e-01 3.718594848244685669e-01 3.289876714066660157e-01 3.350345513888934312e-01
5.473325062291005683e-01 5.217116392730201113e-01 4.893022257239549866e-01 4.505714435646115956e-01 4.063111894702914340e-01 3.575907144599845267e-01 3.414517031695746829e-01 3.381845446581526748e-01 3.356931223337748516e-01 3.754694653805540350e-01 4.190712002225449595e-01 4.567111757177119702e-01 4.863814672180854504e-01 5.062512448146375688e-01 5.148401738911977388e-01 5.111799562739234304e-01 4.949372414284278765e-01 4.664784647500220260e-01 4.268700943683869098e-01 3.778219688726468517e-01 3.517999414434484495e-01 3.516471251261464315e-01 3.498890953504352752e-01 3.465323357959770312e-01 3.487051516433756770e-01 3.971790344076727153e-01 4.369735808734810933e-01 4.663356978879334425e-01 4.841079873072143824e-01 4.897893888537449003e-01 4.835585532506197493e-01 4.662455122488759485e-01 4.392453084923662598e-01 4.043791992199962659e-01 3.637205177643691445e-01 3.210642842644953476e-01 3.273060814304547539e-01
5.433560211801924389e-01 5.182714975393901691e-01 4.861397308085683711e-01 4.474210561128167951e-01 4.029369472981497724e-01 3.538177750401868549e-01 3.314416633469515205e-01 3.283215887706887881e-01 3.261537589180231178e-01 3.687424044705652770e-01 4.131624759083725174e-01 4.514901569258429337e-01 4.816857380537467592e-01 5.019010172308097095e-01 5.106414887586995244e-01 5.069203349698110372e-01 4.903817156080985118e-01 4.613750061104704425e-01 4.209705224284524538e-01 3.709181428475637476e-01 3.407874638107007970e-01 3.404406309294093491e-01 3.386899683656679483e-01 3.355336837844939968e-01 3.442705598757575536e-01 3.936750652519896976e-01 4.341012926373852832e-01 4.637301408621867238e-01 4.813918685628960636e-01 4.866153391475557810e-01 4.796343112819938526e-01 4.613435930286754472e-01 4.332038022438785552e-01 3.971016849681755501e-01 3.551807346653801378e-01 3.120211348539934648e-01 3.181579963601772199e-01
5.379360728575215411e-01 5.133472211089716852e-01 4.814670610298927289e-01 4.427436911063373226e-01 3.980253842375828799e-01 3.485053219032263061e-01 3.194761996617216937e-01 3.167937566017334228e-01 3.152497369672005445e-01 3.617983860366352222e-01 4.071943606458760523e-01 4.463015283966377811e-01 4.770625428936249857e-01 4.976324765295919716e-01 5.065257173751960273e-01 5.027582202332623318e-01 4.859676327055771905e-01 4.564945830790269610e-01 4.154129669717041007e-01 3.645043319230175105e-01 3.308453251339130707e-01 3.303504899349548052e-01 3.286285156874290125e-01 3.256672884386375699e-01 3.403809141698494467e-01 3.906134587897020505e-01 4.315908167133360451e-01 4.614298449351131870e-01 4.789454737813966800e-01 4.836887056331300450e-01 4.759362645307070872e-01 4.566321401395355140e-01 4.272850360948204362e-01 3.898301058607833158e-01 3.464672629505816670e-01 3.018250559842954317e-01 3.074911565839367200e-01
5.304269165489515769e-01 5.062958724287059953e-01 4.746591165431890413e-01 4.359450656215892450e-01 3.910224394018185223e-01 3.411443127992026536e-01 3.052463635602824521e-01 3.033475929021013373e-01 3.038047861704398778e-01 3.547018904859374766e-01 4.012171672223271424e-01 4.411749610059664817e-01 4.725178244455627841e-01 4.934274506333202193e-01 5.024521750019268485e-01 4.986332685094513328e-01 4.816183251029096946e-01 4.517472528032394075e-01 4.100963192446763217e-01 3.584690530786474594e-01 3.217462235764704248e-01 3.211576789747577210e-01 3.194933308220034296e-01 3.167298943445037707e-01 3.369168285681633512e-01 3.879039061461460602e-01 4.293842178414928323e-01 4.594126558327220611e-01 4.767856043020269885e-01 4.810678655801246539e-01 4.725660479816228277e-01 4.522562345772606074e-01 4.216754340085434039e-01 3.827868070282652302e-01 3.378284956451204080e-01 2.904615786162139668e-01 2.952267648815753431e-01
5.201853227667970758e-01 4.964767371163645304e-01 4.650924212851486605e-01 4.264317227007503597e-01 3.813738431658805217e-01 3.312239972656474962e-01 2.884875865329907807e-01 2.877442378209176810e-01 2.950333532673740100e-01 3.474673491171323958e-01 3.952085906979107000e-01 4.360522517674724208e-01 4.679617818372380222e-01 4.891708456203858746e-01 4.982874563640934396e-01 4.944003286457497870e-01 4.771822366085389788e-01 4.469786731590569273e-01 4.048651915228181353e-01 3.526559461147998897e-01 3.131901972183527283e-01 3.125839620468620073e-01 3.110269387645852590e-01 3.084848569750932024e-01 3.337278641366564491e-01 3.854304598683681582e-01 4.274015627352102942e-01 4.576367086599379408e-01 4.749109900692684016e-01 4.787950461734298835e-01 4.696124281250897425e-01 4.483538621119855239e-01 4.165636612770395319e-01 3.762101537145050023e-01 3.295476024080346567e-01 2.789740756225513874e-01 2.813605908665446353e-01
5.067301752098530843e-01 4.834072035150062119e-01 4.522944115589812575e-01 4.137513627248980974e-01 3.686547287937872452e-01 3.183496471547999640e-01 2.690805597882786060e-01 2.698417649204164492e-01 2.859734349051391011e-01 3.400662866311428001e-01 3.890752339347930411e-01 4.307852238139622258e-01 4.632048959342651706e-01 4.846462595955843833e-01 4.938018061336809650e-01 4.898274705408623975e-01 4.724332923408425811e-01 4.419733211372721127e-01 3.995163291496229285e-01 3.468735346274618991e-01 3.048049472421382466e-01 3.042968458647142826e-01 3.029350592409325027e-01 3.006747719568579891e-01 3.306329584940440602e-01 3.830540493365839350e-01 4.255446985110452607e-01 4.560447039527469326e-01 4.733064307645586943e-01 4.768998789535023874e-01 4.671540452236203067e-01 4.450579067739470762e-01 4.121423072374084673e-01 3.703568160865096104e-01 3.219468991634988342e-01 2.693303491941161920e-01 2.660181007657456687e-01
4.899008504326938240e-01 4.669182659405308744e-01 4.360935400821597807e-01 3.977355698634782444e-01 3.527036544508395099e-01 3.023671935358939189e-01 2.484923902866782164e-01 2.496848892602315517e-01 2.766794099987264222e-01 3.324447184363924501e-01 3.826691837351365311e-01 4.251522763239178881e-01 4.579748273750330889e-01 4.795532790621099828e-01 4.886866671664927275e-01 4.846135728651529972e-01 4.670883516934112301e-01 4.364717275922774253e-01 3.938156237402857807e-01 3.409120265748273315e-01 2.961518619449217682e-01 2.959148472481066272e-01 2.948917205347129089e-01 2.930265268513816412e-01 3.274140869610284721e-01 3.806076317792332353e-01 4.236936831042281693e-01 4.545611960416752195e-01 4.719403970158824180e-01 4.753967245200667047e-01 4.652559116028134323e-01 4.424914124857520781e-01 4.086017615197912733e-01 3.654945115402732370e-01 3.153802496976810255e-01 2.606702030969761386e-01 2.494981388744615114e-01
4.699712022666878708e-01 4.472675704504947558e-01 4.167300631302835456e-01 3.786074547003253077e-01 3.337267546276461716e-01 2.834640885651311670e-01 2.296341901490642490e-01 2.275834403638214154e-01 2.672435553260371077e-01 3.245547164149035213e-01 3.758262775774067754e-01 4.189022348082779845e-01 4.519641627818133944e-01 4.735571365155626378e-01 4.826042516035199403e-01 4.784360404517963294e-01 4.608516997629090728e-01 4.302108289028757637e-01 3.875338344576750860e-01 3.345742281203228918e-01 2.867538359295053740e-01 2.870270810740616074e-01 2.865521146403769426e-01 2.852587225750464195e-01 3.238118765670681687e-01 3.778908545715915501e-01 4.217012378295604269e-01 4.530871074604911897e-01 4.707594559610063789e-01 4.742785115488659664e-01 4.639619179815376859e-01 4.407578843570832960e-01 4.061174583596192655e-01 3.618855294766084030e-01 3.102125826014685006e-01 2.534754685331411239e-01 2.322911650937423134e-01
4.476800190985968375e-01 4.251716055159591723e-01 3.948904210325787090e-01 3.570188580221406172e-01 3.123386722742029775e-01 2.622151895413072920e-01 2.084928429764922875e-01 2.041585892051746842e-01 2.578242197561474991e-01 3.163999436349680394e-01 3.684266700540841377e-01 4.118266209115151733e-01 4.449104429057031407e-01 4.663723695002927050e-01 4.752709359084446028e-01 4.710306038967854159e-01 4.534886873395377882e-01 4.229897130112560411e-01 3.805034730929402476e-01 3.277232202035808561e-01 2.761565289025403325e-01 2.772386991430323411e-01 2.775841867491105064e-01 2.771016624733514955e-01 3.195332249951272074e-01 3.746726910153503898e-01 4.193921945484996305e-01 4.514971657854208176e-01 4.696842110937619053e-01 4.735110483818823490e-01 4.632868129261183965e-01 4.399297707710738692e-01 4.048333793831658811e-01 3.597636332568920903e-01 3.067886412397133333e-01 2.482237559994710241e-01 2.150613337856460416e-01
4.379446010257974087e-01 4.092234337631566743e-01 3.716453410300842308e-01 3.339971033627521790e-01 2.895199321234891987e-01 2.395527394980909441e-01 1.859501204971364674e-01 1.845994009340611863e-01 2.486733290884819148e-01 3.080886856460957612e-01 3.604692251084086752e-01 4.038502398951661077e-01 4.366972729550623322e-01 4.578687968101909367e-01 4.665629316207812183e-01 4.622923513308918597e-01 4.449188245733027292e-01 4.147525483585087769e-01 3.726903218561406494e-01 3.203420254341212692e-01 2.640237571655139615e-01 2.662454780701125623e-01 2.677241052680888744e-01 2.683362006873532546e-01 3.142788521893600251e-01 3.707094141529482800e-01 4.165744718284145054e-01 4.496459025762665762e-01 4.686115983134240270e-01 4.730320616870025141e-01 4.632115990901483071e-01 4.400390597429907347e-01 4.048460257693917153e-01 3.593090683308993727e-01 3.053963747648911209e-01 2.453375209730643547e-01 1.985897928926647071e-01
4.409314771202313410e-01 4.109795917485219996e-01 3.687340240202577890e-01 3.141813253800857519e-01 2.664924752026455734e-01 2.166585336781885196e-01 1.631500865796046695e-01 1.752514354134794561e-01 2.401558111492325398e-01 2.998814175223868395e-01 3.521420162444458546e-01 3.951186761699707617e-01 4.274526477461710328e-01 4.481747733727666771e-01 4.566192493763994165e-01 4.523741412324819300e-01 4.353064693250773276e-01 4.056694450746328728e-01 3.642633122295886872e-01 3.125921184219836446e-01 2.529479298879858118e-01 2.539283015946826594e-01 2.568507142779272723e-01 2.588499275372536657e-01 3.077927967988247082e-01 3.657809925546871566e-01 4.130650854499832714e-01 4.473857269699398898e-01 4.674268781919523885e-01 4.727581600907652670e-01 4.636856072842465704e-01 4.410736556401794739e-01 4.061933717977186942e-01 3.606275363436654557e-01 3.062326993610466341e-01 2.451329303598773490e-01 1.836872349754192502e-01
4.427444372060089228e-01 4.111639068213511217e-01 3.672039910784557493e-01 3.109060784154052959e-01 2.445388655988891269e-01 1.947981276328154265e-01 1.413495362585283910e-01 1.676301292046508684e-01 2.327517147658549890e-01 2.922161349603390468e-01 3.438658515958132877e-01 3.860547844957310515e-01 4.176133620072653985e-01 4.377449935014939286e-01 4.459091315168189906e-01 4.417507817596018072e-01 4.251197485681003085e-01 3.961888933468206142e-01 3.556398824208360510e-01 3.048515708547734349e-01 2.460131557363124943e-01 2.404452863156109343e-01 2.450627212666214860e-01 2.486995175250532042e-01 2.999273465658985893e-01 3.597422237201106654e-01 4.087294424652965774e-01 4.445965502628588806e-01 4.660255583366298415e-01 4.726004974434055428e-01 4.646365928235013931e-01 4.429817054790684550e-01 4.088522484963341141e-01 3.637384866220125246e-01 3.093796366359405359e-01 2.477800244058160073e-01 1.812227696688738510e-01
4.431798404468433317e-01 4.096775526770291553e-01 3.638398516118892534e-01 3.057758338905386952e-01 2.365288427768177937e-01 1.751338029345980984e-01 1.217384880456455071e-01 1.622971357805721160e-01 2.270328609401131292e-01 2.856961922473085780e-01 3.362897429769413082e-01 3.773586815139622908e-01 4.079270491667776888e-01 4.276919206976534382e-01 4.352336663240978787e-01 4.312195121252176411e-01 4.151299501508765033e-01 3.870363664548026605e-01 3.474841735033639134e-01 2.977131776132399543e-01 2.397992730973307063e-01 2.262911305851219024e-01 2.327340795960026187e-01 2.381600825743665495e-01 2.907084161939445521e-01 3.525776321139175717e-01 4.035261054779013534e-01 4.412215080996165772e-01 4.643415035668020385e-01 4.724866668783549439e-01 4.659874624071823623e-01 4.456836141396247064e-01 4.127453278322892327e-01 3.685758587160667399e-01 3.147966664138688864e-01 2.532836264755097266e-01 1.862054944218634878e-01
4.421329850335780631e-01 4.065299022721755029e-01 3.587552006203963972e-01 2.989962262974586449e-01 2.283594108766995590e-01 1.585588792074588693e-01 1.052697857180713431e-01 1.597761009092492079e-01 2.236106233606360016e-01 2.810331832177485056e-01 3.302276530370489849e-01 3.779912707743240952e-01 4.137034368613020097e-01 4.342614178919461665e-01 4.388229635918169946e-01 4.266642647486492135e-01 4.063358984129311624e-01 3.791443302700844287e-01 3.406442498110028860e-01 2.919298445524980967e-01 2.349602097611210860e-01 2.122945115064870381e-01 2.205219960697358261e-01 2.277397876498431228e-01 2.803812981213302802e-01 3.444440693555405053e-01 3.975444957807193203e-01 4.372991739131621425e-01 4.623739391769506324e-01 4.723833138961660572e-01 4.676755227176020435e-01 4.490888514497002326e-01 4.177560425497295338e-01 3.750010857972803646e-01 3.223310436086586073e-01 2.614893676202991180e-01 1.945174151446409927e-01
4.395867936967344236e-01 4.018097553354740281e-01 3.521266743681848999e-01 2.908118480530371697e-01 2.190348940869550065e-01 1.455889615872947573e-01 9.345218549432153521e-02 1.604959123011436561e-01 2.230591667508718956e-01 2.789498114764490388e-01 3.351718312401658073e-01 3.843169564998902277e-01 4.196242935974850985e-01 4.401271843263998562e-01 4.449867896159370728e-01 4.334139859610388612e-01 4.047652250755220393e-01 3.735171548624547366e-01 3.360303988484371618e-01 2.883078561126043993e-01 2.321955394299138331e-01 1.995366744285661242e-01 2.093103448828060320e-01 2.181431220617393307e-01 2.694177264751450029e-01 3.356845247312516545e-01 3.910217535604463834e-01 4.329810455019248994e-01 4.602043586728339908e-01 4.723122841026785035e-01 4.696684359963111399e-01 4.531127255767106177e-01 4.237473264747954604e-01 3.828248127076753771e-01 3.317431256524315253e-01 2.721126752641602753e-01 2.058386867390746000e-01
4.355871260458191729e-01 3.956479236287843149e-01 3.441470151729958959e-01 2.814528250157081746e-01 2.087994489834234801e-01 1.363288221119495491e-01 9.880362459090724636e-02 1.647339698496100846e-01 2.258268245564698518e-01 2.800688134409483609e-01 3.407789219674934311e-01 3.892428059784246441e-01 4.242851228732054669e-01 4.449864598395871784e-01 4.504822751072045661e-01 4.398841663523720968e-01 4.123879862292293974e-01 3.710546695063619560e-01 3.344547583340044539e-01 2.875645732659515286e-01 2.321271037055377962e-01 1.891951969961004065e-01 2.000876822575454184e-01 2.101786932720282608e-01 2.584731078883774069e-01 3.268019734177043389e-01 3.843283652147851392e-01 4.285251363180302420e-01 4.579955039179107179e-01 4.723536698962313984e-01 4.719711237523376290e-01 4.576878125469276415e-01 4.305788389889250722e-01 3.918314990639785167e-01 3.427399774739167126e-01 2.847827844687542687e-01 2.197234174132044748e-01
