BlockUplift_2Ma_1kryTimeStep_2mmyr_k_0.0001_m_0.5_n_1.0_LinDiffusion_0.75_6x3km_30mRes_surface_water__discharge.txt
nrows 100
cellsize 30.0
xllcorner 0.0
ncols 200
yllcorner 0.0
[rows 68 to 84 of 100, columns 37 to 73 of 200]
4.500000000000000000e+03 3.600000000000000000e+03 1.800000000000000000e+03 9.000000000000000000e+02 2.700000000000000000e+03 1.260000000000000000e+04 1.080000000000000000e+04 7.200000000000000000e+03 2.700000000000000000e+03 9.000000000000000000e+02 1.800000000000000000e+03 3.600000000000000000e+03 4.500000000000000000e+03 5.400000000000000000e+03 6.300000000000000000e+03 8.100000000000000000e+03 9.000000000000000000e+03 9.900000000000000000e+03 1.170000000000000000e+04 1.350000000000000000e+04 1.440000000000000000e+04 9.900000000000000000e+03 9.000000000000000000e+03 9.000000000000000000e+03 9.000000000000000000e+03 1.260000000000000000e+05 2.111400000000000000e+06 6.840000000000000000e+04 6.840000000000000000e+04 9.000000000000000000e+03 9.900000000000000000e+03 9.900000000000000000e+03 1.170000000000000000e+04 1.440000000000000000e+04 1.350000000000000000e+04 1.170000000000000000e+04 1.080000000000000000e+04
4.500000000000000000e+03 2.700000000000000000e+03 1.800000000000000000e+03 9.000000000000000000e+02 3.600000000000000000e+03 1.350000000000000000e+04 1.170000000000000000e+04 8.100000000000000000e+03 3.600000000000000000e+03 9.000000000000000000e+02 1.800000000000000000e+03 2.700000000000000000e+03 4.500000000000000000e+03 5.400000000000000000e+03 6.300000000000000000e+03 7.200000000000000000e+03 9.000000000000000000e+03 9.900000000000000000e+03 1.080000000000000000e+04 1.260000000000000000e+04 1.440000000000000000e+04 1.530000000000000000e+04 1.080000000000000000e+04 9.900000000000000000e+03 9.900000000000000000e+03 1.359000000000000000e+05 2.112300000000000000e+06 6.930000000000000000e+04 7.830000000000000000e+04 1.080000000000000000e+04 1.080000000000000000e+04 1.260000000000000000e+04 1.530000000000000000e+04 1.440000000000000000e+04 1.260000000000000000e+04 1.170000000000000000e+04 9.900000000000000000e+03
3.600000000000000000e+03 2.700000000000000000e+03 9.000000000000000000e+02 1.800000000000000000e+03 4.500000000000000000e+03 1.440000000000000000e+04 1.260000000000000000e+04 9.000000000000000000e+03 4.500000000000000000e+03 1.800000000000000000e+03 9.000000000000000000e+02 2.700000000000000000e+03 3.600000000000000000e+03 5.400000000000000000e+03 6.300000000000000000e+03 7.200000000000000000e+03 8.100000000000000000e+03 9.900000000000000000e+03 1.080000000000000000e+04 1.170000000000000000e+04 1.350000000000000000e+04 1.530000000000000000e+04 1.620000000000000000e+04 1.170000000000000000e+04 1.080000000000000000e+04 1.467000000000000000e+05 2.113200000000000000e+06 7.020000000000000000e+04 9.000000000000000000e+04 1.170000000000000000e+04 1.350000000000000000e+04 1.620000000000000000e+04 1.530000000000000000e+04 1.350000000000000000e+04 1.260000000000000000e+04 1.080000000000000000e+04 9.900000000000000000e+03
3.600000000000000000e+03 1.800000000000000000e+03 9.000000000000000000e+02 2.700000000000000000e+03 5.400000000000000000e+03 1.530000000000000000e+04 1.350000000000000000e+04 9.900000000000000000e+03 5.400000000000000000e+03 2.700000000000000000e+03 9.000000000000000000e+02 1.800000000000000000e+03 3.600000000000000000e+03 4.500000000000000000e+03 6.300000000000000000e+03 7.200000000000000000e+03 8.100000000000000000e+03 9.000000000000000000e+03 1.080000000000000000e+04 1.170000000000000000e+04 1.260000000000000000e+04 1.440000000000000000e+04 1.620000000000000000e+04 1.710000000000000000e+04 1.260000000000000000e+04 1.584000000000000000e+05 2.114100000000000000e+06 7.110000000000000000e+04 1.026000000000000000e+05 1.440000000000000000e+04 1.710000000000000000e+04 1.620000000000000000e+04 1.440000000000000000e+04 1.350000000000000000e+04 1.170000000000000000e+04 1.080000000000000000e+04 9.000000000000000000e+03
2.700000000000000000e+03 9.000000000000000000e+02 1.800000000000000000e+03 3.600000000000000000e+03 6.300000000000000000e+03 1.620000000000000000e+04 1.440000000000000000e+04 1.080000000000000000e+04 6.300000000000000000e+03 3.600000000000000000e+03 9.000000000000000000e+02 1.800000000000000000e+03 2.700000000000000000e+03 4.500000000000000000e+03 5.400000000000000000e+03 7.200000000000000000e+03 8.100000000000000000e+03 9.000000000000000000e+03 9.900000000000000000e+03 2.160000000000000000e+04 3.420000000000000000e+04 1.350000000000000000e+04 1.530000000000000000e+04 1.710000000000000000e+04 1.800000000000000000e+04 1.719000000000000000e+05 2.115000000000000000e+06 1.746000000000000000e+05 1.530000000000000000e+04 1.800000000000000000e+04 1.710000000000000000e+04 1.530000000000000000e+04 1.440000000000000000e+04 1.260000000000000000e+04 1.170000000000000000e+04 9.900000000000000000e+03 9.000000000000000000e+03
9.000000000000000000e+02 1.800000000000000000e+03 2.700000000000000000e+03 4.500000000000000000e+03 7.200000000000000000e+03 1.710000000000000000e+04 1.530000000000000000e+04 1.170000000000000000e+04 7.200000000000000000e+03 4.500000000000000000e+03 1.800000000000000000e+03 9.000000000000000000e+02 2.700000000000000000e+03 3.600000000000000000e+03 5.400000000000000000e+03 6.300000000000000000e+03 8.100000000000000000e+03 9.000000000000000000e+03 1.890000000000000000e+04 1.980000000000000000e+04 2.070000000000000000e+04 5.580000000000000000e+04 7.020000000000000000e+04 1.620000000000000000e+04 1.800000000000000000e+04 1.908000000000000000e+05 2.115900000000000000e+06 1.908000000000000000e+05 1.890000000000000000e+04 1.800000000000000000e+04 1.620000000000000000e+04 7.020000000000000000e+04 5.490000000000000000e+04 4.140000000000000000e+04 2.880000000000000000e+04 1.800000000000000000e+04 8.100000000000000000e+03
9.000000000000000000e+02 2.700000000000000000e+03 3.600000000000000000e+03 5.400000000000000000e+03 8.100000000000000000e+03 1.800000000000000000e+04 1.620000000000000000e+04 1.260000000000000000e+04 8.100000000000000000e+03 5.400000000000000000e+03 2.700000000000000000e+03 9.000000000000000000e+02 1.800000000000000000e+03 3.600000000000000000e+03 4.500000000000000000e+03 6.300000000000000000e+03 7.200000000000000000e+03 9.000000000000000000e+03 9.900000000000000000e+03 1.080000000000000000e+04 1.170000000000000000e+04 1.260000000000000000e+04 1.350000000000000000e+04 8.460000000000000000e+04 1.710000000000000000e+04 1.890000000000000000e+04 2.307600000000000000e+06 2.106000000000000000e+05 1.890000000000000000e+04 1.008000000000000000e+05 8.370000000000000000e+04 1.260000000000000000e+04 1.170000000000000000e+04 1.080000000000000000e+04 9.900000000000000000e+03 9.000000000000000000e+03 8.100000000000000000e+03
1.800000000000000000e+03 3.600000000000000000e+03 4.500000000000000000e+03 6.300000000000000000e+03 9.000000000000000000e+03 1.890000000000000000e+04 1.710000000000000000e+04 1.350000000000000000e+04 9.000000000000000000e+03 6.300000000000000000e+03 3.600000000000000000e+03 1.800000000000000000e+03 9.000000000000000000e+02 2.700000000000000000e+03 4.500000000000000000e+03 5.400000000000000000e+03 7.200000000000000000e+03 8.100000000000000000e+03 9.000000000000000000e+03 9.900000000000000000e+03 1.080000000000000000e+04 1.170000000000000000e+04 1.260000000000000000e+04 1.350000000000000000e+04 9.900000000000000000e+04 1.800000000000000000e+04 2.327400000000000000e+06 2.304000000000000000e+05 1.152000000000000000e+05 1.350000000000000000e+04 1.260000000000000000e+04 1.170000000000000000e+04 1.080000000000000000e+04 9.900000000000000000e+03 9.000000000000000000e+03 8.100000000000000000e+03 7.200000000000000000e+03
2.700000000000000000e+03 4.500000000000000000e+03 5.400000000000000000e+03 7.200000000000000000e+03 9.900000000000000000e+03 1.980000000000000000e+04 1.800000000000000000e+04 1.440000000000000000e+04 9.900000000000000000e+03 7.200000000000000000e+03 4.500000000000000000e+03 2.700000000000000000e+03 9.000000000000000000e+02 1.800000000000000000e+03 3.600000000000000000e+03 5.400000000000000000e+03 6.300000000000000000e+03 8.100000000000000000e+03 9.000000000000000000e+03 9.900000000000000000e+03 1.080000000000000000e+04 1.170000000000000000e+04 1.260000000000000000e+04 1.350000000000000000e+04 1.440000000000000000e+04 1.143000000000000000e+05 2.346300000000000000e+06 3.609000000000000000e+05 1.440000000000000000e+04 1.350000000000000000e+04 1.260000000000000000e+04 1.170000000000000000e+04 1.080000000000000000e+04 9.900000000000000000e+03 9.000000000000000000e+03 8.100000000000000000e+03 7.200000000000000000e+03
3.600000000000000000e+03 5.400000000000000000e+03 6.300000000000000000e+03 8.100000000000000000e+03 1.080000000000000000e+04 2.070000000000000000e+04 1.890000000000000000e+04 1.530000000000000000e+04 1.080000000000000000e+04 8.100000000000000000e+03 5.400000000000000000e+03 3.600000000000000000e+03 1.800000000000000000e+03 9.000000000000000000e+02 2.700000000000000000e+03 4.500000000000000000e+03 6.300000000000000000e+03 7.200000000000000000e+03 8.100000000000000000e+03 9.000000000000000000e+03 9.900000000000000000e+03 1.080000000000000000e+04 1.170000000000000000e+04 1.260000000000000000e+04 1.350000000000000000e+04 1.440000000000000000e+04 2.836800000000000000e+06 8.100000000000000000e+03 7.200000000000000000e+03 6.300000000000000000e+03 5.400000000000000000e+03 4.500000000000000000e+03 3.600000000000000000e+03 2.700000000000000000e+03 1.800000000000000000e+03 9.000000000000000000e+02 6.300000000000000000e+03
4.500000000000000000e+03 6.300000000000000000e+03 7.200000000000000000e+03 9.000000000000000000e+03 1.170000000000000000e+04 2.160000000000000000e+04 1.980000000000000000e+04 1.620000000000000000e+04 1.170000000000000000e+04 9.000000000000000000e+03 6.300000000000000000e+03 4.500000000000000000e+03 2.700000000000000000e+03 1.800000000000000000e+03 9.000000000000000000e+02 3.600000000000000000e+03 5.400000000000000000e+03 7.200000000000000000e+03 9.000000000000000000e+02 1.800000000000000000e+03 2.700000000000000000e+03 3.600000000000000000e+03 4.500000000000000000e+03 5.400000000000000000e+03 6.300000000000000000e+03 7.200000000000000000e+03 2.853000000000000000e+06 1.440000000000000000e+04 1.350000000000000000e+04 1.260000000000000000e+04 1.170000000000000000e+04 1.080000000000000000e+04 9.900000000000000000e+03 9.000000000000000000e+03 8.100000000000000000e+03 7.200000000000000000e+03 5.400000000000000000e+03
5.400000000000000000e+03 7.200000000000000000e+03 8.100000000000000000e+03 9.900000000000000000e+03 1.260000000000000000e+04 2.250000000000000000e+04 2.070000000000000000e+04 1.710000000000000000e+04 1.260000000000000000e+04 9.900000000000000000e+03 7.200000000000000000e+03 5.400000000000000000e+03 3.600000000000000000e+03 2.700000000000000000e+03 9.000000000000000000e+02 1.800000000000000000e+03 4.500000000000000000e+03 6.300000000000000000e+03 8.100000000000000000e+03 9.000000000000000000e+02 1.800000000000000000e+03 2.700000000000000000e+03 3.600000000000000000e+03 4.500000000000000000e+03 5.400000000000000000e+03 6.300000000000000000e+03 2.868300000000000000e+06 7.200000000000000000e+03 6.300000000000000000e+03 5.400000000000000000e+03 4.500000000000000000e+03 3.600000000000000000e+03 2.700000000000000000e+03 1.800000000000000000e+03 9.000000000000000000e+02 6.300000000000000000e+03 4.500000000000000000e+03
6.300000000000000000e+03 8.100000000000000000e+03 9.000000000000000000e+03 1.080000000000000000e+04 1.350000000000000000e+04 2.340000000000000000e+04 2.160000000000000000e+04 1.800000000000000000e+04 1.350000000000000000e+04 1.080000000000000000e+04 8.100000000000000000e+03 6.300000000000000000e+03 4.500000000000000000e+03 3.600000000000000000e+03 1.800000000000000000e+03 9.000000000000000000e+02 2.700000000000000000e+03 5.400000000000000000e+03 7.200000000000000000e+03 9.000000000000000000e+03 9.000000000000000000e+02 1.800000000000000000e+03 2.700000000000000000e+03 3.600000000000000000e+03 4.500000000000000000e+03 5.400000000000000000e+03 2.882700000000000000e+06 6.300000000000000000e+03 5.400000000000000000e+03 4.500000000000000000e+03 3.600000000000000000e+03 2.700000000000000000e+03 1.800000000000000000e+03 9.000000000000000000e+02 7.200000000000000000e+03 5.400000000000000000e+03 3.600000000000000000e+03
7.200000000000000000e+03 9.000000000000000000e+03 9.900000000000000000e+03 1.170000000000000000e+04 1.440000000000000000e+04 2.430000000000000000e+04 2.250000000000000000e+04 1.890000000000000000e+04 1.440000000000000000e+04 1.170000000000000000e+04 9.000000000000000000e+03 7.200000000000000000e+03 5.400000000000000000e+03 4.500000000000000000e+03 2.700000000000000000e+03 9.000000000000000000e+02 1.800000000000000000e+03 3.600000000000000000e+03 6.300000000000000000e+03 8.100000000000000000e+03 9.900000000000000000e+03 9.000000000000000000e+02 9.000000000000000000e+02 9.000000000000000000e+02 9.000000000000000000e+02 9.000000000000000000e+02 2.895300000000000000e+06 9.000000000000000000e+02 4.500000000000000000e+03 3.600000000000000000e+03 2.700000000000000000e+03 1.800000000000000000e+03 9.000000000000000000e+02 8.100000000000000000e+03 6.300000000000000000e+03 4.500000000000000000e+03 1.800000000000000000e+03
8.100000000000000000e+03 9.900000000000000000e+03 1.080000000000000000e+04 1.260000000000000000e+04 1.530000000000000000e+04 2.520000000000000000e+04 2.340000000000000000e+04 1.980000000000000000e+04 1.530000000000000000e+04 1.260000000000000000e+04 9.900000000000000000e+03 8.100000000000000000e+03 6.300000000000000000e+03 5.400000000000000000e+03 3.600000000000000000e+03 1.800000000000000000e+03 9.000000000000000000e+02 2.700000000000000000e+03 4.500000000000000000e+03 7.200000000000000000e+03 9.000000000000000000e+03 1.080000000000000000e+04 1.800000000000000000e+03 1.800000000000000000e+03 1.800000000000000000e+03 1.800000000000000000e+03 2.898000000000000000e+06 5.400000000000000000e+03 9.000000000000000000e+02 9.000000000000000000e+02 9.000000000000000000e+02 9.000000000000000000e+02 9.000000000000000000e+03 7.200000000000000000e+03 5.400000000000000000e+03 2.700000000000000000e+03 9.000000000000000000e+02
9.000000000000000000e+03 1.080000000000000000e+04 1.170000000000000000e+04 1.350000000000000000e+04 1.620000000000000000e+04 2.610000000000000000e+04 2.430000000000000000e+04 2.070000000000000000e+04 1.620000000000000000e+04 1.350000000000000000e+04 1.080000000000000000e+04 9.000000000000000000e+03 7.200000000000000000e+03 6.300000000000000000e+03 4.500000000000000000e+03 2.700000000000000000e+03 1.800000000000000000e+03 9.000000000000000000e+02 3.600000000000000000e+03 5.400000000000000000e+03 8.100000000000000000e+03 9.900000000000000000e+03 1.170000000000000000e+04 2.700000000000000000e+03 2.700000000000000000e+03 4.500000000000000000e+03 2.898900000000000000e+06 7.200000000000000000e+03 1.800000000000000000e+03 1.800000000000000000e+03 1.800000000000000000e+03 9.900000000000000000e+03 8.100000000000000000e+03 6.300000000000000000e+03 3.600000000000000000e+03 9.000000000000000000e+02 1.800000000000000000e+03
9.900000000000000000e+03 1.170000000000000000e+04 1.260000000000000000e+04 1.440000000000000000e+04 1.710000000000000000e+04 2.700000000000000000e+04 2.520000000000000000e+04 2.160000000000000000e+04 1.710000000000000000e+04 1.440000000000000000e+04 1.170000000000000000e+04 9.900000000000000000e+03 8.100000000000000000e+03 7.200000000000000000e+03 5.400000000000000000e+03 3.600000000000000000e+03 2.700000000000000000e+03 9.000000000000000000e+02 1.800000000000000000e+03 4.500000000000000000e+03 6.300000000000000000e+03 9.000000000000000000e+03 1.080000000000000000e+04 1.260000000000000000e+04 3.600000000000000000e+03 8.100000000000000000e+03 2.899800000000000000e+06 9.900000000000000000e+03 2.700000000000000000e+03 2.700000000000000000e+03 1.080000000000000000e+04 9.000000000000000000e+03 7.200000000000000000e+03 4.500000000000000000e+03 1.800000000000000000e+03 9.000000000000000000e+02 2.700000000000000000e+03
