BlockUplift_2Ma_1kryTimeStep_2mmyr_k_5e-05_m_0.5_n_1.0_LinDiffusion_0.5_3x6km_30mRes_topographic__steepest_slope.txt
nrows 200
cellsize 30.0
xllcorner 0.0
ncols 100
yllcorner 0.0
[rows 136 to 152 of 200, columns 0 to 36 of 100]
0.000000000000000000e+00 1.850159538864202258e-01 2.435347144424583887e-01 2.966544213503131133e-01 3.421279154908131170e-01 3.787033359995951032e-01 4.062118360054640664e-01 4.254878729770005252e-01 4.381603597143048368e-01 4.463312266174738197e-01 4.521102372938928249e-01 4.569630120666654527e-01 4.609227832929291280e-01 4.619255256446900271e-01 4.557362299357438640e-01 4.369135756185130171e-01 4.008360390166956222e-01 3.460987371172762894e-01 2.773272757574091196e-01 2.866547532632106599e-01 2.945492794191845176e-01 2.999360449319832811e-01 3.670171228454800483e-01 4.162958134453874082e-01 4.449188301184104355e-01 4.569836041177240404e-01 4.585012591867617116e-01 4.551306279987994974e-01 4.508204637894421274e-01 4.474879384974542185e-01 4.453747548488490859e-01 4.436202117263554623e-01 4.407506112549727795e-01 4.349989966545950715e-01 4.245056803553839408e-01 4.074853666618106773e-01 3.824197897536130153e-01
0.000000000000000000e+00 1.723034058419503078e-01 2.304313103276654784e-01 2.824762132987835295e-01 3.262917388046192024e-01 3.608132596200750442e-01 3.860983725347176820e-01 4.082392448388304507e-01 4.216111603661185092e-01 4.280117127600268079e-01 4.302740904514849030e-01 4.304216813289201693e-01 4.320222574973237029e-01 4.328811931990167450e-01 4.271279790482031546e-01 4.093811863548856844e-01 3.749130819449811303e-01 3.219737124914497928e-01 2.533809505688913166e-01 2.452585521887878373e-01 2.553648769216029790e-01 2.657221663382267063e-01 3.389543930535068861e-01 3.912882704556595592e-01 4.221438692002641990e-01 4.354274908684437340e-01 4.372276386270519399e-01 4.334811904735098032e-01 4.285002834584427656e-01 4.245491755866907524e-01 4.221431722025288380e-01 4.206062271787004980e-01 4.185680111611850274e-01 4.142975964520947962e-01 4.059163679903021182e-01 3.915755399568776607e-01 3.696595201181936963e-01
0.000000000000000000e+00 1.588464900903790167e-01 2.158387678757651695e-01 2.660815203350690439e-01 3.075891158827677163e-01 3.506413257352031798e-01 3.857877369811774093e-01 4.092829814120345078e-01 4.233664509090867001e-01 4.307921986788263435e-01 4.342826528275471332e-01 4.357284919280080548e-01 4.351567009122845886e-01 4.297874821374212950e-01 4.138218554978436714e-01 3.796338000938987989e-01 3.441929175716392231e-01 2.928434910824608828e-01 2.252795472072255667e-01 1.936735734522130881e-01 2.053810193924713590e-01 2.254731747354639659e-01 3.024277588152130547e-01 3.582026128594426040e-01 3.917023517884896111e-01 4.065964814501097924e-01 4.090460062348834080e-01 4.052801462934036425e-01 3.999860506324255383e-01 3.957727738674981510e-01 4.002515750649043302e-01 4.062893921183236556e-01 4.105111660164595944e-01 4.105327505602284766e-01 4.038292085285945521e-01 3.879804118857274609e-01 3.609463879221171401e-01
0.000000000000000000e+00 1.460404924853856978e-01 2.012581643920823005e-01 2.491831972552540631e-01 3.000140869379473996e-01 3.476783993715874543e-01 3.826883514353464077e-01 4.064872833730400203e-01 4.213539520528721827e-01 4.299957510795744953e-01 4.350250133181873258e-01 4.382091438458606825e-01 4.394960792884792800e-01 4.360982558997894554e-01 4.222381504712074962e-01 3.902247885167715591e-01 3.330676267566635151e-01 2.601700867740214251e-01 1.928329423451437541e-01 1.341440997652966760e-01 1.463772766354338728e-01 1.780870105739316422e-01 2.587529514157454469e-01 3.182484917969949922e-01 3.548723580938705768e-01 3.764513840044723114e-01 3.910680433829137881e-01 3.971483565561640949e-01 4.003083278583877136e-01 4.035872383800930829e-01 4.077241418192575906e-01 4.118547631118266161e-01 4.141820089271144867e-01 4.124490132880244686e-01 4.042455030820500950e-01 3.872496752046212243e-01 3.594885905728688047e-01
0.000000000000000000e+00 1.352430076016580829e-01 1.882399405312132346e-01 2.349684947270740676e-01 2.943795461443168282e-01 3.412481776414135193e-01 3.759376361848921766e-01 3.999590255912209846e-01 4.155928562696980522e-01 4.254838178432142626e-01 4.321436949374231062e-01 4.372480237099182210e-01 4.407074338545309278e-01 4.397593366412081428e-01 4.286469666397219047e-01 3.995597093478105988e-01 3.451162859323858578e-01 2.617780220924316725e-01 1.580802217107709073e-01 7.808892170760775575e-02 8.236904273923263686e-02 1.268995243153804575e-01 2.109350295572596790e-01 2.940485738913992120e-01 3.522506265454145025e-01 3.857186400149790750e-01 4.014872700923168281e-01 4.072379628894528536e-01 4.089976458180368812e-01 4.102216705896031268e-01 4.119787756340277385e-01 4.136389840827462416e-01 4.135771200161608707e-01 4.096807315377361536e-01 3.996710218517364188e-01 3.813366918510212034e-01 3.527746464823091066e-01
0.000000000000000000e+00 1.275241388333685222e-01 1.780786880101603853e-01 2.282611293655577300e-01 2.860875452706636568e-01 3.318901503655846685e-01 3.660933099180188610e-01 3.902143944662536112e-01 4.064861165540946675e-01 4.174683391203681260e-01 4.255849740040881790e-01 4.324650093472087176e-01 4.380472670478657848e-01 4.396578159254507789e-01 4.315957624023989414e-01 4.059162596722198368e-01 3.547806907944429100e-01 2.738901077207155366e-01 1.655445966620902598e-01 4.174528521801543907e-02 1.949690868336801872e-02 8.905745194554696986e-02 2.045379882298637708e-01 2.954391288241595137e-01 3.574151852574876664e-01 3.930532446789527512e-01 4.092924407418024879e-01 4.141078852466194005e-01 4.139791807907613475e-01 4.127872275586090267e-01 4.119162767901854982e-01 4.109468456968064509e-01 4.084036206813493886e-01 4.023035116100193709e-01 3.904910479203598239e-01 3.708615601303714704e-01 3.415795267684814118e-01
0.000000000000000000e+00 1.235175718311342652e-01 1.716168891844105926e-01 2.199498849819595536e-01 2.758874478946912179e-01 3.204213322002298359e-01 3.539842378439421733e-01 3.780386421511328643e-01 3.947182275175805666e-01 4.064719638101905730e-01 4.156446450364626455e-01 4.238639789251256729e-01 4.311703717717553785e-01 4.350616878008451982e-01 4.299621288368579708e-01 4.078285650554069885e-01 3.603629737769930563e-01 2.824794393289266625e-01 1.756299907251085701e-01 4.910160612600407426e-02 0.000000000000000000e+00 8.190571133315530106e-02 2.009092226893774980e-01 2.953553810295981297e-01 3.599396303752390169e-01 3.967419780333102386e-01 4.126991319764840571e-01 4.161210635536292668e-01 4.139240264964200722e-01 4.103572067736308560e-01 4.070469824294263850e-01 4.037162152557433048e-01 3.989875101928456735e-01 3.909727117792385909e-01 3.776193203227781736e-01 3.569195939834761133e-01 3.271049560588626948e-01
0.000000000000000000e+00 1.233939806805783024e-01 1.691949921623788489e-01 2.107605414743090877e-01 2.646307360922965923e-01 3.077533959838395505e-01 3.405287854209139708e-01 3.643182529393034774e-01 3.811160146423238637e-01 3.932360770434779051e-01 4.029453943894130696e-01 4.119022881240482770e-01 4.203098722337112458e-01 4.259188571469716411e-01 4.233651028573205966e-01 4.045860414449293785e-01 3.608887187028074206e-01 2.864494322174039320e-01 1.819029927448904405e-01 6.419119014145416302e-02 3.475315031653091608e-02 7.824345388592628125e-02 1.967445254304777680e-01 2.930471993057058855e-01 3.587503081777356218e-01 3.955980975934039745e-01 4.106151487068567807e-01 4.124403146037726176e-01 4.083435006848447069e-01 4.028216169289028925e-01 3.976240841639366863e-01 3.925224716930112434e-01 3.861749065036045869e-01 3.767508837204919248e-01 3.622799921410073121e-01 3.408421401241923943e-01 3.107379651931410081e-01
0.000000000000000000e+00 1.269227172933620196e-01 1.707107009042513057e-01 2.075769322961019125e-01 2.531424787596298076e-01 2.947646618957909248e-01 3.266136188293178866e-01 3.499280720809603284e-01 3.665442658362640937e-01 3.786282570356471755e-01 3.883660305452432682e-01 3.974590007795749669e-01 4.063059285184427716e-01 4.129657440868110263e-01 4.123630863896721732e-01 3.965127280197938142e-01 3.564383757405569786e-01 2.856914699615666908e-01 1.847026875518961719e-01 9.408787359354112145e-02 7.288289885243556809e-02 1.017612234884045924e-01 1.918554616258215106e-01 2.881998180336154403e-01 3.535158587030726718e-01 3.893990750143264679e-01 4.030268332758907834e-01 4.033124234222062454e-01 3.977473436619694547e-01 3.909219373739536985e-01 3.845758872410215412e-01 3.784375477080971217e-01 3.711466563602527913e-01 3.609008307911665270e-01 3.457944216394404635e-01 3.239857925765401436e-01 2.938468066589488559e-01
0.000000000000000000e+00 1.335703594912359959e-01 1.757216238328158930e-01 2.114379930172940181e-01 2.421626139072695083e-01 2.822537334010386534e-01 3.130602395571505103e-01 3.357028656818575318e-01 3.518689180673883476e-01 3.635834660507157312e-01 3.729527320103993016e-01 3.817182346198383924e-01 3.904741151802208488e-01 3.976012335275375675e-01 3.983546733593546496e-01 3.849087910821064606e-01 3.481290956841538442e-01 2.810906526696669294e-01 1.936632502343274553e-01 1.067500058192109302e-01 8.899841089603531541e-02 1.103746852906912490e-01 1.918615109455118484e-01 2.810936725953733228e-01 3.447965991248395090e-01 3.789869548916082187e-01 3.910233370893668736e-01 3.900083899749177130e-01 3.835112054973668361e-01 3.760700467052326412e-01 3.693041808050205876e-01 3.628313029137662515e-01 3.552369836229957167e-01 3.447257157814268003e-01 3.294392336564726520e-01 3.076011595739771565e-01 2.781507524574086121e-01
0.000000000000000000e+00 1.426020335153568852e-01 1.835452380843209941e-01 2.185821055175532768e-01 2.465733958259596070e-01 2.709399906038659767e-01 3.006405089855396229e-01 3.224578307150769430e-01 3.379639360708324713e-01 3.490736973554173228e-01 3.578287114678024294e-01 3.660034094484084788e-01 3.743611847004918447e-01 3.815750745800642330e-01 3.832228099883309147e-01 3.716801024631536388e-01 3.377593059069132209e-01 2.742098394236487935e-01 1.841219929142561551e-01 1.007557568523014951e-01 8.030786581564559878e-02 1.019117450897395888e-01 1.819197908806882980e-01 2.725218539097852277e-01 3.338638887828740964e-01 3.660020689920107650e-01 3.764698238712280154e-01 3.744700441297728610e-01 3.675321160976390278e-01 3.600417742976446678e-01 3.534334467908744615e-01 3.471806467712099109e-01 3.397954087949547897e-01 3.294695600142309444e-01 3.143690136442785499e-01 2.959874337444378112e-01 2.838584787711753710e-01
0.000000000000000000e+00 1.548155575931048078e-01 1.933468289236845716e-01 2.281547979888709499e-01 2.564293309770616647e-01 2.777194967427094596e-01 2.922298762906866965e-01 3.109917252619103234e-01 3.257057408189514836e-01 3.360718578113259247e-01 3.441005470606285366e-01 3.515999558415577320e-01 3.594663436705730075e-01 3.666045605244145356e-01 3.688617924908517698e-01 3.588080106742684849e-01 3.272671231223379662e-01 2.667896624077400469e-01 1.758850954933658672e-01 7.757525967527702238e-02 4.800840958941042513e-02 7.702800460884520750e-02 1.741732205187133675e-01 2.635193573334732031e-01 3.222890126392219945e-01 3.523849522141858648e-01 3.614834886430325356e-01 3.588162160157518654e-01 3.518052899348371176e-01 3.446440268944267471e-01 3.385681111067394000e-01 3.329024015877526943e-01 3.260739087937774006e-01 3.174310634563893840e-01 3.143608543963902768e-01 3.063199902126091945e-01 2.923995161187417091e-01
0.000000000000000000e+00 1.719889151994190568e-01 2.042269408569290234e-01 2.391872273849202368e-01 2.681236876288945470e-01 2.904908886469899088e-01 3.063656422831949611e-01 3.163461669893511408e-01 3.214322648413293071e-01 3.254786498433929753e-01 3.327554700715760760e-01 3.395988693921253576e-01 3.470077531557270167e-01 3.540494901464057986e-01 3.567621766616620449e-01 3.478657066685248989e-01 3.182193695299702085e-01 2.602661769854099361e-01 1.723065445178046107e-01 8.902151743370650960e-02 6.463638990279416130e-02 8.687173944374629309e-02 1.684490808927345540e-01 2.550456335657865226e-01 3.114964852114477933e-01 3.398656621252352239e-01 3.479249770744445303e-01 3.448882207977987946e-01 3.380525713145327016e-01 3.314312267132076273e-01 3.303912141184321971e-01 3.333807811596455895e-01 3.349273824726131665e-01 3.337351043642752813e-01 3.285992620236455330e-01 3.184852975299328204e-01 3.025990512224431273e-01
0.000000000000000000e+00 1.885607517742376726e-01 2.153151294445413977e-01 2.506927730846063018e-01 2.805432560743894022e-01 3.042376119522766098e-01 3.217324463735654061e-01 3.335105508725870749e-01 3.404907170445337083e-01 3.439304970893537483e-01 3.452993108080126272e-01 3.460288826855669742e-01 3.470168196519520243e-01 3.478584560782057578e-01 3.477887563003113081e-01 3.397489284791239128e-01 3.138868104628610989e-01 2.722590880202207519e-01 2.108478466906212323e-01 1.345806795785092491e-01 1.290200445435592258e-01 1.315810483701360112e-01 2.085498010061481999e-01 2.712940215738791072e-01 3.140597358914964943e-01 3.380885072741073860e-01 3.485740352906697148e-01 3.516858220775692101e-01 3.522415419329713027e-01 3.527814749215698598e-01 3.538280376102670433e-01 3.546611352083274826e-01 3.540423725038545633e-01 3.506585095271950725e-01 3.433242142106810446e-01 3.310756914034146403e-01 3.132431115036661828e-01
0.000000000000000000e+00 2.037829461849279822e-01 2.258594682619129435e-01 2.617764173190262333e-01 2.926381813922019903e-01 3.177472137959438392e-01 3.369488446826517936e-01 3.506153782381445372e-01 3.595865530648288955e-01 3.650820241807981037e-01 3.685665987574817115e-01 3.714831666210581806e-01 3.747368973510953327e-01 3.779123484585377724e-01 3.784773547257749282e-01 3.715566537198209396e-01 3.509336731648104446e-01 3.114502521287452197e-01 2.519888362581506058e-01 1.877352270437881998e-01 1.888956725070632670e-01 1.913191830264679427e-01 2.477341220771056840e-01 3.088685943125405453e-01 3.498086533458301117e-01 3.718276917549238614e-01 3.801553066257604696e-01 3.810114288445372588e-01 3.792714614875830614e-01 3.775239325572607441e-01 3.763165200281703981e-01 3.749297217174161201e-01 3.721125603023697215e-01 3.665471337933950413e-01 3.570761651138676940e-01 3.428168238041551241e-01 3.232371137321317645e-01
0.000000000000000000e+00 2.172045785008397956e-01 2.352906961748812420e-01 2.717270290198607885e-01 3.035471938448285889e-01 3.300006585869202369e-01 3.508300334208626081e-01 3.663004567423635560e-01 3.771718919887039334e-01 3.846209391475042261e-01 3.900960990569092846e-01 3.950307190471535335e-01 4.003080097512943247e-01 4.054698287361179765e-01 4.079289530912961204e-01 4.027639937370696144e-01 3.837396584396668420e-01 3.457023659737774035e-01 2.875288225698115485e-01 2.380747367331802478e-01 2.395077752218886247e-01 2.416768982977051394e-01 2.808653981905324115e-01 3.408962049082071011e-01 3.805824288459306315e-01 4.011634014366480261e-01 4.078399933572717240e-01 4.068444213037685220e-01 4.031071868462191565e-01 3.992893823134264775e-01 3.959985122879500774e-01 3.925466917630716090e-01 3.876923905382980706e-01 3.801278755526218411e-01 3.687363178904414784e-01 3.527295721495280478e-01 3.317293544050052279e-01
0.000000000000000000e+00 2.286481570929159435e-01 2.432452926145936001e-01 2.800638003467403325e-01 3.126722967590198632e-01 3.402814865049398341e-01 3.625379473933639796e-01 3.796005051039756939e-01 3.921460144442888152e-01 4.013013252140366638e-01 4.084882824737970375e-01 4.151160286713832526e-01 4.220278500628008023e-01 4.287066513889675745e-01 4.325048544778544723e-01 4.284699325124552427e-01 4.103850333721941190e-01 3.731495952113442760e-01 3.156741941535877727e-01 2.771726203198454641e-01 2.786532096076598242e-01 2.804412610866980349e-01 3.063866208029898397e-01 3.657490697384883083e-01 4.047114913844915285e-01 4.244281579020157125e-01 4.300132450444028587e-01 4.276688418164308891e-01 4.223642956931800696e-01 4.168395843242135856e-01 4.117799500420493142e-01 4.065487570480266766e-01 3.999308996324626997e-01 3.906436431731657999e-01 3.776256035201542849e-01 3.601998462105147070e-01 3.381591593558633257e-01
