BlockUplift_10Myr_500yrTimeStep_halfmmyr_k_1e-05_m_0.5_n_1.0_LinDiffusion_0.05_15x7km_30mRes0.txt
nrows 250
cellsize 30.0
xllcorner 0.0
ncols 500
yllcorner 0.0
[rows 170 to 186 of 250, columns 0 to 36 of 500]
3.955148266684938122e-05 2.500407102699034656e+00 2.500531247880173780e+00 2.500488704063971834e+00 2.500550576008152781e+00 2.500418467474810225e+00 2.500343883203220763e+00 2.500359764046991451e+00 2.500458995351145131e+00 2.500332881299332399e+00 2.500363857304368942e+00 2.500459914423129870e+00 2.500430363686653834e+00 2.500450001445546633e+00 2.500552204711143478e+00 2.500562940153435054e+00 2.500549448368061256e+00 2.500537971225955225e+00 2.500602771807082902e+00 2.500539072160092413e+00 2.500447810452264275e+00 2.500436360576778760e+00 2.500518336125858720e+00 2.500459637869146157e+00 2.500502362932458311e+00 2.500576475132938459e+00 2.500639690323330999e+00 2.500680888277900582e+00 2.500691218558281914e+00 2.500506404985258779e+00 2.500411194093530742e+00 2.500450979333297408e+00 2.500516488803138149e+00 2.500553802401254799e+00 2.500531045482909054e+00 2.500499410946714463e+00 2.500481258489080538e+00
5.594608555230481430e-04 2.500365202282993415e+00 2.500473525820341436e+00 2.500428540012332501e+00 2.500459177273151035e+00 2.500379948783574502e+00 2.500386722681712914e+00 2.500442188445548997e+00 2.500432726064867772e+00 2.500299247879089304e+00 2.500418008714915707e+00 2.500498812864970777e+00 2.500436365620128054e+00 2.500388724000138563e+00 2.500505034823908179e+00 2.500497627415535717e+00 2.500607479891422180e+00 2.500612379161217369e+00 2.500576173681780645e+00 2.500543159352640377e+00 2.500478281328240460e+00 2.500398192680799436e+00 2.500515069820962832e+00 2.500530401347657694e+00 2.500453564983406540e+00 2.500416663063000478e+00 2.500617015520378406e+00 2.500701712539885158e+00 2.500675532508499721e+00 2.500470654255054104e+00 2.500407954637874131e+00 2.500463021003548558e+00 2.500448957616330681e+00 2.500520956880608381e+00 2.500547359273599834e+00 2.500576946488370922e+00 2.500591986791872667e+00
8.475514729607113839e-04 2.500437848737916635e+00 2.500500970383699784e+00 2.500384039887979970e+00 2.500342638889073488e+00 2.500395282309058498e+00 2.500427128213082550e+00 2.500464118329021268e+00 2.500474616930282945e+00 2.500362774691044176e+00 2.500433387276022934e+00 2.500423377181041129e+00 2.500385444825759862e+00 2.500334691191830938e+00 2.500446540316601851e+00 2.500451682324003500e+00 2.500571597129687351e+00 2.500627708933194970e+00 2.500498885104926572e+00 2.500536225268751966e+00 2.500558412174659129e+00 2.500394818745473646e+00 2.500454333114127792e+00 2.500614970516598756e+00 2.500541728337199565e+00 2.500388056515596258e+00 2.500525477288277010e+00 2.500599788998307815e+00 2.500597188971155127e+00 2.500482542819209453e+00 2.500436432325551017e+00 2.500468626377347015e+00 2.500370501783740096e+00 2.500484274129417095e+00 2.500457582901391085e+00 2.500512966135963300e+00 2.500617564340452681e+00
7.057695968009691833e-04 2.500646880362043856e+00 2.500622758603796125e+00 2.500488256548039079e+00 2.500443020618689172e+00 2.500556381914712745e+00 2.500541834029847532e+00 2.500548127031476220e+00 2.500648436129928154e+00 2.500552356883370742e+00 2.500492071722650866e+00 2.500356531433530094e+00 2.500395244062668443e+00 2.500401322114334857e+00 2.500531539085134369e+00 2.500569331520462679e+00 2.500541323002598126e+00 2.500529652361401567e+00 2.500358534875145367e+00 2.500454480141286240e+00 2.500584853495874782e+00 2.500501962289870761e+00 2.500464081942006533e+00 2.500590034602649059e+00 2.500505449381110079e+00 2.500348400969893525e+00 2.500380327627830468e+00 2.500414056007278951e+00 2.500470590341806076e+00 2.500541011509317624e+00 2.500526518409894816e+00 2.500517114388967510e+00 2.500388206542352609e+00 2.500488556559299802e+00 2.500403500517476285e+00 2.500461689448030711e+00 2.500556331597738158e+00
3.653413145885335924e-04 2.500537094428117779e+00 2.500459541272265440e+00 2.500409661514702453e+00 2.500442261290545698e+00 2.500554976003131369e+00 2.500558997608254952e+00 2.500557005697967572e+00 2.500718882898812279e+00 2.500710628623634690e+00 2.500628741707530800e+00 2.500315604661987656e+00 2.500235619835043277e+00 2.500248684220778284e+00 2.500428114220785147e+00 2.500541672971399620e+00 2.500411086402157590e+00 2.500376553275278191e+00 2.500341562963215303e+00 2.500471142793559309e+00 2.500602840209534605e+00 2.500615115332004201e+00 2.500558132901936403e+00 2.500555869382691032e+00 2.500392711083589514e+00 2.500338448126350865e+00 2.500401230580690193e+00 2.500422134402993102e+00 2.500456586155797467e+00 2.500561951248864823e+00 2.500562872485716515e+00 2.500594660897071719e+00 2.500548305343671451e+00 2.500554538753125833e+00 2.500440766009415672e+00 2.500461976460095936e+00 2.500433718873106059e+00
8.684499550354753778e-04 2.500329151646952131e+00 2.500290527246864958e+00 2.500324490518975207e+00 2.500453359197840619e+00 2.500560598595630069e+00 2.500649058987627349e+00 2.500605447084679245e+00 2.500665453465931609e+00 2.500641955742691547e+00 2.500634719421911623e+00 2.500378662629644033e+00 2.500267348566994841e+00 2.500337580889180344e+00 2.500502142451711762e+00 2.500612223984466809e+00 2.500418475792154371e+00 2.500331452313398817e+00 2.500358198953331446e+00 2.500465604625349503e+00 2.500546562919060190e+00 2.500553972409652381e+00 2.500484981032649934e+00 2.500478327019998392e+00 2.500408722454167343e+00 2.500530835160402532e+00 2.500628771684827445e+00 2.500592238093529041e+00 2.500530278820872976e+00 2.500534692391677360e+00 2.500519490336022610e+00 2.500527835386847197e+00 2.500585754507409497e+00 2.500571152596533953e+00 2.500507057189062188e+00 2.500524547834537703e+00 2.500421608950079033e+00
1.544850810728106783e-04 2.500409046933424584e+00 2.500371206000914892e+00 2.500374033370688753e+00 2.500540278439654429e+00 2.500626022903290391e+00 2.500767502791157781e+00 2.500694080817202902e+00 2.500607840987962405e+00 2.500497755024170043e+00 2.500594297413350375e+00 2.500579446412750428e+00 2.500528031756168001e+00 2.500502247997854699e+00 2.500528785206113547e+00 2.500646298175924098e+00 2.500478299643329905e+00 2.500340322833533246e+00 2.500298190668375664e+00 2.500428815966557305e+00 2.500571425809044790e+00 2.500587335683423618e+00 2.500522142788703217e+00 2.500482206778760652e+00 2.500457177109152163e+00 2.500574867822503045e+00 2.500618601620776538e+00 2.500559291526788908e+00 2.500471682816865382e+00 2.500459437445677668e+00 2.500486198484116240e+00 2.500419431476923915e+00 2.500530616782675519e+00 2.500576850981370836e+00 2.500525572571894006e+00 2.500447394244398325e+00 2.500370356438697428e+00
4.588871009665773562e-05 2.500615039546545848e+00 2.500562456343649043e+00 2.500448263725329134e+00 2.500536938089353622e+00 2.500573913221937339e+00 2.500665867601989056e+00 2.500551429403866432e+00 2.500434109438057551e+00 2.500355335011966051e+00 2.500486953499391429e+00 2.500599600378027976e+00 2.500595853770590349e+00 2.500461904148274073e+00 2.500436116623046434e+00 2.500601254947991681e+00 2.500493709557658928e+00 2.500441639731100452e+00 2.500416930626251588e+00 2.500525842007277788e+00 2.500618785792890097e+00 2.500573371127386313e+00 2.500509036914416061e+00 2.500384522862926673e+00 2.500369888259972750e+00 2.500451865859995682e+00 2.500490241201448249e+00 2.500465327469096000e+00 2.500373523821175503e+00 2.500414197591285692e+00 2.500472955534734698e+00 2.500337959782490405e+00 2.500378801266935458e+00 2.500432563931912711e+00 2.500476147896685930e+00 2.500450472881476482e+00 2.500468337295247867e+00
6.611795205896634116e-04 2.500762840944976695e+00 2.500637317788833247e+00 2.500431938635862661e+00 2.500398788844853115e+00 2.500364591369298672e+00 2.500443158814483979e+00 2.500443571262448206e+00 2.500485547381017692e+00 2.500480601990182628e+00 2.500482492654235500e+00 2.500564683767554364e+00 2.500563238256284126e+00 2.500348489767499682e+00 2.500311348438186254e+00 2.500479148633149684e+00 2.500442176609096290e+00 2.500506121376633306e+00 2.500537475594275527e+00 2.500598211324566389e+00 2.500596235401931988e+00 2.500509640165552216e+00 2.500492886739235754e+00 2.500441763955169261e+00 2.500489722314891416e+00 2.500434071995607077e+00 2.500401742249837245e+00 2.500425468965574716e+00 2.500393007572561999e+00 2.500483333151679588e+00 2.500460355438693494e+00 2.500301635160238956e+00 2.500313667672033890e+00 2.500312464702212356e+00 2.500413785429834057e+00 2.500464736787524345e+00 2.500495096166500453e+00
1.501660768886022815e-04 2.500622854812048157e+00 2.500554873229184683e+00 2.500496683117106489e+00 2.500428297135519173e+00 2.500287037761738329e+00 2.500287142373643690e+00 2.500350245159464357e+00 2.500469975386423016e+00 2.500520006296414355e+00 2.500455030773760079e+00 2.500521789133309802e+00 2.500560780958150264e+00 2.500367093027123122e+00 2.500284767774911376e+00 2.500400736682084624e+00 2.500346008869428704e+00 2.500375449946835804e+00 2.500415917212177153e+00 2.500472508897250368e+00 2.500505069905516908e+00 2.500516045318360803e+00 2.500576184835532789e+00 2.500583808043810308e+00 2.500550072330609996e+00 2.500358429310891584e+00 2.500333202922525810e+00 2.500456215517897096e+00 2.500477287483974909e+00 2.500532622142772610e+00 2.500489853914760641e+00 2.500448930587511054e+00 2.500519763681328556e+00 2.500476869088628984e+00 2.500542282844477882e+00 2.500583872813134878e+00 2.500545482975927047e+00
9.130415782026043547e-04 2.500483358513795551e+00 2.500529649036487889e+00 2.500600366400191898e+00 2.500500561101174579e+00 2.500333787117911211e+00 2.500224711901847030e+00 2.500176368456668907e+00 2.500245367799023732e+00 2.500428349770905445e+00 2.500433280269620973e+00 2.500481255216790100e+00 2.500529407358029754e+00 2.500479377386854551e+00 2.500418742811874040e+00 2.500566037642741879e+00 2.500511858966719014e+00 2.500439687180694204e+00 2.500401058991426506e+00 2.500376427485791364e+00 2.500357723943011923e+00 2.500428130700068419e+00 2.500542057503158500e+00 2.500607935061348375e+00 2.500551712799792714e+00 2.500388261864262773e+00 2.500337901471668900e+00 2.500458161019762926e+00 2.500530909296742710e+00 2.500510840675373547e+00 2.500450863877177188e+00 2.500497038015086826e+00 2.500622568249914135e+00 2.500593433870216042e+00 2.500590659310168551e+00 2.500578369183432237e+00 2.500517713043779011e+00
4.144648206306512906e-04 2.500490198593459112e+00 2.500424493003696735e+00 2.500449424963240741e+00 2.500461556124077500e+00 2.500494390070700401e+00 2.500357448648137026e+00 2.500235080608536276e+00 2.500291338608725322e+00 2.500513842296707256e+00 2.500445408151803051e+00 2.500379510118127424e+00 2.500445127582934024e+00 2.500528322984906904e+00 2.500496937195050950e+00 2.500638619894517856e+00 2.500566392648164271e+00 2.500425608295147040e+00 2.500262070652006230e+00 2.500219648608038359e+00 2.500267371400004990e+00 2.500334967016659249e+00 2.500416997688064136e+00 2.500491539467615265e+00 2.500481096129010261e+00 2.500403380187321112e+00 2.500285138575732979e+00 2.500335864987424994e+00 2.500499615048896729e+00 2.500481506970542167e+00 2.500392796970770881e+00 2.500352784834951159e+00 2.500442964117536970e+00 2.500474800977111833e+00 2.500443499249338064e+00 2.500484978046408457e+00 2.500512314387957957e+00
7.641854304389630263e-04 2.500308617238680142e+00 2.500290799672397313e+00 2.500441223931229473e+00 2.500578281898496069e+00 2.500652743976949033e+00 2.500428988717473544e+00 2.500321407148347053e+00 2.500376997353314312e+00 2.500490734882061084e+00 2.500322292345495523e+00 2.500289261804752083e+00 2.500412841702117639e+00 2.500449334987693284e+00 2.500373380421941683e+00 2.500491754374758457e+00 2.500515133160920556e+00 2.500526146260559468e+00 2.500344863830179953e+00 2.500279786548817995e+00 2.500377688270039922e+00 2.500349483137706663e+00 2.500358217024947205e+00 2.500407892740435400e+00 2.500365496994047643e+00 2.500301525460920882e+00 2.500242526724901104e+00 2.500273514601254909e+00 2.500453971452767377e+00 2.500477948250048765e+00 2.500505485929986449e+00 2.500414006086238317e+00 2.500386552869628964e+00 2.500401177709141720e+00 2.500342015707143872e+00 2.500510056381155977e+00 2.500675448187569483e+00
1.132103387022811422e-04 2.500289354368392392e+00 2.500344302571199329e+00 2.500566037281784837e+00 2.500701379305762195e+00 2.500700526764835452e+00 2.500410004057767477e+00 2.500333048718800466e+00 2.500312415808708888e+00 2.500381729515756213e+00 2.500285497848786953e+00 2.500357809555244781e+00 2.500459029576309167e+00 2.500430478415360369e+00 2.500303567130855331e+00 2.500332349882931737e+00 2.500389399100428012e+00 2.500597286077315129e+00 2.500559476849905316e+00 2.500465181969815376e+00 2.500489445993769433e+00 2.500399582689324163e+00 2.500424961204167573e+00 2.500503503110972581e+00 2.500409586835785181e+00 2.500286496759111188e+00 2.500289866404945993e+00 2.500334983338084793e+00 2.500477585148445758e+00 2.500497854404889697e+00 2.500614157439922547e+00 2.500549112244658367e+00 2.500409075317429952e+00 2.500395672957741677e+00 2.500332323836861992e+00 2.500494542575562473e+00 2.500676752524907176e+00
9.189958880251104020e-04 2.500476748652768588e+00 2.500472670749162241e+00 2.500621215845578504e+00 2.500699668204729775e+00 2.500715389530580701e+00 2.500498009475542904e+00 2.500450847700457224e+00 2.500342404039151756e+00 2.500425759077695709e+00 2.500421343399316321e+00 2.500497341083807612e+00 2.500425170908988193e+00 2.500389961003413042e+00 2.500331988125958471e+00 2.500376960654817182e+00 2.500428086618150747e+00 2.500606778451123002e+00 2.500612757952565879e+00 2.500459357569089214e+00 2.500403341474383367e+00 2.500378271310474965e+00 2.500391300958518581e+00 2.500410817546660169e+00 2.500348501470630591e+00 2.500266226763748545e+00 2.500265510828648452e+00 2.500272280596069319e+00 2.500400015935388520e+00 2.500439298594954618e+00 2.500557045660679378e+00 2.500566390347579215e+00 2.500363632629723387e+00 2.500331700641216237e+00 2.500335146646118112e+00 2.500442370871445608e+00 2.500500301752274002e+00
7.974173935221998783e-04 2.500604734262619200e+00 2.500599936322694727e+00 2.500683872566964450e+00 2.500651142262160231e+00 2.500665514924026667e+00 2.500531096103359108e+00 2.500513627561049113e+00 2.500436094939622489e+00 2.500484307325073097e+00 2.500450439737833985e+00 2.500554031171638325e+00 2.500437077999543956e+00 2.500430373740543555e+00 2.500390817783180175e+00 2.500470442803224280e+00 2.500530651219733613e+00 2.500611944794229657e+00 2.500591839946640693e+00 2.500429509882421630e+00 2.500397432171519441e+00 2.500505109424192351e+00 2.500549364596566182e+00 2.500572253839394854e+00 2.500551994972137759e+00 2.500486725693040757e+00 2.500377112327190066e+00 2.500335960657642076e+00 2.500442716410979038e+00 2.500470683222559831e+00 2.500437837503045380e+00 2.500445300723943109e+00 2.500341721735256595e+00 2.500368791662279655e+00 2.500393904038263670e+00 2.500464767865760329e+00 2.500469670257570609e+00
1.292488668328206683e-05 2.500395728643628246e+00 2.500417144199819752e+00 2.500516968752987790e+00 2.500469635348824049e+00 2.500425009545323540e+00 2.500327913511159572e+00 2.500431144874124101e+00 2.500493147539275984e+00 2.500520264818719696e+00 2.500475586135063377e+00 2.500564629413303486e+00 2.500474023396744627e+00 2.500492544068184664e+00 2.500464634792851637e+00 2.500566852194535006e+00 2.500533959429954489e+00 2.500477573746676896e+00 2.500427815632802808e+00 2.500363107020342479e+00 2.500390697940292561e+00 2.500435942067496864e+00 2.500505296829643065e+00 2.500650036911716168e+00 2.500655924488647930e+00 2.500507046303139358e+00 2.500345040120742546e+00 2.500367050475684749e+00 2.500462420762497917e+00 2.500489329828105678e+00 2.500345589120029022e+00 2.500280437082773144e+00 2.500308479730505518e+00 2.500455932694009675e+00 2.500531352423648990e+00 2.500587484549984918e+00 2.500539675473612888e+00
