BlockUplift_2Ma_1kryTimeStep_5mmyr_k_1e-05_m_0.5_n_1.0_LinDiffusion_1.0_6x3km_30mRes_topographic__steepest_slope.txt
nrows 100
cellsize 30.0
xllcorner 0.0
ncols 200
yllcorner 0.0
[rows 51 to 67 of 100, columns 37 to 73 of 200]
2.539460123876036146e+00 2.539460123683526582e+00 2.539460123529943214e+00 2.539460123416317217e+00 2.539460123343511899e+00 2.539460123312180073e+00 2.539460123322730301e+00 2.539460123375435252e+00 2.539460123470386410e+00 2.539460123607538478e+00 2.539460123786678292e+00 2.539460124007458131e+00 2.539460124269362407e+00 2.539460124571830235e+00 2.539460124914012518e+00 2.539460125294954018e+00 2.539460125713488559e+00 2.539460126168266108e+00 2.539460126657680394e+00 2.539460127179942628e+00 2.539460127732915407e+00 2.539460128314294796e+00 2.539460128921427806e+00 2.539460129551419865e+00 2.539460130201162791e+00 2.539460130867246423e+00 2.539460131546032340e+00 2.539460132233747114e+00 2.539460132926417923e+00 2.539460133619998672e+00 2.539460134310274952e+00 2.539460134993154039e+00 2.539460135664497464e+00 2.539460136320288441e+00 2.539460136956677161e+00 2.539460137569979903e+00 2.539460138156770519e+00
2.525501039808098813e+00 2.525501039602719988e+00 2.525501039437964668e+00 2.525501039314955509e+00 2.525501039234465228e+00 2.525501039197130648e+00 2.525501039203345677e+00 2.525501039253352342e+00 2.525501039347182175e+00 2.525501039484803645e+00 2.525501039665944969e+00 2.525501039890317045e+00 2.525501040157420718e+00 2.525501040466664016e+00 2.525501040817274223e+00 2.525501041208326747e+00 2.525501041638699373e+00 2.525501042107058947e+00 2.525501042611828506e+00 2.525501043151173963e+00 2.525501043723003658e+00 2.525501044324922173e+00 2.525501044954217011e+00 2.525501045607916328e+00 2.525501046282715656e+00 2.525501046975038300e+00 2.525501047681109501e+00 2.525501048396836090e+00 2.525501049118035191e+00 2.525501049840280121e+00 2.525501050559220584e+00 2.525501051270339303e+00 2.525501051969240685e+00 2.525501052651589085e+00 2.525501053313276678e+00 2.525501053950362618e+00 2.525501054559208480e+00
2.510950128259977099e+00 2.510950128041319562e+00 2.510950127865165360e+00 2.510950127732561210e+00 2.510950127644309582e+00 2.510950127600957149e+00 2.510950127602821436e+00 2.510950127650130703e+00 2.510950127742868521e+00 2.510950127880945182e+00 2.510950128064162623e+00 2.510950128292142924e+00 2.510950128564475747e+00 2.510950128880540255e+00 2.510950129239669426e+00 2.510950129640953765e+00 2.510950130083331899e+00 2.510950130565546168e+00 2.510950131086049808e+00 2.510950131642994076e+00 2.510950132234317511e+00 2.510950132857563855e+00 2.510950133509974425e+00 2.510950134188472571e+00 2.510950134889602392e+00 2.510950135609618883e+00 2.510950136344460404e+00 2.510950137089866807e+00 2.510950137841291507e+00 2.510950138594095549e+00 2.510950139343458343e+00 2.510950140084636129e+00 2.510950140812853171e+00 2.510950141523486945e+00 2.510950142212019731e+00 2.510950142874298852e+00 2.510950143506382570e+00
2.495873449153108048e+00 2.495873448920883586e+00 2.495873448733118671e+00 2.495873448590812949e+00 2.495873448494724922e+00 2.495873448445339093e+00 2.495873448442929021e+00 2.495873448487585300e+00 2.495873448579307929e+00 2.495873448717899734e+00 2.495873448903178637e+00 2.495873449134781819e+00 2.495873449412298939e+00 2.495873449735199756e+00 2.495873450102862989e+00 2.495873450514454639e+00 2.495873450969005258e+00 2.495873451465255854e+00 2.495873452001796888e+00 2.495873452576824914e+00 2.495873453188262925e+00 2.495873453833640454e+00 2.495873454510168177e+00 2.495873455214571823e+00 2.495873455943365293e+00 2.495873456692546011e+00 2.495873457457840505e+00 2.495873458234700415e+00 2.495873459018260743e+00 2.495873459803518379e+00 2.495873460585365411e+00 2.495873461358587342e+00 2.495873462118030961e+00 2.495873462858738456e+00 2.495873463575844831e+00 2.495873464264832364e+00 2.495873464921548379e+00
2.480333245658873143e+00 2.480333245412733145e+00 2.480333245213174997e+00 2.480333245061153047e+00 2.480333244957288574e+00 2.480333244901961276e+00 2.480333244895367439e+00 2.480333244937491965e+00 2.480333245028274902e+00 2.480333245167457790e+00 2.480333245354813698e+00 2.480333245590009117e+00 2.480333245872679893e+00 2.480333246202371722e+00 2.480333246578462880e+00 2.480333247000332086e+00 2.480333247467054303e+00 2.480333247977553945e+00 2.480333248530375290e+00 2.480333249123896078e+00 2.480333249756040637e+00 2.480333250424322067e+00 2.480333251125891092e+00 2.480333251857473442e+00 2.480333252615279704e+00 2.480333253395231807e+00 2.480333254192798265e+00 2.480333255003021709e+00 2.480333255820793781e+00 2.480333256640688155e+00 2.480333257457141283e+00 2.480333258264560303e+00 2.480333259057397211e+00 2.480333259830164838e+00 2.480333260577708643e+00 2.480333261295087688e+00 2.480333261977845538e+00
2.464388055602360961e+00 2.464388055342108697e+00 2.464388055130712019e+00 2.464388054969019137e+00 2.464388054857499899e+00 2.464388054796442518e+00 2.464388054785862092e+00 2.464388054825652485e+00 2.464388054915586324e+00 2.464388055055421134e+00 2.464388055244838505e+00 2.464388055483580864e+00 2.464388055771268959e+00 2.464388056107570169e+00 2.464388056492013312e+00 2.464388056924023296e+00 2.464388057402887355e+00 2.464388057927574760e+00 2.464388058496933986e+00 2.464388059109296591e+00 2.464388059762617100e+00 2.464388060454575591e+00 2.464388061182217093e+00 2.464388061942145214e+00 2.464388062730525686e+00 2.464388063542962026e+00 2.464388064374634091e+00 2.464388065220358026e+00 2.464388066074585826e+00 2.464388066931435972e+00 2.464388067784936354e+00 2.464388068628962536e+00 2.464388069457497110e+00 2.464388070264582620e+00 2.464388071044580464e+00 2.464388071792200208e+00 2.464388072502545768e+00
2.448092828198953796e+00 2.448092827924468473e+00 2.448092827701247920e+00 2.448092827530020443e+00 2.448092827411149752e+00 2.448092827344650502e+00 2.448092827330386356e+00 2.448092827368069990e+00 2.448092827457367004e+00 2.448092827597959875e+00 2.448092827789453807e+00 2.448092828031621870e+00 2.448092828324176295e+00 2.448092828666843523e+00 2.448092829059350883e+00 2.448092829501259171e+00 2.448092829992037700e+00 2.448092830530943953e+00 2.448092831116809975e+00 2.448092831748211573e+00 2.448092832423268916e+00 2.448092833139587032e+00 2.448092833894255360e+00 2.448092834683817998e+00 2.448092835504273257e+00 2.448092836350997281e+00 2.448092837218928342e+00 2.448092838102456703e+00 2.448092838995565401e+00 2.448092839891993666e+00 2.448092840785163204e+00 2.448092841668479291e+00 2.448092842535273483e+00 2.448092843379148231e+00 2.448092844193873407e+00 2.448092844973704718e+00 2.448092845713396581e+00
2.431499045037783802e+00 2.431499044748958838e+00 2.431499044514112029e+00 2.431499044333728765e+00 2.431499044207915627e+00 2.431499044136429255e+00 2.431499044118921482e+00 2.431499044154891820e+00 2.431499044243825569e+00 2.431499044385236452e+00 2.431499044578822488e+00 2.431499044824249722e+00 2.431499045121381819e+00 2.431499045470066900e+00 2.431499045870213926e+00 2.431499046321641710e+00 2.431499046824031396e+00 2.431499047376807443e+00 2.431499047979135408e+00 2.431499048629742088e+00 2.431499049326854678e+00 2.431499050068198997e+00 2.431499050850880028e+00 2.431499051671380585e+00 2.431499052525517346e+00 2.431499053408500366e+00 2.431499054314887776e+00 2.431499055238691476e+00 2.431499056173440199e+00 2.431499057112296303e+00 2.431499058048120609e+00 2.431499058973637606e+00 2.431499059881616631e+00 2.431499060764978459e+00 2.431499061616947621e+00 2.431499062431218494e+00 2.431499063202090749e+00
2.414654844316328486e+00 2.414654844013329971e+00 2.414654843767205517e+00 2.414654843578182497e+00 2.414654843446002452e+00 2.414654843370226622e+00 2.414654843350065860e+00 2.414654843384793637e+00 2.414654843473681645e+00 2.414654843616138802e+00 2.414654843811725460e+00 2.414654844060229788e+00 2.414654844361545205e+00 2.414654844715748094e+00 2.414654845122959248e+00 2.414654845583315002e+00 2.414654846096724761e+00 2.414654846663006449e+00 2.414654847281523686e+00 2.414654847951260397e+00 2.414654848670731102e+00 2.414654849437662509e+00 2.414654850249295936e+00 2.414654851102052913e+00 2.414654851991584472e+00 2.414654852912887506e+00 2.414654853860156436e+00 2.414654854826964403e+00 2.414654855806338762e+00 2.414654856790805937e+00 2.414654857772529972e+00 2.414654858743582100e+00 2.414654859695990030e+00 2.414654860621885835e+00 2.414654861513918060e+00 2.414654862365083865e+00 2.414654863169183319e+00
2.397605147415864391e+00 2.397605147098950784e+00 2.397605146842154866e+00 2.397605146645264362e+00 2.397605146507703289e+00 2.397605146428471112e+00 2.397605146406506904e+00 2.397605146440673796e+00 2.397605146529970810e+00 2.397605146673640775e+00 2.397605146871183202e+00 2.397605147122400471e+00 2.397605147427384509e+00 2.397605147786437740e+00 2.397605148199939418e+00 2.397605148668344732e+00 2.397605149192031604e+00 2.397605149771107058e+00 2.397605150405342833e+00 2.397605151094042597e+00 2.397605151835887405e+00 2.397605152628951242e+00 2.397605153470415917e+00 2.397605154356733603e+00 2.397605155283463407e+00 2.397605156245299352e+00 2.397605157236087692e+00 2.397605158248961921e+00 2.397605159276266384e+00 2.397605160309846273e+00 2.397605161341183067e+00 2.397605162361469588e+00 2.397605163361868019e+00 2.397605164333799443e+00 2.397605165268972272e+00 2.397605166159807233e+00 2.397605166999407178e+00
2.380391786989927372e+00 2.380391786659690201e+00 2.380391786393056375e+00 2.380391786189435699e+00 2.380391786047660663e+00 2.380391785966245788e+00 2.380391785943508420e+00 2.380391785977947983e+00 2.380391786068230431e+00 2.380391786213370775e+00 2.380391786412807686e+00 2.380391786666374632e+00 2.380391786974329627e+00 2.380391787337278853e+00 2.380391787755979927e+00 2.380391788231357442e+00 2.380391788764215200e+00 2.380391789355129184e+00 2.380391790004356967e+00 2.380391790711564592e+00 2.380391791475782615e+00 2.380391792295267983e+00 2.380391793167412562e+00 2.380391794088639656e+00 2.380391795054401793e+00 2.380391796059135867e+00 2.380391797096323536e+00 2.380391798158492112e+00 2.380391799237410400e+00 2.380391800324105134e+00 2.380391801409177610e+00 2.380391802482866748e+00 2.380391803535409689e+00 2.380391804557226987e+00 2.380391805539132655e+00 2.380391806472653027e+00 2.380391807350285216e+00
2.363053635816747100e+00 2.363053635474019032e+00 2.363053635198881786e+00 2.363053634990061713e+00 2.363053634845725171e+00 2.363053634763658373e+00 2.363053634741603126e+00 2.363053634777422030e+00 2.363053634869417330e+00 2.363053635016315823e+00 2.363053635217481130e+00 2.363053635472821767e+00 2.363053635782868422e+00 2.363053636148515491e+00 2.363053636571097016e+00 2.363053637051962141e+00 2.363053637592565703e+00 2.363053638194045014e+00 2.363053638857172789e+00 2.363053639582115562e+00 2.363053640368389274e+00 2.363053641214507117e+00 2.363053642118059905e+00 2.363053643075530452e+00 2.363053644082280247e+00 2.363053645132443759e+00 2.363053646219138049e+00 2.363053647334284690e+00 2.363053648468894430e+00 2.363053649613129803e+00 2.363053650756561819e+00 2.363053651888397777e+00 2.363053652997738840e+00 2.363053654073807408e+00 2.363053655106462703e+00 2.363053656086215870e+00 2.363053657004684283e+00
2.345626735739324342e+00 2.345626735385364370e+00 2.345626735103421012e+00 2.345626734891447907e+00 2.345626734746701914e+00 2.345626734666060198e+00 2.345626734646475420e+00 2.345626734685113846e+00 2.345626734779716394e+00 2.345626734928767387e+00 2.345626735131448370e+00 2.345626735387865480e+00 2.345626735698806531e+00 2.345626736065651308e+00 2.345626736490279196e+00 2.345626736974797399e+00 2.345626737521251837e+00 2.345626738131552980e+00 2.345626738807156109e+00 2.345626739548833939e+00 2.345626740356541173e+00 2.345626741229276835e+00 2.345626742164859113e+00 2.345626743159861416e+00 2.345626744209584835e+00 2.345626745307951566e+00 2.345626746447548427e+00 2.345626747619689922e+00 2.345626748814538587e+00 2.345626750021316820e+00 2.345626751228382822e+00 2.345626752423747075e+00 2.345626753595130953e+00 2.345626754730559149e+00 2.345626755818527087e+00 2.345626756848453898e+00 2.345626757810956864e+00
2.328144426080583251e+00 2.328144425717209920e+00 2.328144425430855424e+00 2.328144425218458213e+00 2.328144425076122292e+00 2.328144424999587958e+00 2.328144424984763372e+00 2.328144425027979469e+00 2.328144425126326134e+00 2.328144425277893337e+00 2.328144425481862623e+00 2.328144425738400969e+00 2.328144426048705196e+00 2.328144426414807455e+00 2.328144426839268366e+00 2.328144427324999377e+00 2.328144427874970557e+00 2.328144428491911277e+00 2.328144429178064634e+00 2.328144429935006698e+00 2.328144430763268158e+00 2.328144431662349412e+00 2.328144432630400384e+00 2.328144433664192547e+00 2.328144434758951498e+00 2.328144435908385823e+00 2.328144437104583631e+00 2.328144438338176858e+00 2.328144439598433202e+00 2.328144440873332499e+00 2.328144442150050786e+00 2.328144443415036680e+00 2.328144444654587364e+00 2.328144445855120370e+00 2.328144447003660300e+00 2.328144448088293572e+00 2.328144449098469071e+00
2.310637470973506247e+00 2.310637470603130073e+00 2.310637470315547670e+00 2.310637470106287950e+00 2.310637469969939684e+00 2.310637469900939323e+00 2.310637469893799700e+00 2.310637469943806810e+00 2.310637470047307129e+00 2.310637470201921229e+00 2.310637470406709415e+00 2.310637470662141091e+00 2.310637470969914009e+00 2.310637471332802395e+00 2.310637471754247052e+00 2.310637472238219470e+00 2.310637472788691138e+00 2.310637473409481668e+00 2.310637474103775180e+00 2.310637474873995512e+00 2.310637475721508238e+00 2.310637476646358213e+00 2.310637477647150995e+00 2.310637478720885429e+00 2.310637479862816868e+00 2.310637481066396326e+00 2.310637482323257608e+00 2.310637483623274147e+00 2.310637484954592313e+00 2.310637486304055077e+00 2.310637487657201561e+00 2.310637488998872779e+00 2.310637490313547371e+00 2.310637491585854963e+00 2.310637492801061121e+00 2.310637493945614462e+00 2.310637495007601405e+00
2.293134185079755749e+00 2.293134184705718503e+00 2.293134184421046662e+00 2.293134184219494998e+00 2.293134184093871042e+00 2.293134184036679013e+00 2.293134184040885426e+00 2.293134184100449779e+00 2.293134184210748661e+00 2.293134184368954998e+00 2.293134184574015855e+00 2.293134184826741695e+00 2.293134185129519942e+00 2.293134185486041865e+00 2.293134185900976174e+00 2.293134186379431227e+00 2.293134186926742313e+00 2.293134187547866354e+00 2.293134188247237581e+00 2.293134189028288805e+00 2.293134189893256458e+00 2.293134190842920361e+00 2.293134191876462502e+00 2.293134192991184594e+00 2.293134194182410379e+00 2.293134195443417234e+00 2.293134196765345134e+00 2.293134198137234403e+00 2.293134199546132734e+00 2.293134200977336334e+00 2.293134202414732314e+00 2.293134203841161067e+00 2.293134205239031775e+00 2.293134206590813573e+00 2.293134207879711450e+00 2.293134209090248898e+00 2.293134210208851886e+00
2.275660557192145550e+00 2.275660556818873470e+00 2.275660556542538959e+00 2.275660556354644815e+00 2.275660556245649335e+00 2.275660556205768348e+00 2.275660556225913567e+00 2.275660556298423121e+00 2.275660556417566927e+00 2.275660556579896188e+00 2.275660556784403710e+00 2.275660557032332054e+00 2.275660557326985689e+00 2.275660557673260698e+00 2.275660558077250428e+00 2.275660558545625101e+00 2.275660559085182832e+00 2.275660559702418873e+00 2.275660560403055754e+00 2.275660561191784836e+00 2.275660562071872395e+00 2.275660563045009077e+00 2.275660564110982609e+00 2.275660565267541458e+00 2.275660566510214089e+00 2.275660567832126890e+00 2.275660569223903806e+00 2.275660570673729399e+00 2.275660572167423013e+00 2.275660573688605748e+00 2.275660575219164095e+00 2.275660576739710450e+00 2.275660578230144893e+00 2.275660579670398143e+00 2.275660581041210939e+00 2.275660582324788628e+00 2.275660583505592971e+00
