BlockUplift_2Ma_1kryTimeStep_2mmyr_k_1e-05_m_0.5_n_1.0_LinDiffusion_0.75_6x3km_30mRes_topographic__steepest_slope.txt
nrows 100
cellsize 30.0
xllcorner 0.0
ncols 200
yllcorner 0.0
[rows 0 to 16 of 100, columns 0 to 36 of 200]
0.000000000000000000e+00 0.000000000000000000e+00 0.000000000000000000e+00 0.000000000000000000e+00 0.000000000000000000e+00 0.000000000000000000e+00 0.000000000000000000e+00 0.000000000000000000e+00 0.000000000000000000e+00 0.000000000000000000e+00 0.000000000000000000e+00 0.000000000000000000e+00 0.000000000000000000e+00 0.000000000000000000e+00 0.000000000000000000e+00 0.000000000000000000e+00 0.000000000000000000e+00 0.000000000000000000e+00 0.000000000000000000e+00 0.000000000000000000e+00 0.000000000000000000e+00 0.000000000000000000e+00 0.000000000000000000e+00 0.000000000000000000e+00 0.000000000000000000e+00 0.000000000000000000e+00 0.000000000000000000e+00 0.000000000000000000e+00 0.000000000000000000e+00 0.000000000000000000e+00 0.000000000000000000e+00 0.000000000000000000e+00 0.000000000000000000e+00 0.000000000000000000e+00 0.000000000000000000e+00 0.000000000000000000e+00 0.000000000000000000e+00
0.000000000000000000e+00 7.460174204617639471e-02 7.460174204531237752e-02 7.460174204359949768e-02 7.460174204105290974e-02 7.460174203765745915e-02 7.460174203342831434e-02 7.460174202842609348e-02 7.460174202265079657e-02 7.460174201610243749e-02 7.460174200884163442e-02 7.460174200088355578e-02 7.460174199228883363e-02 7.460174198308777704e-02 7.460174197329555446e-02 7.460174196300310701e-02 7.460174195219528015e-02 7.460174194096301503e-02 7.460174192936695758e-02 7.460174191743741690e-02 7.460174190523502502e-02 7.460174189280527335e-02 7.460174188022392072e-02 7.460174186753647241e-02 7.460174185477323749e-02 7.460174184205546621e-02 7.460174182938317244e-02 7.460174181681698824e-02 7.460174180444785474e-02 7.460174179230610880e-02 7.460174178045235471e-02 7.460174176893209774e-02 7.460174175777561922e-02 7.460174174707390193e-02 7.460174173685724108e-02 7.460174172714080509e-02 7.460174171801554899e-02
0.000000000000000000e+00 1.485405567401358040e-01 1.485405567384380787e-01 1.485405567350123190e-01 1.485405567299039886e-01 1.485405567231433965e-01 1.485405567147457251e-01 1.485405567047564657e-01 1.485405566932058719e-01 1.485405566801546173e-01 1.485405566656936571e-01 1.485405566498381458e-01 1.485405566326941651e-01 1.485405566143223610e-01 1.485405565948137163e-01 1.485405565742287937e-01 1.485405565527192495e-01 1.485405565303305198e-01 1.485405565071838963e-01 1.485405564834006154e-01 1.485405564590564498e-01 1.485405564342727192e-01 1.485405564091858421e-01 1.485405563838564091e-01 1.485405563584511757e-01 1.485405563330459700e-01 1.485405563077771829e-01 1.485405562827660786e-01 1.485405562580733030e-01 1.485405562338504015e-01 1.485405562102035393e-01 1.485405561872236435e-01 1.485405561650319783e-01 1.485405561436891619e-01 1.485405561233164862e-01 1.485405561039897238e-01 1.485405560858149843e-01
0.000000000000000000e+00 2.211967561365933421e-01 2.211967561340316135e-01 2.211967561289384376e-01 2.211967561213138422e-01 2.211967561112184455e-01 2.211967560986825843e-01 2.211967560837668489e-01 2.211967560665167865e-01 2.211967560470536054e-01 2.211967560254227694e-01 2.211967560017607526e-01 2.211967559761433277e-01 2.211967559487220680e-01 2.211967559195727462e-01 2.211967558888621455e-01 2.211967558567418390e-01 2.211967558233179088e-01 2.211967557887722646e-01 2.211967557532413253e-01 2.211967557168918463e-01 2.211967556799057377e-01 2.211967556424345449e-01 2.211967556046450512e-01 2.211967555667039564e-01 2.211967555287931986e-01 2.211967554910643230e-01 2.211967554536992397e-01 2.211967554168647043e-01 2.211967553807274445e-01 2.211967553454390611e-01 2.211967553111662821e-01 2.211967552780303436e-01 2.211967552462131836e-01 2.211967552158057571e-01 2.211967551869747639e-01 2.211967551598263415e-01
0.000000000000000000e+00 2.920286212285494454e-01 2.920286212251691493e-01 2.920286212184085572e-01 2.920286212083283428e-01 2.920286211949284505e-01 2.920286211782998631e-01 2.920286211585183533e-01 2.920286211356748485e-01 2.920286211098603868e-01 2.920286210812113037e-01 2.920286210498337365e-01 2.920286210159095952e-01 2.920286209795298071e-01 2.920286209409369005e-01 2.920286209002521671e-01 2.920286208576575171e-01 2.920286208133651140e-01 2.920286207675871770e-01 2.920286207205056717e-01 2.920286206723479716e-01 2.920286206233413395e-01 2.920286205736677965e-01 2.920286205236152233e-01 2.920286204733353319e-01 2.920286204231160587e-01 2.920286203731545238e-01 2.920286203236628353e-01 2.920286202748835769e-01 2.920286202270290232e-01 2.920286201802961279e-01 2.920286201348972210e-01 2.920286200910141017e-01 2.920286200488893535e-01 2.920286200086593675e-01 2.920286199705212082e-01 2.920286199346113221e-01
0.000000000000000000e+00 3.605929261083626325e-01 3.605929261041637690e-01 3.605929260957812521e-01 3.605929260832453909e-01 3.605929260666319580e-01 3.605929260460015717e-01 3.605929260214452148e-01 3.605929259930993336e-01 3.605929259610699544e-01 3.605929259255086783e-01 3.605929258865823162e-01 3.605929258444424135e-01 3.605929257993314985e-01 3.605929257514162711e-01 3.605929257009241606e-01 3.605929256480673306e-01 3.605929255931490385e-01 3.605929255363207742e-01 3.605929254779312032e-01 3.605929254181925447e-01 3.605929253573776916e-01 3.605929252957897346e-01 3.605929252336561031e-01 3.605929251713254069e-01 3.605929251090250198e-01 3.605929250470580882e-01 3.605929249856823504e-01 3.605929249252009527e-01 3.605929248658564235e-01 3.605929248079367544e-01 3.605929247516542202e-01 3.605929246973119118e-01 3.605929246451068937e-01 3.605929245952665951e-01 3.605929245480334888e-01 3.605929245035743858e-01
0.000000000000000000e+00 4.265499268777906416e-01 4.265499268727884208e-01 4.265499268627991336e-01 4.265499268478985528e-01 4.265499268281170431e-01 4.265499268035758407e-01 4.265499267743507739e-01 4.265499267405933326e-01 4.265499267024855379e-01 4.265499266601636696e-01 4.265499266138249590e-01 4.265499265636966131e-01 4.265499265099909620e-01 4.265499264529504786e-01 4.265499263928783646e-01 4.265499263300019384e-01 4.265499262646093026e-01 4.265499261970186473e-01 4.265499261275181309e-01 4.265499260564410977e-01 4.265499259841059598e-01 4.265499259108158636e-01 4.265499258369345736e-01 4.265499257627804464e-01 4.265499256886869373e-01 4.265499256149875573e-01 4.265499255420309166e-01 4.265499254700898524e-01 4.265499253995433948e-01 4.265499253306794802e-01 4.265499252638164651e-01 4.265499251992423413e-01 4.265499251372147915e-01 4.265499250780521723e-01 4.265499250219363381e-01 4.265499249691704908e-01
0.000000000000000000e+00 4.896555790464390268e-01 4.896555790406485476e-01 4.896555790291131638e-01 4.896555790118479190e-01 4.896555789889892596e-01 4.896555789605827047e-01 4.896555789268101644e-01 4.896555788877776649e-01 4.896555788436974810e-01 4.896555787947515226e-01 4.896555787411822624e-01 4.896555786832171298e-01 4.896555786211289618e-01 4.896555785551905959e-01 4.896555784857052340e-01 4.896555784130214306e-01 4.896555783374120785e-01 4.896555782592865169e-01 4.896555781789629913e-01 4.896555780968052662e-01 4.896555780131772173e-01 4.896555779285032828e-01 4.896555778431017081e-01 4.896555777574273516e-01 4.896555776718135577e-01 4.896555775866697213e-01 4.896555775023747059e-01 4.896555774193378507e-01 4.896555773378622467e-01 4.896555772583724431e-01 4.896555771811866298e-01 4.896555771066383733e-01 4.896555770350914938e-01 4.896555769668187730e-01 4.896555769021536664e-01 4.896555768413539678e-01
0.000000000000000000e+00 5.497461293315760722e-01 5.497461293250277548e-01 5.497461293119613179e-01 5.497461292924223919e-01 5.497461292665168919e-01 5.497461292343814865e-01 5.497461291961219798e-01 5.497461291519508686e-01 5.497461291020196983e-01 5.497461290466162387e-01 5.497461289859529865e-01 5.497461289203177115e-01 5.497461288500289367e-01 5.497461287753897530e-01 5.497461286967487704e-01 5.497461286144547099e-01 5.497461285289015898e-01 5.497461284404532300e-01 5.497461283495340689e-01 5.497461282565382357e-01 5.497461281619204776e-01 5.497461280660900229e-01 5.497461279695017300e-01 5.497461278725495060e-01 5.497461277757338394e-01 5.497461276794335383e-01 5.497461275841184491e-01 5.497461274901980222e-01 5.497461273981267826e-01 5.497461273082535627e-01 5.497461272210178995e-01 5.497461271368290214e-01 5.497461270560203284e-01 5.497461269789709615e-01 5.497461269059840117e-01 5.497461268373929899e-01
0.000000000000000000e+00 6.067204511695156732e-01 6.067204511622094065e-01 6.067204511476423923e-01 6.067204511258902366e-01 6.067204510970289899e-01 6.067204510611948765e-01 6.067204510185698618e-01 6.067204509693208125e-01 6.067204509137051893e-01 6.067204508519655759e-01 6.067204507843749761e-01 6.067204507112667899e-01 6.067204506329441083e-01 6.067204505497859612e-01 6.067204504621561689e-01 6.067204503704942686e-01 6.067204502751943895e-01 6.067204501766657598e-01 6.067204500753935470e-01 6.067204499718475974e-01 6.067204498664826584e-01 6.067204497597685764e-01 6.067204496522208279e-01 6.067204495443092593e-01 6.067204494365190381e-01 6.067204493293654188e-01 6.067204492233031488e-01 6.067204491188021853e-01 6.067204490163627950e-01 6.067204489164396142e-01 6.067204488194875012e-01 6.067204487259004742e-01 6.067204486361181814e-01 6.067204485505196532e-01 6.067204484694987965e-01 6.067204483934044434e-01
0.000000000000000000e+00 6.605240873731418327e-01 6.605240873651079259e-01 6.605240873490705322e-01 6.605240873251204681e-01 6.605240872933487717e-01 6.605240872539221986e-01 6.605240872070073932e-01 6.605240871528167412e-01 6.605240870916077034e-01 6.605240870236532835e-01 6.605240869493020917e-01 6.605240868688270206e-01 6.605240867826523976e-01 6.605240866911723518e-01 6.605240865947811235e-01 6.605240864939029288e-01 6.605240863890533554e-01 6.605240862807022495e-01 6.605240861693346677e-01 6.605240860554355553e-01 6.605240859395659081e-01 6.605240858222410916e-01 6.605240857039764713e-01 6.605240855853480308e-01 6.605240854668712469e-01 6.605240853490916830e-01 6.605240852325399148e-01 6.605240851177768269e-01 6.605240850052571666e-01 6.605240848955266086e-01 6.605240847890854194e-01 6.605240846863883464e-01 6.605240845879052358e-01 6.605240844940605260e-01 6.605240844052786553e-01 6.605240843219083446e-01
0.000000000000000000e+00 7.111369379569320026e-01 7.111369379481857766e-01 7.111369379307234118e-01 7.111369379046209582e-01 7.111369378699995414e-01 7.111369378270410158e-01 7.111369377759122479e-01 7.111369377168860195e-01 7.111369376502049144e-01 7.111369375761721345e-01 7.111369374951360678e-01 7.111369374074911764e-01 7.111369373136161576e-01 7.111369372139354494e-01 7.111369371089343305e-01 7.111369369990977463e-01 7.111369368849106420e-01 7.111369367668884944e-01 7.111369366455922991e-01 7.111369365215978178e-01 7.111369363954206380e-01 7.111369362676972505e-01 7.111369361389885402e-01 7.111369360098706016e-01 7.111369358809497276e-01 7.111369357528171120e-01 7.111369356260638375e-01 7.111369355012356896e-01 7.111369353789086523e-01 7.111369352596587090e-01 7.111369351440013364e-01 7.111369350324517891e-01 7.111369349255104444e-01 7.111369348236621368e-01 7.111369347273466257e-01 7.111369346370035593e-01
0.000000000000000000e+00 7.585647892038347440e-01 7.585647891943759769e-01 7.585647891754888628e-01 7.585647891472793169e-01 7.585647891098840079e-01 7.585647890634390489e-01 7.585647890081872458e-01 7.585647889443710712e-01 7.585647888723088261e-01 7.585647887923036015e-01 7.585647887047344273e-01 7.585647886100256310e-01 7.585647885085866626e-01 7.585647884009024677e-01 7.585647882874582137e-01 7.585647881687691552e-01 7.585647880453961767e-01 7.585647879179153730e-01 7.585647877869178268e-01 7.585647876529947320e-01 7.585647875167675913e-01 7.585647873788426976e-01 7.585647872399021718e-01 7.585647871005221088e-01 7.585647869613846295e-01 7.585647868231111257e-01 7.585647866863383104e-01 7.585647865517027855e-01 7.585647864198260537e-01 7.585647862912688888e-01 7.585647861666227065e-01 7.585647860464632686e-01 7.585647859313212615e-01 7.585647858217119399e-01 7.585647857181356812e-01 7.585647856210319118e-01
0.000000000000000000e+00 8.028338737804158187e-01 8.028338737702446215e-01 8.028338737499780553e-01 8.028338737196918373e-01 8.028338736795376240e-01 8.028338736296821709e-01 8.028338735703679507e-01 8.028338735018678562e-01 8.028338734245001884e-01 8.028338733386135573e-01 8.028338732446173021e-01 8.028338731429357500e-01 8.028338730340540685e-01 8.028338729184725242e-01 8.028338727967062605e-01 8.028338726693619032e-01 8.028338725369849049e-01 8.028338724002120896e-01 8.028338722596496391e-01 8.028338721159646862e-01 8.028338719698543402e-01 8.028338718219402148e-01 8.028338716729043201e-01 8.028338715235047163e-01 8.028338713743323751e-01 8.028338712261605670e-01 8.028338710796105726e-01 8.028338709353647351e-01 8.028338707941050645e-01 8.028338706564681626e-01 8.028338705230756434e-01 8.028338703945336885e-01 8.028338702714185038e-01 8.028338701542907518e-01 8.028338700436506992e-01 8.028338699400137113e-01
0.000000000000000000e+00 8.439873725377613489e-01 8.439873725269232407e-01 8.439873725052924325e-01 8.439873724729447524e-01 8.439873724300620550e-01 8.439873723768414049e-01 8.439873723135102868e-01 8.439873722403868905e-01 8.439873721577745291e-01 8.439873720661126288e-01 8.439873719657650097e-01 8.439873718572319383e-01 8.439873717410136811e-01 8.439873716176559126e-01 8.439873714877194066e-01 8.439873713517954679e-01 8.439873712105357972e-01 8.439873710646073057e-01 8.439873709146468173e-01 8.439873707613817500e-01 8.439873706054944469e-01 8.439873704477425242e-01 8.439873702888538443e-01 8.439873701295255159e-01 8.439873699705610077e-01 8.439873698126121315e-01 8.439873696564821337e-01 8.439873695028533573e-01 8.439873693524229115e-01 8.439873692059033372e-01 8.439873690639463355e-01 8.439873689272038293e-01 8.439873687963275195e-01 8.439873686718784018e-01 8.439873685544019288e-01 8.439873684444439972e-01
0.000000000000000000e+00 8.820829486678424258e-01 8.820829486563070976e-01 8.820829486333120473e-01 8.820829485989634122e-01 8.820829485533825398e-01 8.820829484968120138e-01 8.820829484295397149e-01 8.820829483518234371e-01 8.820829482640571984e-01 8.820829481666351279e-01 8.820829480600422823e-01 8.820829479447487298e-01 8.820829478212696140e-01 8.820829476902114497e-01 8.820829475521805296e-01 8.820829474078133448e-01 8.820829472577922381e-01 8.820829471027840096e-01 8.820829469435618186e-01 8.820829467808228852e-01 8.820829466153554677e-01 8.820829464479175153e-01 8.820829462792668663e-01 8.820829461102220881e-01 8.820829459415563401e-01 8.820829457740425594e-01 8.820829456084539055e-01 8.820829454455937357e-01 8.820829452861744802e-01 8.820829451309388780e-01 8.820829449806145695e-01 8.820829448358987745e-01 8.820829446974129961e-01 8.820829445658243673e-01 8.820829444417237486e-01 8.820829443256419378e-01
0.000000000000000000e+00 9.171907440317378368e-01 9.171907440195657957e-01 9.171907439952065033e-01 9.171907439588267152e-01 9.171907439106082860e-01 9.171907438507483912e-01 9.171907437795198126e-01 9.171907436972863703e-01 9.171907436043966744e-01 9.171907435013053611e-01 9.171907433884826100e-01 9.171907432664586635e-01 9.171907431358098384e-01 9.171907429971422054e-01 9.171907428510924776e-01 9.171907426983731959e-01 9.171907425396511604e-01 9.171907423757299505e-01 9.171907422073066751e-01 9.171907420352302109e-01 9.171907418602435191e-01 9.171907416832254523e-01 9.171907415049644907e-01 9.171907413263095110e-01 9.171907411480788586e-01 9.171907409711214099e-01 9.171907407962559544e-01 9.171907406242705285e-01 9.171907404560140087e-01 9.171907402922291341e-01 9.171907401336890642e-01 9.171907399811213280e-01 9.171907398352232565e-01 9.171907396966616499e-01 9.171907395660734430e-01 9.171907394440647066e-01
