BlockUplift_2Ma_1kryTimeStep_2mmyr_k_5e-05_m_0.5_n_1.0_LinDiffusion_0.25_3x6km_30mRes_topographic__steepest_slope.txt
nrows 200
cellsize 30.0
xllcorner 0.0
ncols 100
yllcorner 0.0
[rows 153 to 169 of 200, columns 37 to 73 of 100]
2.258745031912961221e-01 2.564091491713720306e-01 2.598589439436906900e-01 2.512070366336540128e-01 2.403502976377145106e-01 2.313638556851278227e-01 2.249357509212870920e-01 2.204953714540655030e-01 2.170087515479678930e-01 2.129373986201443247e-01 2.060226184381500902e-01 1.932581146779076275e-01 1.712478775519988006e-01 1.371078482824562572e-01 8.984557805183233936e-02 4.289668167887094458e-02 9.458242946429701314e-02 1.493010711051463713e-01 1.930668605176900088e-01 2.259640928888766720e-01 2.507079314942264880e-01 2.711284903975742511e-01 2.897935836537319232e-01 3.043947629136596333e-01 3.042242653414016784e-01 2.712169137290724730e-01 1.899642202730423834e-01 6.303238241623461413e-02 0.000000000000000000e+00 8.242320213339600354e-02 2.074319504176192763e-01 2.845694816429699125e-01 3.108183886660640383e-01 3.009434038523475241e-01 2.720535584071825386e-01 2.336634164668330016e-01 1.872955337865372938e-01
2.319896778228245637e-01 2.724640245903230951e-01 2.795457252643709922e-01 2.689926725292854370e-01 2.533759862276411812e-01 2.393074974578060787e-01 2.288833946578790746e-01 2.218513163244315023e-01 2.168656504410544639e-01 2.118765951750721799e-01 2.041725587724452506e-01 1.904734713207972274e-01 1.673488829998717731e-01 1.321488690810032895e-01 8.433006332479729694e-02 5.166730421832684689e-02 9.582115078156082377e-02 1.476302500287061947e-01 1.889849228060645203e-01 2.201832840795939772e-01 2.439895147219459659e-01 2.641228067888789499e-01 2.831144511215796800e-01 2.987661572894590445e-01 3.003945359423672579e-01 2.695310347286257180e-01 1.899960642422489909e-01 6.387345477479820788e-02 1.268235741312698402e-02 8.130547085476157176e-02 2.056951914657659530e-01 2.814642012285579198e-01 3.060515978817789917e-01 2.950068848587951154e-01 2.658870703097088728e-01 2.281963802551994491e-01 1.832453434180820184e-01
2.347276797934933767e-01 2.839571575107366352e-01 2.943816573756904975e-01 2.824702376269077608e-01 2.632172114140340913e-01 2.454081740947259560e-01 2.321984814644849904e-01 2.234321911576984121e-01 2.173897818142364602e-01 2.115599228117067410e-01 2.028655188828006883e-01 1.878293017736969717e-01 1.630501490929901764e-01 1.261918626756520778e-01 7.727866944443348429e-02 6.389557232207754289e-02 1.078068527713826052e-01 1.466447479379202889e-01 1.845496262848939639e-01 2.128954377020733091e-01 2.346433489216148416e-01 2.535303152639680202e-01 2.721789377361782392e-01 2.886474768585581274e-01 2.924042323946281496e-01 2.645930175499396908e-01 1.881170238245587767e-01 6.543099501304415477e-02 2.819234027662910480e-02 7.903598657632689151e-02 2.014501366099712698e-01 2.748287821322776270e-01 2.972428154593075300e-01 2.851110222827401008e-01 2.563569038762788521e-01 2.202658511366185623e-01 1.777056561469777252e-01
2.330535865905474791e-01 2.901161780090537601e-01 3.041722735786123732e-01 2.920828725934569436e-01 2.707326907720698506e-01 2.505970807377053688e-01 2.356084298283453449e-01 2.256424116047943129e-01 2.186817004869264225e-01 2.118726703097157382e-01 2.018679233369785608e-01 1.850454791207558347e-01 1.580631132860645383e-01 1.189383883761413047e-01 6.843531795123856953e-02 7.909049919538163609e-02 1.234009792113199555e-01 1.580042181656383660e-01 1.815094015987989973e-01 2.055202933897352924e-01 2.239139482315958274e-01 2.403687614441944731e-01 2.577873498058835255e-01 2.746331971978567821e-01 2.806294047635323752e-01 2.565642432444709131e-01 1.843421129686637072e-01 6.762262389597478718e-02 3.123496580715633825e-02 7.569586349291199112e-02 1.949439170889358253e-01 2.652338675168834925e-01 2.853454137902673438e-01 2.725172432320268623e-01 2.448845659265307118e-01 2.112952133849281267e-01 1.719533827399961357e-01
2.279509114669740766e-01 2.919870338263564347e-01 3.099692493797112092e-01 2.987882988394943706e-01 2.766498778170803918e-01 2.552740037806643381e-01 2.391821749449585810e-01 2.283011283402193725e-01 2.204251849631172488e-01 2.124637471503585118e-01 2.008596769288146788e-01 1.818655954448085421e-01 1.522011975173275800e-01 1.102486877862664527e-01 6.423307757786414496e-02 9.600524720028610903e-02 1.412669880805762501e-01 1.761983491428777138e-01 1.996059318564366025e-01 2.126534708912121152e-01 2.180587840076295969e-01 2.268531995152718028e-01 2.419579355456714098e-01 2.584198116161559033e-01 2.663229835346508367e-01 2.461970159636649724e-01 1.789848484670827078e-01 6.403522641372774715e-02 1.970954937194496423e-02 7.159904691304319613e-02 1.869393914507791465e-01 2.540627235146805107e-01 2.723749184694554404e-01 2.596738313778634843e-01 2.340361419790411845e-01 2.036574882145269216e-01 1.720812415926472605e-01
2.215812687140001347e-01 2.915582362695635088e-01 3.133402579187792303e-01 3.036234845947329286e-01 2.814803507266418481e-01 2.595202394400037971e-01 2.427169830630646064e-01 2.310711504667049554e-01 2.222651590805261035e-01 2.130322347728489663e-01 1.996306815491361020e-01 1.781875593468905949e-01 1.454771011591020624e-01 1.002410821100056665e-01 5.919984782922400879e-02 1.125916829070053027e-01 1.589546462362091406e-01 1.945847347179124331e-01 2.185137255992754268e-01 2.320237239122270312e-01 2.378756752050498191e-01 2.396785525592725064e-01 2.409078399792982939e-01 2.425554796181112749e-01 2.514649467343048062e-01 2.347718109238655926e-01 1.726383426840977509e-01 9.324844983635643958e-02 6.862414009759115752e-02 9.612725575979995385e-02 1.786736786005226063e-01 2.433029026099300662e-01 2.609840416869862456e-01 2.496008801843146441e-01 2.307050689703878388e-01 2.126374469887616081e-01 1.883456407640400621e-01
2.160026857013851442e-01 2.907072753048429714e-01 3.157074503612610217e-01 3.074627592846208013e-01 2.856086400278030624e-01 2.633718474884659821e-01 2.460573259272497981e-01 2.337329512827731604e-01 2.240021060554965859e-01 2.134479895716452913e-01 1.981529965904968438e-01 1.741166703289129258e-01 1.381620960066233805e-01 8.937664890110946780e-02 7.179139340895561439e-02 1.263047862342393801e-01 1.733075978055981792e-01 2.094361556935443180e-01 2.340151174942812495e-01 2.484650610887229605e-01 2.555571445723223145e-01 2.588710364571392142e-01 2.618871477766659961e-01 2.656502700368374992e-01 2.652628793059217394e-01 2.488035577459304648e-01 2.036283023179914498e-01 1.286956629310145594e-01 1.200197718641211053e-01 1.298885601337019802e-01 2.077218617170782933e-01 2.555769788826895983e-01 2.715166900680383022e-01 2.663387654406634830e-01 2.511894949746527050e-01 2.306834814756278940e-01 2.039302361922464557e-01
2.123001854790208254e-01 2.905413208164626671e-01 3.179788985878507224e-01 3.109087573458699238e-01 2.893441322149347683e-01 2.669269004502808906e-01 2.491857391610096673e-01 2.362308183491516334e-01 2.255964102285645256e-01 2.137309412955971655e-01 1.965537928172968463e-01 1.699476680268124651e-01 1.307871864223623393e-01 7.848222107701967321e-02 8.039766961292574288e-02 1.348617082483612173e-01 1.814671477065104011e-01 2.173184607269272872e-01 2.421202678548453058e-01 2.574673891303416173e-01 2.661141270471475417e-01 2.715073828221029606e-01 2.769475274799974573e-01 2.833080409055345750e-01 2.855930362558440905e-01 2.718795652795414908e-01 2.294726121889576476e-01 1.645388350951511314e-01 1.618340126009793212e-01 1.614658211100485630e-01 2.325511954576745810e-01 2.778689582550034620e-01 2.918019665595538714e-01 2.846820696393727590e-01 2.673902273212193648e-01 2.445335447594318978e-01 2.153293437763282026e-01
2.105258070394052938e-01 2.913590869346350809e-01 3.205417894462030404e-01 3.143024473946723907e-01 2.929221229836789231e-01 2.703193333855580249e-01 2.521674691450442873e-01 2.385978556850839594e-01 2.270848423817540263e-01 2.139646685982446173e-01 1.950244906901531239e-01 1.660627857333414059e-01 1.240210376238138623e-01 6.859836387283640979e-02 8.423859625164706322e-02 1.372730748612377150e-01 1.821979529353655591e-01 2.166783224356091664e-01 2.408616481625696637e-01 2.565551626917274008e-01 2.664994563637720915e-01 2.739508052009088090e-01 2.818866857335808884e-01 2.907949280993045726e-01 2.953740763343427611e-01 2.836079362551194305e-01 2.428106581539049846e-01 1.882518437518911070e-01 1.848046774102385936e-01 1.815194376491997275e-01 2.464951117290016258e-01 2.898610467589145534e-01 3.024334972077979966e-01 2.940689669033066944e-01 2.753353308688979428e-01 2.508244854295457182e-01 2.198461372421720850e-01
2.101929934428118374e-01 2.930233367317493509e-01 3.234906847860396506e-01 3.178243271011557680e-01 2.965116847832594549e-01 2.736693725286822310e-01 2.550736729090734567e-01 2.408716244786432981e-01 2.284952730781602270e-01 2.142036859016059336e-01 1.937026896439713597e-01 1.627622956142336930e-01 1.184206632329193043e-01 6.062699219313667093e-02 8.397463315629098701e-02 1.393359423626435445e-01 1.898275064867429307e-01 2.244188379994682125e-01 2.432388740575362474e-01 2.488059371879870751e-01 2.570581264167826063e-01 2.658663455206115023e-01 2.756482833258898646e-01 2.863826595664557551e-01 2.923112520856286367e-01 2.812430876276593716e-01 2.405624597436616385e-01 1.879561357507948116e-01 1.842954021168211054e-01 1.784073319204693975e-01 2.472054176076632914e-01 2.895528053628486642e-01 3.015841598536360135e-01 2.928137498898941149e-01 2.735344734197721617e-01 2.483290478939980672e-01 2.165671260275849330e-01
2.108062459653766152e-01 2.953613452295167918e-01 3.268749908979188268e-01 3.216122680271610301e-01 3.002448457198492182e-01 2.770625034990596425e-01 2.579376134196877390e-01 2.430422833037833297e-01 2.297896775614636511e-01 2.144035287187800176e-01 1.925712092457407265e-01 1.601048132672322766e-01 1.141795931083294108e-01 5.495657928060590502e-02 8.362807111048388420e-02 1.475394125989642757e-01 1.990282430531256919e-01 2.352663698320441310e-01 2.564222613465612088e-01 2.646755103024143185e-01 2.635741747420363712e-01 2.577834627061046380e-01 2.607738624405135930e-01 2.719425012414991571e-01 2.777051927639496154e-01 2.656988759401779365e-01 2.234835727924332216e-01 1.640028516960886917e-01 1.610242892793465330e-01 1.641607463263571598e-01 2.355257270967769656e-01 2.781932138560122003e-01 2.906964092538705802e-01 2.840240057428493059e-01 2.719335054124191742e-01 2.494623802220966580e-01 2.145620984759214478e-01
2.121204360023369873e-01 2.983611781991460932e-01 3.308200417397467730e-01 3.258193551529762200e-01 3.042312582291969991e-01 2.805385660198879694e-01 2.607298016913641159e-01 2.450200243310462211e-01 2.308265078076109089e-01 2.143781934380664667e-01 1.914077500807242760e-01 1.578417526883091060e-01 1.110340665264914206e-01 5.132220053491778206e-02 8.706234464493339820e-02 1.508433790252515505e-01 2.027922147850508283e-01 2.404649704009112210e-01 2.641686164441637286e-01 2.758978856656265632e-01 2.786656491200384944e-01 2.762621303031030373e-01 2.723976653175758655e-01 2.679185830437939564e-01 2.566188592017890069e-01 2.415544175332975108e-01 1.962829189961051157e-01 1.227624675693415185e-01 1.212684964985314140e-01 1.411794319989452817e-01 2.151415490989684598e-01 2.633134524873009807e-01 2.957326589870395428e-01 2.987113394265359378e-01 2.847982618730924287e-01 2.592847204863678034e-01 2.209112273729668119e-01
2.141386138105052794e-01 3.021470741289964956e-01 3.354839929402497201e-01 3.305609194552099894e-01 3.085036534694002852e-01 2.840399802498268511e-01 2.633096833552268090e-01 2.465902301719533340e-01 2.313220192171684120e-01 2.137751398962365046e-01 1.897862135585436649e-01 1.554613469729711484e-01 1.083665149188997590e-01 5.044113174015783102e-02 8.737664842731192316e-02 1.502191327909059848e-01 2.019173701601516824e-01 2.403870677836778269e-01 2.661137879163211206e-01 2.810680947704516375e-01 2.879753388312489282e-01 2.899607260346546700e-01 2.896342699614455340e-01 2.865109265660445437e-01 2.734028983136411739e-01 2.359031368751128011e-01 1.662803028377949355e-01 8.570969871991131195e-02 7.541300209554198386e-02 1.135968449148678922e-01 2.003408572665918430e-01 2.758108894720280313e-01 3.085058063135320827e-01 3.100430011193992530e-01 2.933781069399060693e-01 2.645985312220299757e-01 2.232327598013512104e-01
2.169705842747205737e-01 3.068003437400553257e-01 3.408637850741186304e-01 3.357280108543055919e-01 3.128553674529816475e-01 2.872801930172016460e-01 2.653243445436743175e-01 2.473402709644432207e-01 2.308067196723224412e-01 2.120687793852643610e-01 1.871205332052122972e-01 1.523021312101567049e-01 1.054134856461587388e-01 5.261695409717848104e-02 8.576713822411173582e-02 1.469790967731142983e-01 1.977651714992305076e-01 2.363196531875161044e-01 2.632564158180429326e-01 2.805786090834241353e-01 2.909236020534687328e-01 2.970604831532047685e-01 3.008012509779661170e-01 3.004456341303660682e-01 2.875896382154337627e-01 2.473068456402955917e-01 1.662377462009317353e-01 5.668615934289895908e-02 3.410935072312118455e-02 9.011865053626877398e-02 2.085075114434976340e-01 2.851335751511200334e-01 3.170691381552728783e-01 3.164522989786557328e-01 2.969839479729661780e-01 2.655542667111092103e-01 2.222939291527978867e-01
2.206223919919300669e-01 3.120868775601726153e-01 3.464987365046999224e-01 3.407049396269106745e-01 3.165999151826753288e-01 2.895590579637835615e-01 2.660828304604990757e-01 2.465924277167753642e-01 2.286171711485461000e-01 2.086113175180012436e-01 1.827729200180812086e-01 1.477166612960852943e-01 1.014868958224657974e-01 5.721766480763620238e-02 8.461059978668311610e-02 1.421756457628930437e-01 1.915140997230954101e-01 2.295876431016997399e-01 2.570365939190670246e-01 2.758312346027054218e-01 2.885655875140050175e-01 2.978743804298469855e-01 3.051678834933407303e-01 3.079578572967231476e-01 2.968066537543094796e-01 2.559765353682095790e-01 1.720836513856170424e-01 4.777583390278531544e-02 4.033582996005691083e-03 9.228292064970181063e-02 2.130011042657296572e-01 2.899283889636990463e-01 3.205154466281300296e-01 3.177271129424099061e-01 2.961072626906059435e-01 2.631670935465526551e-01 2.193648632863158809e-01
2.247614966249770474e-01 3.171900636884932845e-01 3.512080279478155265e-01 3.441418177468832940e-01 3.183986564589849078e-01 2.896565482217633991e-01 2.645215644126428511e-01 2.434433382978795635e-01 2.240062229139690997e-01 2.028014191856452042e-01 1.762595427725244801e-01 1.412887898269986064e-01 9.818443850666956629e-02 6.430676709260707558e-02 9.256200538261225019e-02 1.364366236295722901e-01 1.838733119037376240e-01 2.210381863737154728e-01 2.485152664019257829e-01 2.681338134619598579e-01 2.823668509731125931e-01 2.937791044994639833e-01 3.036846626167583052e-01 3.093083308911635521e-01 3.006075344164486074e-01 2.610382864190972096e-01 1.766766667085230835e-01 5.045170455550002792e-02 0.000000000000000000e+00 9.181398558701706070e-02 2.137074369924827633e-01 2.902111573023138935e-01 3.192224452577619442e-01 3.146458703591491490e-01 2.918072281658647404e-01 2.585963505101043780e-01 2.155437920038859034e-01
2.285612773247961971e-01 3.206296491066988330e-01 3.530945231965522679e-01 3.440311904711194080e-01 3.163921390395657562e-01 2.860093886440599475e-01 2.594259546500637947e-01 2.370285884587768066e-01 2.164363012890864468e-01 1.943788202599373849e-01 1.675156254156680291e-01 1.330461017550893243e-01 1.051824668656034661e-01 7.385085428772905636e-02 1.033153123685617569e-01 1.362490692308517826e-01 1.752824666265686004e-01 2.111462707936074823e-01 2.382363900281518343e-01 2.581890643968108856e-01 2.732804105802216776e-01 2.859829472886881718e-01 2.976734691548817979e-01 3.056720407911716619e-01 2.997631216832076229e-01 2.627495707368339706e-01 1.798536429111280144e-01 5.369934861394417419e-02 1.351692077739699051e-02 8.918423713060832925e-02 2.111963668240013081e-01 2.867276242370399020e-01 3.141238733652452764e-01 3.082307867877631113e-01 2.850527802232988850e-01 2.526646014185398026e-01 2.114875912824951965e-01
