BlockUplift_2Ma_1kryTimeStep_2mmyr_k_1e-05_m_0.5_n_1.0_LinDiffusion_0.75_6x3km_30mRes_topographic__elevation.txt
nrows 100
cellsize 30.0
xllcorner 0.0
ncols 200
yllcorner 0.0
[rows 68 to 84 of 100, columns 37 to 73 of 200]
7.372278228863356162e+02 7.372278234585426162e+02 7.372278239713272114e+02 7.372278244249994259e+02 7.372278248203763269e+02 7.372278251585954649e+02 7.372278254409339979e+02 7.372278256686511213e+02 7.372278258428624440e+02 7.372278259644556329e+02 7.372278260340515317e+02 7.372278260520074582e+02 7.372278260184608598e+02 7.372278259334037784e+02 7.372278257967800528e+02 7.372278256085958219e+02 7.372278253690342353e+02 7.372278250785684577e+02 7.372278247380661469e+02 7.372278243488842691e+02 7.372278239129512940e+02 7.372278234328356348e+02 7.372278229118034005e+02 7.372278223538587554e+02 7.372278217637713169e+02 7.372278211470824090e+02 7.372278205100897139e+02 7.372278198598060044e+02 7.372278192038877478e+02 7.372278185505332431e+02 7.372278179083493796e+02 7.372278172861900885e+02 7.372278166929728513e+02 7.372278161374777028e+02 7.372278156281413430e+02 7.372278151728546618e+02 7.372278147787745866e+02
7.105076873754394455e+02 7.105076879587398935e+02 7.105076884790130407e+02 7.105076889370798199e+02 7.105076893343140227e+02 7.105076896724044673e+02 7.105076899531293293e+02 7.105076901781594643e+02 7.105076903489049300e+02 7.105076904664163067e+02 7.105076905313417228e+02 7.105076905439403845e+02 7.105076905041437385e+02 7.105076904116540391e+02 7.105076902660686073e+02 7.105076900670185296e+02 7.105076898143078097e+02 7.105076895080482018e+02 7.105076891487801731e+02 7.105076887375817023e+02 7.105076882761602519e+02 7.105076877669313262e+02 7.105076872130836136e+02 7.105076866186300322e+02 7.105076859884430860e+02 7.105076853282721459e+02 7.105076846447345815e+02 7.105076839452788136e+02 7.105076832381123495e+02 7.105076825320920761e+02 7.105076818365762392e+02 7.105076811612409529e+02 7.105076805158676052e+02 7.105076799101083225e+02 7.105076793532432475e+02 7.105076788539412291e+02 7.105076784200354041e+02
6.840237818324992531e+02 6.840237824259322679e+02 6.840237829523723576e+02 6.840237834133017714e+02 6.840237838108055257e+02 6.840237841472704758e+02 6.840237844251013257e+02 6.840237846464764289e+02 6.840237848131608871e+02 6.840237849263902490e+02 6.840237849868281046e+02 6.840237849945920061e+02 6.840237849493406657e+02 6.840237848504048088e+02 6.840237846969477005e+02 6.840237844881369256e+02 6.840237842233148058e+02 6.840237839021566515e+02 6.840237835248110514e+02 6.840237830920202668e+02 6.840237826052218679e+02 6.840237820666350217e+02 6.840237814793335929e+02 6.840237808473077621e+02 6.840237801755109786e+02 6.840237794698895186e+02 6.840237787373861238e+02 6.840237779859101011e+02 6.840237772242675192e+02 6.840237764620449070e+02 6.840237757094453173e+02 6.840237749770798246e+02 6.840237742757201431e+02 6.840237736160248687e+02 6.840237730082511689e+02 6.840237724619705659e+02 6.840237719858014316e+02
6.577718955401692256e+02 6.577718961423827295e+02 6.577718966732139734e+02 6.577718971349970616e+02 6.577718975307230949e+02 6.577718978636598877e+02 6.577718981369939684e+02 6.577718983535266943e+02 6.577718985154476741e+02 6.577718986241997072e+02 6.577718986804378574e+02 6.577718986840776552e+02 6.577718986344170844e+02 6.577718985303112049e+02 6.577718983703788354e+02 6.577718981532184443e+02 6.577718978776140375e+02 6.577718975427213763e+02 6.577718971482266852e+02 6.577718966944765953e+02 6.577718961825873976e+02 6.577718956145351967e+02 6.577718949932362875e+02 6.577718943226193460e+02 6.577718936076872751e+02 6.577718928545641575e+02 6.577718920705161736e+02 6.577718912639350037e+02 6.577718904442740495e+02 6.577718896219275848e+02 6.577718888080504485e+02 6.577718880143196429e+02 6.577718872526473888e+02 6.577718865348581403e+02 6.577718858723461608e+02 6.577718852757363948e+02 6.577718847545642120e+02
6.317477853534966243e+02 6.317477859626400232e+02 6.317477864955128553e+02 6.317477869555417556e+02 6.317477873468706093e+02 6.317477876738767009e+02 6.317477879407196042e+02 6.317477881509640838e+02 6.317477883073038356e+02 6.317477884114063045e+02 6.317477884638793739e+02 6.317477884643516290e+02 6.317477884116426594e+02 6.317477883039980497e+02 6.317477881393557482e+02 6.317477879156167546e+02 6.317477876308958002e+02 6.317477872837375799e+02 6.317477868732918296e+02 6.317477863994504332e+02 6.317477858629561069e+02 6.317477852654933486e+02 6.317477846097727934e+02 6.317477838996136370e+02 6.317477831400251489e+02 6.317477823372768171e+02 6.317477814989453009e+02 6.317477806339193194e+02 6.317477797523479239e+02 6.317477788655186259e+02 6.317477779856590132e+02 6.317477771256661754e+02 6.317477762987708729e+02 6.317477755181540715e+02 6.317477747965401704e+02 6.317477741457889806e+02 6.317477735765119178e+02
6.059471920816085913e+02 6.059471926951978276e+02 6.059471932270371326e+02 6.059471936819525126e+02 6.059471940655516846e+02 6.059471943836080072e+02 6.059471946414920467e+02 6.059471948437002311e+02 6.059471949935201565e+02 6.059471950928543720e+02 6.059471951422017355e+02 6.059471951407846291e+02 6.059471950867881560e+02 6.059471949776747124e+02 6.059471948105303909e+02 6.059471945824054728e+02 6.059471942906181994e+02 6.059471939330035184e+02 6.059471935081019183e+02 6.059471930152948289e+02 6.059471924549044388e+02 6.059471918282757770e+02 6.059471911378594768e+02 6.059471903873065912e+02 6.059471895815725020e+02 6.059471887270217394e+02 6.059471878315116555e+02 6.059471869044309642e+02 6.059471859566692729e+02 6.059471850004990756e+02 6.059471840493606578e+02 6.059471831175515035e+02 6.059471822198322570e+02 6.059471813709710659e+02 6.059471805852548414e+02 6.059471798759977901e+02 6.059471792550800728e+02
5.803658551465838400e+02 5.803658557613289304e+02 5.803658562881425951e+02 5.803658567336402712e+02 5.803658571052876596e+02 5.803658574106158312e+02 5.803658576565005660e+02 5.803658578485736825e+02 5.803658579908171760e+02 5.803658580853646072e+02 5.803658581325107662e+02 5.803658581309063038e+02 5.803658580778918576e+02 5.803658579699217626e+02 5.803658578030157287e+02 5.803658575731883502e+02 5.803658572768176782e+02 5.803658569109273913e+02 5.803658564733829053e+02 5.803658559630117679e+02 5.803658553796791466e+02 5.803658547243471730e+02 5.803658539991487260e+02 5.803658532074920231e+02 5.803658523541964769e+02 5.803658514456437842e+02 5.803658504899173067e+02 5.803658494968901778e+02 5.803658484782305322e+02 5.803658474472942999e+02 5.803658464188936250e+02 5.803658454089397765e+02 5.803658444339779408e+02 5.803658435106408433e+02 5.803658426550597369e+02 5.803658418822702743e+02 5.803658412056544194e+02
5.549995256519432587e+02 5.549995262635301287e+02 5.549995267801656382e+02 5.549995272107520350e+02 5.549995275651151587e+02 5.549995278529995630e+02 5.549995280831531090e+02 5.549995282625895925e+02 5.549995283960944334e+02 5.549995284860068523e+02 5.549995285322743257e+02 5.549995285327443071e+02 5.549995284836320479e+02 5.549995283800901689e+02 5.549995282168013091e+02 5.549995279885223454e+02 5.549995276905303854e+02 5.549995273189398404e+02 5.549995268708922822e+02 5.549995263446417084e+02 5.549995257395806902e+02 5.549995250562567435e+02 5.549995242964229192e+02 5.549995234631513767e+02 5.549995225610103944e+02 5.549995215962835573e+02 5.549995205771876954e+02 5.549995195140372743e+02 5.549995184193029445e+02 5.549995173075286630e+02 5.549995161950818101e+02 5.549995150997414157e+02 5.549995140401442768e+02 5.549995130351256876e+02 5.549995121030037808e+02 5.549995112608592081e+02 5.549995105238589304e+02
5.298439779801328768e+02 5.298439785829450557e+02 5.298439790827792422e+02 5.298439794914610275e+02 5.298439798218165606e+02 5.298439800863831124e+02 5.298439802962398062e+02 5.298439804600798197e+02 5.298439805836090954e+02 5.298439806693121454e+02 5.298439807165773345e+02 5.298439807221276396e+02 5.298439806806736669e+02 5.298439805856822886e+02 5.298439804301557388e+02 5.298439802073260125e+02 5.298439799111937418e+02 5.298439795368786918e+02 5.298439790807829013e+02 5.298439785406085321e+02 5.298439779152977280e+02 5.298439772049720204e+02 5.298439764109409680e+02 5.298439755358207321e+02 5.298439745837686132e+02 5.298439735607981902e+02 5.298439724751135600e+02 5.298439713373848008e+02 5.298439701608895120e+02 5.298439689614668850e+02 5.298439677572528126e+02 5.298439665682000168e+02 5.298439654154110485e+02 5.298439643203357718e+02 5.298439633038982493e+02 5.298439623856177150e+02 5.298439615827885518e+02
5.048950200106340276e+02 5.048950205973982293e+02 5.048950210719408460e+02 5.048950214498268565e+02 5.048950217477050160e+02 5.048950219816438789e+02 5.048950221656314739e+02 5.048950223104015436e+02 5.048950224227003787e+02 5.048950225050448921e+02 5.048950225559549949e+02 5.048950225705837056e+02 5.048950225416246553e+02 5.048950224603527772e+02 5.048950223176532859e+02 5.048950221049103106e+02 5.048950218146620159e+02 5.048950214409761088e+02 5.048950209795565911e+02 5.048950204276438853e+02 5.048950197838121881e+02 5.048950190477823980e+02 5.048950182203572581e+02 5.048950173035413513e+02 5.048950163008547065e+02 5.048950152177885684e+02 5.048950140623089737e+02 5.048950128452944455e+02 5.048950115808011674e+02 5.048950102860746370e+02 5.048950089812699957e+02 5.048950076888850731e+02 5.048950064329481506e+02 5.048950052380320699e+02 5.048950041281793801e+02 5.048950031258274294e+02 5.048950022508117854e+02
4.801485020021183345e+02 4.801485025634513022e+02 4.801485030018351381e+02 4.801485033376259821e+02 4.801485035923554392e+02 4.801485037865715526e+02 4.801485039379020918e+02 4.801485040595610485e+02 4.801485041594521022e+02 4.801485042399327199e+02 4.801485042982079108e+02 4.801485043272417101e+02 4.801485043170175686e+02 4.801485042559490921e+02 4.801485041322444545e+02 4.801485039350505986e+02 4.801485036552510337e+02 4.801485032858569753e+02 4.801485028220090499e+02 4.801485022606850066e+02 4.801485016002695261e+02 4.801485008401660934e+02 4.801484999806118026e+02 4.801484990227926914e+02 4.801484979692706929e+02 4.801484968246441554e+02 4.801484955963003358e+02 4.801484942950906429e+02 4.801484929357740725e+02 4.801484915371155466e+02 4.801484901215893046e+02 4.801484887146971801e+02 4.801484873439654280e+02 4.801484860377191808e+02 4.801484848237511187e+02 4.801484837280003148e+02 4.801484827733412430e+02
4.556003241181799126e+02 4.556003246420073651e+02 4.556003250303307368e+02 4.556003253096575918e+02 4.556003255077779954e+02 4.556003256509458197e+02 4.556003257613604660e+02 4.556003258552536295e+02 4.556003259417895492e+02 4.556003260228587806e+02 4.556003260937106347e+02 4.556003261442625103e+02 4.556003261608467483e+02 4.556003261281261416e+02 4.556003260309091729e+02 4.556003258556330024e+02 4.556003255913406065e+02 4.556003252300698705e+02 4.556003247666793072e+02 4.556003241982521672e+02 4.556003235233112036e+02 4.556003227411159742e+02 4.556003218512886974e+02 4.556003208539158322e+02 4.556003197501408408e+02 4.556003185431268321e+02 4.556003172391748421e+02 4.556003158487452538e+02 4.556003143871571979e+02 4.556003128748106974e+02 4.556003113368663548e+02 4.556003098024067413e+02 4.556003083031760070e+02 4.556003068720384590e+02 4.556003055413167431e+02 4.556003043411620297e+02 4.556003032980833609e+02
4.312464425291369139e+02 4.312464429999490108e+02 4.312464433204231682e+02 4.312464435249869439e+02 4.312464436494862525e+02 4.312464437274792317e+02 4.312464437869346625e+02 4.312464438477624071e+02 4.312464439204603082e+02 4.312464440059751496e+02 4.312464440966875259e+02 4.312464441782795461e+02 4.312464442321538058e+02 4.312464442380343712e+02 4.312464441763913783e+02 4.312464440303754145e+02 4.312464437870251572e+02 4.312464434376283293e+02 4.312464429772686572e+02 4.312464424037611934e+02 4.312464417163205894e+02 4.312464409143749435e+02 4.312464399968985731e+02 4.312464389624886394e+02 4.312464378102039291e+02 4.312464365409783227e+02 4.312464351592777803e+02 4.312464336746247113e+02 4.312464321026634479e+02 4.312464304655508158e+02 4.312464287915964292e+02 4.312464271142019925e+02 4.312464254702475728e+02 4.312464238981286258e+02 4.312464224356646127e+02 4.312464211180816278e+02 4.312464199762302997e+02
4.070828740737873090e+02 4.070828744716816345e+02 4.070828747015216322e+02 4.070828748079666752e+02 4.070828748372849191e+02 4.070828748324391313e+02 4.070828748287201506e+02 4.070828748505324484e+02 4.070828749097240689e+02 4.070828750055773071e+02 4.070828751263076128e+02 4.070828752517178373e+02 4.070828753565403417e+02 4.070828754139691910e+02 4.070828753989073334e+02 4.070828752905086958e+02 4.070828750736890242e+02 4.070828747394253355e+02 4.070828742838751850e+02 4.070828737066000826e+02 4.070828730084024301e+02 4.070828721894006890e+02 4.070828712479128626e+02 4.070828701804942398e+02 4.070828689831492966e+02 4.070828676534191573e+02 4.070828661928370025e+02 4.070828646091827068e+02 4.070828629180647340e+02 4.070828611435347284e+02 4.070828593176529466e+02 4.070828574791041206e+02 4.070828556710907264e+02 4.070828539388002127e+02 4.070828523267513219e+02 4.070828508762907632e+02 4.070828496234407226e+02
3.831056997554141503e+02 3.831057000548690326e+02 3.831057001648493383e+02 3.831057001432859010e+02 3.831057000500081244e+02 3.831056999401674261e+02 3.831056998584066378e+02 3.831056998346394380e+02 3.831056998819849468e+02 3.831056999969870276e+02 3.831057001618657409e+02 3.831057003482740697e+02 3.831057005219061011e+02 3.831057006472886997e+02 3.831057006921376455e+02 3.831057006307250958e+02 3.831057004458020288e+02 3.831057001287963999e+02 3.831056996782956503e+02 3.831056990972030576e+02 3.831056983893162169e+02 3.831056975562776188e+02 3.831056965957758962e+02 3.831056955015280323e+02 3.831056942650616293e+02 3.831056928788216851e+02 3.831056913398086863e+02 3.831056896528942275e+02 3.831056878331245343e+02 3.831056859066205220e+02 3.831056839100010052e+02 3.831056818885157895e+02 3.831056798932427228e+02 3.831056779777762245e+02 3.831056761948350413e+02 3.831056745931477394e+02 3.831056732148674087e+02
3.593110680388551259e+02 3.593110682071631459e+02 3.593110681597355551e+02 3.593110679717973994e+02 3.593110677209363644e+02 3.593110674782130900e+02 3.593110673002963722e+02 3.593110672238750567e+02 3.593110672631016769e+02 3.593110674102017583e+02 3.593110676388255911e+02 3.593110679093517774e+02 3.593110681752211235e+02 3.593110683894208250e+02 3.593110685103310402e+02 3.593110685062192147e+02 3.593110683577432383e+02 3.593110680580120970e+02 3.593110676101451304e+02 3.593110670228425647e+02 3.593110663050661628e+02 3.593110654612804069e+02 3.593110644886173191e+02 3.593110633767882405e+02 3.593110621107493330e+02 3.593110606753540992e+02 3.593110590607529389e+02 3.593110572672429726e+02 3.593110553085718379e+02 3.593110532131815376e+02 3.593110510233645982e+02 3.593110487926697374e+02 3.593110465821043249e+02 3.593110444557544838e+02 3.593110424764144000e+02 3.593110407017060766e+02 3.593110391809996145e+02
3.356952000597887604e+02 3.356952000550661523e+02 3.356951998019090979e+02 3.356951993981978148e+02 3.356951989449350435e+02 3.356951985341007116e+02 3.356951982379366655e+02 3.356951981014861985e+02 3.356951981394398103e+02 3.356951983373971302e+02 3.356951986568349184e+02 3.356951990425783947e+02 3.356951994314736112e+02 3.356951997611167826e+02 3.356951999776869116e+02 3.356952000419885280e+02 3.356951999328050533e+02 3.356951996468179118e+02 3.356951991948624254e+02 3.356951985951614574e+02 3.356951978651449053e+02 3.356951970140843287e+02 3.356951960386842870e+02 3.356951949229149932e+02 3.356951936420603602e+02 3.356951921697308308e+02 3.356951904858877924e+02 3.356951885839078500e+02 3.356951864752508072e+02 3.356951841910829444e+02 3.356951817809454610e+02 3.356951793090597675e+02 3.356951768491051666e+02 3.356951744783634695e+02 3.356951722720504563e+02 3.356951702984774215e+02 3.356951686154231993e+02
