BlockTilt_5Ma_1mmyr_m1_n5_k1Minus4_10kyrTimeStep_wLinDiff_30mRes_7p5kmBy15km.txt
nrows 250
cellsize 30.0
xllcorner 0.0
ncols 500
yllcorner 0.0
[rows 119 to 135 of 250, columns 148 to 184 of 500]
1.045064682067806245e+02 1.042577850251105076e+02 1.042594910107411721e+02 1.045143336050848859e+02 1.050184925147254376e+02 1.057621086972768580e+02 1.067301680178409526e+02 1.079036223545821969e+02 1.092606287413115354e+02 1.107778022731005763e+02 1.124314018052040467e+02 1.141983908263376293e+02 1.160573348087474557e+02 1.179891101806675380e+02 1.199774103951098994e+02 1.220090432191398406e+02 1.240740214112203006e+02 1.261654567787584398e+02 1.282792754092180019e+02 1.304137796639022895e+02 1.325690894523223449e+02 1.347464988829399886e+02 1.369477808277743520e+02 1.391744581789325821e+02 1.414270374462386144e+02 1.437041751678182209e+02 1.460017340618589969e+02 1.483116998468237568e+02 1.506209818355530672e+02 1.529102080853104439e+02 1.551527285753035414e+02 1.573141218857653598e+02 1.593525218158068242e+02 1.612200109357059148e+02 1.628651645027536858e+02 1.642365992904693144e+02 1.652871438984837198e+02
1.036851779015587596e+02 1.035491465619430045e+02 1.036651385778795174e+02 1.040360945380647451e+02 1.046582375665564797e+02 1.055215764277765231e+02 1.066107830856258971e+02 1.079063220740491289e+02 1.093857060208629406e+02 1.110247682484260849e+02 1.127988692909036104e+02 1.146839799222258875e+02 1.166576033480536552e+02 1.186995125990304700e+02 1.207922878882739752e+02 1.229216455414297968e+02 1.250765570722353743e+02 1.272491649066223687e+02 1.294345101551792254e+02 1.316300970504683221e+02 1.338353266476407271e+02 1.360508363757800794e+02 1.382777785722127817e+02 1.405170579209772086e+02 1.427685262834175148e+02 1.450301112324819428e+02 1.472968447348439724e+02 1.495597754916755093e+02 1.518048015875298518e+02 1.540115454428472219e+02 1.561524896679591734e+02 1.581926650035748594e+02 1.600901910537912727e+02 1.617978896524742538e+02 1.632660183066579123e+02 1.644459387735823839e+02 1.652943019114413232e+02
1.027894705030127085e+02 1.027792118628870242e+02 1.030214556796910870e+02 1.035187676804905692e+02 1.042669390596243488e+02 1.052554869637330626e+02 1.064685397656524657e+02 1.078859797687948969e+02 1.094847128372142464e+02 1.112399524213352606e+02 1.131264334667326921e+02 1.151194993315385773e+02 1.171960259090926115e+02 1.193351605204809829e+02 1.215188611558359639e+02 1.237322276653860627e+02 1.259636230199192681e+02 1.282045907397757674e+02 1.304495837305458679e+02 1.326955289156943820e+02 1.349412593543676735e+02 1.371868484168840894e+02 1.394328763657398156e+02 1.416796470508710115e+02 1.439263536223697031e+02 1.461701745821224563e+02 1.484052770904073668e+02 1.506217259606874279e+02 1.528043512975342537e+02 1.549317099005961893e+02 1.569753640840924618e+02 1.588997622428087766e+02 1.606630015959681543e+02 1.622186608130436412e+02 1.635187106769941749e+02 1.645172786052048650e+02 1.651748173345524719e+02
1.018505034963991704e+02 1.019754546265768766e+02 1.023522197241892826e+02 1.029824468135458062e+02 1.038610496310222260e+02 1.049767294096772048e+02 1.063128803137961000e+02 1.078487472654965700e+02 1.095607027488793790e+02 1.114235288165651667e+02 1.134116203031567949e+02 1.155000542409733555e+02 1.176654922188555474e+02 1.198868958226430834e+02 1.221460429661370171e+02 1.244278385598598504e+02 1.267204192466424502e+02 1.290150597238502712e+02 1.313058968258209234e+02 1.335894955506979329e+02 1.358642866677300276e+02 1.381299063682473331e+02 1.403864629276880578e+02 1.426337433572207942e+02 1.448703574952848498e+02 1.470928050707163663e+02 1.492944535281900755e+02 1.514644413376651073e+02 1.535865777722490293e+02 1.556383886691582177e+02 1.575905369532781606e+02 1.594068940259706721e+02 1.610455198049560863e+02 1.624607047709868368e+02 1.636060422991286600e+02 1.644382700023807899e+02 1.649214045555499126e+02
1.009034002959799494e+02 1.011693809010170639e+02 1.016853797196791191e+02 1.024516373927365152e+02 1.034617901868319763e+02 1.047034351953444542e+02 1.061590667742507463e+02 1.078072499481484812e+02 1.096238965228264988e+02 1.115835312686023428e+02 1.136604667930639607e+02 1.158298355545607166e+02 1.180684494970609393e+02 1.203554711031911211e+02 1.226728871033806030e+02 1.250057814835437568e+02 1.273424104540844439e+02 1.296740893268687387e+02 1.319949088189557642e+02 1.343013044270198861e+02 1.365915054105378772e+02 1.388648881732305256e+02 1.411212518374333627e+02 1.433600225569003896e+02 1.455793812349494658e+02 1.477753036284652524e+02 1.499405113707475152e+02 1.520633652999929382e+02 1.541267906953021622e+02 1.561073987394512983e+02 1.579750380658202289e+02 1.596930437739503930e+02 1.612194185979440419e+02 1.625090656338672090e+02 1.635170030969448192e+02 1.642022668041016118e+02 1.645320044909151989e+02
9.998280202356700386e+01 1.003921371278644585e+02 1.010486996114973977e+02 1.019509046958230698e+02 1.030907660339715761e+02 1.044545229766251424e+02 1.060236174580482498e+02 1.077758840659331980e+02 1.096868199142535474e+02 1.117308247372883443e+02 1.138823340681017839e+02 1.161167986328376713e+02 1.184114851406056772e+02 1.207460868445611482e+02 1.231031395591758582e+02 1.254682440478335366e+02 1.278301013259358996e+02 1.301803738441912515e+02 1.325133914941958722e+02 1.348257250920105434e+02 1.371156499301955876e+02 1.393825174610364854e+02 1.416260446683064629e+02 1.438455202934921147e+02 1.460389190242811424e+02 1.482019154602003255e+02 1.503268066259071531e+02 1.524013906119564297e+02 1.544079090464454964e+02 1.563222319449465942e+02 1.581135233736510770e+02 1.597446465342436284e+02 1.611735208100019463e+02 1.623555187858619320e+02 1.632468003189881642e+02 1.638082621779976478e+02 1.640095930721139723e+02
9.911859691818162332e+01 9.967022350852862189e+01 1.004654290360499687e+02 1.015004650607200460e+02 1.027654361186371546e+02 1.042450035597717886e+02 1.059194114102731845e+02 1.077656962466465700e+02 1.097589496174034167e+02 1.118735274805692086e+02 1.140841345053729583e+02 1.163667415881658940e+02 1.186993170038444276e+02 1.210623648766703724e+02 1.234392720516000850e+02 1.258164695746650636e+02 1.281834200570917233e+02 1.305324473517426895e+02 1.328584288601250876e+02 1.351583716786085745e+02 1.374308905655329340e+02 1.396755984365838970e+02 1.418924102663160340e+02 1.440807519369300849e+02 1.462386614051764582e+02 1.483617765157803490e+02 1.504422277999505866e+02 1.524674989003763415e+02 1.544193788898171533e+02 1.562731975995064033e+02 1.579975857260025691e+02 1.595550094532524952e+02 1.609032717830914123e+02 1.619980413397846917e+02 1.627962786411920604e+02 1.632602186144196992e+02 1.633613916515618030e+02
9.833244323189886416e+01 9.902196423780824830e+01 9.995069419706258884e+01 1.011124620292375624e+02 1.024952356442772867e+02 1.040819129361257751e+02 1.058514046544242859e+02 1.077798697608277223e+02 1.098419738734108648e+02 1.120120692487389675e+02 1.142652289095839535e+02 1.165780983407131544e+02 1.189295506013318544e+02 1.213011444832859951e+02 1.236773931903546071e+02 1.260458561345027420e+02 1.283970707164322391e+02 1.307243443785441173e+02 1.330234285064217943e+02 1.352920934708405980e+02 1.375296176577366225e+02 1.397361935492713485e+02 1.419122431545567338e+02 1.440576271261869863e+02 1.461707316502546234e+02 1.482474300278373391e+02 1.502799461640460095e+02 1.522556960099464050e+02 1.541562452933115708e+02 1.559565844277247777e+02 1.576249635146590151e+02 1.591235278214011828e+02 1.604099277594151260e+02 1.614399421132571888e+02 1.621709651952451452e+02 1.625660057291529768e+02 1.625976797285692612e+02
9.763551598597224768e+01 9.845520715258047062e+01 9.950912979104660394e+01 1.007885048854344205e+02 1.022789950897066120e+02 1.039615902847462365e+02 1.058137550621940477e+02 1.078106970971569467e+02 1.099266284144493540e+02 1.121359210264785560e+02 1.144140933763643631e+02 1.167385955199201248e+02 1.190893843754964365e+02 1.214492953012634331e+02 1.238042249686288159e+02 1.261431456607992772e+02 1.284579742807471234e+02 1.307433204982406494e+02 1.329961366260247644e+02 1.352152860784408404e+02 1.374010377024129355e+02 1.395544814191514433e+02 1.416768495061948272e+02 1.437687217047475770e+02 1.458290960163766385e+02 1.478543251548217370e+02 1.498369540352829290e+02 1.517645455830553090e+02 1.536186438407054027e+02 1.553740811218716829e+02 1.569988701146756114e+02 1.584549109853939513e+02 1.596996716725664101e+02 1.606888640964642718e+02 1.613799564986273367e+02 1.617361685450567279e+02 1.617304395763904949e+02
9.702767266222252829e+01 9.796648289964457490e+01 9.913402262705658075e+01 1.005187871617933553e+02 1.021040263387228748e+02 1.038687296322721920e+02 1.057888448668985717e+02 1.078385872091044604e+02 1.099917106781877010e+02 1.122226453037166181e+02 1.145074390371127038e+02 1.168244763031025428e+02 1.191549701880133938e+02 1.214832419785279853e+02 1.237968116478457716e+02 1.260863279864562401e+02 1.283453686722146472e+02 1.305701388600633663e+02 1.327590914351017659e+02 1.349124827507220061e+02 1.370318652935057742e+02 1.391195054540586682e+02 1.411777038872451442e+02 1.432079921204072548e+02 1.452101865837694845e+02 1.471813037433577449e+02 1.491143789902068590e+02 1.509972850359423830e+02 1.528117051055466789e+02 1.545324686438914625e+02 1.561274845120275643e+02 1.575584901035194036e+02 1.587827612859797171e+02 1.597557964865769691e+02 1.604348143239151057e+02 1.607827207319424474e+02 1.607720526052338244e+02
9.649801070348777898e+01 9.754161513429447439e+01 9.880798017107250075e+01 1.002828226005597685e+02 1.019469389759186271e+02 1.037772932299257320e+02 1.057483109975373878e+02 1.078332343560785631e+02 1.100054082894616272e+02 1.122394024620205073e+02 1.145119092838031918e+02 1.168023939574145231e+02 1.190934996793532434e+02 1.213712300914953488e+02 1.236249421823388985e+02 1.258471875575038013e+02 1.280334394941747007e+02 1.301817380798134991e+02 1.322922764053585070e+02 1.343669379921572329e+02 1.364087809919722361e+02 1.384214508746291301e+02 1.404084938681956203e+02 1.423725423417688773e+02 1.443143543635637513e+02 1.462317153860761607e+02 1.481182506298177941e+02 1.499622488918304839e+02 1.517456542466465237e+02 1.534434287880914383e+02 1.550235112558593187e+02 1.564475772137843990e+02 1.576727354415653224e+02 1.586541716886497113e+02 1.593485885140551659e+02 1.597181171376402915e+02 1.597342333934180374e+02
9.602662318770326522e+01 9.715758780483977830e+01 9.850492899689088233e+01 1.000515998586311639e+02 1.017759797310621650e+02 1.036530647994623706e+02 1.056558384657991638e+02 1.077566718054489883e+02 1.099286239050164937e+02 1.121465457224764606e+02 1.143879303585410980e+02 1.166334897559880233e+02 1.188674680194890527e+02 1.210777226824184538e+02 1.232556172438839468e+02 1.253957720915398681e+02 1.274957177521152971e+02 1.295554855321961725e+02 1.315771573986185388e+02 1.335643811425018157e+02 1.355218407946929347e+02 1.374546588383654750e+02 1.393676993242326887e+02 1.412647428595201120e+02 1.431475183567211786e+02 1.450146038202172747e+02 1.468602485688844865e+02 1.486732183424997800e+02 1.504358152641654840e+02 1.521232655916742260e+02 1.537036861462255786e+02 1.551388219313552952e+02 1.563856832410130551e+02 1.573990990552433118e+02 1.581350549795909046e+02 1.585545218352310428e+02 1.586273396649859819e+02
9.558726048756774674e+01 9.678536153598714975e+01 9.819311427570535500e+01 9.979079850301849319e+01 1.015544991998034732e+02 1.034573972056913647e+02 1.054712103958566018e+02 1.075676325822514912e+02 1.097196389280067166e+02 1.119025623883390779e+02 1.140948870844136707e+02 1.162787441641850847e+02 1.184401283600029018e+02 1.205688762710437487e+02 1.226584595735619700e+02 1.247056485332895619e+02 1.267100949007041777e+02 1.286738705813563683e+02 1.306009818007554770e+02 1.324968604881400722e+02 1.343678181227962796e+02 1.362204352119335056e+02 1.380608546556285887e+02 1.398939518543746203e+02 1.417223701293830800e+02 1.435454372619574599e+02 1.453580163990604035e+02 1.471493886318247064e+02 1.489023089871578236e+02 1.505924134931081824e+02 1.521881715573473173e+02 1.536515639581428161e+02 1.549396133334249441e+02 1.560067978216936524e+02 1.568082453565545791e+02 1.573034538497245194e+02 1.574601407274419955e+02
9.515056152940387335e+01 9.639327818142720616e+01 9.783870627265638120e+01 9.946462806336245421e+01 1.012450508211441047e+02 1.031515900432846706e+02 1.051549693665628382e+02 1.072264826252984733e+02 1.093392876886433385e+02 1.114694396204972975e+02 1.135966142089162219e+02 1.157045146196766865e+02 1.177809882212973207e+02 1.198179040782192146e+02 1.218108529595945413e+02 1.237587315771754106e+02 1.256632631763361587e+02 1.275284904980178453e+02 1.293602578681911552e+02 1.311656801228352549e+02 1.329525802955187146e+02 1.347288680152336156e+02 1.365018282850541880e+02 1.382772969558048146e+02 1.400587152649927987e+02 1.418460809412489709e+02 1.436348461977238458e+02 1.454148507118301552e+02 1.471694159514935905e+02 1.488747595218448510e+02 1.504999062072594711e+02 1.520072664220621164e+02 1.533540135115723899e+02 1.544943125538439119e+02 1.553823358905019916e+02 1.559758566084236406e+02 1.562400658420416732e+02
9.468750399966151576e+01 9.595067652733128227e+01 9.740960054857885098e+01 9.903982905438182627e+01 1.008136015448130678e+02 1.027013067687958028e+02 1.046730224546283807e+02 1.066999781799803486e+02 1.087558149777095338e+02 1.108175555139080046e+02 1.128662437919134334e+02 1.148872560308363546e+02 1.168703188703422313e+02 1.188092936928094048e+02 1.207017952817062394e+02 1.225487101091633093e+02 1.243536668912721126e+02 1.261224933894633011e+02 1.278626728374787405e+02 1.295827945678354638e+02 1.312919793156987680e+02 1.329992521735752291e+02 1.347128361384966411e+02 1.364393467325780875e+02 1.381828828899182895e+02 1.399440305159166371e+02 1.417188219302406083e+02 1.434977254294196030e+02 1.452647721147237405e+02 1.469969579372636872e+02 1.486640812994662326e+02 1.502291816351138323e+02 1.516497215450706619e+02 1.528795945169147217e+02 1.538719376265014205e+02 1.545825904730362765e+02 1.549738894962744382e+02
9.417272043741220955e+01 9.543134290131325770e+01 9.687900407074694442e+01 9.848938820731690669e+01 1.002333593772154927e+02 1.020804850980894258e+02 1.040005915556557454e+02 1.059652005686014178e+02 1.079487298407470917e+02 1.099293804423483323e+02 1.118896812116401520e+02 1.138167018571313633e+02 1.157019794379737760e+02 1.175412231442245599e+02 1.193338688422443141e+02 1.210825490075135917e+02 1.227925286369872424e+02 1.244711377837278832e+02 1.261272108797834903e+02 1.277705256890174610e+02 1.294112229898384498e+02 1.310591829595113325e+02 1.327233355742055778e+02 1.344108893286950206e+02 1.361264743011354881e+02 1.378712115142070331e+02 1.396417407120709413e+02 1.414292634169767950e+02 1.432186873067259683e+02 1.449879897368450088e+02 1.467079477346147485e+02 1.483424001058760666e+02 1.498492018143973894e+02 1.511819878233975771e+02 1.522927736443839706e+02 1.531352846331876947e+02 1.536687443477813986e+02
9.358733527534540997e+01 9.481643431268334155e+01 9.622842344458246089e+01 9.779556028350957320e+01 9.948778643495127483e+01 1.012742888969708730e+02 1.031250437252384131e+02 1.050121999224646459e+02 1.069111971700279184e+02 1.088015550642362683e+02 1.106673165408696207e+02 1.124971677792014475e+02 1.142842862611233556e+02 1.160259850742821897e+02 1.177232245957853536e+02 1.193800542525980433e+02 1.210030307365421578e+02 1.226006392994177645e+02 1.241827258254772914e+02 1.257599324868794781e+02 1.273431206121641566e+02 1.289427610669182513e+02 1.305682739621719861e+02 1.322273044740309444e+02 1.339249289951848425e+02 1.356627958080049723e+02 1.374382182771340126e+02 1.392432583361312766e+02 1.410638656219381630e+02 1.428791728147211018e+02 1.446610864156826608e+02 1.463743447207454267e+02 1.479772261096218813e+02 1.494230633801788599e+02 1.506626396465650544e+02 1.516474060151015522e+02 1.523332876787615646e+02
