BlockUplift_2Ma_1kryTimeStep_2mmyr_k_0.0001_m_0.5_n_1.0_LinDiffusion_0.5_6x3km_30mRes_flow__link_to_receiver_node.txt
nrows 100
cellsize 30.0
xllcorner 0.0
ncols 200
yllcorner 0.0
[rows 0 to 16 of 100, columns 37 to 73 of 200]
-1.000000000000000000e+00 -1.000000000000000000e+00 -1.000000000000000000e+00 -1.000000000000000000e+00 -1.000000000000000000e+00 -1.000000000000000000e+00 -1.000000000000000000e+00 -1.000000000000000000e+00 -1.000000000000000000e+00 -1.000000000000000000e+00 -1.000000000000000000e+00 -1.000000000000000000e+00 -1.000000000000000000e+00 -1.000000000000000000e+00 -1.000000000000000000e+00 -1.000000000000000000e+00 -1.000000000000000000e+00 -1.000000000000000000e+00 -1.000000000000000000e+00 -1.000000000000000000e+00 -1.000000000000000000e+00 -1.000000000000000000e+00 -1.000000000000000000e+00 -1.000000000000000000e+00 -1.000000000000000000e+00 -1.000000000000000000e+00 -1.000000000000000000e+00 -1.000000000000000000e+00 -1.000000000000000000e+00 -1.000000000000000000e+00 -1.000000000000000000e+00 -1.000000000000000000e+00 -1.000000000000000000e+00 -1.000000000000000000e+00 -1.000000000000000000e+00 -1.000000000000000000e+00 -1.000000000000000000e+00
3.893900000000000000e+04 3.894000000000000000e+04 3.894100000000000000e+04 3.894200000000000000e+04 3.894300000000000000e+04 7.838800000000000000e+04 7.839000000000000000e+04 7.839200000000000000e+04 7.839400000000000000e+04 7.839600000000000000e+04 3.914800000000000000e+04 3.914900000000000000e+04 3.915000000000000000e+04 3.915100000000000000e+04 3.915200000000000000e+04 3.915300000000000000e+04 3.915400000000000000e+04 3.915500000000000000e+04 3.915600000000000000e+04 7.841600000000000000e+04 7.841800000000000000e+04 7.842300000000000000e+04 7.842500000000000000e+04 3.916200000000000000e+04 3.916300000000000000e+04 3.916400000000000000e+04 3.916500000000000000e+04 3.916600000000000000e+04 7.843700000000000000e+04 7.843900000000000000e+04 7.844100000000000000e+04 7.844300000000000000e+04 3.897100000000000000e+04 3.897200000000000000e+04 3.897300000000000000e+04 7.844800000000000000e+04 7.845000000000000000e+04
3.854000000000000000e+04 3.854100000000000000e+04 3.854200000000000000e+04 3.854300000000000000e+04 3.854400000000000000e+04 3.854500000000000000e+04 7.799200000000000000e+04 7.799400000000000000e+04 7.799600000000000000e+04 7.799800000000000000e+04 7.800000000000000000e+04 7.800200000000000000e+04 7.800400000000000000e+04 7.800600000000000000e+04 7.800800000000000000e+04 7.801000000000000000e+04 7.801200000000000000e+04 7.801400000000000000e+04 7.801600000000000000e+04 7.801800000000000000e+04 3.856000000000000000e+04 7.802500000000000000e+04 7.802700000000000000e+04 7.802900000000000000e+04 7.803100000000000000e+04 7.803300000000000000e+04 7.803500000000000000e+04 7.803700000000000000e+04 7.803900000000000000e+04 7.804100000000000000e+04 7.804300000000000000e+04 7.804500000000000000e+04 3.857200000000000000e+04 3.857300000000000000e+04 3.857400000000000000e+04 3.857500000000000000e+04 7.805200000000000000e+04
3.814100000000000000e+04 3.814200000000000000e+04 3.814300000000000000e+04 3.814400000000000000e+04 3.814500000000000000e+04 3.814600000000000000e+04 3.814700000000000000e+04 7.759600000000000000e+04 7.759800000000000000e+04 7.760000000000000000e+04 7.760200000000000000e+04 7.760400000000000000e+04 7.760600000000000000e+04 7.760800000000000000e+04 7.761000000000000000e+04 7.761200000000000000e+04 7.761400000000000000e+04 7.761600000000000000e+04 7.761800000000000000e+04 7.762000000000000000e+04 3.816100000000000000e+04 7.762700000000000000e+04 7.762900000000000000e+04 7.763100000000000000e+04 7.763300000000000000e+04 7.763500000000000000e+04 7.763700000000000000e+04 7.763900000000000000e+04 7.764100000000000000e+04 7.764300000000000000e+04 7.764500000000000000e+04 3.817200000000000000e+04 3.817300000000000000e+04 3.817400000000000000e+04 3.817500000000000000e+04 3.817600000000000000e+04 3.817700000000000000e+04
3.774200000000000000e+04 3.774300000000000000e+04 3.774400000000000000e+04 3.774500000000000000e+04 3.774600000000000000e+04 3.774700000000000000e+04 3.774800000000000000e+04 7.719800000000000000e+04 7.720000000000000000e+04 7.720200000000000000e+04 7.720400000000000000e+04 7.720600000000000000e+04 7.720800000000000000e+04 7.721000000000000000e+04 7.721200000000000000e+04 7.721400000000000000e+04 7.721600000000000000e+04 7.721800000000000000e+04 7.722000000000000000e+04 7.722200000000000000e+04 3.776200000000000000e+04 7.722900000000000000e+04 7.723100000000000000e+04 7.723300000000000000e+04 7.723500000000000000e+04 7.723700000000000000e+04 7.723900000000000000e+04 7.724100000000000000e+04 7.724300000000000000e+04 7.724500000000000000e+04 7.724700000000000000e+04 3.777300000000000000e+04 3.777400000000000000e+04 3.777500000000000000e+04 3.777600000000000000e+04 3.777700000000000000e+04 3.777800000000000000e+04
3.734300000000000000e+04 3.734400000000000000e+04 3.734500000000000000e+04 3.734600000000000000e+04 3.734700000000000000e+04 3.734800000000000000e+04 3.734900000000000000e+04 7.680000000000000000e+04 7.680200000000000000e+04 7.680400000000000000e+04 7.680600000000000000e+04 7.680800000000000000e+04 7.681000000000000000e+04 7.681200000000000000e+04 7.681400000000000000e+04 7.681600000000000000e+04 7.681800000000000000e+04 7.682000000000000000e+04 7.682200000000000000e+04 7.682400000000000000e+04 3.736300000000000000e+04 3.736400000000000000e+04 7.683300000000000000e+04 7.683500000000000000e+04 7.683700000000000000e+04 7.683900000000000000e+04 7.684100000000000000e+04 7.684300000000000000e+04 7.684500000000000000e+04 7.684700000000000000e+04 7.684900000000000000e+04 3.737400000000000000e+04 3.737500000000000000e+04 3.737600000000000000e+04 3.737700000000000000e+04 3.737800000000000000e+04 3.737900000000000000e+04
3.694400000000000000e+04 3.694500000000000000e+04 3.694600000000000000e+04 3.694700000000000000e+04 3.694800000000000000e+04 3.694900000000000000e+04 3.695000000000000000e+04 7.640200000000000000e+04 7.640400000000000000e+04 7.640600000000000000e+04 7.640800000000000000e+04 7.641000000000000000e+04 7.641200000000000000e+04 7.641400000000000000e+04 7.641600000000000000e+04 7.641800000000000000e+04 7.642000000000000000e+04 7.642200000000000000e+04 7.642400000000000000e+04 7.642600000000000000e+04 3.696400000000000000e+04 3.696500000000000000e+04 7.643500000000000000e+04 7.643700000000000000e+04 7.643900000000000000e+04 7.644100000000000000e+04 7.644300000000000000e+04 7.644500000000000000e+04 7.644700000000000000e+04 7.644900000000000000e+04 7.645100000000000000e+04 3.697500000000000000e+04 3.697600000000000000e+04 3.697700000000000000e+04 3.697800000000000000e+04 3.697900000000000000e+04 3.698000000000000000e+04
3.654500000000000000e+04 3.654600000000000000e+04 3.654700000000000000e+04 3.654800000000000000e+04 3.654900000000000000e+04 3.655000000000000000e+04 3.655100000000000000e+04 7.600400000000000000e+04 7.600600000000000000e+04 7.600800000000000000e+04 7.601000000000000000e+04 7.601200000000000000e+04 7.601400000000000000e+04 7.601600000000000000e+04 7.601800000000000000e+04 7.602000000000000000e+04 7.602200000000000000e+04 7.602400000000000000e+04 7.602600000000000000e+04 7.602800000000000000e+04 3.656500000000000000e+04 3.656600000000000000e+04 7.603700000000000000e+04 7.603900000000000000e+04 7.604100000000000000e+04 7.604300000000000000e+04 7.604500000000000000e+04 7.604700000000000000e+04 7.604900000000000000e+04 7.605100000000000000e+04 7.605300000000000000e+04 3.657600000000000000e+04 3.657700000000000000e+04 3.657800000000000000e+04 3.657900000000000000e+04 3.658000000000000000e+04 3.658100000000000000e+04
3.614600000000000000e+04 3.614700000000000000e+04 3.614800000000000000e+04 3.614900000000000000e+04 3.615000000000000000e+04 3.615100000000000000e+04 3.615200000000000000e+04 7.560600000000000000e+04 7.560800000000000000e+04 7.561000000000000000e+04 7.561200000000000000e+04 7.561400000000000000e+04 7.561600000000000000e+04 7.561800000000000000e+04 7.562000000000000000e+04 7.562200000000000000e+04 7.562400000000000000e+04 7.562600000000000000e+04 7.562800000000000000e+04 7.563000000000000000e+04 3.616600000000000000e+04 3.616700000000000000e+04 7.563900000000000000e+04 7.564100000000000000e+04 7.564300000000000000e+04 7.564500000000000000e+04 7.564700000000000000e+04 7.564900000000000000e+04 7.565100000000000000e+04 7.565300000000000000e+04 7.565500000000000000e+04 7.565700000000000000e+04 3.617800000000000000e+04 3.617900000000000000e+04 3.618000000000000000e+04 3.618100000000000000e+04 3.618200000000000000e+04
3.574700000000000000e+04 3.574800000000000000e+04 3.574900000000000000e+04 3.575000000000000000e+04 3.575100000000000000e+04 3.575200000000000000e+04 3.575300000000000000e+04 7.520800000000000000e+04 7.521000000000000000e+04 7.521200000000000000e+04 7.521400000000000000e+04 7.521600000000000000e+04 7.521800000000000000e+04 7.522000000000000000e+04 7.522200000000000000e+04 7.522400000000000000e+04 7.522600000000000000e+04 7.522800000000000000e+04 7.523000000000000000e+04 7.523200000000000000e+04 3.576700000000000000e+04 3.576800000000000000e+04 7.524100000000000000e+04 7.524300000000000000e+04 7.524500000000000000e+04 7.524700000000000000e+04 7.524900000000000000e+04 7.525100000000000000e+04 7.525300000000000000e+04 7.525500000000000000e+04 7.525700000000000000e+04 7.525900000000000000e+04 3.577900000000000000e+04 3.578000000000000000e+04 3.578100000000000000e+04 3.578200000000000000e+04 7.526600000000000000e+04
3.534800000000000000e+04 3.534900000000000000e+04 3.535000000000000000e+04 3.535100000000000000e+04 3.535200000000000000e+04 3.535300000000000000e+04 7.480800000000000000e+04 7.481000000000000000e+04 7.481200000000000000e+04 7.481400000000000000e+04 7.481600000000000000e+04 7.481800000000000000e+04 7.482000000000000000e+04 7.482200000000000000e+04 7.482400000000000000e+04 7.482600000000000000e+04 7.482800000000000000e+04 7.483000000000000000e+04 7.483200000000000000e+04 7.483400000000000000e+04 3.536800000000000000e+04 3.536900000000000000e+04 7.484300000000000000e+04 7.484500000000000000e+04 7.484700000000000000e+04 7.484900000000000000e+04 7.485100000000000000e+04 7.485300000000000000e+04 7.485500000000000000e+04 7.485700000000000000e+04 7.485900000000000000e+04 7.486100000000000000e+04 3.538000000000000000e+04 3.538100000000000000e+04 3.538200000000000000e+04 3.538300000000000000e+04 7.486800000000000000e+04
3.494900000000000000e+04 3.495000000000000000e+04 3.495100000000000000e+04 3.495200000000000000e+04 3.495300000000000000e+04 3.495400000000000000e+04 7.441000000000000000e+04 7.441200000000000000e+04 7.441400000000000000e+04 7.441600000000000000e+04 7.441800000000000000e+04 7.442000000000000000e+04 7.442200000000000000e+04 7.442400000000000000e+04 7.442600000000000000e+04 7.442800000000000000e+04 7.443000000000000000e+04 7.443200000000000000e+04 7.443400000000000000e+04 7.443600000000000000e+04 3.496900000000000000e+04 7.444300000000000000e+04 7.444500000000000000e+04 7.444700000000000000e+04 7.444900000000000000e+04 7.445100000000000000e+04 7.445300000000000000e+04 7.445500000000000000e+04 7.445700000000000000e+04 7.445900000000000000e+04 7.446100000000000000e+04 7.446300000000000000e+04 3.498100000000000000e+04 3.498200000000000000e+04 3.498300000000000000e+04 3.498400000000000000e+04 7.447000000000000000e+04
3.455000000000000000e+04 3.455100000000000000e+04 3.455200000000000000e+04 3.455300000000000000e+04 3.455400000000000000e+04 3.455500000000000000e+04 7.401200000000000000e+04 7.401400000000000000e+04 7.401600000000000000e+04 7.401800000000000000e+04 7.402000000000000000e+04 7.402200000000000000e+04 7.402400000000000000e+04 7.402600000000000000e+04 7.402800000000000000e+04 7.403000000000000000e+04 7.403200000000000000e+04 7.403400000000000000e+04 7.403600000000000000e+04 7.403800000000000000e+04 3.457000000000000000e+04 7.404500000000000000e+04 7.404700000000000000e+04 7.404900000000000000e+04 7.405100000000000000e+04 7.405300000000000000e+04 7.405500000000000000e+04 7.405700000000000000e+04 7.405900000000000000e+04 7.406100000000000000e+04 7.406300000000000000e+04 7.406500000000000000e+04 3.458200000000000000e+04 3.458300000000000000e+04 3.458400000000000000e+04 3.458500000000000000e+04 7.407200000000000000e+04
3.415100000000000000e+04 3.415200000000000000e+04 3.415300000000000000e+04 3.415400000000000000e+04 3.415500000000000000e+04 7.361200000000000000e+04 7.361400000000000000e+04 7.361600000000000000e+04 7.361800000000000000e+04 7.362000000000000000e+04 7.362200000000000000e+04 7.362400000000000000e+04 7.362600000000000000e+04 7.362800000000000000e+04 7.363000000000000000e+04 7.363200000000000000e+04 7.363400000000000000e+04 7.363600000000000000e+04 7.363800000000000000e+04 7.364000000000000000e+04 3.417100000000000000e+04 7.364700000000000000e+04 7.364900000000000000e+04 7.365100000000000000e+04 7.365300000000000000e+04 7.365500000000000000e+04 7.365700000000000000e+04 7.365900000000000000e+04 7.366100000000000000e+04 7.366300000000000000e+04 7.366500000000000000e+04 7.366700000000000000e+04 3.418300000000000000e+04 3.418400000000000000e+04 3.418500000000000000e+04 3.418600000000000000e+04 7.367400000000000000e+04
3.375200000000000000e+04 3.375300000000000000e+04 3.375400000000000000e+04 3.375500000000000000e+04 3.375600000000000000e+04 7.321400000000000000e+04 7.321600000000000000e+04 7.321800000000000000e+04 7.322000000000000000e+04 7.322200000000000000e+04 7.322400000000000000e+04 7.322600000000000000e+04 7.322800000000000000e+04 7.323000000000000000e+04 7.323200000000000000e+04 7.323400000000000000e+04 7.323600000000000000e+04 7.323800000000000000e+04 7.324000000000000000e+04 7.324200000000000000e+04 3.377200000000000000e+04 7.324900000000000000e+04 7.325100000000000000e+04 7.325300000000000000e+04 7.325500000000000000e+04 7.325700000000000000e+04 7.325900000000000000e+04 7.326100000000000000e+04 7.326300000000000000e+04 7.326500000000000000e+04 7.326700000000000000e+04 7.326900000000000000e+04 3.378400000000000000e+04 3.378500000000000000e+04 3.378600000000000000e+04 3.378700000000000000e+04 7.327600000000000000e+04
3.335300000000000000e+04 3.335400000000000000e+04 3.335500000000000000e+04 3.335600000000000000e+04 3.335700000000000000e+04 7.281600000000000000e+04 7.281800000000000000e+04 7.282000000000000000e+04 7.282200000000000000e+04 7.282400000000000000e+04 7.282600000000000000e+04 7.282800000000000000e+04 7.283000000000000000e+04 7.283200000000000000e+04 7.283400000000000000e+04 7.283600000000000000e+04 7.283800000000000000e+04 7.284000000000000000e+04 7.284200000000000000e+04 7.284400000000000000e+04 3.337300000000000000e+04 7.285100000000000000e+04 7.285300000000000000e+04 7.285500000000000000e+04 7.285700000000000000e+04 7.285900000000000000e+04 7.286100000000000000e+04 7.286300000000000000e+04 7.286500000000000000e+04 7.286700000000000000e+04 7.286900000000000000e+04 7.287100000000000000e+04 7.287300000000000000e+04 3.338600000000000000e+04 3.338700000000000000e+04 3.338800000000000000e+04 7.287800000000000000e+04
7.241100000000000000e+04 3.295500000000000000e+04 3.295600000000000000e+04 3.295700000000000000e+04 3.295800000000000000e+04 7.241800000000000000e+04 7.242000000000000000e+04 7.242200000000000000e+04 7.242400000000000000e+04 7.242600000000000000e+04 7.242800000000000000e+04 7.243000000000000000e+04 7.243200000000000000e+04 7.243400000000000000e+04 7.243600000000000000e+04 7.243800000000000000e+04 7.244000000000000000e+04 7.244200000000000000e+04 7.244400000000000000e+04 7.244600000000000000e+04 7.245100000000000000e+04 7.245300000000000000e+04 7.245500000000000000e+04 7.245700000000000000e+04 7.245900000000000000e+04 7.246100000000000000e+04 7.246300000000000000e+04 7.246500000000000000e+04 7.246700000000000000e+04 7.246900000000000000e+04 7.247100000000000000e+04 7.247300000000000000e+04 7.247500000000000000e+04 3.298700000000000000e+04 3.298800000000000000e+04 3.298900000000000000e+04 7.248000000000000000e+04
