BlockUplift_2Ma_1kryTimeStep_5mmyr_k_1e-05_m_0.5_n_1.0_LinDiffusion_1.0_6x3km_30mRes_topographic__steepest_slope.txt
nrows 100
cellsize 30.0
xllcorner 0.0
ncols 200
yllcorner 0.0
[rows 0 to 16 of 100, columns 74 to 110 of 200]
0.000000000000000000e+00 0.000000000000000000e+00 0.000000000000000000e+00 0.000000000000000000e+00 0.000000000000000000e+00 0.000000000000000000e+00 0.000000000000000000e+00 0.000000000000000000e+00 0.000000000000000000e+00 0.000000000000000000e+00 0.000000000000000000e+00 0.000000000000000000e+00 0.000000000000000000e+00 0.000000000000000000e+00 0.000000000000000000e+00 0.000000000000000000e+00 0.000000000000000000e+00 0.000000000000000000e+00 0.000000000000000000e+00 0.000000000000000000e+00 0.000000000000000000e+00 0.000000000000000000e+00 0.000000000000000000e+00 0.000000000000000000e+00 0.000000000000000000e+00 0.000000000000000000e+00 0.000000000000000000e+00 0.000000000000000000e+00 0.000000000000000000e+00 0.000000000000000000e+00 0.000000000000000000e+00 0.000000000000000000e+00 0.000000000000000000e+00 0.000000000000000000e+00 0.000000000000000000e+00 0.000000000000000000e+00 0.000000000000000000e+00
1.408447084661020310e-01 1.408447084788046200e-01 1.408447084912040626e-01 1.408447085033003587e-01 1.408447085150328348e-01 1.408447085264015186e-01 1.408447085374064101e-01 1.408447085480171723e-01 1.408447085582641423e-01 1.408447085679654376e-01 1.408447085773029128e-01 1.408447085861553316e-01 1.408447085945529753e-01 1.408447086024958994e-01 1.408447086099234580e-01 1.408447086169265505e-01 1.408447086233839685e-01 1.408447086294472572e-01 1.408447086350254895e-01 1.408447086401186654e-01 1.408447086447267849e-01 1.408447086489407751e-01 1.408447086527606362e-01 1.408447086561560868e-01 1.408447086591270991e-01 1.408447086617343191e-01 1.408447086640080559e-01 1.408447086659483094e-01 1.408447086676157256e-01 1.408447086689496586e-01 1.408447086700713724e-01 1.408447086709505303e-01 1.408447086716174967e-01 1.408447086721025809e-01 1.408447086724663733e-01 1.408447086727392106e-01 1.408447086728301656e-01
2.808142501890567022e-01 2.808142502143103347e-01 2.808142502390182926e-01 2.808142502630895931e-01 2.808142502865242363e-01 2.808142503092616038e-01 2.808142503312410776e-01 2.808142503524019840e-01 2.808142503727140138e-01 2.808142503921772226e-01 2.808142504107308812e-01 2.808142504283751006e-01 2.808142504451097698e-01 2.808142504609349999e-01 2.808142504757597524e-01 2.808142504896143921e-01 2.808142505025898461e-01 2.808142505145648782e-01 2.808142505256304156e-01 2.808142505357560936e-01 2.808142505450026416e-01 2.808142505534003130e-01 2.808142505608884898e-01 2.808142505676187173e-01 2.808142505735001238e-01 2.808142505787145637e-01 2.808142505832014191e-01 2.808142505870213079e-01 2.808142505902651576e-01 2.808142505929330235e-01 2.808142505950854684e-01 2.808142505967831659e-01 2.808142505981170989e-01 2.808142505990265936e-01 2.808142505996935601e-01 2.808142506001179983e-01 2.808142506003908356e-01
4.190757648647680522e-01 4.190757649025120823e-01 4.190757649394375450e-01 4.190757649754232039e-01 4.190757650104387499e-01 4.190757650443325821e-01 4.190757650771047560e-01 4.190757651086945423e-01 4.190757651389807048e-01 4.190757651680238616e-01 4.190757651957634500e-01 4.190757652220781782e-01 4.190757652470286643e-01 4.190757652705239256e-01 4.190757652926550003e-01 4.190757653133308502e-01 4.190757653325514753e-01 4.190757653504079139e-01 4.190757653668091276e-01 4.190757653819067174e-01 4.190757653956097561e-01 4.190757654080092265e-01 4.190757654191656911e-01 4.190757654290488410e-01 4.190757654378709507e-01 4.190757654454804193e-01 4.190757654520591013e-01 4.190757654576979241e-01 4.190757654623666895e-01 4.190757654662471965e-01 4.190757654693395007e-01 4.190757654717647829e-01 4.190757654735534632e-01 4.190757654748873962e-01 4.190757654757362727e-01 4.190757654762516382e-01 4.190757654765244755e-01
5.548746628515497381e-01 5.548746629016022558e-01 5.548746629505028061e-01 5.548746629982209688e-01 5.548746630445445804e-01 5.548746630894735299e-01 5.548746631329171120e-01 5.548746631747235591e-01 5.548746632148928715e-01 5.548746632533039236e-01 5.548746632899261844e-01 5.548746633247901849e-01 5.548746633577441578e-01 5.548746633888186341e-01 5.548746634180133919e-01 5.548746634452982329e-01 5.548746634707034664e-01 5.548746634941986722e-01 5.548746635158749996e-01 5.548746635356412993e-01 5.548746635536796479e-01 5.548746635699293162e-01 5.548746635845115405e-01 5.548746635974869390e-01 5.548746636089163520e-01 5.548746636188297554e-01 5.548746636273790278e-01 5.548746636345943672e-01 5.548746636406273192e-01 5.548746636455386128e-01 5.548746636494191753e-01 5.548746636523901321e-01 5.548746636546032507e-01 5.548746636560887291e-01 5.548746636570285329e-01 5.548746636574226621e-01 5.548746636575743185e-01
6.875595119865162141e-01 6.875595120486347467e-01 6.875595121093283080e-01 6.875595121685061928e-01 6.875595122260468317e-01 6.875595122817382832e-01 6.875595123355197069e-01 6.875595123873609049e-01 6.875595124371102207e-01 6.875595124847071471e-01 6.875595125300303367e-01 6.875595125731402968e-01 6.875595126139160129e-01 6.875595126522966449e-01 6.875595126883430330e-01 6.875595127220246461e-01 6.875595127533415951e-01 6.875595127822634600e-01 6.875595128088813901e-01 6.875595128332254724e-01 6.875595128553868562e-01 6.875595128753351215e-01 6.875595128931005773e-01 6.875595129089258073e-01 6.875595129227197733e-01 6.875595129347857881e-01 6.875595129450327025e-01 6.875595129537032113e-01 6.875595129607973144e-01 6.875595129665270644e-01 6.875595129710139197e-01 6.875595129743791167e-01 6.875595129767134717e-01 6.875595129782292592e-01 6.875595129789872084e-01 6.875595129791993720e-01 6.875595129789265902e-01
8.165937711537784027e-01 8.165937712277203664e-01 8.165937712999341569e-01 8.165937713703290690e-01 8.165937714386625190e-01 8.165937715049342849e-01 8.165937715688718068e-01 8.165937716304142446e-01 8.165937716894707821e-01 8.165937717459503808e-01 8.165937717997622247e-01 8.165937718508151644e-01 8.165937718991093108e-01 8.165937719446446641e-01 8.165937719872393696e-01 8.165937720270448619e-01 8.165937720639401265e-01 8.165937720981067960e-01 8.165937721294540541e-01 8.165937721580728281e-01 8.165937721839326979e-01 8.165937722072764693e-01 8.165937722281039202e-01 8.165937722464453596e-01 8.165937722624827533e-01 8.165937722763071394e-01 8.165937722880698413e-01 8.165937722978318103e-01 8.165937723058352971e-01 8.165937723121714509e-01 8.165937723169918172e-01 8.165937723204479415e-01 8.165937723227216782e-01 8.165937723239645729e-01 8.165937723243890112e-01 8.165937723241162294e-01 8.165937723232673529e-01
9.415551353383609934e-01 9.415551354237928772e-01 9.415551355072542261e-01 9.415551355885024565e-01 9.415551356674768391e-01 9.415551357439350122e-01 9.415551358176951213e-01 9.415551358887266353e-01 9.415551359567870815e-01 9.415551360218159527e-01 9.415551360837829398e-01 9.415551361425362753e-01 9.415551361980457612e-01 9.415551362502810884e-01 9.415551362992118367e-01 9.415551363447776101e-01 9.415551363871297319e-01 9.415551364261166567e-01 9.415551364618598429e-01 9.415551364943894885e-01 9.415551365238570281e-01 9.415551365502323744e-01 9.415551365737276912e-01 9.415551365943428674e-01 9.415551366122902888e-01 9.415551366276304623e-01 9.415551366405755518e-01 9.415551366512470155e-01 9.415551366597658678e-01 9.415551366663749144e-01 9.415551366712558989e-01 9.415551366745603667e-01 9.415551366764702834e-01 9.415551366771979236e-01 9.415551366768947217e-01 9.415551366758336815e-01 9.415551366741965467e-01
1.062125446487850011e+00 1.062125446584498922e+00 1.062125446678904517e+00 1.062125446770793680e+00 1.062125446860015199e+00 1.062125446946295959e+00 1.062125447029666159e+00 1.062125447109732113e+00 1.062125447186523797e+00 1.062125447259828936e+00 1.062125447329587358e+00 1.062125447395707578e+00 1.062125447458129202e+00 1.062125447516761190e+00 1.062125447571634185e+00 1.062125447622747743e+00 1.062125447670011047e+00 1.062125447713545556e+00 1.062125447753381469e+00 1.062125447789579402e+00 1.062125447822199975e+00 1.062125447851364424e+00 1.062125447877133366e+00 1.062125447899688879e+00 1.062125447919151977e+00 1.062125447935704958e+00 1.062125447949468615e+00 1.062125447960685642e+00 1.062125447969477499e+00 1.062125447976086434e+00 1.062125447980664328e+00 1.062125447983453430e+00 1.062125447984696214e+00 1.062125447984574977e+00 1.062125447983331972e+00 1.062125447981179693e+00 1.062125447978360171e+00
1.178075170243694902e+00 1.178075170351227552e+00 1.178075170456183152e+00 1.178075170558319451e+00 1.178075170657454374e+00 1.178075170753406065e+00 1.178075170845871433e+00 1.178075170934759219e+00 1.178075171019857814e+00 1.178075171101136132e+00 1.178075171178352365e+00 1.178075171251475650e+00 1.178075171320415393e+00 1.178075171385141173e+00 1.178075171445652769e+00 1.178075171501798968e+00 1.178075171553731204e+00 1.178075171601479676e+00 1.178075171645013963e+00 1.178075171684455746e+00 1.178075171719895842e+00 1.178075171751394645e+00 1.178075171779134234e+00 1.178075171803326660e+00 1.178075171824002565e+00 1.178075171841343582e+00 1.178075171855592407e+00 1.178075171866930670e+00 1.178075171875631488e+00 1.178075171881816097e+00 1.178075171885757388e+00 1.178075171887727812e+00 1.178075171887879469e+00 1.178075171886545425e+00 1.178075171883999017e+00 1.178075171880421657e+00 1.178075171876086236e+00
1.289246306056793356e+00 1.289246306174876233e+00 1.289246306290078747e+00 1.289246306402249909e+00 1.289246306510964724e+00 1.289246306616102400e+00 1.289246306717420021e+00 1.289246306814766374e+00 1.289246306907898543e+00 1.289246306996725933e+00 1.289246307081036047e+00 1.289246307160829108e+00 1.289246307235923039e+00 1.289246307306348260e+00 1.289246307372013733e+00 1.289246307432980077e+00 1.289246307489186893e+00 1.289246307540694580e+00 1.289246307587563978e+00 1.289246307629885679e+00 1.289246307667720748e+00 1.289246307701281014e+00 1.289246307730627539e+00 1.289246307755911314e+00 1.289246307777345057e+00 1.289246307795141044e+00 1.289246307809541303e+00 1.289246307820667514e+00 1.289246307828761928e+00 1.289246307834188476e+00 1.289246307837099037e+00 1.289246307837796257e+00 1.289246307836583672e+00 1.289246307833703531e+00 1.289246307829398530e+00 1.289246307823971982e+00 1.289246307817756954e+00
1.395536627406848584e+00 1.395536627535208574e+00 1.395536627660415752e+00 1.395536627782136385e+00 1.395536627900188842e+00 1.395536628014209191e+00 1.395536628124045775e+00 1.395536628229425924e+00 1.395536628330228179e+00 1.395536628426210290e+00 1.395536628517280997e+00 1.395536628603288865e+00 1.395536628684264313e+00 1.395536628760025044e+00 1.395536628830510884e+00 1.395536628895812647e+00 1.395536628955869718e+00 1.395536629010772911e+00 1.395536629060613043e+00 1.395536629105360360e+00 1.395536629145256891e+00 1.395536629180363253e+00 1.395536629210831325e+00 1.395536629236903581e+00 1.395536629258731454e+00 1.395536629276557417e+00 1.395536629290593966e+00 1.395536629301053155e+00 1.395536629308268495e+00 1.395536629312452259e+00 1.395536629313968158e+00 1.395536629312997823e+00 1.395536629309936050e+00 1.395536629305024645e+00 1.395536629298597564e+00 1.395536629290988095e+00 1.395536629282438934e+00
1.496886844505479486e+00 1.496886844643722680e+00 1.496886844778570369e+00 1.496886844909628644e+00 1.496886845036563773e+00 1.496886845159193902e+00 1.496886845277155542e+00 1.496886845390296594e+00 1.496886845498344609e+00 1.496886845601147709e+00 1.496886845698645718e+00 1.496886845790625920e+00 1.496886845876936878e+00 1.496886845957578815e+00 1.496886846032551510e+00 1.496886846101794344e+00 1.496886846165337737e+00 1.496886846223211887e+00 1.496886846275477412e+00 1.496886846322346809e+00 1.496886846363789436e+00 1.496886846400017568e+00 1.496886846431304319e+00 1.496886846457649245e+00 1.496886846479446920e+00 1.496886846496818135e+00 1.496886846510036229e+00 1.496886846519434267e+00 1.496886846525315784e+00 1.496886846527831993e+00 1.496886846527437864e+00 1.496886846524375869e+00 1.496886846519009939e+00 1.496886846511673363e+00 1.496886846502699653e+00 1.496886846492391898e+00 1.496886846481144451e+00
1.593271095646620505e+00 1.593271095794534631e+00 1.593271095938689541e+00 1.593271096078691107e+00 1.593271096214296856e+00 1.593271096345112436e+00 1.593271096470895598e+00 1.593271096591403646e+00 1.593271096706424306e+00 1.593271096815745524e+00 1.593271096919185448e+00 1.593271097016653037e+00 1.593271097108026835e+00 1.593271097193246444e+00 1.593271097272251247e+00 1.593271097345010823e+00 1.593271097411585790e+00 1.593271097472006570e+00 1.593271097526394398e+00 1.593271097574840089e+00 1.593271097617465104e+00 1.593271097654420876e+00 1.593271097685889481e+00 1.593271097712173789e+00 1.593271097733425679e+00 1.593271097749917820e+00 1.593271097761923327e+00 1.593271097769775269e+00 1.593271097773716338e+00 1.593271097774201506e+00 1.593271097771412403e+00 1.593271097765833977e+00 1.593271097757709365e+00 1.593271097747432030e+00 1.593271097735426745e+00 1.593271097721996377e+00 1.593271097707596118e+00
1.684690369607778848e+00 1.684690369765091011e+00 1.684690369918280251e+00 1.684690370067013054e+00 1.684690370210895072e+00 1.684690370349623434e+00 1.684690370482894606e+00 1.684690370610436139e+00 1.684690370732035536e+00 1.684690370847450547e+00 1.684690370956529071e+00 1.684690371059089919e+00 1.684690371155102229e+00 1.684690371244444984e+00 1.684690371327087544e+00 1.684690371402969733e+00 1.684690371472212567e+00 1.684690371534816267e+00 1.684690371590810809e+00 1.684690371640378270e+00 1.684690371683670085e+00 1.684690371720898749e+00 1.684690371752215698e+00 1.684690371777893825e+00 1.684690371798084563e+00 1.684690371813212462e+00 1.684690371823550414e+00 1.684690371829371314e+00 1.684690371831008227e+00 1.684690371828825528e+00 1.684690371823247323e+00 1.684690371814546506e+00 1.684690371803238440e+00 1.684690371789626218e+00 1.684690371774073991e+00 1.684690371757096683e+00 1.684690371738997827e+00
1.771168095039016954e+00 1.771168095205363668e+00 1.771168095367283923e+00 1.771168095524384034e+00 1.771168095676269649e+00 1.771168095822607258e+00 1.771168095963063571e+00 1.771168096097305078e+00 1.771168096225119282e+00 1.771168096346324772e+00 1.771168096460678409e+00 1.771168096568029204e+00 1.771168096668255476e+00 1.771168096761327027e+00 1.771168096847153040e+00 1.771168096925794133e+00 1.771168096997189467e+00 1.771168097061430080e+00 1.771168097118667628e+00 1.771168097168932309e+00 1.771168097212497239e+00 1.771168097249483209e+00 1.771168097280102938e+00 1.771168097304659295e+00 1.771168097323485791e+00 1.771168097336764502e+00 1.771168097344858916e+00 1.771168097348102766e+00 1.771168097346920378e+00 1.771168097341675685e+00 1.771168097332701974e+00 1.771168097320514834e+00 1.771168097305447553e+00 1.771168097287924459e+00 1.771168097268431163e+00 1.771168097247361128e+00 1.771168097225139126e+00
1.852747109937778580e+00 1.852747110112947349e+00 1.852747110283356369e+00 1.852747110448611512e+00 1.852747110608197634e+00 1.852747110761750582e+00 1.852747110909028105e+00 1.852747111049666273e+00 1.852747111183422613e+00 1.852747111309994033e+00 1.852747111429228655e+00 1.852747111541005687e+00 1.852747111645142830e+00 1.852747111741518848e+00 1.852747111830164384e+00 1.852747111911048794e+00 1.852747111984232697e+00 1.852747112049716316e+00 1.852747112107651084e+00 1.852747112158219078e+00 1.852747112201510893e+00 1.852747112237799865e+00 1.852747112267358442e+00 1.852747112290308085e+00 1.852747112307103317e+00 1.852747112318017253e+00 1.852747112323413603e+00 1.852747112323656076e+00 1.852747112319139022e+00 1.852747112310256350e+00 1.852747112297462584e+00 1.852747112281182718e+00 1.852747112261871054e+00 1.852747112239982563e+00 1.852747112215971992e+00 1.852747112190293866e+00 1.852747112163403154e+00
