BlockUplift_2Ma_1kryTimeStep_2mmyr_k_5e-05_m_0.5_n_1.0_LinDiffusion_0.75_6x3km_30mRes_flow__link_to_receiver_node.txt
nrows 100
cellsize 30.0
xllcorner 0.0
ncols 200
yllcorner 0.0
[rows 68 to 84 of 100, columns 74 to 110 of 200]
5.178600000000000000e+04 5.178800000000000000e+04 5.179000000000000000e+04 5.179200000000000000e+04 5.179400000000000000e+04 5.179600000000000000e+04 5.179800000000000000e+04 5.180000000000000000e+04 5.180200000000000000e+04 5.180400000000000000e+04 5.180600000000000000e+04 5.180800000000000000e+04 5.181000000000000000e+04 5.181200000000000000e+04 1.225700000000000000e+04 1.225800000000000000e+04 1.225900000000000000e+04 1.226000000000000000e+04 1.226100000000000000e+04 1.226200000000000000e+04 1.226300000000000000e+04 1.226400000000000000e+04 1.226500000000000000e+04 1.226600000000000000e+04 5.183700000000000000e+04 5.183900000000000000e+04 5.184100000000000000e+04 5.184300000000000000e+04 5.184500000000000000e+04 5.184700000000000000e+04 5.184900000000000000e+04 5.185100000000000000e+04 5.185300000000000000e+04 5.185500000000000000e+04 5.185700000000000000e+04 5.185900000000000000e+04 5.186100000000000000e+04
5.138800000000000000e+04 5.139000000000000000e+04 5.139200000000000000e+04 5.139400000000000000e+04 5.139600000000000000e+04 5.139800000000000000e+04 5.140000000000000000e+04 5.140200000000000000e+04 5.140400000000000000e+04 5.140600000000000000e+04 5.140800000000000000e+04 5.141000000000000000e+04 5.141200000000000000e+04 5.141400000000000000e+04 1.185800000000000000e+04 1.185900000000000000e+04 1.186000000000000000e+04 1.186100000000000000e+04 1.186200000000000000e+04 1.186300000000000000e+04 1.186400000000000000e+04 1.186500000000000000e+04 1.186600000000000000e+04 1.186700000000000000e+04 1.186800000000000000e+04 5.144100000000000000e+04 5.144300000000000000e+04 5.144500000000000000e+04 5.144700000000000000e+04 5.144900000000000000e+04 5.145100000000000000e+04 5.145300000000000000e+04 5.145500000000000000e+04 5.145700000000000000e+04 5.145900000000000000e+04 5.146100000000000000e+04 5.146300000000000000e+04
5.099000000000000000e+04 5.099200000000000000e+04 5.099400000000000000e+04 5.099600000000000000e+04 5.099800000000000000e+04 5.100000000000000000e+04 5.100200000000000000e+04 5.100400000000000000e+04 5.100600000000000000e+04 5.100800000000000000e+04 5.101000000000000000e+04 5.101200000000000000e+04 5.101400000000000000e+04 1.145800000000000000e+04 1.145900000000000000e+04 1.146000000000000000e+04 1.146100000000000000e+04 1.146200000000000000e+04 1.146300000000000000e+04 1.146400000000000000e+04 1.146500000000000000e+04 1.146600000000000000e+04 1.146700000000000000e+04 1.146800000000000000e+04 1.146900000000000000e+04 5.104300000000000000e+04 5.104500000000000000e+04 5.104700000000000000e+04 5.104900000000000000e+04 5.105100000000000000e+04 5.105300000000000000e+04 5.105500000000000000e+04 5.105700000000000000e+04 5.105900000000000000e+04 5.106100000000000000e+04 5.106300000000000000e+04 5.106500000000000000e+04
5.059200000000000000e+04 5.059400000000000000e+04 5.059600000000000000e+04 5.059800000000000000e+04 5.060000000000000000e+04 5.060200000000000000e+04 5.060400000000000000e+04 5.060600000000000000e+04 5.060800000000000000e+04 5.061000000000000000e+04 5.061200000000000000e+04 5.061400000000000000e+04 5.061600000000000000e+04 1.105900000000000000e+04 1.106000000000000000e+04 1.106100000000000000e+04 1.106200000000000000e+04 1.106300000000000000e+04 1.106400000000000000e+04 1.106500000000000000e+04 1.106600000000000000e+04 1.106700000000000000e+04 1.106800000000000000e+04 1.106900000000000000e+04 1.107000000000000000e+04 1.107100000000000000e+04 5.064700000000000000e+04 5.064900000000000000e+04 5.065100000000000000e+04 5.065300000000000000e+04 5.065500000000000000e+04 5.065700000000000000e+04 5.065900000000000000e+04 5.066100000000000000e+04 5.066300000000000000e+04 5.066500000000000000e+04 5.066700000000000000e+04
5.019400000000000000e+04 5.019600000000000000e+04 5.019800000000000000e+04 5.020000000000000000e+04 5.020200000000000000e+04 5.020400000000000000e+04 5.020600000000000000e+04 5.020800000000000000e+04 5.021000000000000000e+04 5.021200000000000000e+04 5.021400000000000000e+04 5.021600000000000000e+04 1.065900000000000000e+04 1.066000000000000000e+04 1.066100000000000000e+04 1.066200000000000000e+04 1.066300000000000000e+04 1.066400000000000000e+04 1.066500000000000000e+04 1.066600000000000000e+04 1.066700000000000000e+04 1.066800000000000000e+04 1.066900000000000000e+04 1.067000000000000000e+04 1.067100000000000000e+04 1.067200000000000000e+04 5.024900000000000000e+04 5.025100000000000000e+04 5.025300000000000000e+04 5.025500000000000000e+04 5.025700000000000000e+04 5.025900000000000000e+04 5.026100000000000000e+04 5.026300000000000000e+04 5.026500000000000000e+04 5.026700000000000000e+04 5.026900000000000000e+04
4.979600000000000000e+04 4.979800000000000000e+04 4.980000000000000000e+04 4.980200000000000000e+04 4.980400000000000000e+04 4.980600000000000000e+04 4.980800000000000000e+04 4.981000000000000000e+04 4.981200000000000000e+04 4.981400000000000000e+04 4.981600000000000000e+04 4.981800000000000000e+04 1.026000000000000000e+04 1.026100000000000000e+04 1.026200000000000000e+04 1.026300000000000000e+04 1.026400000000000000e+04 1.026500000000000000e+04 1.026600000000000000e+04 1.026700000000000000e+04 1.026800000000000000e+04 1.026900000000000000e+04 1.027000000000000000e+04 1.027100000000000000e+04 1.027200000000000000e+04 1.027300000000000000e+04 1.027400000000000000e+04 4.985300000000000000e+04 4.985500000000000000e+04 4.985700000000000000e+04 4.985900000000000000e+04 4.986100000000000000e+04 4.986300000000000000e+04 4.986500000000000000e+04 4.986700000000000000e+04 4.986900000000000000e+04 4.987100000000000000e+04
4.939800000000000000e+04 4.940000000000000000e+04 4.940200000000000000e+04 4.940400000000000000e+04 4.940600000000000000e+04 4.940800000000000000e+04 4.941000000000000000e+04 4.941200000000000000e+04 4.941400000000000000e+04 4.941600000000000000e+04 4.941800000000000000e+04 9.860000000000000000e+03 9.861000000000000000e+03 9.862000000000000000e+03 9.863000000000000000e+03 9.864000000000000000e+03 9.865000000000000000e+03 9.866000000000000000e+03 9.867000000000000000e+03 9.868000000000000000e+03 9.869000000000000000e+03 9.870000000000000000e+03 9.871000000000000000e+03 9.872000000000000000e+03 9.873000000000000000e+03 9.874000000000000000e+03 9.875000000000000000e+03 4.945500000000000000e+04 4.945700000000000000e+04 4.945900000000000000e+04 4.946100000000000000e+04 4.946300000000000000e+04 4.946500000000000000e+04 4.946700000000000000e+04 4.946900000000000000e+04 4.947100000000000000e+04 4.947300000000000000e+04
4.900000000000000000e+04 4.900200000000000000e+04 4.900400000000000000e+04 4.900600000000000000e+04 4.900800000000000000e+04 4.901000000000000000e+04 4.901200000000000000e+04 4.901400000000000000e+04 4.901600000000000000e+04 4.901800000000000000e+04 4.902000000000000000e+04 9.461000000000000000e+03 9.462000000000000000e+03 9.463000000000000000e+03 9.464000000000000000e+03 9.465000000000000000e+03 9.466000000000000000e+03 9.467000000000000000e+03 9.468000000000000000e+03 9.469000000000000000e+03 9.470000000000000000e+03 9.471000000000000000e+03 9.472000000000000000e+03 9.473000000000000000e+03 9.474000000000000000e+03 9.475000000000000000e+03 9.476000000000000000e+03 9.477000000000000000e+03 4.905900000000000000e+04 4.906100000000000000e+04 4.906300000000000000e+04 4.906500000000000000e+04 4.906700000000000000e+04 4.906900000000000000e+04 4.907100000000000000e+04 4.907300000000000000e+04 4.907500000000000000e+04
4.860200000000000000e+04 4.860400000000000000e+04 4.860600000000000000e+04 4.860800000000000000e+04 4.861000000000000000e+04 4.861200000000000000e+04 4.861400000000000000e+04 4.861600000000000000e+04 4.861800000000000000e+04 4.862000000000000000e+04 9.061000000000000000e+03 9.062000000000000000e+03 9.063000000000000000e+03 9.064000000000000000e+03 9.065000000000000000e+03 9.066000000000000000e+03 9.067000000000000000e+03 9.068000000000000000e+03 9.069000000000000000e+03 9.070000000000000000e+03 9.071000000000000000e+03 9.072000000000000000e+03 9.073000000000000000e+03 9.074000000000000000e+03 9.075000000000000000e+03 9.076000000000000000e+03 9.077000000000000000e+03 9.078000000000000000e+03 4.866100000000000000e+04 4.866300000000000000e+04 4.866500000000000000e+04 4.866700000000000000e+04 4.866900000000000000e+04 4.867100000000000000e+04 4.867300000000000000e+04 4.867500000000000000e+04 4.867700000000000000e+04
4.820400000000000000e+04 4.820600000000000000e+04 4.820800000000000000e+04 4.821000000000000000e+04 4.821200000000000000e+04 4.821400000000000000e+04 4.821600000000000000e+04 4.821800000000000000e+04 4.822000000000000000e+04 4.822200000000000000e+04 8.662000000000000000e+03 8.663000000000000000e+03 8.664000000000000000e+03 8.665000000000000000e+03 8.666000000000000000e+03 8.667000000000000000e+03 8.668000000000000000e+03 8.669000000000000000e+03 8.670000000000000000e+03 8.671000000000000000e+03 8.672000000000000000e+03 8.673000000000000000e+03 8.674000000000000000e+03 8.675000000000000000e+03 8.676000000000000000e+03 8.677000000000000000e+03 8.678000000000000000e+03 8.679000000000000000e+03 8.680000000000000000e+03 4.826500000000000000e+04 4.826700000000000000e+04 4.826900000000000000e+04 4.827100000000000000e+04 4.827300000000000000e+04 4.827500000000000000e+04 4.827700000000000000e+04 4.827900000000000000e+04
4.780600000000000000e+04 4.780800000000000000e+04 4.781000000000000000e+04 4.781200000000000000e+04 4.781400000000000000e+04 4.781600000000000000e+04 4.781800000000000000e+04 4.782000000000000000e+04 4.782200000000000000e+04 8.262000000000000000e+03 8.263000000000000000e+03 8.264000000000000000e+03 8.265000000000000000e+03 8.266000000000000000e+03 8.267000000000000000e+03 8.268000000000000000e+03 8.269000000000000000e+03 8.270000000000000000e+03 8.271000000000000000e+03 8.272000000000000000e+03 8.273000000000000000e+03 8.274000000000000000e+03 8.275000000000000000e+03 8.276000000000000000e+03 8.277000000000000000e+03 8.278000000000000000e+03 8.279000000000000000e+03 8.280000000000000000e+03 8.281000000000000000e+03 4.786700000000000000e+04 4.786900000000000000e+04 4.787100000000000000e+04 4.787300000000000000e+04 4.787500000000000000e+04 4.787700000000000000e+04 4.787900000000000000e+04 4.788100000000000000e+04
4.740800000000000000e+04 4.741000000000000000e+04 4.741200000000000000e+04 4.741400000000000000e+04 4.741600000000000000e+04 4.741800000000000000e+04 4.742000000000000000e+04 4.742200000000000000e+04 4.742400000000000000e+04 7.863000000000000000e+03 7.864000000000000000e+03 7.865000000000000000e+03 7.866000000000000000e+03 7.867000000000000000e+03 7.868000000000000000e+03 7.869000000000000000e+03 7.870000000000000000e+03 7.871000000000000000e+03 7.872000000000000000e+03 7.873000000000000000e+03 7.874000000000000000e+03 7.875000000000000000e+03 7.876000000000000000e+03 7.877000000000000000e+03 7.878000000000000000e+03 7.879000000000000000e+03 7.880000000000000000e+03 7.881000000000000000e+03 7.882000000000000000e+03 7.883000000000000000e+03 4.747100000000000000e+04 4.747300000000000000e+04 4.747500000000000000e+04 4.747700000000000000e+04 4.747900000000000000e+04 4.748100000000000000e+04 4.748300000000000000e+04
4.701000000000000000e+04 4.701200000000000000e+04 4.701400000000000000e+04 4.701600000000000000e+04 4.701800000000000000e+04 4.702000000000000000e+04 4.702200000000000000e+04 4.702400000000000000e+04 7.463000000000000000e+03 7.464000000000000000e+03 7.465000000000000000e+03 7.466000000000000000e+03 7.467000000000000000e+03 7.468000000000000000e+03 7.469000000000000000e+03 7.470000000000000000e+03 7.471000000000000000e+03 7.472000000000000000e+03 7.473000000000000000e+03 7.474000000000000000e+03 7.475000000000000000e+03 7.476000000000000000e+03 7.477000000000000000e+03 7.478000000000000000e+03 7.479000000000000000e+03 7.480000000000000000e+03 7.481000000000000000e+03 7.482000000000000000e+03 7.483000000000000000e+03 7.484000000000000000e+03 4.707300000000000000e+04 4.707500000000000000e+04 4.707700000000000000e+04 4.707900000000000000e+04 4.708100000000000000e+04 4.708300000000000000e+04 4.708500000000000000e+04
4.661200000000000000e+04 4.661400000000000000e+04 4.661600000000000000e+04 4.661800000000000000e+04 4.662000000000000000e+04 4.662200000000000000e+04 4.662400000000000000e+04 4.662600000000000000e+04 7.064000000000000000e+03 7.065000000000000000e+03 7.066000000000000000e+03 7.067000000000000000e+03 7.068000000000000000e+03 7.069000000000000000e+03 7.070000000000000000e+03 7.071000000000000000e+03 7.072000000000000000e+03 7.073000000000000000e+03 7.074000000000000000e+03 7.075000000000000000e+03 7.076000000000000000e+03 7.077000000000000000e+03 7.078000000000000000e+03 7.079000000000000000e+03 7.080000000000000000e+03 7.081000000000000000e+03 7.082000000000000000e+03 7.083000000000000000e+03 7.084000000000000000e+03 7.085000000000000000e+03 7.086000000000000000e+03 4.667700000000000000e+04 4.667900000000000000e+04 4.668100000000000000e+04 4.668300000000000000e+04 4.668500000000000000e+04 4.668700000000000000e+04
4.621400000000000000e+04 4.621600000000000000e+04 4.621800000000000000e+04 4.622000000000000000e+04 4.622200000000000000e+04 4.622400000000000000e+04 4.622600000000000000e+04 6.664000000000000000e+03 6.665000000000000000e+03 6.666000000000000000e+03 6.667000000000000000e+03 6.668000000000000000e+03 6.669000000000000000e+03 6.670000000000000000e+03 6.671000000000000000e+03 6.672000000000000000e+03 6.673000000000000000e+03 6.674000000000000000e+03 6.675000000000000000e+03 6.676000000000000000e+03 6.677000000000000000e+03 6.678000000000000000e+03 6.679000000000000000e+03 6.680000000000000000e+03 6.681000000000000000e+03 6.682000000000000000e+03 6.683000000000000000e+03 6.684000000000000000e+03 6.685000000000000000e+03 6.686000000000000000e+03 6.687000000000000000e+03 4.627900000000000000e+04 4.628100000000000000e+04 4.628300000000000000e+04 4.628500000000000000e+04 4.628700000000000000e+04 4.628900000000000000e+04
4.581600000000000000e+04 4.581800000000000000e+04 4.582000000000000000e+04 4.582200000000000000e+04 4.582400000000000000e+04 4.582600000000000000e+04 4.582800000000000000e+04 6.265000000000000000e+03 6.266000000000000000e+03 6.267000000000000000e+03 6.268000000000000000e+03 6.269000000000000000e+03 6.270000000000000000e+03 6.271000000000000000e+03 6.272000000000000000e+03 6.273000000000000000e+03 6.274000000000000000e+03 6.275000000000000000e+03 6.276000000000000000e+03 6.277000000000000000e+03 6.278000000000000000e+03 6.279000000000000000e+03 6.280000000000000000e+03 6.281000000000000000e+03 6.282000000000000000e+03 6.283000000000000000e+03 6.284000000000000000e+03 6.285000000000000000e+03 6.286000000000000000e+03 6.287000000000000000e+03 6.288000000000000000e+03 6.289000000000000000e+03 4.588300000000000000e+04 4.588500000000000000e+04 4.588700000000000000e+04 4.588900000000000000e+04 4.589100000000000000e+04
4.541800000000000000e+04 4.542000000000000000e+04 4.542200000000000000e+04 4.542400000000000000e+04 4.542600000000000000e+04 4.542800000000000000e+04 5.865000000000000000e+03 5.866000000000000000e+03 5.867000000000000000e+03 5.868000000000000000e+03 5.869000000000000000e+03 5.870000000000000000e+03 5.871000000000000000e+03 5.872000000000000000e+03 5.873000000000000000e+03 5.874000000000000000e+03 5.875000000000000000e+03 5.876000000000000000e+03 5.877000000000000000e+03 5.878000000000000000e+03 5.879000000000000000e+03 5.880000000000000000e+03 5.881000000000000000e+03 5.882000000000000000e+03 5.883000000000000000e+03 5.884000000000000000e+03 5.885000000000000000e+03 5.886000000000000000e+03 5.887000000000000000e+03 5.888000000000000000e+03 5.889000000000000000e+03 5.890000000000000000e+03 4.548500000000000000e+04 4.548700000000000000e+04 4.548900000000000000e+04 4.549100000000000000e+04 4.549300000000000000e+04
