BlockUplift_2Ma_1kryTimeStep_2mmyr_k_5e-05_m_0.5_n_1.0_LinDiffusion_0.5_6x3km_30mRes_topographic__elevation.txt
nrows 100
cellsize 30.0
xllcorner 0.0
ncols 200
yllcorner 0.0
[rows 0 to 16 of 100, columns 74 to 110 of 200]
7.353361833837700375e-04 3.761687603459769021e-04 2.291581329237571830e-04 7.822966214655896347e-04 2.979662903608617510e-04 1.011275410111333087e-04 9.119739107085286138e-04 1.518974180972018108e-04 2.650756924204379140e-04 1.590497619496876718e-04 2.312823739202923791e-04 4.989613521338454342e-04 5.343643334480577484e-04 5.993865769341883950e-04 6.741250764764960624e-04 3.385116315896010927e-04 4.537676491840200114e-04 3.054125780124543831e-04 6.282444574790835030e-04 1.764507206116772018e-05 6.375831361618818430e-04 6.796196463696348037e-04 5.679306641868801016e-04 1.165695919674093512e-04 1.580088759215255605e-04 4.465210398405848949e-04 7.570997077942202705e-04 9.464847769624988279e-04 4.237792989824906438e-05 6.458952867771541699e-04 1.487227683841576555e-04 2.027200527148387168e-04 4.420625476323408526e-04 1.595088439819218845e-04 6.084126654866881239e-04 4.173157947861290255e-04 2.412035870975510771e-04
5.891750056529976973e+02 5.950098888048387380e+02 6.004631626457875200e+02 6.053109824609714451e+02 6.093396324183297565e+02 6.123556791370579049e+02 6.142005525436243261e+02 6.147657891763354883e+02 6.140044306890752068e+02 6.119351975012619960e+02 6.086381707134830776e+02 6.042429750996977873e+02 5.989123232667125194e+02 5.928248633926259572e+02 5.861612559247199670e+02 5.790962511733553129e+02 5.717976116079527173e+02 5.644305579722149560e+02 5.571644455251246200e+02 5.501769947977547872e+02 5.436513008862519882e+02 5.377628990539084270e+02 5.326585334428584702e+02 5.284334415201873298e+02 5.251169976473867109e+02 5.226749985332969572e+02 5.210308123644839498e+02 5.200998935814061497e+02 5.198264040468677649e+02 5.202090943650584904e+02 5.213065315188757722e+02 5.232184658638327619e+02 5.260489631150957166e+02 5.298647106592461569e+02 5.346644847210202443e+02 5.403707655300288479e+02 5.468440575973288560e+02
5.871220848773773469e+02 5.930758801972616538e+02 5.986354045354848950e+02 6.035741503667807137e+02 6.076765145863159887e+02 6.107479867887203682e+02 6.126296900163570172e+02 6.132133806157527260e+02 6.124525393096041626e+02 6.103664395654195687e+02 6.070360399248448857e+02 6.025925081588545709e+02 5.972008804676847831e+02 5.910425559542358087e+02 5.843006301965874627e+02 5.771512171872012686e+02 5.697620728196112623e+02 5.622975116353189833e+02 5.549262989874615641e+02 5.478274187886048594e+02 5.411882088075275306e+02 5.351913881768941792e+02 5.299922778911824253e+02 5.256934340893624267e+02 5.223276665480833572e+02 5.198590587039643651e+02 5.182049985434841801e+02 5.172734587330198792e+02 5.170030328550220702e+02 5.173912939528871675e+02 5.185004084785534815e+02 5.204366351476322734e+02 5.233102368220504559e+02 5.271907465380774056e+02 5.320749709355103505e+02 5.378792726636332873e+02 5.444561651327103391e+02
5.831410909937318365e+02 5.893230110135361883e+02 5.950859046926359497e+02 6.001980876508915799e+02 6.044404579788418914e+02 6.076167382613369909e+02 6.095678307472551296e+02 6.101861961001601458e+02 6.094262247472960325e+02 6.073080546883472834e+02 6.039139229788482908e+02 5.993774854243910113e+02 5.938678721981186754e+02 5.875716519015933272e+02 5.806768061528416638e+02 5.733625633193207705e+02 5.657973136108965946e+02 5.581442343083685955e+02 5.505713183711293368e+02 5.432599587233831926e+02 5.364052321146050417e+02 5.302029827589582283e+02 5.248243044724612218e+02 5.203853289885107642e+02 5.169253517975168961e+02 5.144054084144877379e+02 5.127318398884625594e+02 5.117986630116807873e+02 5.115339797304699800e+02 5.119330078320970756e+02 5.130644707738853185e+02 5.150466461517089556e+02 5.180012914315034322e+02 5.220032625007162324e+02 5.270458130412121136e+02 5.330341286172165383e+02 5.398061304318149496e+02
5.774620844359454850e+02 5.839631437761293000e+02 5.900093417255869781e+02 5.953616911902157653e+02 5.997965460117941348e+02 6.031158787557480991e+02 6.051611348582914616e+02 6.058264075479031590e+02 6.050675214031193718e+02 6.029053934950565008e+02 5.994231446304487463e+02 5.947568358332750904e+02 5.890804630746374642e+02 5.825875102348825294e+02 5.754731844132877541e+02 5.679221007063620164e+02 5.601049211391125482e+02 5.521845445774024483e+02 5.443286836632572658e+02 5.367220871961691273e+02 5.295697989877171494e+02 5.230846099489506287e+02 5.174582316915142428e+02 5.128248455421719427e+02 5.092326933430791200e+02 5.066391796672686496e+02 5.049362159898012123e+02 5.039992264261259152e+02 5.037420836570164511e+02 5.041565093355453655e+02 5.053196297516657864e+02 5.073654835947592687e+02 5.104309832973198127e+02 5.145980388159159702e+02 5.198553177298678065e+02 5.260934927407145096e+02 5.331316152649861806e+02
5.703861458919629968e+02 5.772728631902025427e+02 5.836591304880278130e+02 5.892972546787542569e+02 5.939588314242296292e+02 5.974449823417212428e+02 5.995992261027515724e+02 6.003186895418925815e+02 5.995612108151960911e+02 5.973479855248117474e+02 5.937617671317466375e+02 5.889397715332112284e+02 5.830603976797416408e+02 5.763248121980030874e+02 5.689373690871485678e+02 5.610906354292545757e+02 5.529600750941664273e+02 5.447102626241319285e+02 5.365098346566121563e+02 5.285476106329815593e+02 5.210393851494071669e+02 5.142162897909055346e+02 5.082928133602192702e+02 5.034236731969110110e+02 4.996679806688778740e+02 4.969800125109139231e+02 4.952360733739056400e+02 4.942907293061144287e+02 4.940414417218840413e+02 4.944754245461403457e+02 4.956787406867371715e+02 4.978027522127439397e+02 5.010010753703930391e+02 5.053632850505407532e+02 5.108728208537912678e+02 5.174043096899021066e+02 5.247562231426047674e+02
5.622449264541386356e+02 5.695558835657018335e+02 5.763126550153581320e+02 5.822584871279464096e+02 5.871609814414534867e+02 5.908221514539818600e+02 5.930897364471693436e+02 5.938656299244277079e+02 5.931102883783330526e+02 5.908443867137503958e+02 5.871484134579148986e+02 5.821585092158296675e+02 5.760558207721952613e+02 5.690488104507816161e+02 5.613520972054087679e+02 5.531685497599449945e+02 5.446813499664642677e+02 5.360594091117194466e+02 5.274740033358647224e+02 5.191184996388368518e+02 5.112189303625187904e+02 5.040239702109233804e+02 4.977706248310078649e+02 4.926349069158491716e+02 4.886884276101084197e+02 4.858841561400514593e+02 4.840840392752105004e+02 4.831220987161762537e+02 4.828789419773634108e+02 4.833365316217691543e+02 4.845891498960793342e+02 4.868048103753505984e+02 4.901530761454191065e+02 4.947303505827787262e+02 5.005141814661961348e+02 5.073629918151467564e+02 5.150551579237110218e+02
5.533626353004306111e+02 5.611081463374497389e+02 5.682395538365334460e+02 5.744919037312488399e+02 5.796304822137946076e+02 5.834605141008868259e+02 5.858363738323139387e+02 5.866665156496998179e+02 5.859145854524504102e+02 5.835998395180345142e+02 5.797983560443952911e+02 5.746424403386598669e+02 5.683134600991934349e+02 5.610256760455531548e+02 5.530039971605383471e+02 5.444631592239110205e+02 5.355966676436813714e+02 5.265805125327401583e+02 5.175904637787523370e+02 5.088246634034766203e+02 5.005179159650360816e+02 4.929340337619377124e+02 4.863304972653024834e+02 4.809041591642674121e+02 4.767407492831861191e+02 4.737951213514884330e+02 4.719184612729681589e+02 4.709270583492300943e+02 4.706859819201297341e+02 4.711716189429917563e+02 4.724847371692246156e+02 4.748073010408677987e+02 4.783218029058764387e+02 4.831289815840041229e+02 4.891993309210639609e+02 4.963756242387337352e+02 5.044181172394633563e+02
5.440270057653284539e+02 5.521917292575143392e+02 5.596786482089950141e+02 5.662165821514693107e+02 5.715708036581485203e+02 5.755522164622333321e+02 5.780240706293961921e+02 5.789029249985255774e+02 5.781560809905141696e+02 5.758005893313440993e+02 5.719061723773781978e+02 5.665985750775464567e+02 5.600564988463656846e+02 5.524976824632575472e+02 5.441562068033829291e+02 5.352590607759599379e+02 5.260117430596725399e+02 5.165994997588976503e+02 5.072041576335868172e+02 4.980285726970041651e+02 4.893142910549181579e+02 4.813369324734118777e+02 4.743713595318562852e+02 4.686341169277181393e+02 4.642268271360285325e+02 4.611106254988873161e+02 4.591315440530370893e+02 4.580931461557687498e+02 4.578479207833810278e+02 4.583668937867672071e+02 4.597548660344606901e+02 4.622033691238053734e+02 4.659027795283488445e+02 4.709540048768296288e+02 4.773184956837880009e+02 4.848240464991126260e+02 4.932155381963141849e+02
5.344722980629743461e+02 5.430202215889969466e+02 5.508256242474443525e+02 5.576138225451467179e+02 5.631525582100289284e+02 5.672605732241584064e+02 5.698116713817859136e+02 5.707315627540270953e+02 5.699915082833299493e+02 5.676058312904478953e+02 5.636365083392634006e+02 5.582005393579707970e+02 5.514712645522211005e+02 5.436672157908536747e+02 5.350296106826746154e+02 5.257968164018833477e+02 5.161867047651639950e+02 5.063949177678792921e+02 4.966102443595162867e+02 4.870398434573295958e+02 4.779297238381696502e+02 4.695636476387708740e+02 4.622303307780297814e+02 4.561645403007324830e+02 4.514856974802473246e+02 4.481664452888525716e+02 4.460547423425273905e+02 4.449481614332020740e+02 4.446909779032116603e+02 4.452496571680662214e+02 4.467301424904447344e+02 4.493278707111944072e+02 4.532344177882367831e+02 4.585452438565282023e+02 4.652098910287157310e+02 4.730416247607057585e+02 4.817729366582241255e+02
5.248740106202851621e+02 5.337549017286540902e+02 5.418304148670206359e+02 5.488253198389896852e+02 5.545120390637438277e+02 5.587186599083006513e+02 5.613304358546977255e+02 5.622826680605950287e+02 5.615506975860471357e+02 5.591459280453935889e+02 5.551219304567139261e+02 5.495856276410183909e+02 5.427029356739475361e+02 5.346906239167079775e+02 5.257945194659208710e+02 5.162624671548228434e+02 5.063237960556958797e+02 4.961844595739318606e+02 4.860402452441470018e+02 4.761017986213943800e+02 4.666172642322147226e+02 4.578749475461704037e+02 4.501738586518870875e+02 4.437653713077913267e+02 4.387885528709063578e+02 4.352330906804623964e+02 4.329567639597693187e+02 4.317590403605693155e+02 4.314814168199569622e+02 4.320871404447680106e+02 4.336801983056805625e+02 4.364534275989383900e+02 4.405918045241315326e+02 4.461787363985884554e+02 4.531483610898802681e+02 4.612995946071916933e+02 4.703554690105701184e+02
5.153526560022581862e+02 5.245088923892791399e+02 5.328013479424096204e+02 5.399569269520538910e+02 5.457543424869204500e+02 5.500317358900025511e+02 5.526859131584463967e+02 5.536616411769350634e+02 5.529382989063092282e+02 5.505244858710266271e+02 5.464654195214144465e+02 5.408575359619447909e+02 5.338581248742480057e+02 5.256801593818914853e+02 5.165715373876575995e+02 5.067870985484724997e+02 4.965657124080212270e+02 4.861224450832938260e+02 4.756592379729952427e+02 4.653889916539300202e+02 4.555597076844634898e+02 4.464609089626242735e+02 4.383985118326400539e+02 4.316387576816190972e+02 4.263418714910353060e+02 4.225198708707675337e+02 4.200483618257391640e+02 4.187370965191303185e+02 4.184308665586138432e+02 4.190914541447741613e+02 4.208177713482686499e+02 4.237931717512474847e+02 4.281877502038928469e+02 4.340658973347067899e+02 4.413426667530156351e+02 4.498026879048803153e+02 4.591622905467866644e+02
5.059830019710445299e+02 5.153557426074448813e+02 5.238127091575591976e+02 5.310849812464216484e+02 5.369584307497054851e+02 5.412812151140957440e+02 5.439611596942935421e+02 5.449519566477897570e+02 5.442368692867520394e+02 5.418220396632344773e+02 5.377449378308564292e+02 5.320918926731376359e+02 5.250112295483623939e+02 5.167108205701944144e+02 5.074384806122140503e+02 4.974534734385341039e+02 4.870017571030402337e+02 4.763055325951475538e+02 4.655713443972320533e+02 4.550127659454876721e+02 4.448754650016436472e+02 4.354471940679062527e+02 4.270376162998007317e+02 4.199259238916350796e+02 4.142944056093551239e+02 4.101819347193735439e+02 4.074893976126532493e+02 4.060450652389405946e+02 4.057032493467301038e+02 4.064262449998296916e+02 4.083049146205002558e+02 4.115063481209313068e+02 4.161776739317605802e+02 4.223576299856928813e+02 4.299388290981509044e+02 4.386917889855640738e+02 4.483287016540912191e+02
4.968053511312353976e+02 5.063392916424980967e+02 5.149129928233107876e+02 5.222629475600672322e+02 5.281823509468600832e+02 5.325287749356670020e+02 5.352201311758727797e+02 5.362182699534813537e+02 5.355101362801233336e+02 5.330999003089472126e+02 5.290182334990819299e+02 5.233422832804400286e+02 5.162117748264071224e+02 5.078289159271516269e+02 4.984398953479888519e+02 4.883061458634830956e+02 4.776782087409534938e+02 4.667831008253199343e+02 4.558300156021221028e+02 4.450314129464491089e+02 4.346285611078384932e+02 4.249047909126724676e+02 4.161705722014536377e+02 4.087158960047776191e+02 4.027452233013473233e+02 3.983276573326839980e+02 3.953957007199363716e+02 3.938036050507402592e+02 3.934210881869324794e+02 3.942129516207951383e+02 3.962593271282773344e+02 3.997048314467513137e+02 4.046663769176960841e+02 4.111513593070275761e+02 4.190273580547731171e+02 4.280512704519592830e+02 4.379335423547136088e+02
4.878362791957765126e+02 4.974826624370315926e+02 5.061321687925030233e+02 5.135271598791041470e+02 5.194677631713142318e+02 5.238200194876354772e+02 5.265108170076077840e+02 5.275093327074790750e+02 5.268059956188486694e+02 5.244035544343309994e+02 5.203269860318195015e+02 5.146454784105673070e+02 5.074909889797258984e+02 4.990601093504371306e+02 4.895965108851769401e+02 4.793620853182376322e+02 4.686097686746460340e+02 4.575691444482957877e+02 4.464500391058759305e+02 4.354620117820529117e+02 4.248400617356776365e+02 4.148607857911721908e+02 4.058327370383219090e+02 3.980543137741329360e+02 3.917513837728962471e+02 3.870252659466413547e+02 3.838448719434087479e+02 3.820965972409663323e+02 3.816706595115397249e+02 3.825361707709263328e+02 3.847602676058876341e+02 3.884598510096508335e+02 3.937157166484737445e+02 4.004996333109137936e+02 4.086526160199692868e+02 4.179188832731757657e+02 4.280093907799836188e+02
4.790773265065113833e+02 4.887953142567787381e+02 4.974872874368688827e+02 5.049012847688874785e+02 5.108435970480791184e+02 5.151876230851294167e+02 5.178680903935579636e+02 5.188607056284613464e+02 5.181592238435775926e+02 5.157655490817074906e+02 5.117001076824674897e+02 5.060254646646281458e+02 4.988668948373194780e+02 4.904158413687073335e+02 4.809131185961774122e+02 4.706199548364525640e+02 4.597899992744581823e+02 4.486535069025258053e+02 4.374191469312225422e+02 4.262919999071148141e+02 4.154992305112998565e+02 4.053087750560325162e+02 3.960248154065317294e+02 3.879516069834847372e+02 3.813348386461132122e+02 3.763085664632338876e+02 3.728810962807324358e+02 3.709754314859563920e+02 3.705062106148071166e+02 3.714482795454200641e+02 3.738540045062274544e+02 3.778085714859180939e+02 3.833524412809756541e+02 3.904191332277258653e+02 3.988227654466592185e+02 4.082963279624090660e+02 4.185534540583552143e+02
4.705211164867191656e+02 4.802779425884506850e+02 4.889864276280263198e+02 4.963996241147583532e+02 5.023289829885422932e+02 5.066540818979117944e+02 5.093163764232530752e+02 5.102973657054703835e+02 5.095940245419843677e+02 5.072080153836276395e+02 5.031563703320796890e+02 4.974964048340463592e+02 4.903479122014134077e+02 4.818978972618664329e+02 4.723843603683297374e+02 4.620672307891566106e+02 4.511997036523113707e+02 4.400112760127238403e+02 4.287080616057921247e+02 4.174894502693940126e+02 4.065736223217116958e+02 3.962183999535207590e+02 3.867215225131585044e+02 3.783905611046537842e+02 3.714887941581172299e+02 3.661821524952601976e+02 3.625194202184898131e+02 3.604627250551793622e+02 3.599535936557162472e+02 3.609734788485031913e+02 3.635586976369811509e+02 3.677600953882225099e+02 3.735754002945728871e+02 3.808989857661432552e+02 3.895189339960113557e+02 3.991589585671397913e+02 4.095374955884412884e+02
