BlockUplift_2Ma_1kryTimeStep_2mmyr_k_5e-05_m_0.5_n_1.0_LinDiffusion_0.5_3x6km_30mRes_topographic__steepest_slope.txt
nrows 200
cellsize 30.0
xllcorner 0.0
ncols 100
yllcorner 0.0
[rows 51 to 67 of 200, columns 37 to 73 of 100]
3.599790429343594500e-01 3.523575094186867096e-01 3.441247270973311623e-01 3.355882175787238686e-01 3.269921635218224765e-01 3.185350474210167926e-01 3.103848423200512574e-01 3.026886483297933639e-01 2.955733936793308314e-01 2.891346801576560321e-01 2.834119261218802643e-01 2.783496020972393015e-01 2.737471159084558514e-01 2.692047114513760331e-01 2.640796917607985961e-01 2.574746189798853835e-01 2.482835601156428706e-01 2.353192325028014009e-01 2.175257985494681578e-01 1.942418530573339353e-01 1.654230328053472587e-01 1.569369253426360633e-01 1.515574165774763171e-01 1.405682961909870965e-01 1.445528825708455034e-01 1.602280795671125191e-01 1.653067637492616482e-01 1.666422691884279217e-01 1.911124191421722518e-01 2.075635271249231251e-01 2.172048960333523848e-01 2.216796713637500527e-01 2.284315509904104036e-01 2.436371539287051635e-01 2.539509102610509328e-01 2.607235526125843417e-01 2.654084883194817168e-01
3.638694252969003062e-01 3.567286564323277620e-01 3.487596955176589519e-01 3.403079952387732532e-01 3.316438211292052074e-01 3.229812062730957334e-01 3.144963194345450352e-01 3.063430995458399364e-01 2.986634525866028178e-01 2.915890851961383534e-01 2.852321241356927661e-01 2.796619564112461376e-01 2.748664307549916197e-01 2.706973395968627072e-01 2.668038739701652506e-01 2.625645213964048486e-01 2.570383111423097944e-01 2.489683885799195140e-01 2.368757983202726680e-01 2.192640642957295882e-01 1.949085642343334202e-01 1.631499643459809190e-01 1.496846270257750910e-01 1.339900916587298818e-01 1.108185716020178291e-01 1.267038315836505891e-01 1.332831797405901741e-01 1.478107213718743984e-01 1.800742596016251251e-01 2.025618366513383950e-01 2.160333294054668785e-01 2.269743040345209295e-01 2.449004629622739404e-01 2.562900709372343266e-01 2.630303073427057714e-01 2.670097873935977639e-01 2.698294389736436982e-01
3.672755437560492053e-01 3.607040682357857686e-01 3.530664111750335676e-01 3.447521627086871376e-01 3.360638039972438373e-01 3.272365122456941666e-01 3.184586465161525215e-01 3.098915356776122398e-01 3.016866189284769240e-01 2.939974983806526443e-01 2.869840139577528593e-01 2.808048005777512568e-01 2.755936986798890875e-01 2.714140301800170851e-01 2.681843658662577123e-01 2.655731038474792860e-01 2.628716057628101566e-01 2.588792750632705753e-01 2.518619885313076456e-01 2.396579946569583341e-01 2.199803159702166111e-01 1.908985624486755628e-01 1.514030665945938492e-01 1.280023468446171153e-01 9.823235352734110970e-02 9.445535722603229378e-02 1.021012981983441675e-01 1.277710192952275781e-01 1.672031870278427590e-01 1.954594877799358810e-01 2.181245065498198243e-01 2.430324806279486327e-01 2.582926926966555015e-01 2.664285188756215228e-01 2.701534901633598218e-01 2.718096932352485617e-01 2.731088803135094389e-01
3.701557251944905258e-01 3.642636755366235324e-01 3.570465048989414636e-01 3.489440902516965370e-01 3.402972273392720348e-01 3.313679378948904963e-01 3.223613265354136614e-01 3.134481709663570204e-01 3.047869911641745144e-01 2.965438031781710837e-01 2.889070814562501033e-01 2.820942492063257534e-01 2.763436639367948255e-01 2.718821844705947566e-01 2.688540545689533934e-01 2.671961970106659923e-01 2.664558519844566487e-01 2.655763646514249787e-01 2.627239649513929409e-01 2.552725129016645833e-01 2.400691231344239951e-01 2.140408506684328416e-01 1.750708965687029772e-01 1.232721476675420341e-01 8.869246467343569473e-02 6.563221237572633426e-02 7.389692683196548428e-02 1.081336415973562920e-01 1.538728189727916473e-01 1.936770677185108980e-01 2.314645972497260118e-01 2.557090101715213115e-01 2.688344776209684595e-01 2.742975404309504484e-01 2.755343210562500866e-01 2.752843092949243675e-01 2.753601822720800896e-01
3.724791672267466769e-01 3.673936249303437762e-01 3.607022465955765367e-01 3.529011092513277270e-01 3.443752861323938763e-01 3.354193832739686965e-01 3.262602580347068737e-01 3.170814371850724234e-01 3.080485413547952023e-01 2.993345516358847935e-01 2.911430140325705906e-01 2.837258160179582656e-01 2.773891000368545745e-01 2.724753282104188656e-01 2.693020206256770965e-01 2.680325411361801913e-01 2.684611068669520706e-01 2.697251047206501995e-01 2.700176102790654564e-01 2.664454424880545735e-01 2.552197074155098111e-01 2.323202535489675424e-01 1.946098012351247519e-01 1.411202978966002719e-01 8.208664380647627545e-02 4.207805154237954925e-02 5.052709369042531623e-02 9.043081028095747986e-02 1.461966175728207362e-01 2.017907235504746155e-01 2.412885706427156662e-01 2.652576686550636165e-01 2.768110842734927135e-01 2.801886229712522436e-01 2.794503507035452916e-01 2.776899971006325241e-01 2.768213228815359916e-01
3.742175139669143280e-01 3.700788300452321211e-01 3.640304291257961955e-01 3.566300104745058208e-01 3.483125456050705226e-01 3.394107884973550648e-01 3.301785275060675762e-01 3.208161762486307911e-01 3.114983955593591536e-01 3.024031054166964050e-01 2.937405508047883362e-01 2.857795787784160324e-01 2.788649456610604038e-01 2.734130506476655231e-01 2.698638630109144176e-01 2.685576673819658478e-01 2.695068033965867249e-01 2.720605075527866012e-01 2.745271533822650212e-01 2.739131730420126809e-01 2.660152905539045487e-01 2.460844683209946482e-01 2.100991681750125906e-01 1.563568335785210650e-01 8.676309280250507627e-02 2.850628926936833382e-02 3.320626678098884815e-02 7.584993504243620066e-02 1.477031361686765021e-01 2.067919812097670784e-01 2.480264356557351502e-01 2.720956657410700807e-01 2.826247274129779496e-01 2.844854802929262516e-01 2.822651496312914565e-01 2.793708927389692009e-01 2.778179815172355238e-01
3.753390371689874772e-01 3.722983694878393979e-01 3.670194705801766988e-01 3.601263509765771920e-01 3.521089825959317632e-01 3.433434616430986464e-01 3.341155766732261667e-01 3.246471783196057115e-01 3.151252323742521066e-01 3.057332930166543061e-01 2.966845423213234079e-01 2.882541232348709292e-01 2.808051954007169115e-01 2.747964540785763909e-01 2.707479863831546707e-01 2.691300218464978689e-01 2.701352497972834277e-01 2.733179170273691283e-01 2.771502777185408939e-01 2.786580375375554697e-01 2.734061444605155322e-01 2.561205868834614541e-01 2.220516978539724962e-01 1.688002534503122432e-01 9.790328009044439728e-02 2.656901049500868389e-02 2.225865498770266196e-02 6.973349294166079904e-02 1.472559238264921078e-01 2.093787257475052399e-01 2.523346960661190796e-01 2.768152653431570909e-01 2.867998503305330127e-01 2.876519022745583354e-01 2.843925167072408611e-01 2.807001104427664928e-01 2.786882838866290291e-01
3.758060650966588701e-01 3.740238739221846687e-01 3.696491831572075171e-01 3.633760650611331244e-01 3.557539771173348075e-01 3.472070966055980645e-01 3.380580123755559385e-01 3.285546618382265138e-01 3.189003788711261000e-01 3.092870153905437069e-01 2.999306463248369026e-01 2.911081012334079676e-01 2.831894776301965289e-01 2.766552110997508862e-01 2.720748388487587710e-01 2.700099530815994742e-01 2.707950269870555982e-01 2.741660568418978761e-01 2.787721088940353642e-01 2.817262839530826346e-01 2.784894597975115516e-01 2.634275889820704153e-01 2.312143219176164277e-01 1.788289233010838530e-01 1.073943243655814256e-01 2.825906570462015030e-02 1.709811177389610609e-02 6.507340854739898650e-02 1.457032713690940284e-01 2.104287783180931737e-01 2.550317801768869908e-01 2.801283087654496962e-01 2.899301997985768709e-01 2.901743710116117536e-01 2.862315178309813857e-01 2.820090986114261455e-01 2.797117104804518473e-01
3.755749213781162665e-01 3.752199973635129138e-01 3.718920180898218630e-01 3.663577405819485877e-01 3.592299327429752109e-01 3.509851439281154173e-01 3.419872610602813778e-01 3.325148922665296936e-01 3.227922088490837726e-01 3.130232872545661849e-01 3.034297033947685462e-01 2.942900325560685593e-01 2.859770818349829935e-01 2.789823791091672889e-01 2.739058341804820884e-01 2.713722465453012322e-01 2.718234566359455928e-01 2.751451970351126985e-01 2.801490862811760740e-01 2.840577696518835071e-01 2.822995172048460288e-01 2.689961519284982949e-01 2.383751557476292138e-01 1.868909251102688074e-01 1.152693404856715148e-01 3.241370200877422003e-02 1.645243024143307198e-02 6.077133988467645770e-02 1.439187869002618581e-01 2.108608174359687948e-01 2.569721546373747167e-01 2.827613523315486987e-01 2.925942411948464494e-01 2.924934828790582975e-01 2.881101280335239267e-01 2.835416773178697780e-01 2.810730600922966005e-01
3.745971830659603485e-01 3.758458998018416874e-01 3.737148138122620145e-01 3.690446625766867217e-01 3.625146549452855083e-01 3.546576006167735384e-01 3.458829156862103793e-01 3.365043335780418254e-01 3.267714725015821164e-01 3.169052321870859945e-01 3.071369034928125297e-01 2.977499329991587507e-01 2.891206943872930424e-01 2.817486069492171619e-01 2.762543413610956122e-01 2.733075366303220899e-01 2.734294605315464310e-01 2.766212893464967126e-01 2.818262175855314466e-01 2.863647655242857470e-01 2.856572990985341565e-01 2.736504951506845140e-01 2.442275419258028990e-01 1.934203660931719526e-01 1.216193465357188613e-01 3.772826359181456063e-02 1.874130477433482225e-02 5.738694313802549657e-02 1.426451310911261428e-01 2.114739099099513797e-01 2.589040455848627409e-01 2.853437214474032202e-01 2.952762432543030169e-01 2.949547117058197165e-01 2.902597705228496805e-01 2.854461118027302180e-01 2.828663557847411192e-01
3.728213282042323606e-01 3.758570192468596582e-01 3.750806035758728063e-01 3.714065425841113210e-01 3.655828663089020214e-01 3.582021685009370571e-01 3.497234085783399449e-01 3.404997521274064076e-01 3.308108367152764462e-01 3.208992018578290528e-01 3.110107931258804803e-01 3.014386577201321193e-01 2.925665327549722972e-01 2.849032325055835257e-01 2.790871693172561896e-01 2.758222801269312185e-01 2.756883761740406835e-01 2.787704173956626619e-01 2.841057073439477443e-01 2.890816348790697932e-01 2.891035578764785674e-01 2.779747277629439628e-01 2.493063305748023650e-01 1.988026173835805710e-01 1.266021841878038345e-01 4.306925685572816909e-02 2.246197093481517443e-02 5.525225519599719776e-02 1.423737487727824713e-01 2.128254060505090084e-01 2.613636726225498363e-01 2.883293850443010564e-01 2.983193819231511612e-01 2.977901815921465412e-01 2.928195605781790389e-01 2.877943116865481210e-01 2.851218100718938553e-01
3.701942727172990999e-01 3.752067075295258403e-01 3.759502581521928510e-01 3.734110463580918582e-01 3.684074605867559971e-01 3.615950499258398509e-01 3.534861551608628472e-01 3.444775334162803460e-01 3.348832667842657207e-01 3.249722583165711165e-01 3.150101405160284918e-01 3.053047899591092573e-01 2.962523380995207845e-01 2.883748820099147903e-01 2.823294885883532168e-01 2.788494439388690127e-01 2.785588413553038434e-01 2.816005315299662248e-01 2.870701004258648936e-01 2.923844963320826884e-01 2.929104343647092601e-01 2.823145191417362754e-01 2.539820303351499886e-01 2.033674897949860338e-01 1.304429637981684154e-01 4.767546681657996305e-02 2.645956166051822295e-02 5.720638398796603491e-02 1.433045785838999164e-01 2.151875843699940505e-01 2.646377539755652153e-01 2.919722401944379042e-01 3.019170272973080160e-01 3.011253185015448364e-01 2.958548127928035121e-01 2.906073084032906872e-01 2.878334225946370117e-01
3.666625636224580265e-01 3.738473401937653651e-01 3.762835588928244990e-01 3.750248342456415918e-01 3.709604589101559435e-01 3.648117284166990659e-01 3.571480521940278430e-01 3.484138063082090064e-01 3.389617481661124088e-01 3.290916075880469527e-01 3.190934598320647186e-01 3.092950613596561760e-01 3.001101005545668277e-01 2.920786374853188705e-01 2.858792588593397910e-01 2.822733098538530161e-01 2.819205491080575832e-01 2.850029227000618337e-01 2.906451215933467669e-01 2.962592459069734452e-01 2.971452558834281610e-01 2.868262227498803441e-01 2.584869441970151227e-01 2.073890662202226565e-01 1.334104143833428624e-01 5.120576100537153202e-02 3.003410751744013327e-02 6.000196850147454519e-02 1.453893930636543930e-01 2.185841690009927563e-01 2.687924003624213021e-01 2.963492087454331902e-01 3.061326559153713101e-01 3.049975048537400535e-01 2.993750754025351624e-01 2.938722251575768274e-01 2.909739725830983725e-01
3.621731299209386412e-01 3.717305262098004048e-01 3.760391511648511487e-01 3.762134760144780210e-01 3.732130114616628025e-01 3.678271122655966674e-01 3.606857855778798916e-01 3.522849451669041176e-01 3.430200689516936796e-01 3.332258737229873424e-01 3.232212186584509372e-01 3.133583135704497979e-01 3.040731532227634037e-01 2.959283577416575439e-01 2.896276189088552999e-01 2.859612575605410822e-01 2.856204878182893592e-01 2.888144362914166208e-01 2.946762192474201014e-01 3.005862996718027258e-01 3.017526916898191081e-01 2.915426870328587938e-01 2.629513855669832201e-01 2.110837591976481575e-01 1.357760104594603889e-01 5.366669313580937906e-02 3.291043721964494184e-02 6.296260739279758989e-02 1.484252668433972133e-01 2.228746646941052179e-01 2.737411585715184281e-01 3.014101168026437905e-01 3.109334695019432271e-01 3.093770693979612241e-01 3.033462269535789346e-01 2.975484994412643802e-01 2.944975181100176198e-01
3.566736438997774594e-01 3.688063432229872207e-01 3.751731688514193253e-01 3.769398936684600354e-01 3.751339540440691844e-01 3.706143857620266546e-01 3.640750895115199004e-01 3.560673327722952419e-01 3.470332134307720362e-01 3.373463361603588617e-01 3.273582937086340627e-01 3.174498137116605334e-01 3.080833894867661682e-01 2.998483744169410103e-01 2.934772347803573100e-01 2.897913957839856613e-01 2.895124411752817428e-01 2.928704041663726110e-01 2.989941045951581833e-01 3.052141967040787329e-01 3.066276029853232665e-01 2.964332346616440073e-01 2.674381110338913681e-01 2.146097938016434115e-01 1.377757730224364596e-01 5.528813661971802851e-02 3.513289780086476660e-02 6.591675142570457835e-02 1.521517188203688475e-01 2.278441792307338287e-01 2.793186451600035980e-01 3.070316009846351113e-01 3.162254558835684293e-01 3.141869935764058375e-01 3.076991698216905435e-01 3.015695817812608648e-01 2.983372614101388876e-01
3.501127324833495091e-01 3.650220904908716424e-01 3.736371205291220687e-01 3.771619038131234225e-01 3.766873838715014133e-01 3.731428520732075760e-01 3.672889897775689638e-01 3.597360885010213449e-01 3.509766561200346469e-01 3.414269074164053563e-01 3.314748318377951364e-01 3.215333402435552324e-01 3.120951374889235352e-01 3.037800337658988492e-01 2.973527741065178365e-01 2.936685995015144157e-01 2.934803602531890765e-01 2.970367322469769644e-01 3.034556882745997886e-01 3.100072896546218204e-01 3.116645099576582090e-01 3.014472911795034182e-01 2.719713468953993130e-01 2.180742042577624717e-01 1.395917083462867025e-01 5.640514553604732834e-02 3.694057331373414715e-02 6.885137757767319233e-02 1.563173988992616614e-01 2.332680452226365275e-01 2.853360235123508226e-01 3.130598265248522583e-01 3.218829527071534469e-01 3.193211129793098735e-01 3.123394641899684410e-01 3.058468780392445407e-01 3.024062267903521728e-01
3.424403929256755186e-01 3.603215178604765589e-01 3.713763414973755284e-01 3.768303063827564414e-01 3.778306993616638576e-01 3.753761122274302808e-01 3.702962069916869159e-01 3.632637173830933763e-01 3.548252494805410606e-01 3.454432487900893078e-01 3.355456001332716709e-01 3.255808158559110321e-01 3.160752043434664760e-01 3.076824176009760325e-01 3.012027779886466416e-01 2.975282799452240168e-01 2.974450553466340130e-01 3.012206775909703760e-01 3.079598978782200902e-01 3.148668019108261662e-01 3.167827488950213932e-01 3.065408576732844836e-01 2.765604360399758210e-01 2.215491271732351608e-01 1.413571942070272203e-01 5.737174604843960080e-02 3.865229846682041032e-02 7.184347111003829001e-02 1.607060889031155793e-01 2.389415269940286524e-01 2.916104501912892832e-01 3.193367826833271583e-01 3.277702691476027663e-01 3.246607553746230224e-01 3.171595010155632277e-01 3.102783878476581547e-01 3.066033755298803731e-01
