BlockUplift_2Ma_1kryTimeStep_2mmyr_k_5e-05_m_0.5_n_1.0_LinDiffusion_0.5_3x6km_30mRes_flow__link_to_receiver_node.txt
nrows 200
cellsize 30.0
xllcorner 0.0
ncols 100
yllcorner 0.0
[rows 51 to 67 of 200, columns 37 to 73 of 100]
2.948900000000000000e+04 2.949000000000000000e+04 2.949100000000000000e+04 2.949200000000000000e+04 2.949300000000000000e+04 2.949400000000000000e+04 2.949500000000000000e+04 2.949600000000000000e+04 2.949700000000000000e+04 2.949800000000000000e+04 2.949900000000000000e+04 2.950000000000000000e+04 2.950100000000000000e+04 2.950200000000000000e+04 2.950300000000000000e+04 2.950400000000000000e+04 2.950500000000000000e+04 2.950600000000000000e+04 2.950700000000000000e+04 2.950800000000000000e+04 2.950900000000000000e+04 6.892300000000000000e+04 6.892500000000000000e+04 6.892700000000000000e+04 2.941300000000000000e+04 2.941400000000000000e+04 2.941500000000000000e+04 6.893200000000000000e+04 6.893400000000000000e+04 6.893600000000000000e+04 6.893800000000000000e+04 6.894000000000000000e+04 2.952000000000000000e+04 2.952100000000000000e+04 2.952200000000000000e+04 2.952300000000000000e+04 2.952400000000000000e+04
2.929000000000000000e+04 2.929100000000000000e+04 2.929200000000000000e+04 2.929300000000000000e+04 2.929400000000000000e+04 2.929500000000000000e+04 2.929600000000000000e+04 2.929700000000000000e+04 2.929800000000000000e+04 2.929900000000000000e+04 2.930000000000000000e+04 2.930100000000000000e+04 2.930200000000000000e+04 2.930300000000000000e+04 2.930400000000000000e+04 2.930500000000000000e+04 2.930600000000000000e+04 2.930700000000000000e+04 2.930800000000000000e+04 2.930900000000000000e+04 2.931000000000000000e+04 2.931100000000000000e+04 6.872700000000000000e+04 6.872900000000000000e+04 2.921400000000000000e+04 2.921500000000000000e+04 2.921600000000000000e+04 6.873400000000000000e+04 6.873600000000000000e+04 6.873800000000000000e+04 6.874000000000000000e+04 2.932000000000000000e+04 2.932100000000000000e+04 2.932200000000000000e+04 2.932300000000000000e+04 2.932400000000000000e+04 2.932500000000000000e+04
2.909100000000000000e+04 2.909200000000000000e+04 2.909300000000000000e+04 2.909400000000000000e+04 2.909500000000000000e+04 2.909600000000000000e+04 2.909700000000000000e+04 2.909800000000000000e+04 2.909900000000000000e+04 2.910000000000000000e+04 2.910100000000000000e+04 2.910200000000000000e+04 2.910300000000000000e+04 2.910400000000000000e+04 2.910500000000000000e+04 2.910600000000000000e+04 2.910700000000000000e+04 2.910800000000000000e+04 2.910900000000000000e+04 2.911000000000000000e+04 2.911100000000000000e+04 2.911200000000000000e+04 2.911300000000000000e+04 6.853100000000000000e+04 6.853300000000000000e+04 2.901600000000000000e+04 2.901700000000000000e+04 6.853600000000000000e+04 6.853800000000000000e+04 6.854000000000000000e+04 2.912000000000000000e+04 2.912100000000000000e+04 2.912200000000000000e+04 2.912300000000000000e+04 2.912400000000000000e+04 2.912500000000000000e+04 2.912600000000000000e+04
2.889200000000000000e+04 2.889300000000000000e+04 2.889400000000000000e+04 2.889500000000000000e+04 2.889600000000000000e+04 2.889700000000000000e+04 2.889800000000000000e+04 2.889900000000000000e+04 2.890000000000000000e+04 2.890100000000000000e+04 2.890200000000000000e+04 2.890300000000000000e+04 2.890400000000000000e+04 2.890500000000000000e+04 2.890600000000000000e+04 2.890700000000000000e+04 2.890800000000000000e+04 2.890900000000000000e+04 2.891000000000000000e+04 2.891100000000000000e+04 2.891200000000000000e+04 2.891300000000000000e+04 2.891400000000000000e+04 6.833300000000000000e+04 6.833500000000000000e+04 2.881700000000000000e+04 2.881800000000000000e+04 6.833800000000000000e+04 6.834000000000000000e+04 2.892000000000000000e+04 2.892100000000000000e+04 2.892200000000000000e+04 2.892300000000000000e+04 2.892400000000000000e+04 2.892500000000000000e+04 2.892600000000000000e+04 2.892700000000000000e+04
2.869300000000000000e+04 2.869400000000000000e+04 2.869500000000000000e+04 2.869600000000000000e+04 2.869700000000000000e+04 2.869800000000000000e+04 2.869900000000000000e+04 2.870000000000000000e+04 2.870100000000000000e+04 2.870200000000000000e+04 2.870300000000000000e+04 2.870400000000000000e+04 2.870500000000000000e+04 2.870600000000000000e+04 2.870700000000000000e+04 2.870800000000000000e+04 2.870900000000000000e+04 2.871000000000000000e+04 2.871100000000000000e+04 2.871200000000000000e+04 2.871300000000000000e+04 2.871400000000000000e+04 2.871500000000000000e+04 2.871600000000000000e+04 6.813700000000000000e+04 2.861800000000000000e+04 2.861900000000000000e+04 6.814000000000000000e+04 2.872000000000000000e+04 2.872100000000000000e+04 2.872200000000000000e+04 2.872300000000000000e+04 2.872400000000000000e+04 2.872500000000000000e+04 2.872600000000000000e+04 2.872700000000000000e+04 2.872800000000000000e+04
2.849400000000000000e+04 2.849500000000000000e+04 2.849600000000000000e+04 2.849700000000000000e+04 2.849800000000000000e+04 2.849900000000000000e+04 2.850000000000000000e+04 2.850100000000000000e+04 2.850200000000000000e+04 2.850300000000000000e+04 2.850400000000000000e+04 2.850500000000000000e+04 2.850600000000000000e+04 2.850700000000000000e+04 2.850800000000000000e+04 2.850900000000000000e+04 2.851000000000000000e+04 2.851100000000000000e+04 2.851200000000000000e+04 2.851300000000000000e+04 2.851400000000000000e+04 2.851500000000000000e+04 2.851600000000000000e+04 2.851700000000000000e+04 2.851800000000000000e+04 6.794100000000000000e+04 2.842000000000000000e+04 6.794200000000000000e+04 2.852100000000000000e+04 2.852200000000000000e+04 2.852300000000000000e+04 2.852400000000000000e+04 2.852500000000000000e+04 2.852600000000000000e+04 2.852700000000000000e+04 2.852800000000000000e+04 2.852900000000000000e+04
2.829500000000000000e+04 2.829600000000000000e+04 2.829700000000000000e+04 2.829800000000000000e+04 2.829900000000000000e+04 2.830000000000000000e+04 2.830100000000000000e+04 2.830200000000000000e+04 2.830300000000000000e+04 2.830400000000000000e+04 2.830500000000000000e+04 2.830600000000000000e+04 2.830700000000000000e+04 2.830800000000000000e+04 2.830900000000000000e+04 2.831000000000000000e+04 2.831100000000000000e+04 2.831200000000000000e+04 2.831300000000000000e+04 2.831400000000000000e+04 2.831500000000000000e+04 2.831600000000000000e+04 2.831700000000000000e+04 2.831800000000000000e+04 2.831900000000000000e+04 6.774300000000000000e+04 2.822100000000000000e+04 2.832100000000000000e+04 2.832200000000000000e+04 2.832300000000000000e+04 2.832400000000000000e+04 2.832500000000000000e+04 2.832600000000000000e+04 2.832700000000000000e+04 2.832800000000000000e+04 2.832900000000000000e+04 2.833000000000000000e+04
2.809600000000000000e+04 2.809700000000000000e+04 2.809800000000000000e+04 2.809900000000000000e+04 2.810000000000000000e+04 2.810100000000000000e+04 2.810200000000000000e+04 2.810300000000000000e+04 2.810400000000000000e+04 2.810500000000000000e+04 2.810600000000000000e+04 2.810700000000000000e+04 2.810800000000000000e+04 2.810900000000000000e+04 2.811000000000000000e+04 2.811100000000000000e+04 2.811200000000000000e+04 2.811300000000000000e+04 2.811400000000000000e+04 2.811500000000000000e+04 2.811600000000000000e+04 2.811700000000000000e+04 2.811800000000000000e+04 2.811900000000000000e+04 2.812000000000000000e+04 6.754500000000000000e+04 2.802200000000000000e+04 2.812200000000000000e+04 2.812300000000000000e+04 2.812400000000000000e+04 2.812500000000000000e+04 2.812600000000000000e+04 2.812700000000000000e+04 2.812800000000000000e+04 2.812900000000000000e+04 2.813000000000000000e+04 2.813100000000000000e+04
2.789700000000000000e+04 2.789800000000000000e+04 2.789900000000000000e+04 2.790000000000000000e+04 2.790100000000000000e+04 2.790200000000000000e+04 2.790300000000000000e+04 2.790400000000000000e+04 2.790500000000000000e+04 2.790600000000000000e+04 2.790700000000000000e+04 2.790800000000000000e+04 2.790900000000000000e+04 2.791000000000000000e+04 2.791100000000000000e+04 2.791200000000000000e+04 2.791300000000000000e+04 2.791400000000000000e+04 2.791500000000000000e+04 2.791600000000000000e+04 2.791700000000000000e+04 2.791800000000000000e+04 2.791900000000000000e+04 2.792000000000000000e+04 2.792100000000000000e+04 6.734700000000000000e+04 2.782300000000000000e+04 2.792300000000000000e+04 2.792400000000000000e+04 2.792500000000000000e+04 2.792600000000000000e+04 2.792700000000000000e+04 2.792800000000000000e+04 2.792900000000000000e+04 2.793000000000000000e+04 2.793100000000000000e+04 2.793200000000000000e+04
2.769800000000000000e+04 2.769900000000000000e+04 2.770000000000000000e+04 2.770100000000000000e+04 2.770200000000000000e+04 2.770300000000000000e+04 2.770400000000000000e+04 2.770500000000000000e+04 2.770600000000000000e+04 2.770700000000000000e+04 2.770800000000000000e+04 2.770900000000000000e+04 2.771000000000000000e+04 2.771100000000000000e+04 2.771200000000000000e+04 2.771300000000000000e+04 2.771400000000000000e+04 2.771500000000000000e+04 2.771600000000000000e+04 2.771700000000000000e+04 2.771800000000000000e+04 2.771900000000000000e+04 2.772000000000000000e+04 2.772100000000000000e+04 2.772200000000000000e+04 6.714900000000000000e+04 2.762400000000000000e+04 2.772400000000000000e+04 2.772500000000000000e+04 2.772600000000000000e+04 2.772700000000000000e+04 2.772800000000000000e+04 2.772900000000000000e+04 2.773000000000000000e+04 2.773100000000000000e+04 2.773200000000000000e+04 2.773300000000000000e+04
2.749900000000000000e+04 2.750000000000000000e+04 2.750100000000000000e+04 2.750200000000000000e+04 2.750300000000000000e+04 2.750400000000000000e+04 2.750500000000000000e+04 2.750600000000000000e+04 2.750700000000000000e+04 2.750800000000000000e+04 2.750900000000000000e+04 2.751000000000000000e+04 2.751100000000000000e+04 2.751200000000000000e+04 2.751300000000000000e+04 2.751400000000000000e+04 2.751500000000000000e+04 2.751600000000000000e+04 2.751700000000000000e+04 2.751800000000000000e+04 2.751900000000000000e+04 2.752000000000000000e+04 2.752100000000000000e+04 2.752200000000000000e+04 2.752300000000000000e+04 6.695100000000000000e+04 2.742500000000000000e+04 2.752500000000000000e+04 2.752600000000000000e+04 2.752700000000000000e+04 2.752800000000000000e+04 2.752900000000000000e+04 2.753000000000000000e+04 2.753100000000000000e+04 2.753200000000000000e+04 2.753300000000000000e+04 2.753400000000000000e+04
2.730000000000000000e+04 2.730100000000000000e+04 2.730200000000000000e+04 2.730300000000000000e+04 2.730400000000000000e+04 2.730500000000000000e+04 2.730600000000000000e+04 2.730700000000000000e+04 2.730800000000000000e+04 2.730900000000000000e+04 2.731000000000000000e+04 2.731100000000000000e+04 2.731200000000000000e+04 2.731300000000000000e+04 2.731400000000000000e+04 2.731500000000000000e+04 2.731600000000000000e+04 2.731700000000000000e+04 2.731800000000000000e+04 2.731900000000000000e+04 2.732000000000000000e+04 2.732100000000000000e+04 2.732200000000000000e+04 2.732300000000000000e+04 2.732400000000000000e+04 6.675300000000000000e+04 2.722600000000000000e+04 6.675400000000000000e+04 2.732700000000000000e+04 2.732800000000000000e+04 2.732900000000000000e+04 2.733000000000000000e+04 2.733100000000000000e+04 2.733200000000000000e+04 2.733300000000000000e+04 2.733400000000000000e+04 2.733500000000000000e+04
2.710100000000000000e+04 2.710200000000000000e+04 2.710300000000000000e+04 2.710400000000000000e+04 2.710500000000000000e+04 2.710600000000000000e+04 2.710700000000000000e+04 2.710800000000000000e+04 2.710900000000000000e+04 2.711000000000000000e+04 2.711100000000000000e+04 2.711200000000000000e+04 2.711300000000000000e+04 2.711400000000000000e+04 2.711500000000000000e+04 2.711600000000000000e+04 2.711700000000000000e+04 2.711800000000000000e+04 2.711900000000000000e+04 2.712000000000000000e+04 2.712100000000000000e+04 2.712200000000000000e+04 2.712300000000000000e+04 2.712400000000000000e+04 2.712500000000000000e+04 6.655500000000000000e+04 2.702700000000000000e+04 6.655600000000000000e+04 2.712800000000000000e+04 2.712900000000000000e+04 2.713000000000000000e+04 2.713100000000000000e+04 2.713200000000000000e+04 2.713300000000000000e+04 2.713400000000000000e+04 2.713500000000000000e+04 2.713600000000000000e+04
2.690200000000000000e+04 2.690300000000000000e+04 2.690400000000000000e+04 2.690500000000000000e+04 2.690600000000000000e+04 2.690700000000000000e+04 2.690800000000000000e+04 2.690900000000000000e+04 2.691000000000000000e+04 2.691100000000000000e+04 2.691200000000000000e+04 2.691300000000000000e+04 2.691400000000000000e+04 2.691500000000000000e+04 2.691600000000000000e+04 2.691700000000000000e+04 2.691800000000000000e+04 2.691900000000000000e+04 2.692000000000000000e+04 2.692100000000000000e+04 2.692200000000000000e+04 2.692300000000000000e+04 2.692400000000000000e+04 2.692500000000000000e+04 2.692600000000000000e+04 6.635700000000000000e+04 2.682800000000000000e+04 6.635800000000000000e+04 2.692900000000000000e+04 2.693000000000000000e+04 2.693100000000000000e+04 2.693200000000000000e+04 2.693300000000000000e+04 2.693400000000000000e+04 2.693500000000000000e+04 2.693600000000000000e+04 2.693700000000000000e+04
2.670300000000000000e+04 2.670400000000000000e+04 2.670500000000000000e+04 2.670600000000000000e+04 2.670700000000000000e+04 2.670800000000000000e+04 2.670900000000000000e+04 2.671000000000000000e+04 2.671100000000000000e+04 2.671200000000000000e+04 2.671300000000000000e+04 2.671400000000000000e+04 2.671500000000000000e+04 2.671600000000000000e+04 2.671700000000000000e+04 2.671800000000000000e+04 2.671900000000000000e+04 2.672000000000000000e+04 2.672100000000000000e+04 2.672200000000000000e+04 2.672300000000000000e+04 2.672400000000000000e+04 2.672500000000000000e+04 2.672600000000000000e+04 2.672700000000000000e+04 6.615900000000000000e+04 2.662900000000000000e+04 6.616000000000000000e+04 2.673000000000000000e+04 2.673100000000000000e+04 2.673200000000000000e+04 2.673300000000000000e+04 2.673400000000000000e+04 2.673500000000000000e+04 2.673600000000000000e+04 2.673700000000000000e+04 2.673800000000000000e+04
2.650400000000000000e+04 2.650500000000000000e+04 2.650600000000000000e+04 2.650700000000000000e+04 2.650800000000000000e+04 2.650900000000000000e+04 2.651000000000000000e+04 2.651100000000000000e+04 2.651200000000000000e+04 2.651300000000000000e+04 2.651400000000000000e+04 2.651500000000000000e+04 2.651600000000000000e+04 2.651700000000000000e+04 2.651800000000000000e+04 2.651900000000000000e+04 2.652000000000000000e+04 2.652100000000000000e+04 2.652200000000000000e+04 2.652300000000000000e+04 2.652400000000000000e+04 2.652500000000000000e+04 2.652600000000000000e+04 2.652700000000000000e+04 2.652800000000000000e+04 6.596100000000000000e+04 2.643000000000000000e+04 6.596200000000000000e+04 2.653100000000000000e+04 2.653200000000000000e+04 2.653300000000000000e+04 2.653400000000000000e+04 2.653500000000000000e+04 2.653600000000000000e+04 2.653700000000000000e+04 2.653800000000000000e+04 2.653900000000000000e+04
2.630500000000000000e+04 2.630600000000000000e+04 2.630700000000000000e+04 2.630800000000000000e+04 2.630900000000000000e+04 2.631000000000000000e+04 2.631100000000000000e+04 2.631200000000000000e+04 2.631300000000000000e+04 2.631400000000000000e+04 2.631500000000000000e+04 2.631600000000000000e+04 2.631700000000000000e+04 2.631800000000000000e+04 2.631900000000000000e+04 2.632000000000000000e+04 2.632100000000000000e+04 2.632200000000000000e+04 2.632300000000000000e+04 2.632400000000000000e+04 2.632500000000000000e+04 2.632600000000000000e+04 2.632700000000000000e+04 2.632800000000000000e+04 2.632900000000000000e+04 6.576300000000000000e+04 2.623100000000000000e+04 6.576400000000000000e+04 2.633200000000000000e+04 2.633300000000000000e+04 2.633400000000000000e+04 2.633500000000000000e+04 2.633600000000000000e+04 2.633700000000000000e+04 2.633800000000000000e+04 2.633900000000000000e+04 2.634000000000000000e+04
