BlockUplift_2Ma_1kryTimeStep_2mmyr_k_0.0001_m_0.5_n_1.0_LinDiffusion_1_6x3km_30mRes_topographic__elevation.txt
nrows 100
cellsize 30.0
xllcorner 0.0
ncols 200
yllcorner 0.0
[rows 68 to 84 of 100, columns 37 to 73 of 200]
7.267454648956270091e+01 7.236947945636757140e+01 7.171286194225255883e+01 7.073157365604950542e+01 6.946080564273397329e+01 6.794311267473163696e+01 6.622719383749863198e+01 6.436650374665327945e+01 6.241785613714249337e+01 6.044016389043646598e+01 5.849335390077600749e+01 5.663734206103826807e+01 5.493082957569049540e+01 5.342966282630755614e+01 5.218462116737791234e+01 5.123873314868374962e+01 5.062448666897063987e+01 5.036148255626146408e+01 5.045509633441003672e+01 5.089653380866094778e+01 5.166434290858289557e+01 5.272708435648825542e+01 5.404658849914387986e+01 5.558112289974914688e+01 5.728788874121087105e+01 5.912451073423363823e+01 6.104949807193332134e+01 6.302193658144480537e+01 6.500084939617401858e+01 6.694469853345410115e+01 6.881139741273439370e+01 7.055900377017189840e+01 7.214702553945788566e+01 7.353806910250639817e+01 7.469945047359757950e+01 7.560440804687598870e+01 7.623269137007166307e+01
7.091627154852569959e+01 7.062830805433101489e+01 6.999851110989415304e+01 6.905003444333803486e+01 6.781379183126009025e+01 6.632809716120645760e+01 6.463798011918477471e+01 6.279419178891610187e+01 6.085202052714447518e+01 5.887006762431497009e+01 5.690905833652754353e+01 5.503062131515364541e+01 5.329583851848546061e+01 5.176333436417201028e+01 5.048678357959281016e+01 4.951195056741529754e+01 4.887364330461949180e+01 4.859315610077876357e+01 4.867679310386493086e+01 4.911587814375334915e+01 4.988831724058120898e+01 5.096140058492184011e+01 5.229523986420031179e+01 5.384612860714169358e+01 5.556921372718579022e+01 5.742012992048330489e+01 5.935558129877519207e+01 6.133315193435195312e+01 6.331080693087105260e+01 6.524656882751256148e+01 6.709872796687201912e+01 6.882671686426590441e+01 7.039252038817446078e+01 7.176228619084791660e+01 7.290770993222781726e+01 7.380682833479920646e+01 7.444404070754433178e+01
6.908318154367270836e+01 6.880983689551726457e+01 6.820612072180260554e+01 6.729125868172422997e+01 6.609157057408054925e+01 6.464074597172925962e+01 6.297975107038473652e+01 6.115628108684370545e+01 5.922382621711444273e+01 5.724049923858175504e+01 5.526773691041999825e+01 5.336886167411197590e+01 5.160735658163520867e+01 5.004465934746727385e+01 4.873737754173244952e+01 4.773405190944407650e+01 4.707186423054356084e+01 4.677388072213475567e+01 4.684744119151630315e+01 4.728411353710055209e+01 4.806128304687743480e+01 4.914505232279707059e+01 5.049382499284427439e+01 5.206183386461498230e+01 5.380197989689135341e+01 5.566762458555019322e+01 5.761332591561657068e+01 5.959481536497314380e+01 6.156869296511840162e+01 6.349232768114205783e+01 6.532430156963664558e+01 6.702548271255025725e+01 6.856053664702102424e+01 6.989947871418624459e+01 7.101880182741135172e+01 7.190181399377713944e+01 7.253805799293623124e+01
6.718010458189091594e+01 6.692041450028693816e+01 6.634376040806863273e+01 6.546525177645096960e+01 6.430629875616837410e+01 6.289556107042786692e+01 6.126949617883763466e+01 5.947231180797397343e+01 5.755532805699181864e+01 5.557588722593592934e+01 5.359595616389043471e+01 5.168046283972976340e+01 4.989527726894777970e+01 4.830468814338574646e+01 4.696830677191683634e+01 4.593754278681645076e+01 4.525206029077667580e+01 4.493681774363212611e+01 4.500031496605462422e+01 4.543447756773667834e+01 4.621625164231578253e+01 4.731057760546947577e+01 4.867410013162941596e+01 5.025885465769759008e+01 5.201527995965231099e+01 5.389419176574129011e+01 5.584771063838483940e+01 5.782945106291381165e+01 5.979445548576415348e+01 6.169935406240549725e+01 6.350306137313902610e+01 6.516804689418594876e+01 6.666192855337926915e+01 6.795893593008034372e+01 6.904074621507628251e+01 6.989633676671834905e+01 7.052078331409376233e+01
6.521100469892969898e+01 6.496525603677052629e+01 6.441804215025528890e+01 6.358020478186568170e+01 6.246795900977102889e+01 6.110453871263334946e+01 5.952142534362043591e+01 5.775885005072905898e+01 5.586550261637149362e+01 5.389756604076049484e+01 5.191724731994146680e+01 4.999089887187196268e+01 4.818670007299652269e+01 4.657180080973884628e+01 4.520889388912421225e+01 4.415238228494656880e+01 4.344456367986150269e+01 4.311244738233948937e+01 4.316583904033167585e+01 4.359713399497883302e+01 4.438289719527770671e+01 4.548689505099089558e+01 4.686392421568155697e+01 4.846366120338204553e+01 5.023386713839627760e+01 5.212257380203607227e+01 5.407924306784072854e+01 5.605520933584939058e+01 5.800388731064293779e+01 5.988121170541276683e+01 6.164658783875601245e+01 6.326434106310041727e+01 6.470535862827306062e+01 6.594842383002009001e+01 6.698072521437788396e+01 6.779720338786778200e+01 6.839872506328150337e+01
6.317895309568103812e+01 6.294834895996972080e+01 6.243393144644035431e+01 6.164217914549544730e+01 6.058388507315576987e+01 5.927650455533737528e+01 5.774608878006188917e+01 5.602837729544348377e+01 5.416890459640256239e+01 5.222221086606783302e+01 5.025034396520207025e+01 4.832079355695742606e+01 4.650388395172103628e+01 4.486957957402461261e+01 4.348370867052420863e+01 4.240379673295522878e+01 4.167494930194305169e+01 4.132641378208131044e+01 4.136947034815651136e+01 4.179710628259098826e+01 4.258556012655886747e+01 4.369740086542277169e+01 4.508547769047564913e+01 4.669694857614810957e+01 4.847670552151357981e+01 5.036981024726009082e+01 5.232292557796863264e+01 5.428504751834975650e+01 5.620801126363813438e+01 5.804721709968658416e+01 5.976281970822581968e+01 6.132132185389603052e+01 6.269721787540116509e+01 6.387415206068926210e+01 6.484506743283681374e+01 6.561103610330137315e+01 6.617882420108377062e+01
6.108626881632455508e+01 6.087257549114683997e+01 6.039483302936178433e+01 5.965513228734391760e+01 5.865869972646596864e+01 5.741693427325345311e+01 5.595005155710721567e+01 5.428879477577125812e+01 5.247498532207864486e+01 5.056096574339456140e+01 4.860812790804079953e+01 4.668470414645259581e+01 4.486289888375639379e+01 4.321536440852946725e+01 4.181106618010348086e+01 4.071075778200894035e+01 3.996252673815766343e+01 3.959806045689082765e+01 3.963030263016220545e+01 4.005297366561515560e+01 4.084205521651047377e+01 4.195890769512339347e+01 4.335434850295757769e+01 4.497288260339178123e+01 4.675638333025629123e+01 4.864681916494443215e+01 5.058799757475902936e+01 5.252661828224438523e+01 5.441309252170361077e+01 5.620254819586677542e+01 5.785622771301714806e+01 5.934317693243498582e+01 6.064183280844730461e+01 6.174095451737117202e+01 6.263938110159397610e+01 6.334434555252560273e+01 6.386846317934993777e+01
5.893477344424638176e+01 5.873998811612483451e+01 5.830288033243865442e+01 5.762120877564121457e+01 5.669458944051450544e+01 5.552818816265951085e+01 5.413606137777239269e+01 5.254349750373314976e+01 5.078804961480040703e+01 4.891926703649409092e+01 4.699731296213315801e+01 4.509067071696194517e+01 4.327305755191650150e+01 4.161959370101691036e+01 4.020231024697664424e+01 3.908524627217344261e+01 3.831962241238800715e+01 3.793976602444049462e+01 3.796048613637378821e+01 3.837639893149017212e+01 3.916332454504301097e+01 4.028143254792932737e+01 4.167945769321411831e+01 4.329915907634607919e+01 4.507929558262990355e+01 4.695868779561752149e+01 4.887831440828684748e+01 5.078271377175162371e+01 5.262112271181539569e+01 5.434874196788918255e+01 5.592829891964551337e+01 5.733177047729213882e+01 5.854184894691835694e+01 5.955259200027587951e+01 6.036876311023495134e+01 6.100364098331201035e+01 6.147548051181886564e+01
5.672609983451162208e+01 5.655216556997829258e+01 5.615934282051499338e+01 5.554119794020143530e+01 5.469180459978122144e+01 5.361003934583151675e+01 5.230358413046553068e+01 5.079189270831602698e+01 4.910773195153472415e+01 4.729725501833495827e+01 4.541877601464020131e+01 4.354045990243400155e+01 4.173707565515758233e+01 4.008589590440370642e+01 3.866186059865891878e+01 3.753228556514383030e+01 3.675163266761411052e+01 3.635704932990580573e+01 3.636541210159557380e+01 3.677241165224312880e+01 3.755382931774221333e+01 3.866869717196973255e+01 4.006365934021408037e+01 4.167768718902229352e+01 4.344639019142558567e+01 4.530545803523520476e+01 4.719314840640370790e+01 4.905205906589464604e+01 5.083058395405277707e+01 5.248440858417854571e+01 5.397818196705338067e+01 5.528720204179016662e+01 5.639868818726615984e+01 5.731209651854670284e+01 5.803802372648871710e+01 5.859553537131507284e+01 5.900816368882668428e+01
5.446200167731842612e+01 5.431058304839756801e+01 5.396506956029352864e+01 5.341505906564479034e+01 5.264926820149734255e+01 5.166036047089196614e+01 5.044955582936206895e+01 4.903019829757696613e+01 4.742981907771432759e+01 4.569059762779048839e+01 4.386836159420279557e+01 4.203033572495939296e+01 4.025180262017534716e+01 3.861178309216570881e+01 3.718788121928067625e+01 3.605060371904038874e+01 3.525770255207310555e+01 3.484928738415442240e+01 3.484448810211186753e+01 3.524025174816944883e+01 3.601246318098101540e+01 3.711910337229934953e+01 3.850476236489269155e+01 4.010563715431840848e+01 4.185421853047436258e+01 4.368315751066215569e+01 4.552818017236631931e+01 4.733024622500371237e+01 4.903731074634519871e+01 5.060600804605903846e+01 5.200336650320722498e+01 5.320837774668947873e+01 5.421300210923351415e+01 5.502209960523737919e+01 5.565188686033440746e+01 5.612682008776669562e+01 5.647520722410111915e+01
5.214462418314894876e+01 5.201694612668938333e+01 5.172090477359715521e+01 5.124243328035482392e+01 5.056519301841095881e+01 4.967584803994262899e+01 4.856920863018865475e+01 4.725235837852392962e+01 4.574723769111530203e+01 4.409153006017884024e+01 4.233795284723248642e+01 4.055214388729581287e+01 3.880930594783412602e+01 3.718972845640767844e+01 3.577335083163746532e+01 3.463370253258241860e+01 3.383180250924991839e+01 3.341080923971167493e+01 3.339225595325014950e+01 3.377451303540182437e+01 3.453371660872966942e+01 3.562690728260690776e+01 3.699669922686489798e+01 3.857658577663681143e+01 4.029604068929151595e+01 4.208484946684134087e+01 4.387648093736284949e+01 4.561063951144155482e+01 4.723531002474776841e+01 4.870857749698021166e+01 5.000030987323457055e+01 5.109352822920300241e+01 5.198507364008157339e+01 5.268511210622776275e+01 5.321514591222922519e+01 5.360449964077487550e+01 5.388563490754465590e+01
4.977671163590829195e+01 4.967345692501068299e+01 4.942803394038437403e+01 4.902308776918967936e+01 4.843763695601867880e+01 4.765269552116326679e+01 4.665686141591002922e+01 4.545094448072264726e+01 4.405105393862632468e+01 4.248993618540137618e+01 4.081661640013225423e+01 3.909450143834767744e+01 3.739808869028973959e+01 3.580839764259543045e+01 3.440729787887719482e+01 3.327108956911721549e+01 3.246395349067737612e+01 3.203211137437461531e+01 3.199959405506625032e+01 3.236632750734939634e+01 3.310883593914392264e+01 3.418334428930388214e+01 3.553060733175487229e+01 3.708154575528184438e+01 3.876279590598100810e+01 4.050153963114289724e+01 4.222935262594120331e+01 4.388514570050667629e+01 4.541745775408237762e+01 4.678634828055601247e+01 4.796496696510947544e+01 4.894064258524697664e+01 4.971514687954432077e+01 5.030374384679446109e+01 5.073277089213330271e+01 5.103578850244185361e+01 5.124869368183738771e+01
4.736174144618512116e+01 4.728299858469699046e+01 4.708824082903085895e+01 4.675726464225669332e+01 4.626495837186377713e+01 4.558716387804611259e+01 4.470660799683854236e+01 4.361795782572476554e+01 4.233138085301715137e+01 4.087434803745782830e+01 3.929167780050939029e+01 3.764393030268220741e+01 3.600426257311514178e+01 3.445384330856381894e+01 3.307599946603613006e+01 3.194946604011017399e+01 3.114139022031092452e+01 3.070098474082677953e+01 3.065479862775389108e+01 3.100439325959640158e+01 3.172679283861471689e+01 3.277753753484837063e+01 3.409567688109625294e+01 3.560975573807812822e+01 3.724383937060256500e+01 3.892286455228672537e+01 4.057697099405984886e+01 4.214481216005886921e+01 4.357604804992441672e+01 4.483323827519480886e+01 4.589321517821289120e+01 4.674781458829590974e+01 4.740368454312894642e+01 4.788086544144213974e+01 4.820997198128785755e+01 4.842807832499615017e+01 4.857373063114253853e+01
4.490398484553708869e+01 4.484923742383693934e+01 4.470407271369376190e+01 4.444592816753924325e+01 4.404615995444750354e+01 4.347603130674597338e+01 4.271287607441044543e+01 4.174549524285692570e+01 4.057814396564018722e+01 3.923279977465229251e+01 3.774964927101164847e+01 3.618584183207925520e+01 3.461257053685882568e+01 3.311054563598712264e+01 3.176401932124684535e+01 3.065374213179420693e+01 2.984953542014568129e+01 2.940343238533248638e+01 2.934443350255909877e+01 2.967575058295656021e+01 3.037498672474019301e+01 3.139713239524508381e+01 3.267972773939515463e+01 3.414921257437445234e+01 3.572744294476204630e+01 3.733757119564646842e+01 3.890884949335528376e+01 4.038027400978017312e+01 4.170321632053901340e+01 4.284323881634912112e+01 4.378119054152556089e+01 4.451351393569755999e+01 4.505156330697546707e+01 4.541972128476245985e+01 4.565222861117898390e+01 4.578888573804037065e+01 4.587006511295381728e+01
4.240850114309262153e+01 4.237665052843983204e+01 4.227892169529792454e+01 4.209091786172185579e+01 4.178112772461867763e+01 4.131692728552890514e+01 4.067085994453656639e+01 3.982627867481649275e+01 3.878170086889237922e+01 3.755352648608489119e+01 3.617699371289471344e+01 3.470534939283745501e+01 3.320722922135191624e+01 3.176226443010244438e+01 3.045504835065199600e+01 2.936784514498057064e+01 2.857275662876270417e+01 2.812436000845512751e+01 2.805394541092855931e+01 2.836632029464592364e+01 2.903971216847681802e+01 3.002870577472893387e+01 3.126957799012742711e+01 3.268701779514314154e+01 3.420113586569321029e+01 3.573386252114264749e+01 3.721419256339935799e+01 3.858210966276615750e+01 3.979128459458024736e+01 4.081073313439699035e+01 4.162556191126353156e+01 4.223680154711321677e+01 4.266022058666965933e+01 4.292400405120618956e+01 4.306529307350511715e+01 4.312578983142630307e+01 4.314686618854864975e+01
3.988107599124246860e+01 3.987049058675092539e+01 3.981703501553960223e+01 3.969502139742400715e+01 3.947078045972371996e+01 3.910856805336510433e+01 3.857684638151932432e+01 3.785407037971084776e+01 3.693333952747991589e+01 3.582553502273122348e+01 3.456075400734092540e+01 3.318793949977917634e+01 3.177262344061037069e+01 3.039273728054149970e+01 2.913258654299778172e+01 2.807536619716053394e+01 2.729496150167482682e+01 2.684810843142658143e+01 2.676812879270393353e+01 2.706130376077663513e+01 2.770650453184463657e+01 2.865807362086215448e+01 2.985133243067705422e+01 3.120966519838289344e+01 3.265200472537928533e+01 3.409971545688262751e+01 3.548222825489107635e+01 3.674117655659469506e+01 3.783308319375082363e+01 3.873078491852604799e+01 3.942376943268293843e+01 3.991750612304988266e+01 4.023176415973719600e+01 4.039789885316903906e+01 4.045517534484011435e+01 4.044636571350363852e+01 4.041304223323618316e+01
3.732811507512105464e+01 3.733670053801381528e+01 3.732346791981859013e+01 3.726198203883041060e+01 3.711714600141338138e+01 3.685091271605466545e+01 3.642845688798070114e+01 3.582400229568461469e+01 3.502569018607683660e+01 3.403908881589053692e+01 3.288909702212072261e+01 3.162005840539517010e+01 3.029391710228695445e+01 2.898629610926568745e+01 2.778054722030799084e+01 2.676013639301672242e+01 2.600013378717091683e+01 2.555894243754326567e+01 2.547156684926258663e+01 2.574558204829297736e+01 2.636050868455221163e+01 2.727064399499240110e+01 2.841073486812980775e+01 2.970340376189194131e+01 3.106707188835174804e+01 3.242327153286095154e+01 3.370259980191877958e+01 3.484898648683360989e+01 3.582229025924362276e+01 3.659942412978394088e+01 3.717424396075990956e+01 3.755637190790714186e+01 3.776905072857982759e+01 3.784610124070926673e+01 3.782811246225038104e+01 3.775811713652772283e+01 3.767714568466647762e+01
