BlockUplift_2Ma_1kryTimeStep_2mmyr_k_5e-05_m_0.5_n_1.0_LinDiffusion_1_6x3km_30mRes_topographic__elevation.txt
nrows 100
cellsize 30.0
xllcorner 0.0
ncols 200
yllcorner 0.0
[rows 51 to 67 of 100, columns 74 to 110 of 200]
3.185878410985538949e+02 3.213091033871712625e+02 3.233896436353304580e+02 3.248990725658723022e+02 3.259375842706422191e+02 3.266239922188146352e+02 3.270799037573084433e+02 3.274120677407607332e+02 3.276959576473916513e+02 3.279638442165578454e+02 3.281998607276893267e+02 3.283430751693380216e+02 3.282978041882603861e+02 3.279488689839848234e+02 3.271786429978866408e+02 3.258827802142961332e+02 3.239823636571550196e+02 3.214315651943103944e+02 3.182213252689292631e+02 3.143806089971948836e+02 3.099771410276119354e+02 3.051190174968871816e+02 2.999573368660691699e+02 2.946883564859141984e+02 2.895522791777432303e+02 2.848252959224405458e+02 2.808024608271973079e+02 2.777713733911380700e+02 2.759798662148259041e+02 2.756037939244955055e+02 2.767223412285709401e+02 2.793072355696238560e+02 2.832289846131727131e+02 2.882788168925085301e+02 2.942009540560702590e+02 3.007275868239553915e+02 3.076091063699324764e+02
3.130693019594088469e+02 3.155939632854357342e+02 3.174852918934477088e+02 3.188193383728295203e+02 3.197028213438537136e+02 3.202604830719658935e+02 3.206188055691818590e+02 3.208881308709194400e+02 3.211461926665485862e+02 3.214262232185021162e+02 3.217120517608753403e+02 3.219411593774964331e+02 3.220149329778009246e+02 3.218138806465143489e+02 3.212147508937333669e+02 3.201065306225169138e+02 3.184031022936183035e+02 3.160516202899916038e+02 3.130370058650748888e+02 3.093839476920736047e+02 3.051581195225792840e+02 3.004678517327455438e+02 2.954663170604741822e+02 2.903527733160070170e+02 2.853701322889093603e+02 2.807957522318718588e+02 2.769233497906747630e+02 2.740362910592143066e+02 2.723756218869095846e+02 2.721089092886740559e+02 2.733070893668821100e+02 2.759353357966916178e+02 2.798606502659529838e+02 2.848745082503937738e+02 2.907250170717972537e+02 2.971510037027127851e+02 3.039108211714870436e+02
3.073765955542312440e+02 3.097098059961514309e+02 3.114167958947955981e+02 3.125801097987637718e+02 3.133128177220095267e+02 3.137452358752397004e+02 3.140082650822783989e+02 3.142153817838630516e+02 3.144462125819725316e+02 3.147347469217384059e+02 3.150645032169858837e+02 3.153715572457302869e+02 3.155546838816895843e+02 3.154904449655930989e+02 3.150502741384307228e+02 3.141166406577747239e+02 3.125961370301895386e+02 3.104285400808774966e+02 3.075921481020364467e+02 3.041066118219677605e+02 3.000347667673441379e+02 2.954845192059192414e+02 2.906107378377506620e+02 2.856157067494227135e+02 2.807455588732441925e+02 2.762798525876006579e+02 2.725125064446278884e+02 2.697246362631308898e+02 2.681528141981764293e+02 2.679587946025499150e+02 2.692076820264175581e+02 2.718601991505596516e+02 2.757813683640417253e+02 2.807636387238750899e+02 2.865587884810134938e+02 2.929110989036900605e+02 2.995848364108712190e+02
3.015119493014751697e+02 3.036601024310084540e+02 3.051887968986241049e+02 3.061871250509659035e+02 3.067743139161179329e+02 3.070858740563752463e+02 3.072566525765892607e+02 3.074027976614635804e+02 3.076054701929259636e+02 3.078992318767447500e+02 3.082673136763210096e+02 3.086446120659966255e+02 3.089276726834981446e+02 3.089895700197324118e+02 3.086968532210248100e+02 3.079257638546354201e+02 3.065756557085949794e+02 3.045786776641090228e+02 3.019059435079660716e+02 2.985712466325043692e+02 2.946336214208308775e+02 2.901996058268849197e+02 2.854250276292838748e+02 2.805148566985827188e+02 2.757186659621834792e+02 2.713191039030504612e+02 2.676118902130805850e+02 2.648781449736489435e+02 2.633527196272550555e+02 2.631945500295454963e+02 2.644658085579963540e+02 2.671251999005635867e+02 2.710373863168643993e+02 2.759963367654754620e+02 2.817568558833437464e+02 2.880668931727985864e+02 2.946939107044133266e+02
2.954813837362069648e+02 2.974515476019465154e+02 2.988087073343411930e+02 2.996485270968009900e+02 3.000961576674549747e+02 3.002918922808648858e+02 3.003740348412022740e+02 3.004609416427905444e+02 3.006349602592372321e+02 3.009310580183035881e+02 3.013322254366811990e+02 3.017724377414211858e+02 3.021464422568906798e+02 3.023243585480110482e+02 3.021683869460244409e+02 3.015489667444605288e+02 3.003584166579365160e+02 2.985211512875079620e+02 2.960006402595614077e+02 2.928040252904162344e+02 2.889854995210639004e+02 2.846491028624134856e+02 2.799506110569188877e+02 2.750970216281971830e+02 2.703412680986675127e+02 2.659697651509750926e+02 2.622815517779109200e+02 2.595600740543360985e+02 2.580414053407582742e+02 2.578849059059401725e+02 2.591529379358414076e+02 2.618047338261004029e+02 2.657061593361927407e+02 2.706530100969824275e+02 2.764020811960379547e+02 2.827027337904237356e+02 2.893224542411126095e+02
2.892941578805999256e+02 2.910935796226386856e+02 2.922862855507839868e+02 2.929744767411637554e+02 2.932889403771525849e+02 2.933743039536462902e+02 2.933718234185402025e+02 2.934016024139817773e+02 2.935468411690277435e+02 2.938427628182072340e+02 2.942721809232860437e+02 2.947684259946447582e+02 2.952249065251011757e+02 2.955093695967123608e+02 2.954802842362514070e+02 2.950028308729911259e+02 2.939626451487955023e+02 2.922764620520173935e+02 2.898997931570985997e+02 2.868324321038238054e+02 2.831227117727281097e+02 2.788709719094397315e+02 2.742317617049769183e+02 2.694132170806964837e+02 2.646712932974067485e+02 2.602966044026355803e+02 2.565928370339067328e+02 2.538479642689056277e+02 2.523021615259193595e+02 2.521184172235673486e+02 2.533623421799923676e+02 2.559961123392951095e+02 2.598881424697784723e+02 2.648360653663102653e+02 2.705972988652363256e+02 2.769200583183684898e+02 2.835684873552474414e+02
2.829621069999318479e+02 2.845978224080760697e+02 2.856331541802014726e+02 2.861767233010411360e+02 2.863646023886504963e+02 2.863452676470899974e+02 2.862624111964969984e+02 2.862374310132415758e+02 2.863540622601540235e+02 2.866476496063914965e+02 2.871009030151340085e+02 2.876467904971295297e+02 2.881778506188169899e+02 2.885600658877343676e+02 2.886488460480490517e+02 2.883047487821140180e+02 2.874072106175834165e+02 2.858655031464999752e+02 2.836270368740881054e+02 2.806837135523889515e+02 2.770770920187150637e+02 2.729026440707474990e+02 2.683124691827143806e+02 2.635148228830449852e+02 2.587681475428237832e+02 2.543674491707328968e+02 2.506221253734607046e+02 2.478266001058397023e+02 2.462277431215319723e+02 2.459950692483919568e+02 2.472001661035423581e+02 2.498102145868635091e+02 2.536971638378292653e+02 2.586601654672302857e+02 2.644556462242583166e+02 2.708280101165040605e+02 2.775347670097703485e+02
2.764989418889034596e+02 2.779775009235311813e+02 2.788622975516163933e+02 2.792681598558230007e+02 2.793360289416490332e+02 2.792177111529268245e+02 2.790588141189294333e+02 2.789815903482200952e+02 2.790700112763578318e+02 2.793594233625339598e+02 2.798325106828146431e+02 2.804221559220247855e+02 2.810204894623352629e+02 2.814923401177246660e+02 2.816907577632617858e+02 2.814723776991934301e+02 2.807110290073447914e+02 2.793088849851549185e+02 2.772052897554851256e+02 2.743838947147970089e+02 2.708787373420772724e+02 2.667793742266531467e+02 2.622342835502089429e+02 2.574507885094996027e+02 2.526891582494850184e+02 2.482487639791026766e+02 2.444454681560453366e+02 2.415816769073441321e+02 2.399130820088045937e+02 2.396181045878058171e+02 2.407764941635751939e+02 2.433619724510104447e+02 2.472505542446227196e+02 2.522422686632234274e+02 2.580908011032043419e+02 2.645341685115600399e+02 2.713202861499053711e+02
2.699195677645012097e+02 2.712468699280724991e+02 2.719875684098863076e+02 2.722623867496176899e+02 2.722166563117486930e+02 2.720049698495019470e+02 2.717743326218358675e+02 2.716474303783176651e+02 2.717081934696711869e+02 2.719918639653903938e+02 2.724811778059225276e+02 2.731091962753635585e+02 2.737680831518704849e+02 2.743221088161785133e+02 2.746226659638896876e+02 2.745232042308159635e+02 2.738926168636127159e+02 2.726264711679191919e+02 2.706562487897028859e+02 2.679571889881620450e+02 2.645552622144494990e+02 2.605332413770101994e+02 2.560349377756000990e+02 2.512657344755629083e+02 2.464870038118102968e+02 2.420022652449403893e+02 2.381342721994408862e+02 2.351944809343960685e+02 2.334489528120193427e+02 2.330867369510975209e+02 2.341972524786935708e+02 2.367616758514046182e+02 2.406601333205259436e+02 2.456926152406060453e+02 2.516083039740072422e+02 2.581365263733395068e+02 2.650131812921140977e+02
2.632394639584853167e+02 2.644206859817722943e+02 2.650232270175500844e+02 2.651733023136147267e+02 2.650201042422238515e+02 2.647204531836769661e+02 2.644222445780874295e+02 2.642481989740738300e+02 2.642819508285680286e+02 2.645585439687679354e+02 2.650608406154433396e+02 2.657223254841176185e+02 2.664356078362285416e+02 2.670649651497264472e+02 2.674608191765459537e+02 2.674741820212116750e+02 2.669697347770054421e+02 2.658370317175306923e+02 2.640000456331431451e+02 2.614256320428924596e+02 2.581313613219675176e+02 2.541925626951183119e+02 2.497475059937278559e+02 2.449987226125107043e+02 2.402079486175567240e+02 2.356824745050925003e+02 2.317520457262163802e+02 2.287377457384733361e+02 2.269169211192638898e+02 2.264902513433280546e+02 2.275576057871266755e+02 2.301078906279072100e+02 2.340249348816913937e+02 2.391075822877728285e+02 2.450988659784038362e+02 2.517175418934373283e+02 2.586857535153707204e+02
2.564741476422307187e+02 2.575137409506979225e+02 2.579835282730833228e+02 2.580147347072488628e+02 2.577598469348444610e+02 2.573773497713215761e+02 2.570155384253464490e+02 2.567967954125159054e+02 2.568042269518997500e+02 2.570725953183160755e+02 2.575849572827199836e+02 2.582754427289373211e+02 2.590374827749475912e+02 2.597358878158084394e+02 2.602207632781356779e+02 2.603414223729733976e+02 2.599590840514419483e+02 2.589579552649839229e+02 2.572549773769029002e+02 2.548088216821080607e+02 2.516285301432987467e+02 2.477815424097108519e+02 2.433999019183872576e+02 2.386825010460685803e+02 2.338907153037446562e+02 2.293350961737044145e+02 2.253521761219850248e+02 2.222727618524446882e+02 2.203857742866141223e+02 2.199038166032060815e+02 2.209372885035676290e+02 2.234825139507724145e+02 2.274262424780518757e+02 2.325649763731783253e+02 2.386341830055133926e+02 2.453406921615025453e+02 2.523919061956808605e+02
2.496387292384601153e+02 2.505404653071977066e+02 2.508823658770455722e+02 2.508001240085311281e+02 2.504489310434757101e+02 2.499883782673365431e+02 2.495666920430453786e+02 2.493055705183534201e+02 2.492873803138692779e+02 2.495465269545450724e+02 2.500663213300080656e+02 2.507817343813800619e+02 2.515873558150170766e+02 2.523490083530878678e+02 2.529170929334066216e+02 2.531399362345100030e+02 2.528760489728333312e+02 2.520050025650964187e+02 2.504372800698874642e+02 2.481237133321612305e+02 2.450648724367413536e+02 2.413200647809199779e+02 2.370146115778782416e+02 2.323431124704617332e+02 2.275658911960065609e+02 2.229961419944261820e+02 2.189767041064673094e+02 2.158477610030848268e+02 2.139095201946158795e+02 2.133861579098670518e+02 2.143980669612941767e+02 2.169481907351631946e+02 2.209251543909555267e+02 2.261219455249941745e+02 2.322653681178010459e+02 2.390495481833710869e+02 2.461669147041973247e+02
2.427475557492633982e+02 2.435146020638802327e+02 2.437329772804535821e+02 2.435422595143403441e+02 2.430997455470838133e+02 2.425655879584310810e+02 2.420875000194377265e+02 2.417861747598969373e+02 2.417430461592093991e+02 2.419920929527384601e+02 2.425169285835538631e+02 2.432535331321881245e+02 2.440979495986418897e+02 2.449174417043184349e+02 2.455632669670017094e+02 2.458834385814419079e+02 2.457344981790873533e+02 2.449921158189330583e+02 2.435609581343310879e+02 2.413844800804136526e+02 2.384549963895172766e+02 2.348236234298805414e+02 2.306086421255272114e+02 2.259998377680811643e+02 2.212558339696774397e+02 2.166917642199359193e+02 2.126560574393101888e+02 2.094975415282397648e+02 2.075269232528520718e+02 2.069790554520184287e+02 2.079832850833220164e+02 2.105480143376180990e+02 2.145625555190875673e+02 2.198153266800306085e+02 2.260237468232632807e+02 2.328690418442453449e+02 2.400291320352576179e+02
2.358139313342749688e+02 2.364489472961711556e+02 2.365477092117285167e+02 2.362530737308350126e+02 2.357238451944851931e+02 2.351202101250581791e+02 2.345889493265834460e+02 2.342494532422720965e+02 2.341820450868599721e+02 2.344202087627651849e+02 2.349478953343570709e+02 2.357022329179232258e+02 2.365809691551613412e+02 2.374531840691964817e+02 2.381714965589528390e+02 2.385842303313993682e+02 2.385466675764959632e+02 2.379313139415319256e+02 2.366377069080944011e+02 2.346024797589767275e+02 2.318100440062160601e+02 2.283034291816566963e+02 2.241937208697987387e+02 2.196654947218573284e+02 2.149750750528028789e+02 2.104387677953720015e+02 2.064096791103474686e+02 2.032442274725738400e+02 2.012624204357243514e+02 2.007084552585422728e+02 2.017192162959459836e+02 2.043071665037350897e+02 2.083610818221303020e+02 2.136639483062564011e+02 2.199234783388038466e+02 2.268083473797608747e+02 2.339830342581803961e+02
2.288499017459399170e+02 2.293551506786957646e+02 2.293378409392400954e+02 2.289434917997626542e+02 2.283318265253808761e+02 2.276625587207658157e+02 2.270811411905581281e+02 2.267053845664709968e+02 2.266143345657054340e+02 2.268409112910619854e+02 2.273694233405659020e+02 2.281382558078933016e+02 2.290470685207743884e+02 2.299670784794367648e+02 2.307527111044409764e+02 2.312531688276393993e+02 2.313231437107242527e+02 2.308327017246675723e+02 2.296769654583015097e+02 2.277863739946053556e+02 2.251379029141746457e+02 2.217667438471007415e+02 2.177767815425399078e+02 2.133471073040863075e+02 2.087312016603576126e+02 2.042457337440315825e+02 2.002474195670376105e+02 1.970989558077116044e+02 1.951281271182936052e+02 1.945868119240927285e+02 1.956177513632507328e+02 1.982359423254593764e+02 2.023284518219626023e+02 2.076722104132811921e+02 2.139652971271491424e+02 2.208646717336151823e+02 2.280229295637275300e+02
2.218660901705203798e+02 2.222435690946466593e+02 2.221134610982857680e+02 2.216233332340759432e+02 2.209332534240986661e+02 2.202019769510488061e+02 2.195732551896172424e+02 2.191630589886172231e+02 2.190489982152121797e+02 2.192633570901113842e+02 2.197908054878713244e+02 2.205710645018867808e+02 2.215058704024380063e+02 2.224688433137533821e+02 2.233165992864706766e+02 2.238997280844715192e+02 2.240729536842218010e+02 2.237046046880767562e+02 2.226861169751305738e+02 2.209424202331467200e+02 2.184436211890479171e+02 2.152174531978185712e+02 2.113607336437115407e+02 2.070469109162321217e+02 2.025261370268819689e+02 1.981146111441603921e+02 1.941714725671655799e+02 1.910641807837142494e+02 1.891265233231577270e+02 1.886161544153540603e+02 1.896798208534139292e+02 1.923334816917952139e+02 1.964614322679951783e+02 2.018341834285254777e+02 2.081406226452401143e+02 2.150272405083340459e+02 2.221366856216169197e+02
2.148715762104319822e+02 2.151231680754619333e+02 2.148833939645668067e+02 2.143012619595461103e+02 2.135366278871299528e+02 2.127468250012333897e+02 2.120735503975062954e+02 2.116306902544915829e+02 2.114942667110643413e+02 2.116958518678571011e+02 2.122204645228907793e+02 2.130092119525682222e+02 2.139660295035629360e+02 2.149671536256790318e+02 2.158717147745625766e+02 2.165321380725874292e+02 2.168037509280955248e+02 2.165538186390245130e+02 2.156708242324496325e+02 2.140749199889091301e+02 2.117299995082144619e+02 2.086568373467067659e+02 2.049454471907610014e+02 2.007635878178643907e+02 1.963576611212332921e+02 1.920425538456414642e+02 1.881785520285646385e+02 1.851362050547246270e+02 1.832533391438695389e+02 1.827913071710944166e+02 1.838989105344832922e+02 1.865915122918229088e+02 1.907497170250608463e+02 1.961375102408053124e+02 2.024353588039895442e+02 2.092808673357052385e+02 2.163089524812125717e+02
