BlockUplift_2Ma_1kryTimeStep_2mmyr_k_0.0001_m_0.5_n_1.0_LinDiffusion_0.5_3x6km_30mRes_topographic__elevation.txt
nrows 200
cellsize 30.0
xllcorner 0.0
ncols 100
yllcorner 0.0
[rows 68 to 84 of 200, columns 0 to 36 of 100]
1.840285225217819264e-04 2.190617453436333903e+02 2.200346458719768066e+02 2.219333110531280226e+02 2.246757538616862462e+02 2.281639332426156841e+02 2.323009428369106217e+02 2.370004253438592912e+02 2.421863327939021815e+02 2.477848818036403600e+02 2.537121210760560075e+02 2.598603080098647524e+02 2.660857038195598534e+02 2.722005058787621579e+02 2.779723336942628293e+02 2.831348228764884425e+02 2.874111434599986978e+02 2.905482806057862035e+02 2.923549723330692132e+02 2.927328289735411886e+02 2.916906907218665879e+02 2.893371554054867829e+02 2.858534121432693382e+02 2.814546969093236157e+02 2.763512289624382561e+02 2.707180174970855546e+02 2.646792156261367381e+02 2.583091705245392973e+02 2.516502800822810855e+02 2.447464962368178192e+02 2.376886586303261026e+02 2.306622019363203151e+02 2.239804882293977073e+02 2.180831678807598166e+02 2.134849151636798865e+02 2.106777894365405359e+02 2.100139062230836942e+02
7.097052615938138128e-04 2.186723493987282154e+02 2.196458390098856626e+02 2.215467315723897173e+02 2.242947102924529474e+02 2.277933199268682074e+02 2.319463852246445867e+02 2.366667485010823384e+02 2.418754868136259404e+02 2.474934056548797514e+02 2.534281831540234862e+02 2.595604539869941050e+02 2.657317538026672423e+02 2.717375338190493608e+02 2.773291088950505241e+02 2.822281192679848800e+02 2.861545854843620305e+02 2.888648874493147787e+02 2.901908057477975262e+02 2.900680392678860926e+02 2.885445411601526757e+02 2.857653432416253736e+02 2.819384331572045426e+02 2.772920006438778842e+02 2.720347182372347561e+02 2.663280590818696396e+02 2.602753480237377630e+02 2.539287550761539194e+02 2.473136130729156434e+02 2.404680035285240365e+02 2.334922104502326192e+02 2.265963256139827138e+02 2.201273356446506568e+02 2.145552598460820377e+02 2.104072283442912692e+02 2.081590461698877448e+02 2.081170075844906933e+02
5.358893526119778159e-04 2.182770371152853954e+02 2.192498302336992424e+02 2.211505009743129904e+02 2.239006046615441505e+02 2.274054878824100001e+02 2.315698723839282991e+02 2.363058718307607080e+02 2.415316473151959258e+02 2.471624420648874150e+02 2.530973227405126806e+02 2.592050149716077954e+02 2.653120787268852041e+02 2.711971285475580657e+02 2.765953812804884819e+02 2.812170678233172225e+02 2.847799657248987728e+02 2.870508365702169158e+02 2.878852172682093169e+02 2.872530439114759133e+02 2.852409293483131023e+02 2.820295798829221781e+02 2.778532275172721597e+02 2.729531375433444964e+02 2.675374268215846882e+02 2.617557472493093655e+02 2.556926935700514605e+02 2.493804274336811773e+02 2.428292673366164252e+02 2.360731315087311657e+02 2.292225158910900404e+02 2.225108450370215678e+02 2.163139390914447517e+02 2.111232611929391965e+02 2.074664322240669776e+02 2.057911776860739508e+02 2.063505427112305881e+02
7.865496834250549317e-04 2.178746966990748319e+02 2.188453847905329894e+02 2.207431493843557178e+02 2.234916407120998940e+02 2.269982543619734656e+02 2.311688195321632691e+02 2.359148588925194190e+02 2.411516772159245932e+02 2.467889573230681606e+02 2.527171368112987011e+02 2.587930490241254802e+02 2.648283973976123207e+02 2.705852503299276464e+02 2.757832197349944181e+02 2.801217562296935171e+02 2.833169500589956442e+02 2.851461005175044079e+02 2.854879440746896080e+02 2.843452820722854995e+02 2.818414625261917195e+02 2.781910078085408600e+02 2.736533692585311428e+02 2.684832997800359067e+02 2.628904040575607723e+02 2.570159278130645362e+02 2.509299675531196669e+02 2.446491039991100820e+02 2.381726873672453735e+02 2.315334994388496455e+02 2.248533431337465345e+02 2.183869307802469280e+02 2.125326860763371144e+02 2.077931083373593140e+02 2.046835562288920869e+02 2.036121307377559617e+02 2.047722472380556269e+02
6.899969663971962201e-04 2.174648357070821874e+02 2.184319570007161246e+02 2.203240288994720402e+02 2.230670292472823348e+02 2.265706690875959453e+02 2.307421314476696921e+02 2.354925502596296099e+02 2.407345443467259258e+02 2.463724170500316575e+02 2.522882300347191631e+02 2.583273185132777030e+02 2.642871227230280624e+02 2.699139711808113589e+02 2.749128069430964842e+02 2.789731349692499975e+02 2.818097077472785941e+02 2.832097820207746963e+02 2.830734698085577179e+02 2.814334082800087344e+02 2.784459614047503919e+02 2.743559772312125915e+02 2.694459146231037039e+02 2.639839123524203615e+02 2.581834237421253988e+02 2.521819200583513805e+02 2.460412809169102673e+02 2.397695589360727695e+02 2.333619169163638389e+02 2.268552688242975819e+02 2.203850199633990314e+02 2.142250449299735635e+02 2.087890324716933037e+02 2.045786686127364078e+02 2.020833174650757655e+02 2.016598134181689090e+02 2.034360953249418174e+02
5.208326457469299306e-04 2.170478724113968951e+02 2.180100094003956315e+02 2.198936866039939275e+02 2.226274379920335207e+02 2.261235595513904855e+02 2.302908558528244782e+02 2.350403290194697945e+02 2.402821900192314217e+02 2.459157291188133456e+02 2.518151755961080767e+02 2.578151769682027634e+02 2.637000434252642549e+02 2.692017856511663467e+02 2.740121970393537367e+02 2.778120580901406242e+02 2.803151408258522110e+02 2.813175669078856913e+02 2.807379229864840795e+02 2.786340852069507719e+02 2.751898291026492984e+02 2.706748642767773276e+02 2.653906362304859954e+02 2.596171920246837885e+02 2.535735312417089062e+02 2.473982838814288243e+02 2.411527927773126123e+02 2.348460248558832006e+02 2.284786963684007333e+02 2.220999729431344747e+02 2.158631823902197766e+02 2.100600020291279293e+02 2.051116515967877092e+02 2.015061996067242376e+02 1.996925286240249307e+02 1.999644430315416344e+02 2.023788980060360529e+02
1.326157123512118347e-04 2.166253755714972158e+02 2.175812600113580402e+02 2.194541265757920030e+02 2.221752750353113015e+02 2.256598414353066460e+02 2.298185235109756945e+02 2.345624866261623538e+02 2.397999030971134857e+02 2.454255836452365998e+02 2.513067384017427912e+02 2.572685331916204632e+02 2.630838075793477628e+02 2.684722992366340577e+02 2.731148017273400228e+02 2.766850915020247612e+02 2.788965254962160429e+02 2.795527821718379755e+02 2.785873179448250880e+02 2.760774733458951573e+02 2.722272544867636839e+02 2.673239034475100198e+02 2.616818231317398613e+02 2.555895472540525475e+02 2.492717366313230514e+02 2.428722543266664786e+02 2.364597743054438865e+02 2.300549766146891386e+02 2.236761828034770758e+02 2.173956435004149341e+02 2.113913467075149981e+02 2.059730091958880394e+02 2.015623402877908745e+02 1.986211487558055637e+02 1.975435143449097382e+02 1.985489022410686744e+02 2.016183395118134456e+02
1.061506977583670546e-05 2.162001255599267893e+02 2.171487152578465611e+02 2.190087882032559321e+02 2.217145894186604096e+02 2.251843221372981532e+02 2.293308379990363619e+02 2.340657810373968744e+02 2.392957196635890682e+02 2.449116452039319256e+02 2.507747685565884694e+02 2.567022846654021464e+02 2.624576311300775728e+02 2.677508107274541089e+02 2.722542872125623603e+02 2.756370114414462478e+02 2.776127885293218469e+02 2.779916061383758006e+02 2.767179685506156375e+02 2.738823974468729148e+02 2.697011312081282881e+02 2.644704518505398028e+02 2.585101464278378103e+02 2.521119233704580438e+02 2.455041576837558921e+02 2.388381215756251947e+02 2.321963776277905822e+02 2.256217508313344524e+02 2.191629138362069398e+02 2.129275947631537065e+02 2.071271873431563506e+02 2.020917295196059627e+02 1.982382634718263716e+02 1.959914638450091786e+02 1.956780338508633292e+02 1.974334248624319343e+02 2.011589658554149196e+02
3.539348054547032359e-04 2.157759017074948531e+02 2.167163944941979992e+02 2.185621489872650614e+02 2.212505003197194640e+02 2.247029130661239833e+02 2.288346360263143424e+02 2.335581151425887185e+02 2.387787884137042056e+02 2.443845615260401019e+02 2.502317788787421478e+02 2.561313312521747889e+02 2.618395207871604384e+02 2.670593821125597174e+02 2.714579579676703815e+02 2.747017810421529589e+02 2.765061837900232717e+02 2.766864396556179031e+02 2.751945418926743514e+02 2.721282102725571690e+02 2.677081733835231603e+02 2.622312939127322124e+02 2.560147406713018654e+02 2.493469857673245542e+02 2.424563387338604628e+02 2.355012487756043242e+02 2.285821158344219270e+02 2.217720272890944671e+02 2.151611963068549471e+02 2.089047266811563190e+02 2.032568340633785056e+02 1.985719388971235446e+02 1.952599849898141144e+02 1.937010260552456486e+02 1.941453968072079306e+02 1.966379859621348487e+02 2.009986594349165614e+02
7.959797615366401074e-04 2.153569765417014423e+02 2.162887501874634779e+02 2.181190017680407607e+02 2.207882714684323844e+02 2.242214522940313657e+02 2.283364200240391142e+02 2.330467496543462289e+02 2.382572393602053751e+02 2.438534630603469111e+02 2.496880405540123604e+02 2.555672071637010561e+02 2.612423349249041848e+02 2.664121441839313320e+02 2.707410138277946885e+02 2.738953279270434109e+02 2.755930032109936292e+02 2.756538059011490986e+02 2.740342668517592415e+02 2.708343467485222504e+02 2.662728607013489750e+02 2.606401691314544564e+02 2.542438327509087230e+02 2.473628949501525938e+02 2.402209141512247186e+02 2.329811401883585802e+02 2.257625513765146081e+02 2.186728080969593293e+02 2.118511304124087644e+02 2.055090313495209102e+02 1.999516655958785236e+02 1.955626277623092619e+02 1.927451394351889178e+02 1.918315460562126873e+02 1.929918308263534925e+02 1.961781672980598614e+02 2.011299458221828047e+02
4.645001388458952453e-04 2.149473716070046692e+02 2.158698727807222895e+02 2.176835626326253532e+02 2.203322843754947371e+02 2.237445146035651078e+02 2.278409848230816408e+02 2.325367332046747606e+02 2.377364108871616963e+02 2.433239891505807861e+02 2.491494232271841156e+02 2.550157674360131637e+02 2.606713705095387468e+02 2.658128588889895241e+02 2.701041734293171999e+02 2.732132993473802003e+02 2.748614725073767886e+02 2.748722647193238231e+02 2.732045299031401555e+02 2.699569684103321379e+02 2.653421575118818510e+02 2.596392766924947750e+02 2.531415554918458781e+02 2.461140022092886284e+02 2.387711272185217410e+02 2.312774246637011970e+02 2.237683375452980101e+02 2.163861423112641660e+02 2.093215290923139378e+02 2.028467467692685489e+02 1.973227717007081310e+02 1.931663715448819687e+02 1.907764395406555877e+02 1.904388700725496619e+02 1.922447211493795294e+02 1.960561788665991685e+02 2.015362089901315414e+02
6.663241685299370071e-05 2.145500003276327163e+02 2.154626294404202724e+02 2.172586047197598305e+02 2.198851712266083496e+02 2.232745516545605540e+02 2.273505754718445360e+02 2.320300893787355392e+02 2.372180812928539524e+02 2.427975916236401872e+02 2.486168267794179201e+02 2.544768575278471872e+02 2.601244650495011683e+02 2.652557643870401307e+02 2.695357080711012827e+02 2.726348544330656978e+02 2.742779374912216781e+02 2.742915811854027197e+02 2.726354036403509440e+02 2.694048322388213705e+02 2.648041365938302079e+02 2.590994047899858401e+02 2.525676905355117299e+02 2.454578466014600053e+02 2.379725873933197988e+02 2.302741972835619606e+02 2.225107711488604707e+02 2.148557118159133950e+02 2.075487262822863102e+02 2.009218041429296306e+02 1.953922287197667629e+02 1.914117273552850236e+02 1.893778949815508099e+02 1.895346175631447636e+02 1.918999797373652711e+02 1.962531646231187210e+02 2.021874588513045410e+02
8.826015607886622538e-04 2.141659144562931942e+02 2.150679513139927508e+02 2.168448277097490404e+02 2.194473079813009520e+02 2.228115478772426457e+02 2.268647405213219201e+02 2.315258970480184360e+02 2.367008053429374286e+02 2.422721684535827933e+02 2.480871875439840721e+02 2.539458374426486671e+02 2.595943004789560860e+02 2.647290873375251863e+02 2.690167963112493226e+02 2.721307053218073406e+02 2.737985968017559912e+02 2.738492003421405343e+02 2.722417830771443050e+02 2.690676639587222780e+02 2.645226074061906729e+02 2.588601042158228438e+02 2.523418673136968948e+02 2.452010946371928526e+02 2.376281065236465508e+02 2.297807199113651393e+02 2.218156368052678715e+02 2.139319409667385514e+02 2.064123308328590269e+02 1.996430096162617360e+02 1.940936863473994549e+02 1.902498586731723265e+02 1.885100631827231723e+02 1.890819789127367585e+02 1.919193069300463321e+02 1.967278725119392391e+02 2.030397038454946141e+02
1.729906051994496458e-04 2.137939484159331869e+02 2.146845390781952005e+02 2.164406833780086856e+02 2.190168136920484869e+02 2.223532397458569960e+02 2.263808084571430186e+02 2.310210534102480153e+02 2.361809913210614695e+02 2.417434925508897265e+02 2.475553284256890265e+02 2.534159872932303870e+02 2.590716058562403532e+02 2.642194392986405660e+02 2.685277042023664649e+02 2.716718776103329560e+02 2.733818159155307512e+02 2.734871865172376033e+02 2.719459976234508645e+02 2.688453135933013982e+02 2.643733468604012842e+02 2.587730300224993698e+02 2.522934223432563670e+02 2.451546116038000491e+02 2.375359694988750618e+02 2.295903094345132729e+02 2.214798571202155131e+02 2.134237040729431953e+02 2.057398975384550397e+02 1.988605482444858978e+02 1.933006504516693838e+02 1.895754445279347919e+02 1.880849410516014188e+02 1.890060069110608936e+02 1.922370317561139075e+02 1.974208100527011425e+02 2.040368875997610019e+02
4.707794066092438876e-04 2.134310183651026875e+02 2.143092143256845361e+02 2.160428264492676931e+02 2.185901388748560521e+02 2.218958688798181242e+02 2.258948228195126831e+02 2.305114021436116616e+02 2.356542334662968585e+02 2.412067698652722640e+02 2.470157885450795732e+02 2.528806986473598784e+02 2.585478695757664696e+02 2.637153042334703628e+02 2.680524190946594558e+02 2.712359868667860496e+02 2.729966596916308390e+02 2.731637169979775877e+02 2.716930262467697617e+02 2.686674641781282844e+02 2.642690315560714680e+02 2.587327086327153438e+02 2.522983804582581229e+02 2.451766525491782431e+02 2.375387835992310954e+02 2.295336270624429744e+02 2.213273269750263808e+02 2.131542806819659575e+02 2.053603492372128869e+02 1.984143712161582300e+02 1.928678471815766784e+02 1.892597886122870250e+02 1.879904237859066143e+02 1.892098016433614305e+02 1.927690163181679850e+02 1.982572895557191828e+02 2.051097341467585977e+02
1.150140003748908400e-04 2.130731213325872773e+02 2.139379466241577461e+02 2.156471903058644557e+02 2.181631988729818659e+02 2.214353699700031939e+02 2.254027730207561433e+02 2.299929928332709324e+02 2.351165898138192745e+02 2.406579357442645062e+02 2.464641536782634432e+02 2.523348739136156098e+02 2.580168639824281627e+02 2.632087659686425241e+02 2.675806769724906644e+02 2.708096812308330072e+02 2.726258895903510506e+02 2.728568170780478681e+02 2.714552364167413430e+02 2.684997774919953599e+02 2.641673811083127816e+02 2.586874753034337573e+02 2.522941387989697262e+02 2.451922598511591787e+02 2.375483418400173719e+02 2.295092661209982623e+02 2.212447356908482732e+02 2.130010290385955614e+02 2.051452653021138701e+02 1.981742625534764670e+02 1.926670636091582480e+02 1.891797861981342521e+02 1.881105983490680558e+02 1.895855140915016364e+02 1.934150286159710106e+02 1.991429316367428441e+02 2.061668602294305970e+02
4.603609292435284825e-05 2.127167834637224928e+02 2.135673101522111210e+02 2.152504522869126049e+02 2.177328353849494249e+02 2.209688040169052670e+02 2.249019677319024879e+02 2.294633628046295257e+02 2.345657464410081161e+02 2.400946835533121089e+02 2.458979364463103536e+02 2.517756417230044974e+02 2.574751611104600215e+02 2.626957519546307935e+02 2.671078064028130257e+02 2.703878942350099237e+02 2.722643837685126869e+02 2.725616993670223565e+02 2.712284650570225040e+02 2.683387109188951740e+02 2.640649815940718099e+02 2.586329280062491307e+02 2.522735422325406773e+02 2.451892395176990647e+02 2.375448799268281164e+02 2.294874837578274764e+02 2.211904433150622822e+02 2.129092436089369187e+02 2.050265487707892760e+02 1.980591892188014924e+02 1.926054247009868163e+02 1.892322989220322711e+02 1.883339684868309405e+02 1.900153156536444214e+02 1.940527766685669633e+02 1.999524204648519117e+02 2.070808150422427332e+02
