BlockUplift_2Ma_1kryTimeStep_2mmyr_k_0.0001_m_0.5_n_1.0_LinDiffusion_0.5_3x6km_30mRes_drainage_area.txt
nrows 200
cellsize 30.0
xllcorner 0.0
ncols 100
yllcorner 0.0
[rows 102 to 118 of 200, columns 37 to 73 of 100]
3.150000000000000000e+04 4.091400000000000000e+06 1.080000000000000000e+04 3.600000000000000000e+03 4.500000000000000000e+03 5.400000000000000000e+03 7.200000000000000000e+03 3.645000000000000000e+05 1.449000000000000000e+05 9.900000000000000000e+04 9.540000000000000000e+04 1.800000000000000000e+04 1.710000000000000000e+04 1.620000000000000000e+04 1.530000000000000000e+04 1.440000000000000000e+04 1.350000000000000000e+04 1.260000000000000000e+04 1.170000000000000000e+04 1.080000000000000000e+04 9.900000000000000000e+03 9.000000000000000000e+03 8.100000000000000000e+03 7.200000000000000000e+03 6.300000000000000000e+03 5.400000000000000000e+03 4.500000000000000000e+03 3.600000000000000000e+03 2.700000000000000000e+03 1.800000000000000000e+03 9.000000000000000000e+02 9.000000000000000000e+02 1.800000000000000000e+03 1.800000000000000000e+03 2.700000000000000000e+03 2.700000000000000000e+03 3.600000000000000000e+03
2.970000000000000000e+04 3.240000000000000000e+04 4.103100000000000000e+06 4.500000000000000000e+03 5.400000000000000000e+03 1.350000000000000000e+04 3.654000000000000000e+05 1.458000000000000000e+05 9.990000000000000000e+04 1.143000000000000000e+05 1.800000000000000000e+04 1.710000000000000000e+04 1.620000000000000000e+04 1.530000000000000000e+04 1.440000000000000000e+04 1.350000000000000000e+04 1.260000000000000000e+04 1.170000000000000000e+04 1.080000000000000000e+04 9.900000000000000000e+03 9.000000000000000000e+03 8.100000000000000000e+03 7.200000000000000000e+03 6.300000000000000000e+03 5.400000000000000000e+03 4.500000000000000000e+03 3.600000000000000000e+03 2.700000000000000000e+03 1.800000000000000000e+03 9.000000000000000000e+02 9.000000000000000000e+02 9.000000000000000000e+02 1.800000000000000000e+03 2.700000000000000000e+03 2.700000000000000000e+03 3.600000000000000000e+03 3.600000000000000000e+03
1.530000000000000000e+04 3.060000000000000000e+04 4.136400000000000000e+06 5.400000000000000000e+03 6.300000000000000000e+03 3.798000000000000000e+05 1.467000000000000000e+05 1.008000000000000000e+05 1.332000000000000000e+05 1.800000000000000000e+04 1.710000000000000000e+04 1.620000000000000000e+04 1.530000000000000000e+04 1.440000000000000000e+04 1.350000000000000000e+04 1.260000000000000000e+04 1.170000000000000000e+04 1.080000000000000000e+04 9.900000000000000000e+03 9.000000000000000000e+03 8.100000000000000000e+03 7.200000000000000000e+03 6.300000000000000000e+03 5.400000000000000000e+03 4.500000000000000000e+03 3.600000000000000000e+03 2.700000000000000000e+03 1.800000000000000000e+03 9.000000000000000000e+02 1.800000000000000000e+03 9.000000000000000000e+02 9.000000000000000000e+02 1.800000000000000000e+03 2.700000000000000000e+03 3.600000000000000000e+03 3.600000000000000000e+03 4.500000000000000000e+03
1.530000000000000000e+04 1.620000000000000000e+04 3.150000000000000000e+04 4.142700000000000000e+06 3.870000000000000000e+05 1.476000000000000000e+05 1.017000000000000000e+05 1.548000000000000000e+05 2.070000000000000000e+04 1.980000000000000000e+04 1.890000000000000000e+04 1.800000000000000000e+04 1.710000000000000000e+04 1.620000000000000000e+04 1.530000000000000000e+04 1.440000000000000000e+04 1.350000000000000000e+04 1.260000000000000000e+04 1.170000000000000000e+04 1.080000000000000000e+04 9.900000000000000000e+03 9.000000000000000000e+03 8.100000000000000000e+03 7.200000000000000000e+03 6.300000000000000000e+03 5.400000000000000000e+03 4.500000000000000000e+03 3.600000000000000000e+03 2.700000000000000000e+03 9.000000000000000000e+02 9.000000000000000000e+02 1.800000000000000000e+03 1.800000000000000000e+03 2.700000000000000000e+03 3.600000000000000000e+03 4.500000000000000000e+03 4.500000000000000000e+03
1.440000000000000000e+04 1.620000000000000000e+04 1.710000000000000000e+04 4.175100000000000000e+06 5.355000000000000000e+05 1.026000000000000000e+05 1.557000000000000000e+05 1.800000000000000000e+04 1.710000000000000000e+04 1.620000000000000000e+04 1.530000000000000000e+04 1.440000000000000000e+04 1.350000000000000000e+04 1.260000000000000000e+04 1.170000000000000000e+04 1.080000000000000000e+04 9.900000000000000000e+03 9.000000000000000000e+03 8.100000000000000000e+03 7.200000000000000000e+03 6.300000000000000000e+03 5.400000000000000000e+03 4.500000000000000000e+03 3.600000000000000000e+03 2.700000000000000000e+03 1.800000000000000000e+03 9.000000000000000000e+02 9.000000000000000000e+02 1.800000000000000000e+03 9.000000000000000000e+02 9.000000000000000000e+02 1.800000000000000000e+03 2.700000000000000000e+03 2.700000000000000000e+03 3.600000000000000000e+03 4.500000000000000000e+03 5.400000000000000000e+03
1.440000000000000000e+04 1.530000000000000000e+04 1.710000000000000000e+04 4.193100000000000000e+06 6.390000000000000000e+05 1.566000000000000000e+05 1.890000000000000000e+04 1.710000000000000000e+04 1.620000000000000000e+04 1.530000000000000000e+04 1.440000000000000000e+04 1.350000000000000000e+04 1.260000000000000000e+04 1.170000000000000000e+04 1.080000000000000000e+04 9.900000000000000000e+03 9.000000000000000000e+03 8.100000000000000000e+03 7.200000000000000000e+03 6.300000000000000000e+03 5.400000000000000000e+03 4.500000000000000000e+03 3.600000000000000000e+03 2.700000000000000000e+03 1.800000000000000000e+03 9.000000000000000000e+02 1.800000000000000000e+03 2.700000000000000000e+03 1.800000000000000000e+03 9.000000000000000000e+02 9.000000000000000000e+02 1.800000000000000000e+03 2.700000000000000000e+03 3.600000000000000000e+03 3.600000000000000000e+03 8.100000000000000000e+03 1.350000000000000000e+04
1.440000000000000000e+04 1.530000000000000000e+04 1.620000000000000000e+04 4.211100000000000000e+06 7.965000000000000000e+05 1.980000000000000000e+04 1.800000000000000000e+04 9.000000000000000000e+02 1.440000000000000000e+04 1.350000000000000000e+04 1.260000000000000000e+04 1.170000000000000000e+04 1.080000000000000000e+04 9.900000000000000000e+03 9.000000000000000000e+03 8.100000000000000000e+03 7.200000000000000000e+03 6.300000000000000000e+03 5.400000000000000000e+03 4.500000000000000000e+03 3.600000000000000000e+03 2.700000000000000000e+03 1.800000000000000000e+03 9.000000000000000000e+02 9.000000000000000000e+02 2.700000000000000000e+03 3.600000000000000000e+03 2.700000000000000000e+03 1.800000000000000000e+03 9.000000000000000000e+02 1.800000000000000000e+03 9.000000000000000000e+02 2.700000000000000000e+03 3.600000000000000000e+03 8.100000000000000000e+03 9.000000000000000000e+03 9.900000000000000000e+03
9.000000000000000000e+02 1.530000000000000000e+04 1.620000000000000000e+04 4.228200000000000000e+06 8.172000000000000000e+05 1.890000000000000000e+04 1.800000000000000000e+03 1.530000000000000000e+04 9.000000000000000000e+02 9.900000000000000000e+03 9.000000000000000000e+03 8.100000000000000000e+03 7.200000000000000000e+03 6.300000000000000000e+03 5.400000000000000000e+03 4.500000000000000000e+03 3.600000000000000000e+03 2.700000000000000000e+03 1.800000000000000000e+03 9.000000000000000000e+02 9.000000000000000000e+02 9.000000000000000000e+02 9.000000000000000000e+02 1.800000000000000000e+03 3.600000000000000000e+03 4.500000000000000000e+03 3.600000000000000000e+03 2.700000000000000000e+03 1.800000000000000000e+03 9.000000000000000000e+02 2.700000000000000000e+03 9.000000000000000000e+02 1.800000000000000000e+03 3.600000000000000000e+03 4.500000000000000000e+03 5.400000000000000000e+03 6.300000000000000000e+03
1.440000000000000000e+04 1.800000000000000000e+03 1.620000000000000000e+04 4.245300000000000000e+06 8.370000000000000000e+05 2.700000000000000000e+03 1.620000000000000000e+04 1.800000000000000000e+03 1.080000000000000000e+04 9.000000000000000000e+02 9.000000000000000000e+02 9.000000000000000000e+02 2.700000000000000000e+03 1.800000000000000000e+03 9.000000000000000000e+02 9.000000000000000000e+02 9.000000000000000000e+02 9.000000000000000000e+02 9.000000000000000000e+02 1.800000000000000000e+03 1.800000000000000000e+03 1.800000000000000000e+03 2.700000000000000000e+03 4.500000000000000000e+03 5.400000000000000000e+03 4.500000000000000000e+03 3.600000000000000000e+03 2.700000000000000000e+03 1.800000000000000000e+03 9.000000000000000000e+02 3.600000000000000000e+03 9.000000000000000000e+02 1.800000000000000000e+03 2.700000000000000000e+03 3.600000000000000000e+03 4.500000000000000000e+03 5.400000000000000000e+03
1.440000000000000000e+04 1.530000000000000000e+04 2.700000000000000000e+03 4.262400000000000000e+06 8.379000000000000000e+05 1.980000000000000000e+04 2.700000000000000000e+03 1.170000000000000000e+04 1.800000000000000000e+03 1.800000000000000000e+03 1.800000000000000000e+03 3.600000000000000000e+03 9.000000000000000000e+02 9.000000000000000000e+02 1.800000000000000000e+03 1.800000000000000000e+03 1.800000000000000000e+03 1.800000000000000000e+03 2.700000000000000000e+03 2.700000000000000000e+03 2.700000000000000000e+03 3.600000000000000000e+03 5.400000000000000000e+03 6.300000000000000000e+03 5.400000000000000000e+03 4.500000000000000000e+03 3.600000000000000000e+03 2.700000000000000000e+03 1.800000000000000000e+03 4.500000000000000000e+03 9.000000000000000000e+02 9.000000000000000000e+02 1.800000000000000000e+03 2.700000000000000000e+03 3.600000000000000000e+03 4.500000000000000000e+03 5.400000000000000000e+03
1.440000000000000000e+04 1.530000000000000000e+04 1.620000000000000000e+04 4.266000000000000000e+06 8.388000000000000000e+05 2.340000000000000000e+04 1.260000000000000000e+04 2.700000000000000000e+03 2.700000000000000000e+03 2.700000000000000000e+03 4.500000000000000000e+03 1.800000000000000000e+03 1.800000000000000000e+03 2.700000000000000000e+03 2.700000000000000000e+03 2.700000000000000000e+03 2.700000000000000000e+03 3.600000000000000000e+03 3.600000000000000000e+03 3.600000000000000000e+03 4.500000000000000000e+03 6.300000000000000000e+03 7.200000000000000000e+03 6.300000000000000000e+03 5.400000000000000000e+03 4.500000000000000000e+03 3.600000000000000000e+03 2.700000000000000000e+03 5.400000000000000000e+03 1.800000000000000000e+03 9.000000000000000000e+02 1.800000000000000000e+03 9.000000000000000000e+02 2.700000000000000000e+03 9.000000000000000000e+02 1.800000000000000000e+03 2.700000000000000000e+03
2.790000000000000000e+04 1.530000000000000000e+04 1.620000000000000000e+04 4.283100000000000000e+06 8.397000000000000000e+05 2.430000000000000000e+04 1.620000000000000000e+04 3.600000000000000000e+03 3.600000000000000000e+03 5.400000000000000000e+03 2.700000000000000000e+03 2.700000000000000000e+03 3.600000000000000000e+03 3.600000000000000000e+03 3.600000000000000000e+03 3.600000000000000000e+03 4.500000000000000000e+03 4.500000000000000000e+03 4.500000000000000000e+03 5.400000000000000000e+03 7.200000000000000000e+03 8.100000000000000000e+03 7.200000000000000000e+03 6.300000000000000000e+03 5.400000000000000000e+03 4.500000000000000000e+03 3.600000000000000000e+03 6.300000000000000000e+03 2.700000000000000000e+03 1.800000000000000000e+03 2.700000000000000000e+03 9.000000000000000000e+02 9.000000000000000000e+02 1.800000000000000000e+03 3.600000000000000000e+03 4.500000000000000000e+03 5.400000000000000000e+03
1.350000000000000000e+04 2.880000000000000000e+04 1.620000000000000000e+04 4.300200000000000000e+06 8.406000000000000000e+05 2.520000000000000000e+04 2.070000000000000000e+04 4.500000000000000000e+03 6.300000000000000000e+03 3.600000000000000000e+03 3.600000000000000000e+03 4.500000000000000000e+03 4.500000000000000000e+03 4.500000000000000000e+03 4.500000000000000000e+03 5.400000000000000000e+03 5.400000000000000000e+03 5.400000000000000000e+03 6.300000000000000000e+03 8.100000000000000000e+03 9.000000000000000000e+03 8.100000000000000000e+03 7.200000000000000000e+03 6.300000000000000000e+03 5.400000000000000000e+03 4.500000000000000000e+03 7.200000000000000000e+03 3.600000000000000000e+03 2.700000000000000000e+03 3.600000000000000000e+03 1.800000000000000000e+03 9.000000000000000000e+02 1.800000000000000000e+03 9.000000000000000000e+02 2.700000000000000000e+03 9.000000000000000000e+02 1.800000000000000000e+03
1.260000000000000000e+04 2.700000000000000000e+04 2.970000000000000000e+04 1.710000000000000000e+04 5.141700000000000000e+06 2.610000000000000000e+04 2.160000000000000000e+04 1.170000000000000000e+04 4.500000000000000000e+03 4.500000000000000000e+03 5.400000000000000000e+03 5.400000000000000000e+03 5.400000000000000000e+03 5.400000000000000000e+03 6.300000000000000000e+03 6.300000000000000000e+03 6.300000000000000000e+03 7.200000000000000000e+03 9.000000000000000000e+03 9.900000000000000000e+03 9.000000000000000000e+03 8.100000000000000000e+03 7.200000000000000000e+03 6.300000000000000000e+03 5.400000000000000000e+03 8.100000000000000000e+03 4.500000000000000000e+03 3.600000000000000000e+03 4.500000000000000000e+03 2.700000000000000000e+03 1.800000000000000000e+03 9.000000000000000000e+02 2.700000000000000000e+03 9.000000000000000000e+02 1.800000000000000000e+03 3.600000000000000000e+03 9.000000000000000000e+02
1.350000000000000000e+04 1.440000000000000000e+04 2.790000000000000000e+04 3.060000000000000000e+04 5.159700000000000000e+06 2.700000000000000000e+04 2.250000000000000000e+04 1.260000000000000000e+04 9.900000000000000000e+03 6.300000000000000000e+03 6.300000000000000000e+03 6.300000000000000000e+03 6.300000000000000000e+03 7.200000000000000000e+03 7.200000000000000000e+03 7.200000000000000000e+03 8.100000000000000000e+03 9.900000000000000000e+03 1.080000000000000000e+04 9.900000000000000000e+03 9.000000000000000000e+03 8.100000000000000000e+03 7.200000000000000000e+03 6.300000000000000000e+03 9.000000000000000000e+03 5.400000000000000000e+03 4.500000000000000000e+03 5.400000000000000000e+03 3.600000000000000000e+03 2.700000000000000000e+03 1.800000000000000000e+03 3.600000000000000000e+03 9.000000000000000000e+02 9.000000000000000000e+02 1.800000000000000000e+03 2.700000000000000000e+03 4.500000000000000000e+03
1.170000000000000000e+04 1.260000000000000000e+04 2.790000000000000000e+04 2.880000000000000000e+04 3.150000000000000000e+04 5.187600000000000000e+06 2.340000000000000000e+04 1.350000000000000000e+04 1.080000000000000000e+04 1.350000000000000000e+04 7.200000000000000000e+03 7.200000000000000000e+03 8.100000000000000000e+03 8.100000000000000000e+03 8.100000000000000000e+03 9.000000000000000000e+03 1.080000000000000000e+04 1.170000000000000000e+04 1.080000000000000000e+04 9.900000000000000000e+03 9.000000000000000000e+03 8.100000000000000000e+03 7.200000000000000000e+03 9.900000000000000000e+03 6.300000000000000000e+03 5.400000000000000000e+03 6.300000000000000000e+03 4.500000000000000000e+03 3.600000000000000000e+03 2.700000000000000000e+03 4.500000000000000000e+03 1.800000000000000000e+03 9.000000000000000000e+02 1.800000000000000000e+03 9.000000000000000000e+02 2.700000000000000000e+03 3.600000000000000000e+03
1.350000000000000000e+04 1.440000000000000000e+04 1.530000000000000000e+04 2.880000000000000000e+04 2.970000000000000000e+04 5.220000000000000000e+06 2.430000000000000000e+04 1.440000000000000000e+04 1.170000000000000000e+04 1.440000000000000000e+04 1.530000000000000000e+04 9.000000000000000000e+03 9.000000000000000000e+03 9.000000000000000000e+03 9.900000000000000000e+03 1.170000000000000000e+04 1.260000000000000000e+04 1.170000000000000000e+04 1.080000000000000000e+04 9.900000000000000000e+03 9.000000000000000000e+03 8.100000000000000000e+03 1.080000000000000000e+04 7.200000000000000000e+03 6.300000000000000000e+03 7.200000000000000000e+03 5.400000000000000000e+03 4.500000000000000000e+03 3.600000000000000000e+03 5.400000000000000000e+03 2.700000000000000000e+03 1.800000000000000000e+03 9.000000000000000000e+02 2.700000000000000000e+03 9.000000000000000000e+02 1.800000000000000000e+03 3.600000000000000000e+03
