BlockUplift_2Ma_1kryTimeStep_5mmyr_k_5e-05_m_0.5_n_1.0_LinDiffusion_1.0_6x3km_30mRes_topographic__elevation.txt
nrows 100
cellsize 30.0
xllcorner 0.0
ncols 200
yllcorner 0.0
[rows 34 to 50 of 100, columns 74 to 110 of 200]
1.745896533889602154e+02 1.780868650492885763e+02 1.819273036135349173e+02 1.859991857500201036e+02 1.901966484991129107e+02 1.944232153743306526e+02 1.985931773836584853e+02 2.026313281751774866e+02 2.064718855092183389e+02 2.100575482277185984e+02 2.133394399907452907e+02 2.162782441775520397e+02 2.188462809578653037e+02 2.210297902404159913e+02 2.228304170307993957e+02 2.242649425435535591e+02 2.253626711439827375e+02 2.261604810791504576e+02 2.266962123998813468e+02 2.270016049214377745e+02 2.270962469060656872e+02 2.269838656895476561e+02 2.266518071726983692e+02 2.260738375979009618e+02 2.252156507512379449e+02 2.240418790788718013e+02 2.225231401149027590e+02 2.206417559230736742e+02 2.183952074815408082e+02 2.157969832681254729e+02 2.128750699384906966e+02 2.096687571504702987e+02 2.062246070889614771e+02 2.025923812574590670e+02 1.988215022096995597e+02 1.949583635411079285e+02 1.910445787446648751e+02
1.716020356569901537e+02 1.751051102938015163e+02 1.789511661280534724e+02 1.830265936724721882e+02 1.872241699068105447e+02 1.914465107508408437e+02 1.956073765593654343e+02 1.996313224046448909e+02 2.034525643231559116e+02 2.070140283420199694e+02 2.102673297224932298e+02 2.131739665719316008e+02 2.157074499658399418e+02 2.178556053870166807e+02 2.196220208447288940e+02 2.210256769918829605e+02 2.220981761999826460e+02 2.228785980568152070e+02 2.234066814164057178e+02 2.237155734135668865e+02 2.238256294857577871e+02 2.237406124075515663e+02 2.234471474462246761e+02 2.229175714188235133e+02 2.221155572873254869e+02 2.210033041577874258e+02 2.195488069806582985e+02 2.177318184745366807e+02 2.155475353159510803e+02 2.130076391527987028e+02 2.101389191251724071e+02 2.069801382669690213e+02 2.035779961803123967e+02 1.999829899199659451e+02 1.962457616136316005e+02 1.924142531781970149e+02 1.885317599587500013e+02
1.686581225003552049e+02 1.721645222561456592e+02 1.760137255656502475e+02 1.800903420144564393e+02 1.842857865849348968e+02 1.885017294670047363e+02 1.926513409108170265e+02 1.966588723503205074e+02 2.004584819116608685e+02 2.039932875802696799e+02 2.072153908252236647e+02 2.100871338401854871e+02 2.125832830469063879e+02 2.146933446168739010e+02 2.164229669231651485e+02 2.177934588830185305e+02 2.188388502543630523e+02 2.196005428437617866e+02 2.201202804258727213e+02 2.204327048348418998e+02 2.205590039107767382e+02 2.205030140576550082e+02 2.202506435203142416e+02 2.197727590650686693e+02 2.190309186391169192e+02 2.179847348868440804e+02 2.165993702122121363e+02 2.148517526540384779e+02 2.127345141745703643e+02 2.102572501792474782e+02 2.074453011461899052e+02 2.043367044205647574e+02 2.009781672671285833e+02 1.974208718786805434e+02 1.937167137706053950e+02 1.899153048172720730e+02 1.860618379327329990e+02
1.657555279141713527e+02 1.692631739835654230e+02 1.731134565235152252e+02 1.771892270533024885e+02 1.813805246530293118e+02 1.855880321190581697e+02 1.897242725788333360e+02 1.937131350779926606e+02 1.974886726254570419e+02 2.009941712044959559e+02 2.041822266831970580e+02 2.070160704917196597e+02 2.094718061623540564e+02 2.115407331784213625e+02 2.132306935680942956e+02 2.145654660379015297e+02 2.155816456198237177e+02 2.163230816960283391e+02 2.168336309068849346e+02 2.171495186274726734e+02 2.172928339764853263e+02 2.172675330312480071e+02 2.170588234356731334e+02 2.166360780976976343e+02 2.159586639467133011e+02 2.149834697744374523e+02 2.136726246030459606e+02 2.119999755222852116e+02 2.099552964413532266e+02 2.075457922095700098e+02 2.047950684299781301e+02 2.017401953746401659e+02 1.984277116298406156e+02 1.949093852568764476e+02 1.912383481089078145e+02 1.874659492036039410e+02 1.836394340491740707e+02
1.628920868073359998e+02 1.663992788677657018e+02 1.702489148666741698e+02 1.743220830340888767e+02 1.785074148483089118e+02 1.827045556999714222e+02 1.868253238649448633e+02 1.907931923273588382e+02 1.945420712700326078e+02 1.980154037905714404e+02 2.011663043662092605e+02 2.039589569142542302e+02 2.063709026580836792e+02 2.083953647051837379e+02 2.100425266259903765e+02 2.113387884090402338e+02 2.123234530327933953e+02 2.130429431727677922e+02 2.135433342725309842e+02 2.138625226698384836e+02 2.140235699731841521e+02 2.140306066254449604e+02 2.138681722495814199e+02 2.135041451053722312e+02 2.128956524009614668e+02 2.119967491448323074e+02 2.107663528787178109e+02 2.091749868251012288e+02 2.072092739548879763e+02 2.048737100456271492e+02 2.021898508654238924e+02 1.991935165286149356e+02 1.959308482703177390e+02 1.924540399729429794e+02 1.888173748902387103e+02 1.850739315601540511e+02 1.812730807328404126e+02
1.600659741366794151e+02 1.635712842469624775e+02 1.674188055000437600e+02 1.714878260128175214e+02 1.756655157088995338e+02 1.798504201035751464e+02 1.839535913114796983e+02 1.878980364372214638e+02 1.916174949959417404e+02 1.950555709107291307e+02 1.981659394686799374e+02 2.009138200721796181e+02 2.032783116688329415e+02 2.052547081779335656e+02 2.068556948285615817e+02 2.081104506724225871e+02 2.090611296051914394e+02 2.097568490240956294e+02 2.102460029466062679e+02 2.105682415941912211e+02 2.107476711144520607e+02 2.107886601974520033e+02 2.106751321968510240e+02 2.103734988293520587e+02 2.098386351734269226e+02 2.090216920636156885e+02 2.078782348829504087e+02 2.063752496883237768e+02 2.044959323945172969e+02 2.022417514393715976e+02 1.996318796214889630e+02 1.967005670231443730e+02 1.934932745596768768e+02 1.900623919051855921e+02 1.864631850664022181e+02 1.827503587554953697e+02 1.789753753172640245e+02
1.572758153845035451e+02 1.607779628572715183e+02 1.646220510760329034e+02 1.686854995530616463e+02 1.728539384956426659e+02 1.770247360706521818e+02 1.811081112534463671e+02 1.850265582874133372e+02 1.887136282062653265e+02 1.921131050709690271e+02 1.951792863914026555e+02 1.978785305078383772e+02 2.001916331517348908e+02 2.021161212122663926e+02 2.036673505498326335e+02 2.048774388522248842e+02 2.057915291476091966e+02 2.064615457191887060e+02 2.069382904396620120e+02 2.072632426125019265e+02 2.074616240385573462e+02 2.075381147303313014e+02 2.074760948625887522e+02 2.072405713900642752e+02 2.067841989687065904e+02 2.060552044900905742e+02 2.050057120779417232e+02 2.035990034327668639e+02 2.018146055455480052e+02 1.996506581652324428e+02 1.971236136456383576e+02 1.942658044606719727e+02 1.911216768364551228e+02 1.877435122323638552e+02 1.841872963746255039e+02 1.805091448093944564e+02 1.767624513623557903e+02
1.545207553482329104e+02 1.580184752826570218e+02 1.618578411137034720e+02 1.659143076161466297e+02 1.700718642348422520e+02 1.742266090350186118e+02 1.782878544129707166e+02 1.821775370638172546e+02 1.858290117641979009e+02 1.891862780278742946e+02 1.922043365194223270e+02 1.948508080391758597e+02 1.971083416217664706e+02 1.989768712929042636e+02 2.004745971435279159e+02 2.016367317845845264e+02 2.025115354882742338e+02 2.031538372739152010e+02 2.036169213439069381e+02 2.039441602375027855e+02 2.041619594161674058e+02 2.042753916318957295e+02 2.042673890775550660e+02 2.041016522562086379e+02 2.037286967111286913e+02 2.030938648086035698e+02 2.021458136430503885e+02 2.008440140096734865e+02 1.991641326911197041e+02 1.971007129871094037e+02 1.946671602917254233e+02 1.918935264804949270e+02 1.888228653135593333e+02 1.855069750506718833e+02 1.820022016953539605e+02 1.783657378345977236e+02 1.746526122702142914e+02
1.518004596213664001e+02 1.552923817188308533e+02 1.591256445599757399e+02 1.631736224238087800e+02 1.673185449243692631e+02 1.714551344005779185e+02 1.754917176775658447e+02 1.793496317458272529e+02 1.829620374096584783e+02 1.862732007989430372e+02 1.892389255725919099e+02 1.918282371144888714e+02 1.940258091116252785e+02 1.958341650527289630e+02 1.972745226537315091e+02 1.983853370971378069e+02 1.992180985698589097e+02 1.998306194916811194e+02 2.002787219094994953e+02 2.006077213225795219e+02 2.008452690770185711e+02 2.009969184437960337e+02 2.010452698356476162e+02 2.009528523486100653e+02 2.006681754484306452e+02 2.001338002312249387e+02 1.992949618829246958e+02 1.981072848204088643e+02 1.965424477045616527e+02 1.945911774384119894e+02 1.922635314563622160e+02 1.895869164821320112e+02 1.866025850203059804e+02 1.833614167387351586e+02 1.799196707943484910e+02 1.763351716226119379e+02 1.726641556121358860e+02
1.491150352843191342e+02 1.525995902800802355e+02 1.564251751084758837e+02 1.604629593114759984e+02 1.645932836310372807e+02 1.687093812850729933e+02 1.727185117904547553e+02 1.765413740700539904e+02 1.801109475623491676e+02 1.833718315028286838e+02 1.862807499309658965e+02 1.888082911731456761e+02 1.909413362846111966e+02 1.926851842502740908e+02 1.940642384876670690e+02 1.951203304569380634e+02 1.959082724544985581e+02 1.964889153119358127e+02 1.969206516308519213e+02 1.972507717726221017e+02 1.975082261952038039e+02 1.976991395968408654e+02 1.978059145982609834e+02 1.977900778105949939e+02 1.975983154973965839e+02 1.971705743796427157e+02 1.964487858488120651e+02 1.953847682836958768e+02 1.939461550488917680e+02 1.921196942473638103e+02 1.899118316148259566e+02 1.873469761333497559e+02 1.844641545522798651e+02 1.813128494139455995e+02 1.779487176491737443e+02 1.744296804702123893e+02 1.708126465902772395e+02
1.464648731507290051e+02 1.499402411803301618e+02 1.537563073931728184e+02 1.577819166369250752e+02 1.618953920557279957e+02 1.659883639172614664e+02 1.699669445535680268e+02 1.737511626603408672e+02 1.772738399734989798e+02 1.804799900442326361e+02 1.833273904233876124e+02 1.857883640371253477e+02 1.878521894355622237e+02 1.895271261261522682e+02 1.908409209204392880e+02 1.918388963563178606e+02 1.925792540620683440e+02 1.931259107542813638e+02 1.935398360872951287e+02 1.938703060659909738e+02 1.941476108350069296e+02 1.943785361663251763e+02 1.945454334176059490e+02 1.946090236445182029e+02 1.945143966900859311e+02 1.941991102052823521e+02 1.936019791667118568e+02 1.926711305192103794e+02 1.913701670190115181e+02 1.896817572782357217e+02 1.876085164596104562e+02 1.851715267590122664e+02 1.824071652424511285e+02 1.793630173941361932e+02 1.760935819920724441e+02 1.726562856398897736e+02 1.691081046363537723e+02
1.438504311901164670e+02 1.473145398684530676e+02 1.511189525114392325e+02 1.551300861060967407e+02 1.592241289020886086e+02 1.632910026342340473e+02 1.672356004170068502e+02 1.709772582563410595e+02 1.744486762874878707e+02 1.775953779307909883e+02 1.803763412587487380e+02 1.827658056395892743e+02 1.847556405855611956e+02 1.863572455100880916e+02 1.876018531873532993e+02 1.885383687192087052e+02 1.892284215160943290e+02 1.897389909347207322e+02 1.901336011203981400e+02 1.904635003416581185e+02 1.907603424987582059e+02 1.910316576260856607e+02 1.912598980823378554e+02 1.914051959920534500e+02 1.914113061309655848e+02 1.912136712213148542e+02 1.907482375980995073e+02 1.899596224335797103e+02 1.888074797974664136e+02 1.872703586654788239e+02 1.853468728513499286e+02 1.830544809742663688e+02 1.804265024309298724e+02 1.775081274687490520e+02 1.743521319098391587e+02 1.710148402205574030e+02 1.675526696738072303e+02
1.412719938373342927e+02 1.447225648493142955e+02 1.485129112482580069e+02 1.525069461204424783e+02 1.565786272604438523e+02 1.606160793812335896e+02 1.645229188585046813e+02 1.682177805519079072e+02 1.716332936150519117e+02 1.747156013354314439e+02 1.774250416164280466e+02 1.797379593721617255e+02 1.816490080309899895e+02 1.831728963578494529e+02 1.843444663088342850e+02 1.852162699892285787e+02 1.858533712439660235e+02 1.863257757063426538e+02 1.866995082248697884e+02 1.870277492306435647e+02 1.873435202660326127e+02 1.876551669256135995e+02 1.879453929913308627e+02 1.881739682406542329e+02 1.882835968165531710e+02 1.882079170230176715e+02 1.878803023221294666e+02 1.872420976809918614e+02 1.862491489388092134e+02 1.848759007723800210e+02 1.831168427282216840e+02 1.809855511066528209e+02 1.785119086387661298e+02 1.757382353047397601e+02 1.727150407649060639e+02 1.694969633233985462e+02 1.661392608009649337e+02
1.387294504999848925e+02 1.421640840295106898e+02 1.459377302608658624e+02 1.499117560815955414e+02 1.539578229818334307e+02 1.579621950254493186e+02 1.618271753473721049e+02 1.654707078940000713e+02 1.688254186363721203e+02 1.718381958594123091e+02 1.744709078289442914e+02 1.767021988787617488e+02 1.785296953623501111e+02 1.799715710915042735e+02 1.810663774369443502e+02 1.818703478676542034e+02 1.824519532749063728e+02 1.828841545033925797e+02 1.832353907246396716e+02 1.835607058845300799e+02 1.838944698161654969e+02 1.842458980951332421e+02 1.845980871220056656e+02 1.849106709818110232e+02 1.851255986372855489e+02 1.851750373781671613e+02 1.849901177788663063e+02 1.845091933050724720e+02 1.836844901478633858e+02 1.824864127213404004e+02 1.809052491859345935e+02 1.789504764323389452e+02 1.766482005698085800e+02 1.740374365562880428e+02 1.711659309031952318e+02 1.680861074621377043e+02 1.648515299314591402e+02
1.362221352844507578e+02 1.396384140343632225e+02 1.433925879470123732e+02 1.473434712003191862e+02 1.513603973949236092e+02 1.553277368248040773e+02 1.591464694275459806e+02 1.627338816822781666e+02 1.660226843328960626e+02 1.689606521181228800e+02 1.715113648716135231e+02 1.736559629868955597e+02 1.753952278376155505e+02 1.767509369025428327e+02 1.777654251354655059e+02 1.784986092735259149e+02 1.790223043345878864e+02 1.794123198584642580e+02 1.797393899057445878e+02 1.800603238926334484e+02 1.804107953459133853e+02 1.808009234881927512e+02 1.812143230531356153e+02 1.816107103607459692e+02 1.819315745888553124e+02 1.821079556862223683e+02 1.820690924945897393e+02 1.817506587125478461e+02 1.811014878009794415e+02 1.800880503249477158e+02 1.786963996621351782e+02 1.769317403732161154e+02 1.748161081523318785e+02 1.723848300065452861e+02 1.696824543311608124e+02 1.667587379932558633e+02 1.636651061182797378e+02
1.337487579946290452e+02 1.371443489801409044e+02 1.408762316565756976e+02 1.448006942716200740e+02 1.487847459352775275e+02 1.527108634697266893e+02 1.564787241311826449e+02 1.600050174366828344e+02 1.632226499220408584e+02 1.660804419981695901e+02 1.685438767422893989e+02 1.705967883594094019e+02 1.722432857995588904e+02 1.735088688080293480e+02 1.744397014121995539e+02 1.750993512698669861e+02 1.755628782910585528e+02 1.759087988327151209e+02 1.762099898774543760e+02 1.765248991759210071e+02 1.768904334663077123e+02 1.773176262619561783e+02 1.777907164589927334e+02 1.782697050628956106e+02 1.786959079093112450e+02 1.789995811723947554e+02 1.791084335167091410e+02 1.789557918160058989e+02 1.784873544878842893e+02 1.776658026863702275e+02 1.764729645452956959e+02 1.749096459909183636e+02 1.729935694630804903e+02 1.707560489362017790e+02 1.682380680661183590e+02 1.654863462506276619e+02 1.625498225898594171e+02
1.313074365421660161e+02 1.346801703150147773e+02 1.383869772363279367e+02 1.422816735416538734e+02 1.462289794720721829e+02 1.501095122344072195e+02 1.538216994405936475e+02 1.572817239885942797e+02 1.604228247120926767e+02 1.631950459617160902e+02 1.655659760025272078e+02 1.675223401235483323e+02 1.690717353642443470e+02 1.702434795866176955e+02 1.710875804462398548e+02 1.716711886431469054e+02 1.720724733274435323e+02 1.723724813636690953e+02 1.726460496942307543e+02 1.729531097195350071e+02 1.733317059022419073e+02 1.737937732585667163e+02 1.743242586018094187e+02 1.748836303814420603e+02 1.754133024549097399e+02 1.758430832009740641e+02 1.760995152160118664e+02 1.761139257422063622e+02 1.758291617559956137e+02 1.752042954899607423e+02 1.742169832240830374e+02 1.728635554687260765e+02 1.711572327798090214e+02 1.691250505180742039e+02 1.668041277191713618e+02 1.642378522571122801e+02 1.614724176741342490e+02
