BlockUplift_2Ma_1kryTimeStep_2mmyr_k_5e-05_m_0.5_n_1.0_LinDiffusion_0.5_3x6km_30mRes_flow__link_to_receiver_node.txt
nrows 200
cellsize 30.0
xllcorner 0.0
ncols 100
yllcorner 0.0
[rows 170 to 186 of 200, columns 37 to 73 of 100]
5.708000000000000000e+03 5.709000000000000000e+03 5.710000000000000000e+03 5.711000000000000000e+03 5.712000000000000000e+03 5.713000000000000000e+03 5.714000000000000000e+03 5.715000000000000000e+03 5.716000000000000000e+03 5.717000000000000000e+03 5.718000000000000000e+03 5.719000000000000000e+03 5.720000000000000000e+03 4.534500000000000000e+04 4.534700000000000000e+04 4.534900000000000000e+04 4.535100000000000000e+04 4.535300000000000000e+04 4.535500000000000000e+04 4.535700000000000000e+04 4.535900000000000000e+04 4.536100000000000000e+04 4.536300000000000000e+04 4.536500000000000000e+04 5.732000000000000000e+03 5.733000000000000000e+03 5.734000000000000000e+03 4.537000000000000000e+04 4.537200000000000000e+04 4.537400000000000000e+04 4.537600000000000000e+04 4.537800000000000000e+04 4.538000000000000000e+04 4.538200000000000000e+04 4.538400000000000000e+04 4.538600000000000000e+04 4.538800000000000000e+04
5.509000000000000000e+03 5.510000000000000000e+03 5.511000000000000000e+03 5.512000000000000000e+03 5.513000000000000000e+03 5.514000000000000000e+03 5.515000000000000000e+03 5.516000000000000000e+03 5.517000000000000000e+03 5.518000000000000000e+03 5.519000000000000000e+03 5.520000000000000000e+03 5.521000000000000000e+03 4.514700000000000000e+04 4.514900000000000000e+04 4.515100000000000000e+04 4.515300000000000000e+04 4.515500000000000000e+04 4.515700000000000000e+04 4.515900000000000000e+04 4.516100000000000000e+04 4.516300000000000000e+04 4.516500000000000000e+04 4.516700000000000000e+04 5.533000000000000000e+03 5.534000000000000000e+03 5.535000000000000000e+03 4.517200000000000000e+04 4.517400000000000000e+04 4.517600000000000000e+04 4.517800000000000000e+04 4.518000000000000000e+04 4.518200000000000000e+04 4.518400000000000000e+04 4.518600000000000000e+04 4.518800000000000000e+04 4.519000000000000000e+04
4.492300000000000000e+04 5.311000000000000000e+03 5.312000000000000000e+03 5.313000000000000000e+03 5.314000000000000000e+03 5.315000000000000000e+03 5.316000000000000000e+03 5.317000000000000000e+03 5.318000000000000000e+03 5.319000000000000000e+03 5.320000000000000000e+03 5.321000000000000000e+03 5.322000000000000000e+03 5.323000000000000000e+03 4.495100000000000000e+04 4.495300000000000000e+04 4.495500000000000000e+04 4.495700000000000000e+04 4.495900000000000000e+04 4.496100000000000000e+04 4.496300000000000000e+04 4.496500000000000000e+04 4.496700000000000000e+04 4.496900000000000000e+04 5.334000000000000000e+03 5.335000000000000000e+03 4.497200000000000000e+04 4.497400000000000000e+04 4.497600000000000000e+04 4.497800000000000000e+04 4.498000000000000000e+04 4.498200000000000000e+04 4.498400000000000000e+04 4.498600000000000000e+04 4.498800000000000000e+04 4.499000000000000000e+04 4.499200000000000000e+04
4.472500000000000000e+04 5.112000000000000000e+03 5.113000000000000000e+03 5.114000000000000000e+03 5.115000000000000000e+03 5.116000000000000000e+03 5.117000000000000000e+03 5.118000000000000000e+03 5.119000000000000000e+03 5.120000000000000000e+03 5.121000000000000000e+03 5.122000000000000000e+03 5.123000000000000000e+03 5.124000000000000000e+03 4.475300000000000000e+04 4.475500000000000000e+04 4.475700000000000000e+04 4.475900000000000000e+04 4.476100000000000000e+04 4.476300000000000000e+04 4.476500000000000000e+04 4.476700000000000000e+04 4.476900000000000000e+04 4.477100000000000000e+04 5.135000000000000000e+03 5.136000000000000000e+03 4.477400000000000000e+04 4.477600000000000000e+04 4.477800000000000000e+04 4.478000000000000000e+04 4.478200000000000000e+04 4.478400000000000000e+04 4.478600000000000000e+04 4.478800000000000000e+04 4.479000000000000000e+04 4.479200000000000000e+04 4.479400000000000000e+04
4.452700000000000000e+04 4.913000000000000000e+03 4.914000000000000000e+03 4.915000000000000000e+03 4.916000000000000000e+03 4.917000000000000000e+03 4.918000000000000000e+03 4.919000000000000000e+03 4.920000000000000000e+03 4.921000000000000000e+03 4.922000000000000000e+03 4.923000000000000000e+03 4.924000000000000000e+03 4.925000000000000000e+03 4.455500000000000000e+04 4.455700000000000000e+04 4.455900000000000000e+04 4.456100000000000000e+04 4.456300000000000000e+04 4.456500000000000000e+04 4.456700000000000000e+04 4.456900000000000000e+04 4.457100000000000000e+04 4.457300000000000000e+04 4.936000000000000000e+03 4.937000000000000000e+03 4.457600000000000000e+04 4.457800000000000000e+04 4.458000000000000000e+04 4.458200000000000000e+04 4.458400000000000000e+04 4.458600000000000000e+04 4.458800000000000000e+04 4.459000000000000000e+04 4.459200000000000000e+04 4.459400000000000000e+04 4.459600000000000000e+04
4.432900000000000000e+04 4.433100000000000000e+04 4.715000000000000000e+03 4.716000000000000000e+03 4.717000000000000000e+03 4.718000000000000000e+03 4.719000000000000000e+03 4.720000000000000000e+03 4.721000000000000000e+03 4.722000000000000000e+03 4.723000000000000000e+03 4.724000000000000000e+03 4.725000000000000000e+03 4.726000000000000000e+03 4.727000000000000000e+03 4.435900000000000000e+04 4.436100000000000000e+04 4.436300000000000000e+04 4.436500000000000000e+04 4.436700000000000000e+04 4.436900000000000000e+04 4.437100000000000000e+04 4.437300000000000000e+04 4.437500000000000000e+04 4.737000000000000000e+03 4.738000000000000000e+03 4.437800000000000000e+04 4.438000000000000000e+04 4.438200000000000000e+04 4.438400000000000000e+04 4.438600000000000000e+04 4.438800000000000000e+04 4.439000000000000000e+04 4.439200000000000000e+04 4.439400000000000000e+04 4.439600000000000000e+04 4.439800000000000000e+04
4.413100000000000000e+04 4.413300000000000000e+04 4.516000000000000000e+03 4.517000000000000000e+03 4.518000000000000000e+03 4.519000000000000000e+03 4.520000000000000000e+03 4.521000000000000000e+03 4.522000000000000000e+03 4.523000000000000000e+03 4.524000000000000000e+03 4.525000000000000000e+03 4.526000000000000000e+03 4.527000000000000000e+03 4.528000000000000000e+03 4.416100000000000000e+04 4.416300000000000000e+04 4.416500000000000000e+04 4.416700000000000000e+04 4.416900000000000000e+04 4.417100000000000000e+04 4.417300000000000000e+04 4.417500000000000000e+04 4.417700000000000000e+04 4.538000000000000000e+03 4.539000000000000000e+03 4.418000000000000000e+04 4.418200000000000000e+04 4.418400000000000000e+04 4.418600000000000000e+04 4.418800000000000000e+04 4.419000000000000000e+04 4.419200000000000000e+04 4.419400000000000000e+04 4.419600000000000000e+04 4.419800000000000000e+04 4.420000000000000000e+04
4.393300000000000000e+04 4.393500000000000000e+04 4.317000000000000000e+03 4.318000000000000000e+03 4.319000000000000000e+03 4.320000000000000000e+03 4.321000000000000000e+03 4.322000000000000000e+03 4.323000000000000000e+03 4.324000000000000000e+03 4.325000000000000000e+03 4.326000000000000000e+03 4.327000000000000000e+03 4.328000000000000000e+03 4.329000000000000000e+03 4.396300000000000000e+04 4.396500000000000000e+04 4.396700000000000000e+04 4.396900000000000000e+04 4.397100000000000000e+04 4.397300000000000000e+04 4.397500000000000000e+04 4.397700000000000000e+04 4.397900000000000000e+04 4.339000000000000000e+03 4.340000000000000000e+03 4.398200000000000000e+04 4.398400000000000000e+04 4.398600000000000000e+04 4.398800000000000000e+04 4.399000000000000000e+04 4.399200000000000000e+04 4.399400000000000000e+04 4.399600000000000000e+04 4.399800000000000000e+04 4.400000000000000000e+04 4.400200000000000000e+04
4.373500000000000000e+04 4.373700000000000000e+04 4.118000000000000000e+03 4.119000000000000000e+03 4.120000000000000000e+03 4.121000000000000000e+03 4.122000000000000000e+03 4.123000000000000000e+03 4.124000000000000000e+03 4.125000000000000000e+03 4.126000000000000000e+03 4.127000000000000000e+03 4.128000000000000000e+03 4.129000000000000000e+03 4.130000000000000000e+03 4.131000000000000000e+03 4.376700000000000000e+04 4.376900000000000000e+04 4.377100000000000000e+04 4.377300000000000000e+04 4.377500000000000000e+04 4.377700000000000000e+04 4.377900000000000000e+04 4.378100000000000000e+04 4.140000000000000000e+03 4.141000000000000000e+03 4.378400000000000000e+04 4.378600000000000000e+04 4.378800000000000000e+04 4.379000000000000000e+04 4.379200000000000000e+04 4.379400000000000000e+04 4.379600000000000000e+04 4.379800000000000000e+04 4.380000000000000000e+04 4.380200000000000000e+04 4.380400000000000000e+04
4.353700000000000000e+04 4.353900000000000000e+04 3.919000000000000000e+03 3.920000000000000000e+03 3.921000000000000000e+03 3.922000000000000000e+03 3.923000000000000000e+03 3.924000000000000000e+03 3.925000000000000000e+03 3.926000000000000000e+03 3.927000000000000000e+03 3.928000000000000000e+03 3.929000000000000000e+03 3.930000000000000000e+03 3.931000000000000000e+03 3.932000000000000000e+03 4.356900000000000000e+04 4.357100000000000000e+04 4.357300000000000000e+04 4.357500000000000000e+04 4.357700000000000000e+04 4.357900000000000000e+04 4.358100000000000000e+04 4.358300000000000000e+04 3.941000000000000000e+03 3.942000000000000000e+03 3.943000000000000000e+03 4.358800000000000000e+04 4.359000000000000000e+04 4.359200000000000000e+04 4.359400000000000000e+04 4.359600000000000000e+04 4.359800000000000000e+04 4.360000000000000000e+04 4.360200000000000000e+04 4.360400000000000000e+04 4.360600000000000000e+04
4.333900000000000000e+04 4.334100000000000000e+04 4.334300000000000000e+04 3.721000000000000000e+03 3.722000000000000000e+03 3.723000000000000000e+03 3.724000000000000000e+03 3.725000000000000000e+03 3.726000000000000000e+03 3.727000000000000000e+03 3.728000000000000000e+03 3.729000000000000000e+03 3.730000000000000000e+03 3.731000000000000000e+03 3.732000000000000000e+03 3.733000000000000000e+03 4.337100000000000000e+04 4.337300000000000000e+04 4.337500000000000000e+04 4.337700000000000000e+04 4.337900000000000000e+04 4.338100000000000000e+04 4.338300000000000000e+04 4.338500000000000000e+04 3.742000000000000000e+03 3.743000000000000000e+03 3.744000000000000000e+03 4.339000000000000000e+04 4.339200000000000000e+04 4.339400000000000000e+04 4.339600000000000000e+04 4.339800000000000000e+04 4.340000000000000000e+04 4.340200000000000000e+04 4.340400000000000000e+04 4.340600000000000000e+04 4.340800000000000000e+04
4.314100000000000000e+04 4.314300000000000000e+04 4.314500000000000000e+04 3.522000000000000000e+03 3.523000000000000000e+03 3.524000000000000000e+03 3.525000000000000000e+03 3.526000000000000000e+03 3.527000000000000000e+03 3.528000000000000000e+03 3.529000000000000000e+03 3.530000000000000000e+03 3.531000000000000000e+03 3.532000000000000000e+03 3.533000000000000000e+03 3.534000000000000000e+03 3.535000000000000000e+03 4.317500000000000000e+04 4.317700000000000000e+04 4.317900000000000000e+04 4.318100000000000000e+04 4.318300000000000000e+04 4.318500000000000000e+04 4.318700000000000000e+04 3.543000000000000000e+03 3.544000000000000000e+03 3.545000000000000000e+03 4.319200000000000000e+04 4.319400000000000000e+04 4.319600000000000000e+04 4.319800000000000000e+04 4.320000000000000000e+04 4.320200000000000000e+04 4.320400000000000000e+04 4.320600000000000000e+04 4.320800000000000000e+04 4.321000000000000000e+04
4.294300000000000000e+04 4.294500000000000000e+04 4.294700000000000000e+04 3.323000000000000000e+03 3.324000000000000000e+03 3.325000000000000000e+03 3.326000000000000000e+03 3.327000000000000000e+03 3.328000000000000000e+03 3.329000000000000000e+03 3.330000000000000000e+03 3.331000000000000000e+03 3.332000000000000000e+03 3.333000000000000000e+03 3.334000000000000000e+03 3.335000000000000000e+03 3.336000000000000000e+03 4.297700000000000000e+04 4.297900000000000000e+04 4.298100000000000000e+04 4.298300000000000000e+04 4.298500000000000000e+04 4.298700000000000000e+04 4.298900000000000000e+04 3.344000000000000000e+03 3.345000000000000000e+03 3.346000000000000000e+03 4.299400000000000000e+04 4.299600000000000000e+04 4.299800000000000000e+04 4.300000000000000000e+04 4.300200000000000000e+04 4.300400000000000000e+04 4.300600000000000000e+04 4.300800000000000000e+04 4.301000000000000000e+04 4.301200000000000000e+04
4.274500000000000000e+04 4.274700000000000000e+04 4.274900000000000000e+04 3.124000000000000000e+03 3.125000000000000000e+03 3.126000000000000000e+03 3.127000000000000000e+03 3.128000000000000000e+03 3.129000000000000000e+03 3.130000000000000000e+03 3.131000000000000000e+03 3.132000000000000000e+03 3.133000000000000000e+03 3.134000000000000000e+03 3.135000000000000000e+03 3.136000000000000000e+03 3.137000000000000000e+03 4.277900000000000000e+04 4.278100000000000000e+04 4.278300000000000000e+04 4.278500000000000000e+04 4.278700000000000000e+04 4.278900000000000000e+04 4.279100000000000000e+04 3.145000000000000000e+03 3.146000000000000000e+03 3.147000000000000000e+03 4.279600000000000000e+04 4.279800000000000000e+04 4.280000000000000000e+04 4.280200000000000000e+04 4.280400000000000000e+04 4.280600000000000000e+04 4.280800000000000000e+04 4.281000000000000000e+04 4.281200000000000000e+04 3.157000000000000000e+03
4.254700000000000000e+04 4.254900000000000000e+04 4.255100000000000000e+04 2.925000000000000000e+03 2.926000000000000000e+03 2.927000000000000000e+03 2.928000000000000000e+03 2.929000000000000000e+03 2.930000000000000000e+03 2.931000000000000000e+03 2.932000000000000000e+03 2.933000000000000000e+03 2.934000000000000000e+03 2.935000000000000000e+03 2.936000000000000000e+03 2.937000000000000000e+03 2.938000000000000000e+03 2.939000000000000000e+03 4.258300000000000000e+04 4.258500000000000000e+04 4.258700000000000000e+04 4.258900000000000000e+04 4.259100000000000000e+04 4.259300000000000000e+04 2.946000000000000000e+03 2.947000000000000000e+03 2.948000000000000000e+03 4.259800000000000000e+04 4.260000000000000000e+04 4.260200000000000000e+04 4.260400000000000000e+04 4.260600000000000000e+04 4.260800000000000000e+04 4.261000000000000000e+04 4.261200000000000000e+04 2.957000000000000000e+03 2.958000000000000000e+03
4.234900000000000000e+04 4.235100000000000000e+04 4.235300000000000000e+04 2.726000000000000000e+03 2.727000000000000000e+03 2.728000000000000000e+03 2.729000000000000000e+03 2.730000000000000000e+03 2.731000000000000000e+03 2.732000000000000000e+03 2.733000000000000000e+03 2.734000000000000000e+03 2.735000000000000000e+03 2.736000000000000000e+03 2.737000000000000000e+03 2.738000000000000000e+03 2.739000000000000000e+03 2.740000000000000000e+03 4.238500000000000000e+04 4.238700000000000000e+04 4.238900000000000000e+04 4.239100000000000000e+04 4.239300000000000000e+04 4.239500000000000000e+04 2.747000000000000000e+03 2.748000000000000000e+03 2.749000000000000000e+03 4.240000000000000000e+04 4.240200000000000000e+04 4.240400000000000000e+04 4.240600000000000000e+04 4.240800000000000000e+04 4.241000000000000000e+04 4.241200000000000000e+04 4.241400000000000000e+04 2.758000000000000000e+03 2.759000000000000000e+03
4.215100000000000000e+04 4.215300000000000000e+04 2.526000000000000000e+03 2.527000000000000000e+03 2.528000000000000000e+03 2.529000000000000000e+03 2.530000000000000000e+03 2.531000000000000000e+03 2.532000000000000000e+03 2.533000000000000000e+03 2.534000000000000000e+03 2.535000000000000000e+03 2.536000000000000000e+03 2.537000000000000000e+03 2.538000000000000000e+03 2.539000000000000000e+03 2.540000000000000000e+03 2.541000000000000000e+03 2.542000000000000000e+03 4.218900000000000000e+04 4.219100000000000000e+04 4.219300000000000000e+04 4.219500000000000000e+04 4.219700000000000000e+04 2.548000000000000000e+03 2.549000000000000000e+03 2.550000000000000000e+03 4.220200000000000000e+04 4.220400000000000000e+04 4.220600000000000000e+04 4.220800000000000000e+04 4.221000000000000000e+04 4.221200000000000000e+04 4.221400000000000000e+04 2.558000000000000000e+03 2.559000000000000000e+03 2.560000000000000000e+03
