BlockTilt_5Ma_1mmyr_m1_n5_k1Minus4_10kyrTimeStep_wLinDiff_30mRes_7p5kmBy15km.txt
nrows 250
cellsize 30.0
xllcorner 0.0
ncols 500
yllcorner 0.0
[rows 34 to 50 of 250, columns 185 to 221 of 500]
2.085001477607688400e+02 2.068498695687030704e+02 2.049259743225342731e+02 2.027785039949904444e+02 2.004566108037085996e+02 1.980071691341919120e+02 1.954747421765625290e+02 1.929027496522777767e+02 1.903354642556797671e+02 1.878202794323156581e+02 1.854095657509433579e+02 1.831614116131961225e+02 1.811386761007131838e+02 1.794060925372081670e+02 1.780256187500503700e+02 1.770507307725915496e+02 1.765207471585639496e+02 1.764564015468429261e+02 1.768576724656885233e+02 1.777043682113127261e+02 1.789593007567580969e+02 1.805732748669721559e+02 1.824907527342018625e+02 1.846550222848344447e+02 1.870119694593417705e+02 1.895120067002778512e+02 1.921101833494004723e+02 1.947648707993086532e+02 1.974356164760685601e+02 2.000808051227111264e+02 2.026557028000412686e+02 2.051113413906334983e+02 2.073945598429968697e+02 2.094493567804408087e+02 2.112195187336108972e+02 2.126522698821295592e+02 2.137024689736158791e+02
2.079423520070028246e+02 2.063380688979329420e+02 2.044593847979638497e+02 2.023552113603383020e+02 2.000735029179510320e+02 1.976599143348424832e+02 1.951578435401489457e+02 1.926097096454299162e+02 1.900590885379029373e+02 1.875531310089788519e+02 1.851445526221513092e+02 1.828924572529810177e+02 1.808613903875389894e+02 1.791183406309751547e+02 1.777278852256253003e+02 1.767461999849616632e+02 1.762150653883301175e+02 1.761571420852366998e+02 1.765735774086728327e+02 1.774444768440407643e+02 1.787320857145072637e+02 1.803858931983624245e+02 1.823484862334313164e+02 1.845609408023275080e+02 1.869668132333571862e+02 1.895142567911504159e+02 1.921562760833657819e+02 1.948495115312259713e+02 1.975521559236155724e+02 2.002216528848112489e+02 2.028127626890814099e+02 2.052764584656833904e+02 2.075599680284996111e+02 2.096081093500383474e+02 2.113658744457924570e+02 2.127819993663663070e+02 2.138130436265309982e+02
2.072910034954736886e+02 2.057217365282727144e+02 2.038806170964730029e+02 2.018154971116766205e+02 1.995731312459674598e+02 1.971978848965651991e+02 1.947318560829140495e+02 1.922162668012272206e+02 1.896937393502206248e+02 1.872108639437763316e+02 1.848203179894197490e+02 1.825817660388971433e+02 1.805609081329433536e+02 1.788263803563187935e+02 1.774447091861235890e+02 1.764740676506915236e+02 1.759580092632771198e+02 1.759205030118037882e+02 1.763633738460958398e+02 1.772667074723279086e+02 1.785920666254712046e+02 1.802877119796070247e+02 1.822946231163815014e+02 1.845520717563840378e+02 1.870017803294370253e+02 1.895901727366491514e+02 1.922687238244012065e+02 1.949928041045192231e+02 1.977196321876911611e+02 2.004059966267570871e+02 2.030063416329875565e+02 2.054716829128507243e+02 2.077496650731037562e+02 2.097858988354119276e+02 2.115265201881672965e+02 2.129216983394294687e+02 2.139296117142503135e+02
2.065351126350664117e+02 2.049884171138183149e+02 2.031754812708678628e+02 2.011432296259029897e+02 1.989373102920352778e+02 1.966008511746805141e+02 1.941746546321790277e+02 1.916986915259887496e+02 1.892145042715868613e+02 1.867679068504877478e+02 1.844112145925914774e+02 1.822042030906127081e+02 1.802131414141035464e+02 1.785075962571477532e+02 1.771552211128413035e+02 1.762153089948841114e+02 1.757323254724641117e+02 1.757307851094176954e+02 1.762126036391065895e+02 1.771574939588292352e+02 1.785262433901199017e+02 1.802660420497505243e+02 1.823166293851104172e+02 1.846159859577798841e+02 1.871045871670864074e+02 1.897277198769033077e+02 1.924358716735397081e+02 1.951835983624758342e+02 1.979274933094391713e+02 2.006239299651696513e+02 2.032271772832430088e+02 2.056883532061483209e+02 2.079555197513618623e+02 2.099750444985510853e+02 2.116941549718303577e+02 2.130643998181089955e+02 2.140455308689826666e+02
2.056656748032800976e+02 2.041282095231323979e+02 2.023327248443160045e+02 2.003254091333137126e+02 1.981509980492026557e+02 1.958515722286364280e+02 1.934668080721896217e+02 1.910355490225160509e+02 1.885983026483033598e+02 1.862000355982584097e+02 1.838924758523955347e+02 1.817350987046500848e+02 1.797941281662618280e+02 1.781392529135917187e+02 1.768382904390110753e+02 1.759506092910058896e+02 1.755205593438204801e+02 1.755722972772425123e+02 1.761071471561365058e+02 1.771040540898814868e+02 1.785229458992608613e+02 1.803101466679887324e+02 1.824045885801118629e+02 1.847435391174375070e+02 1.872668616359503346e+02 1.899193199529560445e+02 1.926509501029248383e+02 1.954159178568870630e+02 1.981704952905251957e+02 2.008708325208581869e+02 2.034711233536831116e+02 2.059226228834864401e+02 2.081738075324545036e+02 2.101717849307024721e+02 2.118648617194544954e+02 2.132059686347995751e+02 2.141564514948624947e+02
2.046763827996422549e+02 2.031346488007996811e+02 2.013451267513773928e+02 1.993535061523458864e+02 1.972038980217162987e+02 1.949376646177965995e+02 1.925937009755258771e+02 1.902100428916624821e+02 1.878264049721558990e+02 1.854870098319465512e+02 1.832429024275822087e+02 1.811529141148061512e+02 1.792826076548466006e+02 1.777009167800770228e+02 1.764747404123628201e+02 1.756623307035464734e+02 1.753067452805357505e+02 1.754307533143368971e+02 1.760343174220812728e+02 1.770951770235316189e+02 1.785723127971026258e+02 1.804114101800442143e+02 1.825510596921118633e+02 1.849284208183823921e+02 1.874833900667063347e+02 1.901608108797740329e+02 1.929107722012641659e+02 1.956874297727231067e+02 1.984469895244329507e+02 2.011455268980549818e+02 2.037372318646631300e+02 2.061735232868325625e+02 2.084033043242303336e+02 2.103744447802090178e+02 2.120363774765894220e+02 2.133434923546514597e+02 2.142588318567912324e+02
2.035641969017742667e+02 2.020053982090421130e+02 2.002103791734527931e+02 1.982245937188125424e+02 1.960918898449536130e+02 1.938533616437017031e+02 1.915476296825841303e+02 1.892124315821072287e+02 1.868871280394902783e+02 1.846154819740985999e+02 1.824479015027746129e+02 1.804423154836914875e+02 1.786630295887507316e+02 1.771773051051860932e+02 1.760499530363914289e+02 1.753368061693764162e+02 1.750783416460078570e+02 1.752948187033430827e+02 1.759840060588538790e+02 1.771219684052201160e+02 1.786666449324965527e+02 1.805633153570908007e+02 1.827506988720356276e+02 1.851664457574090932e+02 1.877511083297383152e+02 1.904501737963110486e+02 1.932142387018837155e+02 1.959977752721601405e+02 1.987571296173422581e+02 2.014484147393785065e+02 2.040258700750026151e+02 2.064411089990801145e+02 2.086435012217759777e+02 2.105817503464122353e+02 2.122065302516305394e+02 2.134738475738997181e+02 2.143486297699995475e+02
2.023295971193868752e+02 2.007425411683095149e+02 1.989314995133567550e+02 1.969419578065660801e+02 1.948179083552714133e+02 1.926007160537426728e+02 1.903293615849819673e+02 1.880419496683977059e+02 1.857780930796594987e+02 1.835815368065022710e+02 1.815022261665213250e+02 1.795970125150376191e+02 1.779283821922670086e+02 1.765609949725236163e+02 1.755563614603706810e+02 1.749665355938070945e+02 1.748280732550123275e+02 1.751575645412119968e+02 1.759497343933892068e+02 1.771785013387167282e+02 1.788006717745268190e+02 1.807613501828794256e+02 1.829998382578966130e+02 1.854548413507695273e+02 1.880681389727270982e+02 1.907863636490323245e+02 1.935610081164021778e+02 1.963471262380911355e+02 1.991013612739239420e+02 2.017799441339521138e+02 2.043372059882839835e+02 2.067249966236111334e+02 2.088932248446011783e+02 2.107915515422422175e+02 2.123720733948026407e+02 2.135926475908530051e+02 2.144203544865773097e+02
2.009764367433564871e+02 1.993523737785957053e+02 1.975166384524487739e+02 1.955150014057946919e+02 1.933920223439357358e+02 1.911899229530205560e+02 1.889487545263054074e+02 1.867077516732938705e+02 1.845074925241143546e+02 1.823922487914605313e+02 1.804117625978503554e+02 1.786216930787718411e+02 1.770821794965328024e+02 1.758543666694302487e+02 1.749952607876589923e+02 1.745517908369421605e+02 1.745552768485140405e+02 1.750175203155062036e+02 1.759293992044210029e+02 1.772622564852183302e+02 1.789716993978520918e+02 1.810028862009466764e+02 1.832961235718476303e+02 1.857916779872081747e+02 1.884330505509623777e+02 1.911684356749877054e+02 1.939505287506636080e+02 1.967351601787749757e+02 1.994793752039973356e+02 2.021395723713979464e+02 2.046702087109943875e+02 2.070234257322705389e+02 2.091497764423275783e+02 2.110000506281948844e+02 2.125280086420519012e+02 2.136936570747189705e+02 2.144665626725423522e+02
1.995114219933482218e+02 1.978447262009941028e+02 1.959783009596982311e+02 1.939584312909323955e+02 1.918306575153734173e+02 1.896386477429433626e+02 1.874242496686511004e+02 1.852286137894175226e+02 1.830940228631689877e+02 1.810658439712900361e+02 1.791938954703992692e+02 1.775325476006406689e+02 1.761390882402655507e+02 1.750702726984767708e+02 1.743774622352701158e+02 1.741012069002182159e+02 1.742663928796572463e+02 1.748790420244801282e+02 1.759255038827216993e+02 1.773742120124903749e+02 1.791795621117355495e+02 1.812870003851176079e+02 1.836382194401717243e+02 1.861754748531775192e+02 1.888443840257870363e+02 1.915950144372996533e+02 1.943814732688341849e+02 1.971604828760112866e+02 1.998895390927294500e+02 2.025252264568143801e+02 2.050221542827954977e+02 2.073328240238080582e+02 2.094085672961480498e+02 2.112015151759335367e+02 2.126673796913243564e+02 2.137686642903380516e+02 2.144778016729616184e+02
1.979433270013295214e+02 1.962319465131836296e+02 1.943321289964980565e+02 1.922908790596422364e+02 1.901551035099134594e+02 1.879704718049848111e+02 1.857813089822825816e+02 1.836314116887057253e+02 1.815654421813480610e+02 1.796303647330550461e+02 1.778762950225056727e+02 1.763561827330453866e+02 1.751239647338723557e+02 1.742311901383593522e+02 1.737225517254590557e+02 1.736311373411624857e+02 1.739744083451091115e+02 1.747518323922955403e+02 1.759447447116683918e+02 1.775184832562356689e+02 1.794263021938727434e+02 1.816141824010811376e+02 1.840255339726565467e+02 1.866049351986983709e+02 1.893003962364040547e+02 1.920640470041719254e+02 1.948515063341522193e+02 1.976204175195849189e+02 2.003287166102754213e+02 2.029331610165648385e+02 2.053885316557404792e+02 2.076477703394835430e+02 2.096631471017323349e+02 2.113883789291436415e+02 2.127814506382801767e+02 2.138077392579034210e+02 2.144429456616654193e+02
1.962820959517758865e+02 1.945277371147028305e+02 1.925954726994926034e+02 1.905332149838086480e+02 1.883895869914047410e+02 1.862127503985487351e+02 1.840500918301773368e+02 1.819486565167808862e+02 1.799560113920158244e+02 1.781210656222706632e+02 1.764943189929467167e+02 1.751270819523270461e+02 1.740694261075772147e+02 1.733669516891447131e+02 1.730568239025912760e+02 1.731638248841724419e+02 1.736972848185851319e+02 1.746496323808655973e+02 1.759969571129243207e+02 1.777015022585354131e+02 1.797155524002299671e+02 1.819858855533521194e+02 1.844579039152851578e+02 1.870787353092972580e+02 1.897989282893533698e+02 1.925727330850123451e+02 1.953572652385246045e+02 1.981110300932510029e+02 2.007923362664195963e+02 2.033580728151106314e+02 2.057632077605344136e+02 2.079612172009699691e+02 2.099054922991487331e+02 2.115516049353655035e+02 2.128601527844817269e+02 2.137997720424365298e+02 2.143498311470391116e+02
1.945379815231364091e+02 1.927460344310561879e+02 1.907859879828634178e+02 1.887068428551817476e+02 1.865592490893381239e+02 1.843942676141584514e+02 1.822627952933958966e+02 1.802155442217107009e+02 1.783032938509014116e+02 1.765770226901424849e+02 1.750875080166984503e+02 1.738840766744964128e+02 1.730123943414961047e+02 1.725114595455072219e+02 1.724102537264940906e+02 1.727247012055087509e+02 1.734556331424945483e+02 1.745882906558655634e+02 1.760935736292304910e+02 1.779308360924304964e+02 1.800516711431461374e+02 1.824039275186339637e+02 1.849352087767194632e+02 1.875953043456239016e+02 1.903373112106399390e+02 1.931175257318265892e+02 1.958944339226613067e+02 1.986272630483273360e+02 2.012745778308074591e+02 2.037933384714626754e+02 2.061387193866069083e+02 2.082648430931351982e+02 2.101264275831978807e+02 2.116811870212074211e+02 2.128926781156616244e+02 2.137331709595932523e+02 2.141860726128521719e+02
1.927208326745863189e+02 1.909000794685965161e+02 1.889204526869248184e+02 1.868322217261780906e+02 1.846883341323965908e+02 1.825430606937001983e+02 1.804510965717908277e+02 1.784670190790620268e+02 1.766448689926294549e+02 1.750375550409243885e+02 1.736958009551688633e+02 1.726664643716600267e+02 1.719902403405353368e+02 1.716989808805293194e+02 1.718130581636102363e+02 1.723393073052506566e+02 1.732700543444447305e+02 1.745835528016170883e+02 1.762458566638428294e+02 1.782138316640897813e+02 1.804387496679460412e+02 1.828698011393989020e+02 1.854569255788742055e+02 1.881525685832489216e+02 1.909122540578773055e+02 1.936941280146577640e+02 1.964578230490959641e+02 1.991630826277055633e+02 2.017685782527629215e+02 2.042312762551114247e+02 2.065065926964531684e+02 2.085494350142042208e+02 2.103160795300626944e+02 2.117666848503589847e+02 2.128681083430193439e+02 2.135966003882601569e+02 2.139399260990912239e+02
1.908395949770849143e+02 1.890017627310077160e+02 1.870139160686516959e+02 1.849277725495892071e+02 1.827988026484956094e+02 1.806846918975974177e+02 1.786440480844244973e+02 1.767352773665068355e+02 1.750154587505963377e+02 1.735390216746784802e+02 1.723560832888502716e+02 1.715104175850582635e+02 1.710371800768486139e+02 1.709606612089721693e+02 1.712924457602879897e+02 1.720303744463791986e+02 1.731586148016714333e+02 1.746489583352626482e+02 1.764632122530902336e+02 1.785563151732858103e+02 1.808796491610089276e+02 1.833839934093752220e+02 1.860216740753581632e+02 1.887476729162225126e+02 1.915197005725834458e+02 1.942974535194621808e+02 1.970414124232461575e+02 1.997115893719308701e+02 2.022666028585971958e+02 2.046633753834910578e+02 2.068576314151037252e+02 2.088052386954836379e+02 2.104642938028809738e+02 2.117977149328550013e+02 2.127759889743641111e+02 2.133796505230027094e+02 2.136010715411730132e+02
1.889020417569597612e+02 1.870612658667443213e+02 1.850792167842763263e+02 1.830092286070344869e+02 1.809094636962841491e+02 1.788411117595179860e+02 1.768666289592263468e+02 1.750479824360367616e+02 1.734448082476055788e+02 1.721124018516835008e+02 1.710995335088211391e+02 1.704461895505438633e+02 1.701814490393038852e+02 1.703217801099810060e+02 1.708700551240430059e+02 1.718155245784745091e+02 1.731348586969159271e+02 1.747941847707685668e+02 1.767518582557159732e+02 1.789615567026419001e+02 1.813752219848184666e+02 1.839454193658682470e+02 1.866268212040763217e+02 1.893767195946382174e+02 1.921546735764342202e+02 1.949215556174083588e+02 1.976383513237733212e+02 2.002650812512220000e+02 2.027601669678145697e+02 2.050804741973636567e+02 2.071821507448104001e+02 2.090222477117493725e+02 2.105609790059402258e+02 2.117643494418241801e+02 2.126067853018082872e+02 2.130733565700860481e+02 2.131612069884555751e+02
1.869147256211938100e+02 1.850869803288974254e+02 1.831268448277816958e+02 1.810894075895194533e+02 1.790356164646910884e+02 1.770301269677807170e+02 1.751390007837702854e+02 1.734272833223708972e+02 1.719564633012091974e+02 1.707818531662619250e+02 1.699500090189899311e+02 1.694963956885690664e+02 1.694435583658279825e+02 1.698000610865476858e+02 1.705603868723015353e+02 1.717058740968634538e+02 1.732066109964510190e+02 1.750240556732024402e+02 1.771140260518950242e+02 1.794296429975579201e+02 1.819238281915766322e+02 1.845510554379623898e+02 1.872682082641356374e+02 1.900345717294121641e+02 1.928111429551902063e+02 1.955595529319168691e+02 1.982409380235680203e+02 2.008150859162346364e+02 2.032401201969832414e+02 2.054728951658797200e+02 2.074701600130695738e+02 2.091904284777511123e+02 2.105963666931476155e+02 2.116574029256588005e+02 2.123521884742083898e+02 2.126705203794046781e+02 2.126143883268632067e+02
