BlockUplift_2Ma_1kryTimeStep_5mmyr_k_0.0001_m_0.5_n_1.0_LinDiffusion_1.0_6x3km_30mRes_topographic__elevation.txt
nrows 100
cellsize 30.0
xllcorner 0.0
ncols 200
yllcorner 0.0
[rows 34 to 50 of 100, columns 148 to 184 of 200]
3.492587838233611137e+02 3.496250617166186885e+02 3.529728760630898137e+02 3.591206308628897546e+02 3.677639608128136501e+02 3.785185353748548209e+02 3.909665460052871708e+02 4.046975151021878787e+02 4.193366733410412621e+02 4.345580331291267839e+02 4.500831102142525424e+02 4.656690093977807123e+02 4.810908890852235800e+02 4.961238102436767008e+02 5.105281246635064463e+02 5.240413433299102053e+02 5.363781434026025181e+02 5.472389046379519186e+02 5.563258876754208586e+02 5.633648919144825413e+02 5.681291106286275863e+02 5.704612112704974152e+02 5.702896957556795314e+02 5.676364792074466550e+02 5.626142485050264668e+02 5.554141456774952985e+02 5.462861443487474844e+02 5.355156722814004979e+02 5.234003152430524324e+02 5.102298440487705875e+02 4.962716160400286753e+02 4.817620163165660188e+02 4.669033989624774108e+02 4.518652072922711227e+02 4.367876695691124951e+02 4.217866184626480504e+02 4.069584253531977538e+02
3.489376429817297662e+02 3.493178935286356364e+02 3.527102307235807643e+02 3.589314159317963799e+02 3.676705854410583925e+02 3.785334785249149263e+02 3.910907862511787698e+02 4.049208195604068123e+02 4.196393985652914012e+02 4.349139157247706180e+02 4.504625204498462381e+02 4.660422511662647480e+02 4.814312756615141780e+02 4.964103607114788588e+02 5.107477771164966498e+02 5.241905721739605042e+02 5.364638321800882750e+02 5.472783076748696658e+02 5.563455518076484623e+02 5.633985195302331022e+02 5.682145125434917645e+02 5.706366795834385357e+02 5.705902654248096724e+02 5.680905918904287546e+02 5.632412595454270559e+02 5.562229392201954852e+02 5.472748906816594854e+02 5.366725406175182798e+02 5.247048029312996960e+02 5.116543329010552839e+02 4.977828181134045167e+02 4.833220966201432702e+02 4.684707173872025123e+02 4.533947625507004204e+02 4.382314212968477136e+02 4.230938941625274197e+02 4.080765888279370301e+02
3.492344740042346416e+02 3.496440911171911239e+02 3.530771168377114577e+02 3.593492212543528126e+02 3.681445937024754471e+02 3.790614203108610241e+02 3.916618732127025169e+02 4.055163952856033234e+02 4.202348622890542060e+02 4.354814217173030215e+02 4.509739677010365995e+02 4.664721963132180917e+02 4.817595471904611486e+02 4.966242586679440478e+02 5.108437799175041505e+02 5.241754499216995100e+02 5.363550218631324924e+02 5.471033874690061793e+02 5.561406971783815152e+02 5.632059453832048348e+02 5.680790832007361360e+02 5.706020538150145285e+02 5.706950767520396539e+02 5.683651943819288590e+02 5.637054759601089700e+02 5.568850509198113059e+02 5.481318604594322323e+02 5.377112286532544658e+02 5.259037817450749799e+02 5.129858610442927329e+02 4.992145917561539932e+02 4.848185325435283630e+02 4.699936859045739652e+02 4.549038418762356741e+02 4.396838553042454123e+02 4.244444889404402943e+02 4.092777807132097792e+02
3.500038350984272597e+02 3.504568315217861141e+02 3.539247625739292857e+02 3.602229529518836557e+02 3.690324926801123411e+02 3.799467399185593877e+02 3.925226717041927600e+02 4.063264908086300125e+02 4.209657864248654278e+02 4.361049222187925238e+02 4.514646382496516139e+02 4.668099312271078816e+02 4.819316537558023583e+02 4.966271478441206568e+02 5.106841737906744925e+02 5.238710069141960730e+02 5.359342303202969333e+02 5.466045634824945409e+02 5.556099787565083261e+02 5.626943099043123766e+02 5.676386029656109713e+02 5.702817931488914382e+02 5.705371613666333133e+02 5.684016001491838779e+02 5.639559727619326850e+02 5.573565213832478094e+02 5.488189502263883242e+02 5.385980449026467340e+02 5.269661996396575887e+02 5.141939539213913122e+02 5.005347654069500436e+02 4.862150842895656524e+02 4.714296804068850975e+02 4.563413559205392289e+02 4.410837647413827654e+02 4.257660401991713002e+02 4.104782079639254562e+02
3.510578453293898065e+02 3.515695963195658464e+02 3.550686548578213433e+02 3.613706487055495131e+02 3.701553723840134467e+02 3.810140759531030881e+02 3.935018749651409848e+02 4.071843626716765243e+02 4.216704815281541983e+02 4.366282323102915939e+02 4.517842479583362092e+02 4.669114131984873097e+02 4.818100889908018303e+02 4.962883228584006474e+02 5.101453030690199739e+02 5.231608784851105156e+02 5.350926188739061899e+02 5.456807470491238519e+02 5.546602631115944178e+02 5.617786119756855214e+02 5.668163404327561921e+02 5.696075170750910956e+02 5.700564895780250936e+02 5.681480133799416308e+02 5.639489090544816463e+02 5.576009735036733446e+02 5.493064955382909602e+02 5.393089893355014510e+02 5.278723571518374911e+02 5.152615398262709050e+02 5.017269498687913369e+02 4.874938970762563031e+02 4.727571335871646738e+02 4.576798159120330070e+02 4.423957318263868501e+02 4.270135720031448159e+02 4.116222560117432181e+02
3.521641616580047298e+02 3.527532216614690697e+02 3.562846158922807831e+02 3.625745523890203685e+02 3.713029796108544360e+02 3.820614421893041595e+02 3.944062568281793801e+02 4.079058162274382084e+02 4.221738851149031575e+02 4.368854032773905374e+02 4.517758751880222690e+02 4.666286377295089096e+02 4.812556657181209516e+02 4.954773409876950723e+02 5.091054228921487947e+02 5.219319830191814162e+02 5.337257263996316397e+02 5.442360296827255297e+02 5.532040943443936385e+02 5.603797206558566586e+02 5.655413470058482517e+02 5.685163143699069224e+02 5.691980436892351918e+02 5.675571544955640775e+02 5.636445450754337116e+02 5.575859189981135842e+02 5.495688253656409188e+02 5.398245727419973718e+02 5.286080646745778040e+02 5.161785716715206718e+02 5.027838039582983924e+02 4.886486426907593454e+02 4.739688354015439131e+02 4.589091208613946264e+02 4.436047608432244829e+02 4.281653412205320137e+02 4.126798918242115519e+02
3.530523018748766049e+02 3.537406239205765814e+02 3.573118296235120397e+02 3.635824289776944056e+02 3.722334014118883943e+02 3.828584486974668266e+02 3.950176783766698918e+02 4.082853076600773079e+02 4.222831081201489383e+02 4.366960747950554946e+02 4.512714633617775917e+02 4.658055919331569044e+02 4.801241533685511627e+02 4.940614935694642327e+02 5.074430641004308882e+02 5.200737511657832783e+02 5.317334548704830013e+02 5.421802542921695931e+02 5.511606377696734853e+02 5.584254572718136842e+02 5.637494434571397051e+02 5.669514185864840101e+02 5.679119993665142374e+02 5.665858057646858015e+02 5.630060554267001862e+02 5.572807865311547175e+02 5.495814919494077913e+02 5.401262691566372496e+02 5.291603676558096367e+02 5.169371026017395252e+02 5.037015671917865234e+02 4.896786495907459198e+02 4.750658405653492764e+02 4.600304664259921310e+02 4.447104557360190142e+02 4.292175860372021816e+02 4.136423021981372017e+02
3.534302033301437973e+02 3.542415473811710740e+02 3.578655873550461024e+02 3.641182548744862402e+02 3.726817803078668589e+02 3.831532394732763009e+02 3.950985372566985347e+02 4.081002534487041089e+02 4.217909758825461495e+02 4.358686052821904582e+02 4.500948523469837141e+02 4.642814270814900510e+02 4.782697449981107525e+02 4.919096298261296170e+02 5.050411917233018926e+02 5.174825272956877598e+02 5.290245727104330626e+02 5.394334519146810862e+02 5.484598746760699441e+02 5.558543831109172970e+02 5.613864581284334463e+02 5.648647844759154850e+02 5.661555609991575011e+02 5.651958583381765493e+02 5.619997686108016524e+02 5.566563568700011047e+02 5.493199205220103067e+02 5.401944091220552764e+02 5.295147185971223962e+02 5.175277774225503435e+02 5.044759198693208191e+02 4.905841960452146395e+02 4.760522835503508077e+02 4.610508047594479422e+02 4.457212896520859431e+02 4.301788143980645600e+02 4.145164495166373513e+02
3.530099042483010976e+02 3.539667471215096839e+02 3.576596702709878173e+02 3.639026489755560760e+02 3.723787867900657602e+02 3.826891224867713959e+02 3.944067634072765145e+02 4.071246544660660334e+02 4.204885586451255790e+02 4.342117658559722031e+02 4.480728427728483325e+02 4.619010314086432345e+02 4.755552015298436572e+02 4.889018659253289343e+02 5.017964179134329470e+02 5.140701920952615183e+02 5.255246419501022501e+02 5.359329770793696071e+02 5.450488723000340769e+02 5.526211603369351906e+02 5.584126657500030433e+02 5.622206180356738514e+02 5.638956154708087070e+02 5.633561332256400647e+02 5.605962020256533833e+02 5.556850558154885675e+02 5.487589968261909235e+02 5.400070888112034027e+02 5.296532248750335157e+02 5.179374282451123008e+02 5.050989320638937556e+02 4.913628212619894384e+02 4.769310730498173143e+02 4.619779665023730217e+02 4.466492321735415771e+02 4.310640561040707439e+02 4.153191140701436552e+02
3.515382523080386363e+02 3.526579480112052920e+02 3.564351603044389663e+02 3.626802630381188237e+02 3.710764398450381236e+02 3.812287775461869046e+02 3.927184518053168176e+02 4.051502400720569312e+02 4.181849303657867267e+02 4.315532060858394630e+02 4.450524296789386653e+02 4.585310517339715375e+02 4.718666422365301969e+02 4.849430975239302484e+02 4.976311800532405414e+02 5.097749599528718818e+02 5.211854160527409476e+02 5.316415255849642563e+02 5.408984821603485216e+02 5.487020273200533893e+02 5.548071606840431969e+02 5.589987785609016555e+02 5.611112893784859352e+02 5.610442035670101859e+02 5.587712348717955138e+02 5.543415357043217000e+02 5.478730881722076447e+02 5.395396380683934012e+02 5.295535527896070107e+02 5.181473910475395996e+02 5.055567629189498007e+02 4.920063780068096548e+02 4.777002762349638374e+02 4.628163710589549851e+02 4.475048051921119168e+02 4.318893181346579127e+02 4.160708444267412460e+02
3.488267139877599448e+02 3.501178687142668196e+02 3.539902412518510459e+02 3.602489938944983123e+02 3.685764405372445367e+02 3.785814921854944828e+02 3.898538389799366541e+02 4.020110634869675437e+02 4.147302832738421898e+02 4.277609957318645684e+02 4.409206791163881576e+02 4.540780123781153748e+02 4.671298211590288361e+02 4.799773703041869339e+02 4.925061792193128554e+02 5.045719099211952994e+02 5.159935462495263891e+02 5.265541565206668793e+02 5.360088658082105439e+02 5.440990469097855566e+02 5.505710560734709134e+02 5.551971449400757592e+02 5.577956681316321692e+02 5.582476087750194438e+02 5.565069103384977325e+02 5.526031103651851026e+02 5.466361140106757830e+02 5.387642973444668542e+02 5.291881605094166616e+02 5.181322336341359005e+02 5.058278208383605374e+02 4.924985674792964119e+02 4.783499816785487155e+02 4.635631869958072002e+02 4.482925317412432378e+02 4.326663405277858487e+02 4.167900730271398402e+02
3.447743908589163766e+02 3.462343551875139838e+02 3.502050600380670176e+02 3.564851848928564664e+02 3.647553409637338291e+02 3.746279477605534680e+02 3.857013807431973760e+02 3.976065701737230711e+02 4.100377096081222703e+02 4.227638673390259783e+02 4.356232087476129777e+02 4.485048497252331572e+02 4.613245828601374114e+02 4.740001887458113288e+02 4.864305492698778153e+02 4.984811030015619053e+02 5.099768124474855426e+02 5.207028677612498768e+02 5.304126914306441449e+02 5.388422208656078283e+02 5.457288058765965388e+02 5.508324030556962043e+02 5.539562548046953907e+02 5.549641272613735055e+02 5.537915975115523679e+02 5.504498189424150496e+02 5.450214726479408682e+02 5.376499311752437507e+02 5.285237009431674551e+02 5.178587440454214175e+02 5.058812391284345722e+02 4.928128180245420253e+02 4.788595164587043769e+02 4.642048453123522904e+02 4.490067274770374866e+02 4.333976741952868110e+02 4.174875169823097849e+02
3.393802283495033976e+02 3.409943059490575479e+02 3.450571140057388675e+02 3.513601553447204537e+02 3.595818486860719077e+02 3.693379021094279437e+02 3.802354032065646265e+02 3.919188095129374005e+02 4.040995833301476523e+02 4.165664098740625718e+02 4.291778841605533898e+02 4.418428675641587233e+02 4.544949141855046832e+02 4.670665945013643068e+02 4.794679903621601511e+02 4.915718950294635761e+02 5.032068238597581740e+02 5.141579571134908520e+02 5.241754667812123216e+02 5.329891153257622136e+02 5.403274244350490108e+02 5.459391167713749837e+02 5.496140868795080223e+02 5.512010595670772091e+02 5.506194857123620068e+02 5.478641064054344270e+02 5.430018255060493857e+02 5.361617931638595564e+02 5.275206223360396507e+02 5.172852174229369666e+02 5.056757107297091807e+02 4.929105515396155965e+02 4.791950571914093189e+02 4.647139401861629153e+02 4.496276684155482144e+02 4.340721235591688014e+02 4.181609321987741055e+02
3.327433808135504592e+02 3.344859173524110929e+02 3.386253100183517972e+02 3.449458921425205631e+02 3.531238721561172724e+02 3.627782351741436173e+02 3.735247451717746685e+02 3.850212469789512966e+02 3.969961181802633519e+02 4.092569781876017032e+02 4.216817397148341229e+02 4.341974057735027372e+02 4.467531906213433786e+02 4.592939233083636168e+02 4.717380732830582701e+02 4.839629210377991058e+02 4.957978951754886907e+02 5.070260581773108584e+02 5.173930318195217524e+02 5.266221085970386184e+02 5.344337628481889624e+02 5.405672591627377415e+02 5.448016849725747761e+02 5.469736840184606308e+02 5.469895610898826135e+02 5.448302645511015498e+02 5.405488865315118119e+02 5.342615039766087648e+02 5.261331495235864395e+02 5.163612485093819942e+02 5.051589106181047555e+02 4.927400793413297606e+02 4.793078779117232102e+02 4.650467478910466070e+02 4.501183415860573973e+02 4.346607290723046617e+02 4.187903628683412194e+02
3.250536115588412827e+02 3.268906975466428548e+02 3.310837102306723523e+02 3.374105078478410178e+02 3.455455461605127425e+02 3.551112926212334173e+02 3.657320941438950399e+02 3.770787216399685917e+02 3.888955638237544576e+02 4.010077657313552209e+02 4.133106162782324304e+02 4.257468062236781634e+02 4.382783244173312482e+02 4.508590869862374007e+02 4.634127014392157093e+02 4.758178659295710418e+02 4.879023186459401131e+02 4.994451481183316446e+02 5.101865541399859012e+02 5.198436208883499603e+02 5.281301937268129905e+02 5.347785299302390740e+02 5.395601245268475168e+02 5.423031401000348524e+02 5.429042917890591298e+02 5.413338439970852960e+02 5.376334282170067809e+02 5.319074724376098402e+02 5.243099099941679242e+02 5.150283383874239007e+02 5.042678620949765786e+02 4.922365261995792594e+02 4.791336628519053988e+02 4.651418018070221478e+02 4.504222034151659386e+02 4.351136783449425707e+02 4.193342194441523816e+02
3.165753707173083171e+02 3.184685831815389747e+02 3.226879257190365706e+02 3.290060191720401122e+02 3.370963767995341414e+02 3.465852687595377120e+02 3.571053937977937949e+02 3.683396115664148169e+02 3.800468439593234393e+02 3.920676454875352306e+02 4.043119801951559680e+02 4.167350522470935061e+02 4.293081465259853644e+02 4.419907009786646768e+02 4.547080604141803519e+02 4.673373707831943307e+02 4.797024013604413426e+02 4.915769099801194102e+02 5.026954120413254827e+02 5.127696999883012268e+02 5.215090548625663587e+02 5.286417760345821080e+02 5.339355083236039263e+02 5.372139781766726401e+02 5.383682274264311900e+02 5.373612226063594335e+02 5.342256872935181491e+02 5.290559616453100489e+02 5.219954473479830312e+02 5.132216177694754151e+02 5.029306220270034373e+02 4.913232346284750633e+02 4.785934072198363083e+02 4.649201012921462848e+02 4.504625532445580802e+02 4.353587522747699268e+02 4.197267582780199859e+02
3.076292450823572153e+02 3.095397227865552168e+02 3.137574871698743664e+02 3.200514617558658301e+02 3.280951576340857514e+02 3.375188920868229161e+02 3.479631984887109297e+02 3.591217164633983430e+02 3.707658171359636299e+02 3.827486799523261425e+02 3.949915986054643895e+02 4.074585856578426615e+02 4.201264058967185520e+02 4.329563641845548432e+02 4.458723197564115708e+02 4.587473224427793070e+02 4.713995139944420316e+02 4.835967015450200392e+02 4.950682228518134593e+02 5.055222204254115468e+02 5.146660999769483169e+02 5.222277436449759307e+02 5.279750381391160090e+02 5.317315378559516148e+02 5.333866384195464434e+02 5.328994254874927492e+02 5.302962487380639232e+02 5.256628829913997834e+02 5.191327348042461836e+02 5.108728564248993393e+02 5.010695364435960073e+02 4.899150012396957550e+02 4.775963669928140121e+02 4.642875215002933942e+02 4.501441795900552734e+02 4.353020278381301864e+02 4.198777144330546207e+02
