BlockUplift_2Ma_1kryTimeStep_5mmyr_k_5e-05_m_0.5_n_1.0_LinDiffusion_1.0_6x3km_30mRes_drainage_area.txt
nrows 100
cellsize 30.0
xllcorner 0.0
ncols 200
yllcorner 0.0
[rows 0 to 16 of 100, columns 111 to 147 of 200]
0.000000000000000000e+00 0.000000000000000000e+00 0.000000000000000000e+00 0.000000000000000000e+00 0.000000000000000000e+00 0.000000000000000000e+00 0.000000000000000000e+00 0.000000000000000000e+00 0.000000000000000000e+00 0.000000000000000000e+00 0.000000000000000000e+00 0.000000000000000000e+00 0.000000000000000000e+00 0.000000000000000000e+00 0.000000000000000000e+00 0.000000000000000000e+00 0.000000000000000000e+00 0.000000000000000000e+00 0.000000000000000000e+00 0.000000000000000000e+00 0.000000000000000000e+00 0.000000000000000000e+00 0.000000000000000000e+00 0.000000000000000000e+00 0.000000000000000000e+00 0.000000000000000000e+00 0.000000000000000000e+00 0.000000000000000000e+00 0.000000000000000000e+00 0.000000000000000000e+00 0.000000000000000000e+00 0.000000000000000000e+00 0.000000000000000000e+00 0.000000000000000000e+00 0.000000000000000000e+00 0.000000000000000000e+00 0.000000000000000000e+00
9.000000000000000000e+02 9.000000000000000000e+02 9.000000000000000000e+02 9.000000000000000000e+02 9.000000000000000000e+02 9.000000000000000000e+02 9.000000000000000000e+02 9.000000000000000000e+02 9.000000000000000000e+02 9.000000000000000000e+02 9.000000000000000000e+02 9.000000000000000000e+02 9.000000000000000000e+02 9.000000000000000000e+02 9.000000000000000000e+02 9.000000000000000000e+02 9.000000000000000000e+02 9.000000000000000000e+02 9.000000000000000000e+02 9.000000000000000000e+02 9.000000000000000000e+02 9.000000000000000000e+02 9.000000000000000000e+02 9.000000000000000000e+02 9.000000000000000000e+02 9.000000000000000000e+02 9.000000000000000000e+02 9.000000000000000000e+02 9.000000000000000000e+02 9.000000000000000000e+02 9.000000000000000000e+02 9.000000000000000000e+02 9.000000000000000000e+02 9.000000000000000000e+02 9.000000000000000000e+02 9.000000000000000000e+02 9.000000000000000000e+02
1.800000000000000000e+03 1.800000000000000000e+03 1.800000000000000000e+03 1.800000000000000000e+03 1.800000000000000000e+03 1.800000000000000000e+03 2.700000000000000000e+03 1.800000000000000000e+03 1.800000000000000000e+03 1.800000000000000000e+03 1.800000000000000000e+03 1.800000000000000000e+03 1.800000000000000000e+03 1.800000000000000000e+03 1.800000000000000000e+03 1.800000000000000000e+03 1.800000000000000000e+03 1.800000000000000000e+03 1.800000000000000000e+03 1.800000000000000000e+03 1.800000000000000000e+03 1.800000000000000000e+03 1.800000000000000000e+03 1.800000000000000000e+03 1.800000000000000000e+03 1.800000000000000000e+03 1.800000000000000000e+03 1.800000000000000000e+03 1.800000000000000000e+03 1.800000000000000000e+03 1.800000000000000000e+03 1.800000000000000000e+03 1.800000000000000000e+03 1.800000000000000000e+03 1.800000000000000000e+03 1.800000000000000000e+03 1.800000000000000000e+03
2.700000000000000000e+03 2.700000000000000000e+03 2.700000000000000000e+03 2.700000000000000000e+03 4.500000000000000000e+03 2.700000000000000000e+03 3.600000000000000000e+03 2.700000000000000000e+03 2.700000000000000000e+03 2.700000000000000000e+03 2.700000000000000000e+03 2.700000000000000000e+03 2.700000000000000000e+03 2.700000000000000000e+03 2.700000000000000000e+03 2.700000000000000000e+03 2.700000000000000000e+03 2.700000000000000000e+03 2.700000000000000000e+03 2.700000000000000000e+03 2.700000000000000000e+03 2.700000000000000000e+03 2.700000000000000000e+03 2.700000000000000000e+03 2.700000000000000000e+03 2.700000000000000000e+03 2.700000000000000000e+03 2.700000000000000000e+03 2.700000000000000000e+03 2.700000000000000000e+03 2.700000000000000000e+03 2.700000000000000000e+03 2.700000000000000000e+03 2.700000000000000000e+03 2.700000000000000000e+03 2.700000000000000000e+03 2.700000000000000000e+03
1.170000000000000000e+04 3.600000000000000000e+03 6.300000000000000000e+03 3.600000000000000000e+03 5.400000000000000000e+03 3.600000000000000000e+03 4.500000000000000000e+03 3.600000000000000000e+03 3.600000000000000000e+03 3.600000000000000000e+03 3.600000000000000000e+03 3.600000000000000000e+03 3.600000000000000000e+03 3.600000000000000000e+03 3.600000000000000000e+03 3.600000000000000000e+03 3.600000000000000000e+03 3.600000000000000000e+03 3.600000000000000000e+03 3.600000000000000000e+03 3.600000000000000000e+03 3.600000000000000000e+03 3.600000000000000000e+03 3.600000000000000000e+03 3.600000000000000000e+03 3.600000000000000000e+03 3.600000000000000000e+03 3.600000000000000000e+03 3.600000000000000000e+03 3.600000000000000000e+03 3.600000000000000000e+03 3.600000000000000000e+03 3.600000000000000000e+03 3.600000000000000000e+03 3.600000000000000000e+03 3.600000000000000000e+03 3.600000000000000000e+03
3.600000000000000000e+03 1.620000000000000000e+04 7.200000000000000000e+03 4.500000000000000000e+03 6.300000000000000000e+03 4.500000000000000000e+03 5.400000000000000000e+03 4.500000000000000000e+03 4.500000000000000000e+03 4.500000000000000000e+03 4.500000000000000000e+03 4.500000000000000000e+03 4.500000000000000000e+03 4.500000000000000000e+03 4.500000000000000000e+03 4.500000000000000000e+03 4.500000000000000000e+03 4.500000000000000000e+03 4.500000000000000000e+03 4.500000000000000000e+03 4.500000000000000000e+03 4.500000000000000000e+03 4.500000000000000000e+03 4.500000000000000000e+03 4.500000000000000000e+03 4.500000000000000000e+03 4.500000000000000000e+03 4.500000000000000000e+03 4.500000000000000000e+03 4.500000000000000000e+03 4.500000000000000000e+03 4.500000000000000000e+03 4.500000000000000000e+03 4.500000000000000000e+03 4.500000000000000000e+03 4.500000000000000000e+03 4.500000000000000000e+03
4.500000000000000000e+03 2.070000000000000000e+04 8.100000000000000000e+03 5.400000000000000000e+03 7.200000000000000000e+03 5.400000000000000000e+03 6.300000000000000000e+03 5.400000000000000000e+03 5.400000000000000000e+03 5.400000000000000000e+03 5.400000000000000000e+03 5.400000000000000000e+03 5.400000000000000000e+03 5.400000000000000000e+03 5.400000000000000000e+03 5.400000000000000000e+03 5.400000000000000000e+03 5.400000000000000000e+03 5.400000000000000000e+03 5.400000000000000000e+03 5.400000000000000000e+03 5.400000000000000000e+03 5.400000000000000000e+03 5.400000000000000000e+03 5.400000000000000000e+03 5.400000000000000000e+03 5.400000000000000000e+03 5.400000000000000000e+03 5.400000000000000000e+03 5.400000000000000000e+03 5.400000000000000000e+03 5.400000000000000000e+03 5.400000000000000000e+03 5.400000000000000000e+03 5.400000000000000000e+03 5.400000000000000000e+03 5.400000000000000000e+03
9.900000000000000000e+03 2.160000000000000000e+04 9.000000000000000000e+03 6.300000000000000000e+03 8.100000000000000000e+03 6.300000000000000000e+03 7.200000000000000000e+03 6.300000000000000000e+03 6.300000000000000000e+03 6.300000000000000000e+03 6.300000000000000000e+03 6.300000000000000000e+03 6.300000000000000000e+03 6.300000000000000000e+03 6.300000000000000000e+03 6.300000000000000000e+03 6.300000000000000000e+03 6.300000000000000000e+03 6.300000000000000000e+03 6.300000000000000000e+03 6.300000000000000000e+03 6.300000000000000000e+03 6.300000000000000000e+03 6.300000000000000000e+03 6.300000000000000000e+03 6.300000000000000000e+03 6.300000000000000000e+03 6.300000000000000000e+03 6.300000000000000000e+03 6.300000000000000000e+03 6.300000000000000000e+03 6.300000000000000000e+03 6.300000000000000000e+03 6.300000000000000000e+03 6.300000000000000000e+03 6.300000000000000000e+03 6.300000000000000000e+03
1.620000000000000000e+04 2.250000000000000000e+04 9.900000000000000000e+03 7.200000000000000000e+03 9.000000000000000000e+03 7.200000000000000000e+03 8.100000000000000000e+03 7.200000000000000000e+03 7.200000000000000000e+03 7.200000000000000000e+03 7.200000000000000000e+03 7.200000000000000000e+03 7.200000000000000000e+03 7.200000000000000000e+03 7.200000000000000000e+03 7.200000000000000000e+03 7.200000000000000000e+03 7.200000000000000000e+03 7.200000000000000000e+03 7.200000000000000000e+03 7.200000000000000000e+03 7.200000000000000000e+03 7.200000000000000000e+03 7.200000000000000000e+03 7.200000000000000000e+03 7.200000000000000000e+03 7.200000000000000000e+03 7.200000000000000000e+03 7.200000000000000000e+03 7.200000000000000000e+03 7.200000000000000000e+03 7.200000000000000000e+03 7.200000000000000000e+03 7.200000000000000000e+03 7.200000000000000000e+03 7.200000000000000000e+03 7.200000000000000000e+03
2.340000000000000000e+04 2.340000000000000000e+04 1.080000000000000000e+04 8.100000000000000000e+03 9.900000000000000000e+03 8.100000000000000000e+03 9.000000000000000000e+03 8.100000000000000000e+03 8.100000000000000000e+03 8.100000000000000000e+03 8.100000000000000000e+03 8.100000000000000000e+03 8.100000000000000000e+03 8.100000000000000000e+03 8.100000000000000000e+03 8.100000000000000000e+03 8.100000000000000000e+03 8.100000000000000000e+03 8.100000000000000000e+03 8.100000000000000000e+03 8.100000000000000000e+03 8.100000000000000000e+03 8.100000000000000000e+03 8.100000000000000000e+03 8.100000000000000000e+03 8.100000000000000000e+03 8.100000000000000000e+03 8.100000000000000000e+03 8.100000000000000000e+03 8.100000000000000000e+03 8.100000000000000000e+03 8.100000000000000000e+03 8.100000000000000000e+03 8.100000000000000000e+03 8.100000000000000000e+03 8.100000000000000000e+03 8.100000000000000000e+03
8.100000000000000000e+03 4.770000000000000000e+04 1.170000000000000000e+04 9.000000000000000000e+03 1.080000000000000000e+04 9.000000000000000000e+03 9.900000000000000000e+03 9.000000000000000000e+03 9.000000000000000000e+03 9.000000000000000000e+03 9.000000000000000000e+03 9.000000000000000000e+03 9.000000000000000000e+03 9.000000000000000000e+03 9.000000000000000000e+03 9.000000000000000000e+03 9.000000000000000000e+03 9.000000000000000000e+03 9.000000000000000000e+03 9.000000000000000000e+03 9.000000000000000000e+03 9.000000000000000000e+03 9.000000000000000000e+03 9.000000000000000000e+03 9.000000000000000000e+03 9.000000000000000000e+03 9.000000000000000000e+03 9.000000000000000000e+03 9.000000000000000000e+03 9.000000000000000000e+03 9.000000000000000000e+03 9.000000000000000000e+03 9.000000000000000000e+03 9.000000000000000000e+03 9.000000000000000000e+03 9.000000000000000000e+03 9.000000000000000000e+03
9.000000000000000000e+03 5.670000000000000000e+04 1.260000000000000000e+04 9.900000000000000000e+03 1.170000000000000000e+04 9.900000000000000000e+03 1.080000000000000000e+04 9.900000000000000000e+03 9.900000000000000000e+03 9.900000000000000000e+03 9.900000000000000000e+03 9.900000000000000000e+03 9.900000000000000000e+03 9.900000000000000000e+03 9.900000000000000000e+03 9.900000000000000000e+03 9.900000000000000000e+03 9.900000000000000000e+03 9.900000000000000000e+03 9.900000000000000000e+03 9.900000000000000000e+03 9.900000000000000000e+03 9.900000000000000000e+03 9.900000000000000000e+03 9.900000000000000000e+03 9.900000000000000000e+03 9.900000000000000000e+03 9.900000000000000000e+03 9.900000000000000000e+03 9.900000000000000000e+03 9.900000000000000000e+03 9.900000000000000000e+03 9.900000000000000000e+03 9.900000000000000000e+03 9.900000000000000000e+03 9.900000000000000000e+03 9.900000000000000000e+03
9.900000000000000000e+03 6.660000000000000000e+04 1.350000000000000000e+04 1.080000000000000000e+04 1.260000000000000000e+04 1.080000000000000000e+04 1.170000000000000000e+04 1.080000000000000000e+04 1.080000000000000000e+04 1.080000000000000000e+04 1.080000000000000000e+04 1.080000000000000000e+04 1.080000000000000000e+04 1.080000000000000000e+04 1.080000000000000000e+04 1.080000000000000000e+04 1.080000000000000000e+04 1.080000000000000000e+04 1.080000000000000000e+04 1.080000000000000000e+04 1.080000000000000000e+04 1.080000000000000000e+04 1.080000000000000000e+04 1.080000000000000000e+04 1.080000000000000000e+04 1.080000000000000000e+04 1.080000000000000000e+04 1.080000000000000000e+04 1.080000000000000000e+04 1.080000000000000000e+04 1.080000000000000000e+04 1.080000000000000000e+04 1.080000000000000000e+04 1.080000000000000000e+04 1.080000000000000000e+04 1.080000000000000000e+04 1.080000000000000000e+04
1.080000000000000000e+04 1.080000000000000000e+04 8.100000000000000000e+04 1.170000000000000000e+04 1.350000000000000000e+04 1.170000000000000000e+04 1.260000000000000000e+04 1.170000000000000000e+04 1.170000000000000000e+04 1.170000000000000000e+04 1.170000000000000000e+04 1.170000000000000000e+04 1.170000000000000000e+04 1.170000000000000000e+04 1.170000000000000000e+04 1.170000000000000000e+04 1.170000000000000000e+04 1.170000000000000000e+04 1.170000000000000000e+04 1.170000000000000000e+04 1.170000000000000000e+04 1.170000000000000000e+04 1.170000000000000000e+04 1.170000000000000000e+04 1.170000000000000000e+04 1.170000000000000000e+04 1.170000000000000000e+04 1.170000000000000000e+04 1.170000000000000000e+04 1.170000000000000000e+04 1.170000000000000000e+04 1.170000000000000000e+04 1.170000000000000000e+04 1.170000000000000000e+04 1.170000000000000000e+04 1.170000000000000000e+04 1.170000000000000000e+04
1.260000000000000000e+04 1.170000000000000000e+04 9.270000000000000000e+04 1.260000000000000000e+04 1.440000000000000000e+04 1.260000000000000000e+04 1.350000000000000000e+04 1.260000000000000000e+04 1.260000000000000000e+04 1.260000000000000000e+04 1.260000000000000000e+04 1.260000000000000000e+04 1.260000000000000000e+04 1.260000000000000000e+04 1.260000000000000000e+04 1.260000000000000000e+04 1.260000000000000000e+04 1.260000000000000000e+04 1.260000000000000000e+04 1.260000000000000000e+04 1.260000000000000000e+04 1.260000000000000000e+04 1.260000000000000000e+04 1.260000000000000000e+04 1.260000000000000000e+04 1.260000000000000000e+04 1.260000000000000000e+04 1.260000000000000000e+04 1.260000000000000000e+04 1.260000000000000000e+04 1.260000000000000000e+04 1.260000000000000000e+04 1.260000000000000000e+04 1.260000000000000000e+04 1.260000000000000000e+04 1.260000000000000000e+04 1.260000000000000000e+04
1.350000000000000000e+04 1.350000000000000000e+04 1.260000000000000000e+04 1.062000000000000000e+05 1.530000000000000000e+04 1.350000000000000000e+04 1.440000000000000000e+04 1.350000000000000000e+04 1.350000000000000000e+04 1.350000000000000000e+04 1.350000000000000000e+04 1.350000000000000000e+04 1.350000000000000000e+04 1.350000000000000000e+04 1.350000000000000000e+04 1.350000000000000000e+04 1.350000000000000000e+04 1.350000000000000000e+04 1.350000000000000000e+04 1.350000000000000000e+04 1.350000000000000000e+04 1.350000000000000000e+04 1.350000000000000000e+04 1.350000000000000000e+04 1.350000000000000000e+04 1.350000000000000000e+04 1.350000000000000000e+04 1.350000000000000000e+04 1.350000000000000000e+04 1.350000000000000000e+04 1.350000000000000000e+04 1.350000000000000000e+04 1.350000000000000000e+04 1.350000000000000000e+04 1.350000000000000000e+04 1.350000000000000000e+04 1.350000000000000000e+04
1.440000000000000000e+04 1.440000000000000000e+04 1.440000000000000000e+04 1.197000000000000000e+05 1.620000000000000000e+04 1.440000000000000000e+04 1.530000000000000000e+04 1.440000000000000000e+04 1.440000000000000000e+04 1.440000000000000000e+04 1.440000000000000000e+04 1.440000000000000000e+04 1.440000000000000000e+04 1.440000000000000000e+04 1.440000000000000000e+04 1.440000000000000000e+04 1.440000000000000000e+04 1.440000000000000000e+04 1.440000000000000000e+04 1.440000000000000000e+04 1.440000000000000000e+04 1.440000000000000000e+04 1.440000000000000000e+04 1.440000000000000000e+04 1.440000000000000000e+04 1.440000000000000000e+04 1.440000000000000000e+04 1.440000000000000000e+04 1.440000000000000000e+04 1.440000000000000000e+04 1.440000000000000000e+04 1.440000000000000000e+04 1.440000000000000000e+04 1.440000000000000000e+04 1.440000000000000000e+04 1.440000000000000000e+04 1.440000000000000000e+04
