BlockUplift_2Ma_1kryTimeStep_2mmyr_k_5e-05_m_0.5_n_1.0_LinDiffusion_0.5_6x3km_30mRes_flow__link_to_receiver_node.txt
nrows 100
cellsize 30.0
xllcorner 0.0
ncols 200
yllcorner 0.0
[rows 34 to 50 of 100, columns 148 to 184 of 200]
2.608200000000000000e+04 2.608300000000000000e+04 2.608400000000000000e+04 2.608500000000000000e+04 2.608600000000000000e+04 2.608700000000000000e+04 2.608800000000000000e+04 2.608900000000000000e+04 2.609000000000000000e+04 2.609100000000000000e+04 2.609200000000000000e+04 2.609300000000000000e+04 6.549000000000000000e+04 2.609600000000000000e+04 2.609700000000000000e+04 2.609800000000000000e+04 2.609900000000000000e+04 2.610000000000000000e+04 2.610100000000000000e+04 2.610200000000000000e+04 2.610300000000000000e+04 2.610400000000000000e+04 2.610500000000000000e+04 2.610600000000000000e+04 2.610700000000000000e+04 2.610800000000000000e+04 2.610900000000000000e+04 2.611000000000000000e+04 2.611100000000000000e+04 2.611200000000000000e+04 2.611300000000000000e+04 2.611400000000000000e+04 6.553300000000000000e+04 6.553500000000000000e+04 6.553700000000000000e+04 6.553900000000000000e+04 6.554100000000000000e+04
2.568300000000000000e+04 2.568400000000000000e+04 2.568500000000000000e+04 2.568600000000000000e+04 2.568700000000000000e+04 2.568800000000000000e+04 2.568900000000000000e+04 2.569000000000000000e+04 2.569100000000000000e+04 2.569200000000000000e+04 2.569300000000000000e+04 2.569400000000000000e+04 6.509200000000000000e+04 2.569700000000000000e+04 2.569800000000000000e+04 2.569900000000000000e+04 2.570000000000000000e+04 2.570100000000000000e+04 2.570200000000000000e+04 2.570300000000000000e+04 2.570400000000000000e+04 2.570500000000000000e+04 2.570600000000000000e+04 2.570700000000000000e+04 2.570800000000000000e+04 2.570900000000000000e+04 2.571000000000000000e+04 2.571100000000000000e+04 2.571200000000000000e+04 2.571300000000000000e+04 2.571400000000000000e+04 2.571500000000000000e+04 2.571600000000000000e+04 2.571700000000000000e+04 6.513900000000000000e+04 6.514100000000000000e+04 6.514300000000000000e+04
2.528400000000000000e+04 2.528500000000000000e+04 2.528600000000000000e+04 2.528700000000000000e+04 2.528800000000000000e+04 2.528900000000000000e+04 2.529000000000000000e+04 2.529100000000000000e+04 2.529200000000000000e+04 2.529300000000000000e+04 2.529400000000000000e+04 2.529500000000000000e+04 2.529600000000000000e+04 2.529800000000000000e+04 2.529900000000000000e+04 2.530000000000000000e+04 2.530100000000000000e+04 2.530200000000000000e+04 2.530300000000000000e+04 2.530400000000000000e+04 2.530500000000000000e+04 2.530600000000000000e+04 2.530700000000000000e+04 2.530800000000000000e+04 2.530900000000000000e+04 2.531000000000000000e+04 2.531100000000000000e+04 2.531200000000000000e+04 2.531300000000000000e+04 2.531400000000000000e+04 2.531500000000000000e+04 2.531600000000000000e+04 2.531700000000000000e+04 2.531800000000000000e+04 2.531900000000000000e+04 2.532000000000000000e+04 6.474500000000000000e+04
2.488500000000000000e+04 2.488600000000000000e+04 2.488700000000000000e+04 2.488800000000000000e+04 2.488900000000000000e+04 2.489000000000000000e+04 2.489100000000000000e+04 2.489200000000000000e+04 2.489300000000000000e+04 2.489400000000000000e+04 2.489500000000000000e+04 2.489600000000000000e+04 2.489700000000000000e+04 2.489900000000000000e+04 2.490000000000000000e+04 2.490100000000000000e+04 2.490200000000000000e+04 2.490300000000000000e+04 2.490400000000000000e+04 2.490500000000000000e+04 2.490600000000000000e+04 2.490700000000000000e+04 2.490800000000000000e+04 2.490900000000000000e+04 2.491000000000000000e+04 2.491100000000000000e+04 2.491200000000000000e+04 2.491300000000000000e+04 2.491400000000000000e+04 2.491500000000000000e+04 2.491600000000000000e+04 2.491700000000000000e+04 2.491800000000000000e+04 2.491900000000000000e+04 2.492000000000000000e+04 2.492100000000000000e+04 2.492200000000000000e+04
2.448600000000000000e+04 2.448700000000000000e+04 2.448800000000000000e+04 2.448900000000000000e+04 2.449000000000000000e+04 2.449100000000000000e+04 2.449200000000000000e+04 2.449300000000000000e+04 2.449400000000000000e+04 2.449500000000000000e+04 2.449600000000000000e+04 2.449700000000000000e+04 2.449800000000000000e+04 2.450000000000000000e+04 2.450100000000000000e+04 2.450200000000000000e+04 2.450300000000000000e+04 2.450400000000000000e+04 2.450500000000000000e+04 2.450600000000000000e+04 2.450700000000000000e+04 2.450800000000000000e+04 2.450900000000000000e+04 2.451000000000000000e+04 2.451100000000000000e+04 2.451200000000000000e+04 2.451300000000000000e+04 2.451400000000000000e+04 2.451500000000000000e+04 2.451600000000000000e+04 2.451700000000000000e+04 2.451800000000000000e+04 2.451900000000000000e+04 2.452000000000000000e+04 2.452100000000000000e+04 2.452200000000000000e+04 2.452300000000000000e+04
2.408700000000000000e+04 2.408800000000000000e+04 2.408900000000000000e+04 2.409000000000000000e+04 2.409100000000000000e+04 2.409200000000000000e+04 2.409300000000000000e+04 2.409400000000000000e+04 2.409500000000000000e+04 2.409600000000000000e+04 2.409700000000000000e+04 2.409800000000000000e+04 2.409900000000000000e+04 2.410100000000000000e+04 2.410200000000000000e+04 2.410300000000000000e+04 2.410400000000000000e+04 2.410500000000000000e+04 2.410600000000000000e+04 2.410700000000000000e+04 2.410800000000000000e+04 2.410900000000000000e+04 2.411000000000000000e+04 2.411100000000000000e+04 2.411200000000000000e+04 2.411300000000000000e+04 2.411400000000000000e+04 2.411500000000000000e+04 2.411600000000000000e+04 2.411700000000000000e+04 2.411800000000000000e+04 2.411900000000000000e+04 2.412000000000000000e+04 2.412100000000000000e+04 2.412200000000000000e+04 2.412300000000000000e+04 2.412400000000000000e+04
2.368800000000000000e+04 2.368900000000000000e+04 2.369000000000000000e+04 2.369100000000000000e+04 2.369200000000000000e+04 2.369300000000000000e+04 2.369400000000000000e+04 2.369500000000000000e+04 2.369600000000000000e+04 2.369700000000000000e+04 2.369800000000000000e+04 2.369900000000000000e+04 2.370000000000000000e+04 6.310400000000000000e+04 2.370300000000000000e+04 2.370400000000000000e+04 2.370500000000000000e+04 2.370600000000000000e+04 2.370700000000000000e+04 2.370800000000000000e+04 2.370900000000000000e+04 2.371000000000000000e+04 2.371100000000000000e+04 2.371200000000000000e+04 2.371300000000000000e+04 2.371400000000000000e+04 2.371500000000000000e+04 2.371600000000000000e+04 2.371700000000000000e+04 2.371800000000000000e+04 2.371900000000000000e+04 2.372000000000000000e+04 2.372100000000000000e+04 2.372200000000000000e+04 2.372300000000000000e+04 2.372400000000000000e+04 2.372500000000000000e+04
2.328900000000000000e+04 2.329000000000000000e+04 2.329100000000000000e+04 2.329200000000000000e+04 2.329300000000000000e+04 2.329400000000000000e+04 2.329500000000000000e+04 2.329600000000000000e+04 2.329700000000000000e+04 2.329800000000000000e+04 2.329900000000000000e+04 2.330000000000000000e+04 2.330100000000000000e+04 6.270600000000000000e+04 2.330400000000000000e+04 2.330500000000000000e+04 2.330600000000000000e+04 2.330700000000000000e+04 2.330800000000000000e+04 2.330900000000000000e+04 2.331000000000000000e+04 2.331100000000000000e+04 2.331200000000000000e+04 2.331300000000000000e+04 2.331400000000000000e+04 2.331500000000000000e+04 2.331600000000000000e+04 2.331700000000000000e+04 2.331800000000000000e+04 2.331900000000000000e+04 2.332000000000000000e+04 2.332100000000000000e+04 2.332200000000000000e+04 2.332300000000000000e+04 2.332400000000000000e+04 2.332500000000000000e+04 2.332600000000000000e+04
2.289000000000000000e+04 2.289100000000000000e+04 2.289200000000000000e+04 2.289300000000000000e+04 2.289400000000000000e+04 2.289500000000000000e+04 2.289600000000000000e+04 2.289700000000000000e+04 2.289800000000000000e+04 2.289900000000000000e+04 2.290000000000000000e+04 2.290100000000000000e+04 2.290200000000000000e+04 2.290300000000000000e+04 2.290500000000000000e+04 2.290600000000000000e+04 2.290700000000000000e+04 2.290800000000000000e+04 2.290900000000000000e+04 2.291000000000000000e+04 2.291100000000000000e+04 2.291200000000000000e+04 2.291300000000000000e+04 2.291400000000000000e+04 2.291500000000000000e+04 2.291600000000000000e+04 2.291700000000000000e+04 2.291800000000000000e+04 2.291900000000000000e+04 2.292000000000000000e+04 2.292100000000000000e+04 2.292200000000000000e+04 2.292300000000000000e+04 2.292400000000000000e+04 2.292500000000000000e+04 2.292600000000000000e+04 2.292700000000000000e+04
2.249100000000000000e+04 2.249200000000000000e+04 2.249300000000000000e+04 2.249400000000000000e+04 2.249500000000000000e+04 2.249600000000000000e+04 2.249700000000000000e+04 2.249800000000000000e+04 2.249900000000000000e+04 2.250000000000000000e+04 2.250100000000000000e+04 2.250200000000000000e+04 2.250300000000000000e+04 2.250400000000000000e+04 2.250600000000000000e+04 2.250700000000000000e+04 2.250800000000000000e+04 2.250900000000000000e+04 2.251000000000000000e+04 2.251100000000000000e+04 2.251200000000000000e+04 2.251300000000000000e+04 2.251400000000000000e+04 2.251500000000000000e+04 2.251600000000000000e+04 2.251700000000000000e+04 2.251800000000000000e+04 2.251900000000000000e+04 2.252000000000000000e+04 2.252100000000000000e+04 2.252200000000000000e+04 2.252300000000000000e+04 2.252400000000000000e+04 2.252500000000000000e+04 2.252600000000000000e+04 2.252700000000000000e+04 2.252800000000000000e+04
2.209200000000000000e+04 2.209300000000000000e+04 2.209400000000000000e+04 2.209500000000000000e+04 2.209600000000000000e+04 2.209700000000000000e+04 2.209800000000000000e+04 2.209900000000000000e+04 2.210000000000000000e+04 2.210100000000000000e+04 2.210200000000000000e+04 2.210300000000000000e+04 2.210400000000000000e+04 2.210500000000000000e+04 2.210700000000000000e+04 2.210800000000000000e+04 2.210900000000000000e+04 2.211000000000000000e+04 2.211100000000000000e+04 2.211200000000000000e+04 2.211300000000000000e+04 2.211400000000000000e+04 2.211500000000000000e+04 2.211600000000000000e+04 2.211700000000000000e+04 2.211800000000000000e+04 2.211900000000000000e+04 2.212000000000000000e+04 2.212100000000000000e+04 2.212200000000000000e+04 2.212300000000000000e+04 2.212400000000000000e+04 2.212500000000000000e+04 2.212600000000000000e+04 2.212700000000000000e+04 2.212800000000000000e+04 2.212900000000000000e+04
2.169300000000000000e+04 2.169400000000000000e+04 2.169500000000000000e+04 2.169600000000000000e+04 2.169700000000000000e+04 2.169800000000000000e+04 2.169900000000000000e+04 2.170000000000000000e+04 2.170100000000000000e+04 2.170200000000000000e+04 2.170300000000000000e+04 2.170400000000000000e+04 2.170500000000000000e+04 2.170600000000000000e+04 2.170800000000000000e+04 2.170900000000000000e+04 2.171000000000000000e+04 2.171100000000000000e+04 2.171200000000000000e+04 2.171300000000000000e+04 2.171400000000000000e+04 2.171500000000000000e+04 2.171600000000000000e+04 2.171700000000000000e+04 2.171800000000000000e+04 2.171900000000000000e+04 2.172000000000000000e+04 2.172100000000000000e+04 2.172200000000000000e+04 2.172300000000000000e+04 2.172400000000000000e+04 2.172500000000000000e+04 2.172600000000000000e+04 2.172700000000000000e+04 2.172800000000000000e+04 2.172900000000000000e+04 2.173000000000000000e+04
2.129400000000000000e+04 2.129500000000000000e+04 2.129600000000000000e+04 2.129700000000000000e+04 2.129800000000000000e+04 2.129900000000000000e+04 2.130000000000000000e+04 2.130100000000000000e+04 2.130200000000000000e+04 2.130300000000000000e+04 2.130400000000000000e+04 2.130500000000000000e+04 2.130600000000000000e+04 2.130700000000000000e+04 6.071800000000000000e+04 2.131000000000000000e+04 2.131100000000000000e+04 2.131200000000000000e+04 2.131300000000000000e+04 2.131400000000000000e+04 2.131500000000000000e+04 2.131600000000000000e+04 2.131700000000000000e+04 2.131800000000000000e+04 2.131900000000000000e+04 2.132000000000000000e+04 2.132100000000000000e+04 2.132200000000000000e+04 2.132300000000000000e+04 2.132400000000000000e+04 2.132500000000000000e+04 2.132600000000000000e+04 2.132700000000000000e+04 2.132800000000000000e+04 2.132900000000000000e+04 2.133000000000000000e+04 2.133100000000000000e+04
2.089500000000000000e+04 2.089600000000000000e+04 2.089700000000000000e+04 2.089800000000000000e+04 2.089900000000000000e+04 2.090000000000000000e+04 2.090100000000000000e+04 2.090200000000000000e+04 2.090300000000000000e+04 2.090400000000000000e+04 2.090500000000000000e+04 2.090600000000000000e+04 2.090700000000000000e+04 2.090800000000000000e+04 6.032000000000000000e+04 2.091100000000000000e+04 2.091200000000000000e+04 2.091300000000000000e+04 2.091400000000000000e+04 2.091500000000000000e+04 2.091600000000000000e+04 2.091700000000000000e+04 2.091800000000000000e+04 2.091900000000000000e+04 2.092000000000000000e+04 2.092100000000000000e+04 2.092200000000000000e+04 2.092300000000000000e+04 2.092400000000000000e+04 2.092500000000000000e+04 2.092600000000000000e+04 2.092700000000000000e+04 2.092800000000000000e+04 2.092900000000000000e+04 2.093000000000000000e+04 2.093100000000000000e+04 2.093200000000000000e+04
2.049600000000000000e+04 2.049700000000000000e+04 2.049800000000000000e+04 2.049900000000000000e+04 2.050000000000000000e+04 2.050100000000000000e+04 2.050200000000000000e+04 2.050300000000000000e+04 2.050400000000000000e+04 2.050500000000000000e+04 2.050600000000000000e+04 2.050700000000000000e+04 2.050800000000000000e+04 2.050900000000000000e+04 5.992200000000000000e+04 2.051200000000000000e+04 2.051300000000000000e+04 2.051400000000000000e+04 2.051500000000000000e+04 2.051600000000000000e+04 2.051700000000000000e+04 2.051800000000000000e+04 2.051900000000000000e+04 2.052000000000000000e+04 2.052100000000000000e+04 2.052200000000000000e+04 2.052300000000000000e+04 2.052400000000000000e+04 2.052500000000000000e+04 2.052600000000000000e+04 2.052700000000000000e+04 2.052800000000000000e+04 2.052900000000000000e+04 2.053000000000000000e+04 2.053100000000000000e+04 2.053200000000000000e+04 2.053300000000000000e+04
2.009700000000000000e+04 2.009800000000000000e+04 2.009900000000000000e+04 2.010000000000000000e+04 2.010100000000000000e+04 2.010200000000000000e+04 2.010300000000000000e+04 2.010400000000000000e+04 2.010500000000000000e+04 2.010600000000000000e+04 2.010700000000000000e+04 2.010800000000000000e+04 2.010900000000000000e+04 2.011000000000000000e+04 5.952400000000000000e+04 2.011300000000000000e+04 2.011400000000000000e+04 2.011500000000000000e+04 2.011600000000000000e+04 2.011700000000000000e+04 2.011800000000000000e+04 2.011900000000000000e+04 2.012000000000000000e+04 2.012100000000000000e+04 2.012200000000000000e+04 2.012300000000000000e+04 2.012400000000000000e+04 2.012500000000000000e+04 2.012600000000000000e+04 2.012700000000000000e+04 2.012800000000000000e+04 2.012900000000000000e+04 2.013000000000000000e+04 2.013100000000000000e+04 2.013200000000000000e+04 2.013300000000000000e+04 2.013400000000000000e+04
1.969800000000000000e+04 1.969900000000000000e+04 1.970000000000000000e+04 1.970100000000000000e+04 1.970200000000000000e+04 1.970300000000000000e+04 1.970400000000000000e+04 1.970500000000000000e+04 1.970600000000000000e+04 1.970700000000000000e+04 1.970800000000000000e+04 1.970900000000000000e+04 1.971000000000000000e+04 1.971100000000000000e+04 5.912600000000000000e+04 1.971400000000000000e+04 1.971500000000000000e+04 1.971600000000000000e+04 1.971700000000000000e+04 1.971800000000000000e+04 1.971900000000000000e+04 1.972000000000000000e+04 1.972100000000000000e+04 1.972200000000000000e+04 1.972300000000000000e+04 1.972400000000000000e+04 1.972500000000000000e+04 1.972600000000000000e+04 1.972700000000000000e+04 1.972800000000000000e+04 1.972900000000000000e+04 1.973000000000000000e+04 1.973100000000000000e+04 1.973200000000000000e+04 1.973300000000000000e+04 1.973400000000000000e+04 1.973500000000000000e+04
