BlockUplift_2Ma_1kryTimeStep_2mmyr_k_1e-05_m_0.5_n_1.0_LinDiffusion_0.25_3x6km_30mRes_topographic__steepest_slope.txt
nrows 200
cellsize 30.0
xllcorner 0.0
ncols 100
yllcorner 0.0
[rows 136 to 152 of 200, columns 0 to 36 of 100]
0.000000000000000000e+00 7.203476789108436140e-01 7.194927864379488947e-01 7.176967334263660847e-01 7.148053152831986834e-01 7.106211810053953970e-01 7.049228100870891245e-01 6.974737133890432927e-01 6.880237015179166971e-01 6.763035616427032215e-01 6.620164510236918876e-01 6.448448325908960888e-01 6.245153246500876332e-01 6.009613128233468604e-01 5.745566059390209146e-01 5.462861486603439731e-01 5.655648168915946572e-01 5.950550788582718020e-01 6.221458621384360343e-01 6.462223276706829944e-01 6.672074117653439274e-01 6.853271578672590625e-01 7.009048025624923239e-01 7.142552615117430115e-01 7.256584376915722334e-01 7.353643799724691732e-01 7.435999568563832485e-01 7.505673851353616977e-01 7.564478071275395621e-01 7.614666369749912844e-01 7.660876827847588055e-01 7.711262250200252577e-01 7.767547626397890426e-01 7.788073543084970130e-01 7.630538022832442646e-01 7.042427478088684190e-01 5.792994826833089972e-01
0.000000000000000000e+00 7.173007848684468390e-01 7.165580980166093017e-01 7.149876547860761766e-01 7.124377241896392432e-01 7.087147742588058019e-01 7.036024867615385814e-01 6.968712553122865527e-01 6.882807243878763526e-01 6.775768439203299076e-01 6.644833936643067540e-01 6.486977542519374307e-01 6.299245029008375685e-01 6.079950761214945043e-01 5.830830426165827252e-01 5.559216408061843362e-01 5.534523133485371726e-01 5.845669032819318378e-01 6.137389525961518544e-01 6.400864164526111066e-01 6.633408950564099182e-01 6.836359961534180796e-01 7.012697071512624669e-01 7.165619688946957000e-01 7.298098124679033294e-01 7.412886991039440154e-01 7.512582959871685340e-01 7.599568644907517267e-01 7.675962448292584783e-01 7.744151220789703416e-01 7.808619736299330372e-01 7.877113363350806141e-01 7.951098969603486166e-01 7.989646120916160665e-01 7.852834659118376193e-01 7.291385252401824113e-01 6.075731323407542739e-01
0.000000000000000000e+00 7.138094851374906513e-01 7.131720511176619093e-01 7.118132897924738245e-01 7.095838561523464261e-01 7.062938264425383528e-01 7.017316615272496394e-01 6.956737340596608199e-01 6.878875267938762139e-01 6.781305664898809038e-01 6.661436100704387631e-01 6.516413071073695606e-01 6.343237821838328960e-01 6.139564230411527213e-01 5.905520668279830021e-01 5.646055988335357823e-01 5.408212962760373665e-01 5.732541134338796640e-01 6.042671835394703983e-01 6.327030804227241623e-01 6.580688709363683442e-01 6.803756558254564490e-01 6.998812551893306422e-01 7.169059224335757596e-01 7.317603942442405529e-01 7.447397565042940260e-01 7.561305335724183285e-01 7.662063600967065069e-01 7.752216240668632352e-01 7.834609682898194816e-01 7.914157539066123404e-01 7.998923628242273764e-01 8.090602367904035086e-01 8.148726002498606347e-01 8.034601769416302997e-01 7.500711489499167772e-01 6.317608016185299880e-01
0.000000000000000000e+00 7.099052224062650795e-01 7.093661334217661318e-01 7.082052211767972949e-01 7.062754483493828284e-01 7.033903050898592246e-01 6.993426665190062286e-01 6.939142020525234100e-01 6.868788046279784565e-01 6.780027995234301219e-01 6.670402522323570782e-01 6.537225026644629677e-01 6.377559848255032193e-01 6.188687396962487819e-01 5.969527824768950941e-01 5.722913178574913218e-01 5.457471147027869174e-01 5.611755535813576223e-01 5.937684792154762636e-01 6.241026014306889635e-01 6.514336407583147803e-01 6.756156535495050353e-01 6.968436306084928589e-01 7.154284296757251749e-01 7.316896633611013057e-01 7.459359240471122865e-01 7.584725398667983010e-01 7.696024745009195644e-01 7.796262888360429022e-01 7.888982024846424856e-01 7.980029347576751420e-01 8.078443752867467964e-01 8.186518413682131179e-01 8.263762781846846206e-01 8.171305288810243317e-01 7.661948008485256478e-01 6.506005686373693697e-01
0.000000000000000000e+00 7.056207197142081444e-01 7.051732500480435428e-01 7.041967264433537377e-01 7.025463593490864911e-01 7.000388908297698887e-01 6.964713125948909234e-01 6.916300949205530513e-01 6.852945918432851169e-01 6.772379857941662751e-01 6.672245433124203151e-01 6.550002077856864613e-01 6.402830950886672090e-01 6.227847261351787678e-01 6.023123651299177039e-01 5.789716609816460968e-01 5.533876773085618650e-01 5.484238586683350958e-01 5.823184891403639929e-01 6.143499173779626288e-01 6.435057611574781511e-01 6.694475288124711598e-01 6.922783665340453974e-01 7.122848372492670554e-01 7.297887884565847916e-01 7.451063356776637114e-01 7.585530572430115859e-01 7.704514517728914269e-01 7.811420508751983904e-01 7.910532489120037924e-01 8.008835402512922697e-01 8.116628124025756508e-01 8.236885986112807423e-01 8.328671005998165011e-01 8.252150263628368343e-01 7.760100745491070873e-01 6.623323813675597860e-01
0.000000000000000000e+00 7.009893427512603470e-01 7.006270545132413652e-01 6.998220436179773962e-01 6.984317294049749991e-01 6.962759811423324674e-01 6.931556732947418142e-01 6.888617202665575645e-01 6.831783354348733850e-01 6.758843134743377501e-01 6.667517879122366597e-01 6.555387776290672042e-01 6.419768200288482607e-01 6.257746928350570448e-01 6.066848893089513695e-01 5.846718415193853380e-01 5.601415091934275337e-01 5.351159553968919402e-01 5.700225087522167167e-01 6.035382393061362594e-01 6.343792336805909038e-01 6.619819043553980542e-01 6.863240001096081455e-01 7.076474384045127186e-01 7.262668060205432763e-01 7.424990706426224385e-01 7.566607807743463976e-01 7.690805025802626149e-01 7.801217371798608857e-01 7.902681814945176075e-01 8.003131072452046579e-01 8.113940627016383855e-01 8.238608353838061671e-01 8.335728768075695294e-01 8.264907134757182305e-01 7.779912416129662889e-01 6.653211405573962178e-01
0.000000000000000000e+00 6.960444986560749836e-01 6.957613173808795404e-01 6.951156778869024278e-01 6.939671890452966396e-01 6.921387581722758808e-01 6.894349640391738143e-01 6.856509049674021083e-01 6.805752730879627288e-01 6.739917225189856476e-01 6.656786480889801405e-01 6.554038056815330027e-01 6.429118338891423035e-01 6.279170682653026914e-01 6.101405864257685163e-01 5.894403835078795284e-01 5.660302795755417504e-01 5.406718400558739868e-01 5.570078364718783481e-01 5.917828059038326982e-01 6.241659119810538670e-01 6.533429008282291006e-01 6.791305761270183261e-01 7.017008653216395553e-01 7.213482637168326939e-01 7.383828407456268783e-01 7.531122310167170930e-01 7.658548371766462637e-01 7.769714307254310670e-01 7.869625082932609761e-01 7.966641669524678893e-01 8.072668249673864427e-01 8.191460564904509134e-01 8.281612871661931941e-01 8.203544426166026193e-01 7.713641877699679572e-01 6.586463772712499720e-01
0.000000000000000000e+00 6.908190945746810474e-01 6.906093577918227533e-01 6.901117780275020097e-01 6.891881497983263216e-01 6.876643592668340021e-01 6.853485568393845595e-01 6.820398314366191705e-01 6.775311040070770563e-01 6.716104439743920684e-01 6.640614668428839185e-01 6.546597705498963249e-01 6.431618256149665980e-01 6.292919829329586268e-01 6.127571779070308811e-01 5.933400218558934069e-01 5.710933656131601532e-01 5.465606626670288515e-01 5.434164260185282425e-01 5.792149457716225802e-01 6.129901867274104577e-01 6.436622937049821802e-01 6.708526481930582319e-01 6.946339890168526932e-01 7.152647055456726743e-01 7.330395455156816231e-01 7.482480455804415564e-01 7.611822418367564236e-01 7.721713650600408041e-01 7.816849953345248458e-01 7.905335423987849275e-01 7.998874317793498445e-01 8.101167217035918355e-01 8.171442503142640756e-01 8.072410994957871511e-01 7.564108572108466655e-01 6.422129360819056609e-01
0.000000000000000000e+00 6.853450712770533526e-01 6.852035543432938303e-01 6.848436013704561898e-01 6.841291988648966482e-01 6.828891748903136438e-01 6.809351543244057670e-01 6.780700708913135477e-01 6.740909011518321226e-01 6.687898672035202940e-01 6.619551585878866717e-01 6.533687931372279545e-01 6.427975032869804872e-01 6.299775762402721746e-01 6.146139469143501177e-01 5.964401945066887256e-01 5.753805310644186655e-01 5.517774203048513293e-01 5.293976720796483848e-01 5.659762250363207237e-01 6.009839860188657124e-01 6.330740580893481351e-01 6.616422743881662516e-01 6.866307402586767639e-01 7.082429890389008165e-01 7.267500745194634959e-01 7.424168903798844532e-01 7.554967509514063373e-01 7.662623478707846214e-01 7.751071882943627589e-01 7.827474436117305423e-01 7.902564902075277509e-01 7.979547094856364042e-01 8.018558800632492600e-01 7.885256406462179957e-01 7.343081862574019070e-01 6.166718047102183187e-01
0.000000000000000000e+00 6.796530196587392547e-01 6.795749435127959037e-01 6.793430761040023524e-01 6.788236071639933700e-01 6.778482837464820943e-01 6.762321329519181967e-01 6.737818206224233109e-01 6.702982515212625447e-01 6.655776414269628516e-01 6.594123668588167675e-01 6.515898513706019912e-01 6.418855442840519787e-01 6.300479749172344102e-01 6.157880577214995821e-01 5.988117106674621937e-01 5.789458648870966506e-01 5.563557268918998266e-01 5.317390477498823431e-01 5.522129567668168093e-01 5.882823153819898288e-01 6.217096383243879698e-01 6.516426456863201322e-01 6.778610451306454898e-01 7.004924909382451714e-01 7.197764399300253801e-01 7.359508307199161825e-01 7.492252353794105479e-01 7.598008910591966814e-01 7.679628280412240660e-01 7.742779297331814359e-01 7.796516283637049405e-01 7.842904631053329023e-01 7.842559328312427303e-01 7.663516969878687579e-01 7.071369476581366165e-01 5.838615285716451941e-01
0.000000000000000000e+00 6.737718816508845299e-01 6.737529069504414325e-01 6.736404616594389161e-01 6.733029501248324333e-01 6.725750219367190308e-01 6.712750489859483638e-01 6.692133372368895827e-01 6.661946176285785670e-01 6.620189955319915054e-01 6.564828095216285186e-01 6.493781952575355954e-01 6.404879502406061187e-01 6.295721786024425226e-01 6.163524749346038778e-01 6.005235721798575232e-01 5.818439390505129039e-01 5.603295643427600448e-01 5.364757226708964932e-01 5.380712245631769086e-01 5.750194209812112822e-01 6.096941627983600842e-01 6.409828667405923497e-01 6.684728703669611249e-01 6.921930070444840544e-01 7.123434085171728158e-01 7.291374667895298423e-01 7.427455858058342741e-01 7.532978946316403190e-01 7.609611320470157647e-01 7.661268856542605699e-01 7.694861872647135170e-01 7.710602377421261755e-01 7.668469776691221318e-01 7.437211913652457262e-01 6.782911371059363592e-01 5.476422861722154423e-01
0.000000000000000000e+00 6.677287321908125239e-01 6.677649437810145860e-01 6.677641021428105672e-01 6.675968339900048010e-01 6.671006752049265520e-01 6.660972911918709993e-01 6.644005461230260146e-01 6.618189054946241878e-01 6.581562827786494596e-01 6.532128458838276641e-01 6.467849859560753645e-01 6.386617193875281373e-01 6.286135444473567313e-01 6.163749467005837923e-01 6.016413589541874662e-01 5.841278693864599969e-01 5.637312962071784339e-01 5.407590298867641643e-01 5.236922553578914341e-01 5.613255703811518282e-01 5.971439487474420327e-01 6.297746932413436083e-01 6.585867274272355631e-01 6.834855021853017965e-01 7.046231792469390687e-01 7.221946566140664547e-01 7.363455765453633672e-01 7.471538361599254774e-01 7.546898839626742239e-01 7.591913815634432350e-01 7.611400055327718350e-01 7.603212677390014385e-01 7.525103685752203564e-01 7.243875481990131870e-01 6.524120755486106926e-01 5.137173299200515908e-01
0.000000000000000000e+00 6.615486354762499799e-01 6.616365204884876450e-01 6.617402639849501167e-01 6.617327164082514868e-01 6.614542792319753062e-01 6.607298595806506691e-01 6.593767997842633344e-01 6.572072080668855953e-01 6.540287257538769383e-01 6.496452591384809239e-01 6.438571590151203061e-01 6.364587765152464049e-01 6.272296287873057041e-01 6.159175128794307508e-01 6.022263428594063495e-01 5.858483641674865350e-01 5.665910397386710873e-01 5.445957675209077697e-01 5.205326065828709270e-01 5.473247747166554156e-01 5.841658121268855641e-01 6.181120789059230125e-01 6.482939882639752183e-01 6.744678791565281717e-01 6.967267332481211772e-01 7.152538765582148184e-01 7.301916734855551372e-01 7.416018740412018140e-01 7.495149918181022164e-01 7.540925540297881424e-01 7.556783111909751716e-01 7.538060640873531781e-01 7.438210390225774571e-01 7.118237422471167530e-01 6.338479629836148987e-01 4.873530206645268481e-01
0.000000000000000000e+00 6.552545666085810572e-01 6.553909888044889831e-01 6.555930468074090411e-01 6.557358080127869693e-01 6.556625112094972563e-01 6.552012483036757651e-01 6.541727558649047536e-01 6.523926859333452066e-01 6.496723154354185903e-01 6.458192043930428561e-01 6.406374609181966218e-01 6.339260983391227233e-01 6.254722845421535338e-01 6.150363613467182411e-01 6.023350500050962397e-01 5.870533981473537999e-01 5.689371106981638837e-01 5.479884926113262056e-01 5.246884739549727561e-01 5.331334549422319657e-01 5.708579832762292749e-01 6.060734579181747961e-01 6.376593983753895412e-01 6.651969828142820784e-01 6.887045582351352113e-01 7.083576500225107209e-01 7.243179262511417749e-01 7.366760568134932408e-01 7.455020333495480100e-01 7.509997688662913840e-01 7.534909383876399191e-01 7.522472474838000078e-01 7.418989207778402539e-01 7.074433197281071450e-01 6.241307957387257632e-01 4.700868395341958328e-01
0.000000000000000000e+00 6.488673887174248867e-01 6.490495610421020967e-01 6.493443556136943018e-01 6.496290410176395191e-01 6.497496557835726883e-01 6.495374117691425919e-01 6.488163486086061527e-01 6.474055526602418009e-01 6.451198259034337523e-01 6.417702824700162179e-01 6.371646270344626384e-01 6.311060235882678393e-01 6.233880405676472947e-01 6.137821035222980059e-01 6.020193545898602228e-01 5.877885073855888542e-01 5.707973570099436067e-01 5.509383901053790389e-01 5.285183447235339838e-01 5.188595367472881303e-01 5.573115866164373156e-01 5.937255614548895277e-01 6.267268158722218985e-01 6.556964034503726113e-01 6.805573013405313842e-01 7.014737441939538076e-01 7.186426467064482848e-01 7.322238226234735192e-01 7.424042880121043408e-01 7.495479188161834339e-01 7.540565694510316108e-01 7.548781065579257543e-01 7.455470815539162466e-01 7.093545164587361507e-01 6.204566286722832391e-01 4.581873395411246719e-01
0.000000000000000000e+00 6.424058755111218266e-01 6.426313322429033636e-01 6.430139225025299776e-01 6.434330912279089265e-01 6.437376292737099215e-01 6.437617945957072596e-01 6.433328301058698351e-01 6.422731357118020012e-01 6.404009089510434016e-01 6.375306948397868601e-01 6.334736422752560436e-01 6.280366664677330402e-01 6.210186563699948703e-01 6.122003573402177157e-01 6.013270214535547664e-01 5.880976444537509007e-01 5.722012717076192523e-01 5.534495148391556096e-01 5.319973030364925082e-01 5.085294854952242538e-01 5.436115712974360914e-01 5.811270421885659232e-01 6.155261312665948337e-01 6.459678372034785010e-01 6.722538946381969582e-01 6.945237016097465244e-01 7.130119354487205463e-01 7.279685233577820602e-01 7.397441574621766991e-01 7.489299097137271932e-01 7.560355248373558101e-01 7.595385190002038600e-01 7.514571843501897108e-01 7.128678302342278394e-01 6.167962920391761861e-01 4.446709533897316158e-01
0.000000000000000000e+00 6.358867696753084386e-01 6.361533390803212340e-01 6.366193668786876980e-01 6.371664409657114003e-01 6.376460476514883569e-01 6.378954082345899002e-01 6.377448606568274503e-01 6.370199874779284288e-01 6.355422360903806300e-01 6.331294356689454172e-01 6.295960196825073352e-01 6.247523335626169461e-01 6.184017079608490342e-01 6.103324656469339970e-01 6.003025336385008348e-01 5.880244208299358899e-01 5.731825584044258903e-01 5.555337669782564047e-01 5.351074587411479566e-01 5.124179295458172190e-01 5.298363394171794472e-01 5.683305444958252073e-01 6.040793021999518730e-01 6.360028939869484255e-01 6.637522838518812307e-01 6.874179907051629623e-01 7.072583076100598110e-01 7.236060403034676458e-01 7.369716653966096320e-01 7.481597370959167659e-01 7.577191907338005628e-01 7.634624930003248711e-01 7.555778856536858878e-01 7.127465803789790888e-01 6.072724465868414301e-01 4.238354760716857017e-01
