BlockUplift_2Ma_1kryTimeStep_5mmyr_k_5e-05_m_0.5_n_1.0_LinDiffusion_1.0_6x3km_30mRes_flow__link_to_receiver_node.txt
nrows 100
cellsize 30.0
xllcorner 0.0
ncols 200
yllcorner 0.0
[rows 17 to 33 of 100, columns 148 to 184 of 200]
3.266600000000000000e+04 3.266700000000000000e+04 3.266800000000000000e+04 3.266900000000000000e+04 3.267000000000000000e+04 3.267100000000000000e+04 3.267200000000000000e+04 3.267300000000000000e+04 7.224800000000000000e+04 7.225000000000000000e+04 7.225200000000000000e+04 7.225400000000000000e+04 7.225600000000000000e+04 7.225800000000000000e+04 7.226000000000000000e+04 7.226200000000000000e+04 7.226400000000000000e+04 7.226600000000000000e+04 7.226800000000000000e+04 7.227000000000000000e+04 7.227200000000000000e+04 7.227400000000000000e+04 7.227600000000000000e+04 7.227800000000000000e+04 7.228000000000000000e+04 3.269100000000000000e+04 3.269200000000000000e+04 3.269300000000000000e+04 3.269400000000000000e+04 3.269500000000000000e+04 3.269600000000000000e+04 3.269700000000000000e+04 7.229900000000000000e+04 7.230100000000000000e+04 7.230300000000000000e+04 7.230500000000000000e+04 7.230700000000000000e+04
3.226700000000000000e+04 3.226800000000000000e+04 3.226900000000000000e+04 3.227000000000000000e+04 3.227100000000000000e+04 3.227200000000000000e+04 3.227300000000000000e+04 3.227400000000000000e+04 7.185000000000000000e+04 7.185200000000000000e+04 7.185400000000000000e+04 7.185600000000000000e+04 7.185800000000000000e+04 7.186000000000000000e+04 7.186200000000000000e+04 7.186400000000000000e+04 7.186600000000000000e+04 7.186800000000000000e+04 7.187000000000000000e+04 7.187200000000000000e+04 7.187400000000000000e+04 7.187600000000000000e+04 7.187800000000000000e+04 7.188000000000000000e+04 7.188200000000000000e+04 3.229200000000000000e+04 3.229300000000000000e+04 3.229400000000000000e+04 3.229500000000000000e+04 3.229600000000000000e+04 3.229700000000000000e+04 3.229800000000000000e+04 7.190100000000000000e+04 7.190300000000000000e+04 7.190500000000000000e+04 7.190700000000000000e+04 7.190900000000000000e+04
3.186800000000000000e+04 3.186900000000000000e+04 3.187000000000000000e+04 3.187100000000000000e+04 3.187200000000000000e+04 3.187300000000000000e+04 3.187400000000000000e+04 7.145000000000000000e+04 7.145200000000000000e+04 7.145400000000000000e+04 7.145600000000000000e+04 7.145800000000000000e+04 7.146000000000000000e+04 7.146200000000000000e+04 7.146400000000000000e+04 7.146600000000000000e+04 7.146800000000000000e+04 7.147000000000000000e+04 7.147200000000000000e+04 7.147400000000000000e+04 7.147600000000000000e+04 7.147800000000000000e+04 7.148000000000000000e+04 7.148200000000000000e+04 7.148400000000000000e+04 3.189300000000000000e+04 3.189400000000000000e+04 3.189500000000000000e+04 3.189600000000000000e+04 3.189700000000000000e+04 3.189800000000000000e+04 3.189900000000000000e+04 7.150300000000000000e+04 7.150500000000000000e+04 7.150700000000000000e+04 7.150900000000000000e+04 7.151100000000000000e+04
3.146900000000000000e+04 3.147000000000000000e+04 3.147100000000000000e+04 3.147200000000000000e+04 3.147300000000000000e+04 3.147400000000000000e+04 3.147500000000000000e+04 7.105200000000000000e+04 7.105400000000000000e+04 7.105600000000000000e+04 7.105800000000000000e+04 7.106000000000000000e+04 7.106200000000000000e+04 7.106400000000000000e+04 7.106600000000000000e+04 7.106800000000000000e+04 7.107000000000000000e+04 7.107200000000000000e+04 7.107400000000000000e+04 7.107600000000000000e+04 7.107800000000000000e+04 7.108000000000000000e+04 7.108200000000000000e+04 7.108400000000000000e+04 7.108600000000000000e+04 3.149400000000000000e+04 3.149500000000000000e+04 3.149600000000000000e+04 3.149700000000000000e+04 3.149800000000000000e+04 3.149900000000000000e+04 3.150000000000000000e+04 7.110500000000000000e+04 7.110700000000000000e+04 7.110900000000000000e+04 7.111100000000000000e+04 7.111300000000000000e+04
3.107000000000000000e+04 3.107100000000000000e+04 3.107200000000000000e+04 3.107300000000000000e+04 3.107400000000000000e+04 3.107500000000000000e+04 7.065200000000000000e+04 7.065400000000000000e+04 7.065600000000000000e+04 7.065800000000000000e+04 7.066000000000000000e+04 7.066200000000000000e+04 7.066400000000000000e+04 7.066600000000000000e+04 7.066800000000000000e+04 7.067000000000000000e+04 7.067200000000000000e+04 7.067400000000000000e+04 7.067600000000000000e+04 7.067800000000000000e+04 7.068000000000000000e+04 7.068200000000000000e+04 7.068400000000000000e+04 7.068600000000000000e+04 7.068800000000000000e+04 7.069000000000000000e+04 3.109600000000000000e+04 3.109700000000000000e+04 3.109800000000000000e+04 3.109900000000000000e+04 3.110000000000000000e+04 3.110100000000000000e+04 7.070700000000000000e+04 7.070900000000000000e+04 7.071100000000000000e+04 7.071300000000000000e+04 7.071500000000000000e+04
3.067100000000000000e+04 3.067200000000000000e+04 3.067300000000000000e+04 3.067400000000000000e+04 3.067500000000000000e+04 3.067600000000000000e+04 7.025400000000000000e+04 7.025600000000000000e+04 7.025800000000000000e+04 7.026000000000000000e+04 7.026200000000000000e+04 7.026400000000000000e+04 7.026600000000000000e+04 7.026800000000000000e+04 7.027000000000000000e+04 7.027200000000000000e+04 7.027400000000000000e+04 7.027600000000000000e+04 7.027800000000000000e+04 7.028000000000000000e+04 7.028200000000000000e+04 7.028400000000000000e+04 7.028600000000000000e+04 7.028800000000000000e+04 7.029000000000000000e+04 7.029200000000000000e+04 3.069700000000000000e+04 3.069800000000000000e+04 3.069900000000000000e+04 3.070000000000000000e+04 3.070100000000000000e+04 3.070200000000000000e+04 7.030900000000000000e+04 7.031100000000000000e+04 7.031300000000000000e+04 7.031500000000000000e+04 7.031700000000000000e+04
3.027200000000000000e+04 3.027300000000000000e+04 3.027400000000000000e+04 3.027500000000000000e+04 3.027600000000000000e+04 6.985400000000000000e+04 6.985600000000000000e+04 6.985800000000000000e+04 6.986000000000000000e+04 6.986200000000000000e+04 6.986400000000000000e+04 6.986600000000000000e+04 6.986800000000000000e+04 6.987000000000000000e+04 6.987200000000000000e+04 6.987400000000000000e+04 6.987600000000000000e+04 6.987800000000000000e+04 6.988000000000000000e+04 6.988200000000000000e+04 6.988400000000000000e+04 6.988600000000000000e+04 6.988800000000000000e+04 6.989000000000000000e+04 6.989200000000000000e+04 6.989400000000000000e+04 3.029800000000000000e+04 3.029900000000000000e+04 3.030000000000000000e+04 3.030100000000000000e+04 3.030200000000000000e+04 3.030300000000000000e+04 6.991100000000000000e+04 6.991300000000000000e+04 6.991500000000000000e+04 6.991700000000000000e+04 6.991900000000000000e+04
2.987300000000000000e+04 2.987400000000000000e+04 2.987500000000000000e+04 2.987600000000000000e+04 6.945400000000000000e+04 6.945600000000000000e+04 6.945800000000000000e+04 6.946000000000000000e+04 6.946200000000000000e+04 6.946400000000000000e+04 6.946600000000000000e+04 6.946800000000000000e+04 6.947000000000000000e+04 6.947200000000000000e+04 6.947400000000000000e+04 6.947600000000000000e+04 6.947800000000000000e+04 6.948000000000000000e+04 6.948200000000000000e+04 6.948400000000000000e+04 6.948600000000000000e+04 6.948800000000000000e+04 6.949000000000000000e+04 6.949200000000000000e+04 6.949400000000000000e+04 6.949600000000000000e+04 2.989900000000000000e+04 2.990000000000000000e+04 2.990100000000000000e+04 2.990200000000000000e+04 2.990300000000000000e+04 2.990400000000000000e+04 6.951300000000000000e+04 6.951500000000000000e+04 6.951700000000000000e+04 6.951900000000000000e+04 6.952100000000000000e+04
2.947400000000000000e+04 2.947500000000000000e+04 2.947600000000000000e+04 2.947700000000000000e+04 6.905600000000000000e+04 6.905800000000000000e+04 6.906000000000000000e+04 6.906200000000000000e+04 6.906400000000000000e+04 6.906600000000000000e+04 6.906800000000000000e+04 6.907000000000000000e+04 6.907200000000000000e+04 6.907400000000000000e+04 6.907600000000000000e+04 6.907800000000000000e+04 6.908000000000000000e+04 6.908200000000000000e+04 6.908400000000000000e+04 6.908600000000000000e+04 6.908800000000000000e+04 6.909000000000000000e+04 6.909200000000000000e+04 6.909400000000000000e+04 6.909600000000000000e+04 6.909800000000000000e+04 2.950000000000000000e+04 2.950100000000000000e+04 2.950200000000000000e+04 2.950300000000000000e+04 2.950400000000000000e+04 2.950500000000000000e+04 6.911500000000000000e+04 6.911700000000000000e+04 6.911900000000000000e+04 6.912100000000000000e+04 6.912300000000000000e+04
2.907500000000000000e+04 2.907600000000000000e+04 2.907700000000000000e+04 6.865600000000000000e+04 6.865800000000000000e+04 6.866000000000000000e+04 6.866200000000000000e+04 6.866400000000000000e+04 6.866600000000000000e+04 6.866800000000000000e+04 6.867000000000000000e+04 6.867200000000000000e+04 6.867400000000000000e+04 6.867600000000000000e+04 6.867800000000000000e+04 6.868000000000000000e+04 6.868200000000000000e+04 6.868400000000000000e+04 6.868600000000000000e+04 6.868800000000000000e+04 6.869000000000000000e+04 6.869200000000000000e+04 6.869400000000000000e+04 6.869600000000000000e+04 6.869800000000000000e+04 6.870000000000000000e+04 2.910100000000000000e+04 2.910200000000000000e+04 2.910300000000000000e+04 2.910400000000000000e+04 2.910500000000000000e+04 2.910600000000000000e+04 6.871700000000000000e+04 6.871900000000000000e+04 6.872100000000000000e+04 6.872300000000000000e+04 6.872500000000000000e+04
2.867600000000000000e+04 2.867700000000000000e+04 2.867800000000000000e+04 6.825800000000000000e+04 6.826000000000000000e+04 6.826200000000000000e+04 6.826400000000000000e+04 6.826600000000000000e+04 6.826800000000000000e+04 6.827000000000000000e+04 6.827200000000000000e+04 6.827400000000000000e+04 6.827600000000000000e+04 6.827800000000000000e+04 6.828000000000000000e+04 6.828200000000000000e+04 6.828400000000000000e+04 6.828600000000000000e+04 6.828800000000000000e+04 6.829000000000000000e+04 6.829200000000000000e+04 6.829400000000000000e+04 6.829600000000000000e+04 6.829800000000000000e+04 6.830000000000000000e+04 6.830200000000000000e+04 2.870200000000000000e+04 2.870300000000000000e+04 2.870400000000000000e+04 2.870500000000000000e+04 2.870600000000000000e+04 2.870700000000000000e+04 6.831900000000000000e+04 6.832100000000000000e+04 6.832300000000000000e+04 6.832500000000000000e+04 6.832700000000000000e+04
2.827700000000000000e+04 2.827800000000000000e+04 6.785800000000000000e+04 6.786000000000000000e+04 6.786200000000000000e+04 6.786400000000000000e+04 6.786600000000000000e+04 6.786800000000000000e+04 6.787000000000000000e+04 6.787200000000000000e+04 6.787400000000000000e+04 6.787600000000000000e+04 6.787800000000000000e+04 6.788000000000000000e+04 6.788200000000000000e+04 6.788400000000000000e+04 6.788600000000000000e+04 6.788800000000000000e+04 6.789000000000000000e+04 6.789200000000000000e+04 6.789400000000000000e+04 6.789600000000000000e+04 6.789800000000000000e+04 6.790000000000000000e+04 6.790200000000000000e+04 6.790400000000000000e+04 2.830300000000000000e+04 2.830400000000000000e+04 2.830500000000000000e+04 2.830600000000000000e+04 2.830700000000000000e+04 2.830800000000000000e+04 6.792100000000000000e+04 6.792300000000000000e+04 6.792500000000000000e+04 6.792700000000000000e+04 6.792900000000000000e+04
2.787800000000000000e+04 2.787900000000000000e+04 6.746000000000000000e+04 6.746200000000000000e+04 6.746400000000000000e+04 6.746600000000000000e+04 6.746800000000000000e+04 6.747000000000000000e+04 6.747200000000000000e+04 6.747400000000000000e+04 6.747600000000000000e+04 6.747800000000000000e+04 6.748000000000000000e+04 6.748200000000000000e+04 6.748400000000000000e+04 6.748600000000000000e+04 6.748800000000000000e+04 6.749000000000000000e+04 6.749200000000000000e+04 6.749400000000000000e+04 6.749600000000000000e+04 6.749800000000000000e+04 6.750000000000000000e+04 6.750200000000000000e+04 6.750400000000000000e+04 6.750600000000000000e+04 2.790400000000000000e+04 2.790500000000000000e+04 2.790600000000000000e+04 2.790700000000000000e+04 2.790800000000000000e+04 2.790900000000000000e+04 6.752300000000000000e+04 6.752500000000000000e+04 6.752700000000000000e+04 6.752900000000000000e+04 6.753100000000000000e+04
2.747900000000000000e+04 6.706000000000000000e+04 6.706200000000000000e+04 6.706400000000000000e+04 6.706600000000000000e+04 6.706800000000000000e+04 6.707000000000000000e+04 6.707200000000000000e+04 6.707400000000000000e+04 6.707600000000000000e+04 6.707800000000000000e+04 6.708000000000000000e+04 6.708200000000000000e+04 6.708400000000000000e+04 6.708600000000000000e+04 6.708800000000000000e+04 6.709000000000000000e+04 6.709200000000000000e+04 6.709400000000000000e+04 6.709600000000000000e+04 6.709800000000000000e+04 6.710000000000000000e+04 6.710200000000000000e+04 6.710400000000000000e+04 6.710600000000000000e+04 6.710800000000000000e+04 2.750500000000000000e+04 2.750600000000000000e+04 2.750700000000000000e+04 2.750800000000000000e+04 2.750900000000000000e+04 2.751000000000000000e+04 6.712500000000000000e+04 6.712700000000000000e+04 6.712900000000000000e+04 6.713100000000000000e+04 6.713300000000000000e+04
2.708000000000000000e+04 6.666200000000000000e+04 6.666400000000000000e+04 6.666600000000000000e+04 6.666800000000000000e+04 6.667000000000000000e+04 6.667200000000000000e+04 6.667400000000000000e+04 6.667600000000000000e+04 6.667800000000000000e+04 6.668000000000000000e+04 6.668200000000000000e+04 6.668400000000000000e+04 6.668600000000000000e+04 6.668800000000000000e+04 6.669000000000000000e+04 6.669200000000000000e+04 6.669400000000000000e+04 6.669600000000000000e+04 6.669800000000000000e+04 6.670000000000000000e+04 6.670200000000000000e+04 6.670400000000000000e+04 6.670600000000000000e+04 6.670800000000000000e+04 6.671000000000000000e+04 2.710600000000000000e+04 2.710700000000000000e+04 2.710800000000000000e+04 2.710900000000000000e+04 2.711000000000000000e+04 2.711100000000000000e+04 6.672700000000000000e+04 6.672900000000000000e+04 6.673100000000000000e+04 6.673300000000000000e+04 6.673500000000000000e+04
6.626200000000000000e+04 6.626400000000000000e+04 6.626600000000000000e+04 6.626800000000000000e+04 6.627000000000000000e+04 6.627200000000000000e+04 6.627400000000000000e+04 6.627600000000000000e+04 6.627800000000000000e+04 6.628000000000000000e+04 6.628200000000000000e+04 6.628400000000000000e+04 6.628600000000000000e+04 6.628800000000000000e+04 6.629000000000000000e+04 6.629200000000000000e+04 6.629400000000000000e+04 6.629600000000000000e+04 6.629800000000000000e+04 6.630000000000000000e+04 6.630200000000000000e+04 6.630400000000000000e+04 6.630600000000000000e+04 6.630800000000000000e+04 6.631000000000000000e+04 6.631200000000000000e+04 2.670700000000000000e+04 2.670800000000000000e+04 2.670900000000000000e+04 2.671000000000000000e+04 2.671100000000000000e+04 2.671200000000000000e+04 6.632900000000000000e+04 6.633100000000000000e+04 6.633300000000000000e+04 6.633500000000000000e+04 6.633700000000000000e+04
6.586400000000000000e+04 6.586600000000000000e+04 6.586800000000000000e+04 6.587000000000000000e+04 6.587200000000000000e+04 6.587400000000000000e+04 6.587600000000000000e+04 6.587800000000000000e+04 6.588000000000000000e+04 6.588200000000000000e+04 6.588400000000000000e+04 6.588600000000000000e+04 6.588800000000000000e+04 6.589000000000000000e+04 6.589200000000000000e+04 6.589400000000000000e+04 6.589600000000000000e+04 6.589800000000000000e+04 6.590000000000000000e+04 6.590200000000000000e+04 6.590400000000000000e+04 6.590600000000000000e+04 6.590800000000000000e+04 6.591000000000000000e+04 6.591200000000000000e+04 6.591400000000000000e+04 2.630800000000000000e+04 2.630900000000000000e+04 2.631000000000000000e+04 2.631100000000000000e+04 2.631200000000000000e+04 2.631300000000000000e+04 6.593100000000000000e+04 6.593300000000000000e+04 6.593500000000000000e+04 6.593700000000000000e+04 6.593900000000000000e+04
