BlockUplift_2Ma_1kryTimeStep_2mmyr_k_5e-06_m_0.5_n_1.0_LinDiffusion_0.5_6x3km_30mRes_topographic__steepest_slope.txt
nrows 100
cellsize 30.0
xllcorner 0.0
ncols 200
yllcorner 0.0
[rows 51 to 67 of 100, columns 0 to 36 of 200]
0.000000000000000000e+00 2.036921103229997421e+00 2.036921103193269023e+00 2.036921103120008958e+00 2.036921103010733258e+00 2.036921102866138700e+00 2.036921102687104579e+00 2.036921102474783307e+00 2.036921102230371705e+00 2.036921101955309954e+00 2.036921101651083976e+00 2.036921101319360883e+00 2.036921100961808229e+00 2.036921100580169064e+00 2.036921100176277921e+00 2.036921099752043940e+00 2.036921099309393135e+00 2.036921098850370981e+00 2.036921098377085126e+00 2.036921097891748467e+00 2.036921097396664937e+00 2.036921096894229954e+00 2.036921096387049879e+00 2.036921095877763488e+00 2.036921095369188972e+00 2.036921094864192039e+00 2.036921094365788942e+00 2.036921093877011479e+00 2.036921093400936300e+00 2.036921092940625844e+00 2.036921092499172303e+00 2.036921092079455597e+00 2.036921091684356089e+00 2.036921091316541421e+00 2.036921090978527804e+00 2.036921090672588530e+00 2.036921090400801493e+00
0.000000000000000000e+00 2.025439117802185773e+00 2.025439117763638386e+00 2.025439117686801183e+00 2.025439117572189751e+00 2.025439117420607449e+00 2.025439117233039266e+00 2.025439117010667811e+00 2.025439116754887525e+00 2.025439116467153688e+00 2.025439116149148955e+00 2.025439115802479595e+00 2.025439115429010783e+00 2.025439115030515769e+00 2.025439114608904578e+00 2.025439114166056154e+00 2.025439113703972449e+00 2.025439113224698939e+00 2.025439112730358371e+00 2.025439112223163196e+00 2.025439111705448436e+00 2.025439111179745399e+00 2.025439110648600494e+00 2.025439110114803043e+00 2.025439109581278263e+00 2.025439109051042852e+00 2.025439108527204102e+00 2.025439108013051825e+00 2.025439107511859405e+00 2.025439107026886454e+00 2.025439106561377045e+00 2.025439106118498422e+00 2.025439105701282827e+00 2.025439105312610177e+00 2.025439104955118363e+00 2.025439104631217013e+00 2.025439104343088825e+00
0.000000000000000000e+00 2.013491954605191037e+00 2.013491954564703423e+00 2.013491954484046165e+00 2.013491954363810787e+00 2.013491954204846390e+00 2.013491954008259199e+00 2.013491953775337517e+00 2.013491953507597465e+00 2.013491953206660856e+00 2.013491952874225444e+00 2.013491952512155514e+00 2.013491952122255402e+00 2.013491951706419147e+00 2.013491951266572322e+00 2.013491950804670250e+00 2.013491950322698454e+00 2.013491949822688643e+00 2.013491949306747575e+00 2.013491948777148988e+00 2.013491948236227014e+00 2.013491947686452566e+00 2.013491947130539028e+00 2.013491946571336122e+00 2.013491946011830347e+00 2.013491945455204490e+00 2.013491944904838515e+00 2.013491944364098618e+00 2.013491943836515752e+00 2.013491943325607103e+00 2.013491942834859216e+00 2.013491942367666709e+00 2.013491941927258999e+00 2.013491941516698081e+00 2.013491941138833230e+00 2.013491940796211743e+00 2.013491940491121568e+00
0.000000000000000000e+00 2.001132804224440953e+00 2.001132804181922076e+00 2.001132804097202733e+00 2.001132803970949503e+00 2.001132803804133165e+00 2.001132803597935439e+00 2.001132803353903089e+00 2.001132803073566446e+00 2.001132802758775142e+00 2.001132802411378364e+00 2.001132802033255942e+00 2.001132801626408941e+00 2.001132801192746502e+00 2.001132800734255035e+00 2.001132800252874766e+00 2.001132799750591218e+00 2.001132799229420112e+00 2.001132798691484638e+00 2.001132798138935964e+00 2.001132797574155298e+00 2.001132796999657515e+00 2.001132796418156889e+00 2.001132795832563538e+00 2.001132795246045593e+00 2.001132794661922620e+00 2.001132794083696265e+00 2.001132793515064900e+00 2.001132792959773088e+00 2.001132792421564499e+00 2.001132791904228547e+00 2.001132791411403655e+00 2.001132790946621665e+00 2.001132790513126203e+00 2.001132790113964166e+00 2.001132789751833840e+00 2.001132789429099557e+00
0.000000000000000000e+00 1.988411750945836776e+00 1.988411750901104780e+00 1.988411750811974299e+00 1.988411750679248691e+00 1.988411750504004205e+00 1.988411750287635504e+00 1.988411750031718883e+00 1.988411749738149048e+00 1.988411749408805829e+00 1.988411749045735588e+00 1.988411748651029987e+00 1.988411748226659892e+00 1.988411747774731841e+00 1.988411747297156307e+00 1.988411746795933688e+00 1.988411746273019753e+00 1.988411745730324309e+00 1.988411745169954337e+00 1.988411744594016817e+00 1.988411744004846105e+00 1.988411743404943310e+00 1.988411742797037141e+00 1.988411742184128750e+00 1.988411741569492186e+00 1.988411740956598894e+00 1.988411740349223189e+00 1.988411739751245522e+00 1.988411739166713321e+00 1.988411738599719092e+00 1.988411738054310263e+00 1.988411737534473422e+00 1.988411737043997984e+00 1.988411736586431333e+00 1.988411736164956256e+00 1.988411735782498635e+00 1.988411735441544259e+00
0.000000000000000000e+00 1.975375864245203728e+00 1.975375864198031239e+00 1.975375864104171431e+00 1.975375863964457857e+00 1.975375863780118424e+00 1.975375863552774947e+00 1.975375863284246636e+00 1.975375862976594954e+00 1.975375862631926882e+00 1.975375862252515935e+00 1.975375861840514835e+00 1.975375861398121380e+00 1.975375860927427674e+00 1.975375860430449437e+00 1.975375859909096699e+00 1.975375859365233966e+00 1.975375858800816786e+00 1.975375858217709446e+00 1.975375857618034026e+00 1.975375857003973668e+00 1.975375856378029038e+00 1.975375855742913744e+00 1.975375855101719980e+00 1.975375854457767311e+00 1.975375853814815175e+00 1.975375853176759344e+00 1.975375852547873956e+00 1.975375851932449134e+00 1.975375851335002153e+00 1.975375850759928609e+00 1.975375850211548823e+00 1.975375849693970620e+00 1.975375849211028934e+00 1.975375848766210085e+00 1.975375848362576514e+00 1.975375848002704604e+00
0.000000000000000000e+00 1.962069294632055927e+00 1.962069294582261092e+00 1.962069294483202109e+00 1.962069294335863967e+00 1.962069294141686848e+00 1.962069293902504841e+00 1.962069293620394728e+00 1.962069293297690864e+00 1.962069292936833742e+00 1.962069292540203014e+00 1.962069292110269592e+00 1.962069291649292335e+00 1.962069291159438400e+00 1.962069290642724173e+00 1.962069290101013941e+00 1.962069289536126915e+00 1.962069288949790824e+00 1.962069288343839979e+00 1.962069287720138666e+00 1.962069287080839830e+00 1.962069286428262282e+00 1.962069285765179805e+00 1.962069285094685256e+00 1.962069284420234316e+00 1.962069283745737858e+00 1.962069283075425163e+00 1.962069282413843485e+00 1.962069281765752793e+00 1.962069281135973231e+00 1.962069280529370463e+00 1.962069279950704459e+00 1.962069279404462074e+00 1.962069278894811530e+00 1.962069278425512264e+00 1.962069277999792805e+00 1.962069277620397179e+00
0.000000000000000000e+00 1.948533372958127119e+00 1.948533372905429495e+00 1.948533372800617780e+00 1.948533372644866812e+00 1.948533372439904543e+00 1.948533372187792656e+00 1.948533371891024490e+00 1.948533371552192195e+00 1.948533371174054674e+00 1.948533370759378158e+00 1.948533370310731927e+00 1.948533369830609763e+00 1.948533369321201691e+00 1.948533368784524100e+00 1.948533368222410855e+00 1.948533367636491764e+00 1.948533367028320251e+00 1.948533366399480382e+00 1.948533365751677682e+00 1.948533365086829283e+00 1.948533364407186719e+00 1.948533363715402311e+00 1.948533363014560926e+00 1.948533362308315420e+00 1.948533361600736091e+00 1.948533360896400835e+00 1.948533360200175091e+00 1.948533359517288455e+00 1.948533358853084430e+00 1.948533358212944266e+00 1.948533357602044269e+00 1.948533357025379109e+00 1.948533356487511581e+00 1.948533355992473570e+00 1.948533355543766721e+00 1.948533355144256074e+00
0.000000000000000000e+00 1.934806712373324356e+00 1.934806712317360233e+00 1.934806712206136536e+00 1.934806712041078347e+00 1.934806711824156311e+00 1.934806711557871539e+00 1.934806711245065980e+00 1.934806710888801629e+00 1.934806710492231741e+00 1.934806710058410317e+00 1.934806709590247920e+00 1.934806709090366894e+00 1.934806708561086497e+00 1.934806708004377152e+00 1.934806707421913963e+00 1.934806706815137112e+00 1.934806706185380198e+00 1.934806705533886451e+00 1.934806704862080506e+00 1.934806704171599723e+00 1.934806703464513111e+00 1.934806702743321782e+00 1.934806702011163226e+00 1.934806701271728935e+00 1.934806700529376533e+00 1.934806699788979678e+00 1.934806699055911849e+00 1.934806698335910458e+00 1.934806697634894546e+00 1.934806696958829342e+00 1.934806696313535301e+00 1.934806695704484492e+00 1.934806695136724874e+00 1.934806694614659817e+00 1.934806694142018113e+00 1.934806693721786042e+00
0.000000000000000000e+00 1.920925312181066102e+00 1.920925312121418482e+00 1.920925312003009866e+00 1.920925311827477389e+00 1.920925311597208474e+00 1.920925311315174078e+00 1.920925310984731960e+00 1.920925310609451708e+00 1.920925310192994173e+00 1.920925309738853004e+00 1.920925309250257396e+00 1.920925308730033976e+00 1.920925308180593039e+00 1.920925307603859711e+00 1.920925307001349891e+00 1.920925306374200225e+00 1.920925305723358179e+00 1.920925305049718146e+00 1.920925304354258012e+00 1.920925303638288506e+00 1.920925302903545573e+00 1.920925302152378888e+00 1.920925301387834905e+00 1.920925300613763875e+00 1.920925299834736144e+00 1.920925299056049473e+00 1.920925298283623350e+00 1.920925297523801145e+00 1.920925296783222214e+00 1.920925296068564103e+00 1.920925295386344489e+00 1.920925294742687583e+00 1.920925294143163820e+00 1.920925293592631533e+00 1.920925293095077313e+00 1.920925292653631322e+00
0.000000000000000000e+00 1.906922662910081501e+00 1.906922662846257888e+00 1.906922662719618300e+00 1.906922662532209323e+00 1.906922662286888226e+00 1.906922661987187073e+00 1.906922661637114880e+00 1.906922661240938899e+00 1.906922660802888414e+00 1.906922660327010410e+00 1.906922659816927990e+00 1.906922659275763543e+00 1.906922658705987761e+00 1.906922658109457824e+00 1.906922657487416517e+00 1.906922656840652097e+00 1.906922656169634411e+00 1.906922655474681871e+00 1.906922654756279645e+00 1.906922654015208218e+00 1.906922653252801636e+00 1.906922652471166657e+00 1.906922651673244262e+00 1.906922650862952651e+00 1.906922650045157708e+00 1.906922649225649913e+00 1.906922648410962484e+00 1.906922647608219723e+00 1.906922646824879441e+00 1.906922646068498262e+00 1.906922645346442957e+00 1.906922644665633104e+00 1.906922644032268410e+00 1.906922643451700150e+00 1.906922642928225331e+00 1.906922642465087803e+00
0.000000000000000000e+00 1.892829851982871014e+00 1.892829851914189065e+00 1.892829851778113470e+00 1.892829851577069622e+00 1.892829851314536516e+00 1.892829850994803609e+00 1.892829850622691490e+00 1.892829850203277875e+00 1.892829849741580528e+00 1.892829849242283036e+00 1.892829848709569385e+00 1.892829848146819538e+00 1.892829847556625644e+00 1.892829846940708105e+00 1.892829846300014607e+00 1.892829845634817820e+00 1.892829844944935669e+00 1.892829844230027536e+00 1.892829843489804764e+00 1.892829842724404354e+00 1.892829841934621893e+00 1.892829841122162682e+00 1.892829840289846244e+00 1.892829839441628748e+00 1.892829838582739788e+00 1.892829837719485431e+00 1.892829836859171611e+00 1.892829836009847666e+00 1.892829835180009468e+00 1.892829834378274789e+00 1.892829833613018264e+00 1.892829832892114927e+00 1.892829832222529651e+00 1.892829831610189695e+00 1.892829831059786194e+00 1.892829830574638939e+00
0.000000000000000000e+00 1.878675669420939220e+00 1.878675669346625998e+00 1.878675669199522780e+00 1.878675668982661362e+00 1.878675668700285906e+00 1.878675668357603579e+00 1.878675667960457485e+00 1.878675667514941416e+00 1.878675667027080998e+00 1.878675666502393371e+00 1.878675665945646278e+00 1.878675665360644009e+00 1.878675664750092844e+00 1.878675664115545763e+00 1.878675663457481049e+00 1.878675662775534327e+00 1.878675662068705288e+00 1.878675661335720726e+00 1.878675660575360506e+00 1.878675659786881669e+00 1.878675658970344831e+00 1.878675658126947701e+00 1.878675657259244236e+00 1.878675656371281866e+00 1.878675655468600825e+00 1.878675654558211727e+00 1.878675653648345767e+00 1.878675652748158065e+00 1.878675651867411034e+00 1.878675651015995207e+00 1.878675650203596614e+00 1.878675649439158768e+00 1.878675648730647074e+00 1.878675648084648264e+00 1.878675647506262703e+00 1.878675646998923865e+00
0.000000000000000000e+00 1.864486713083927771e+00 1.864486713002952545e+00 1.864486712842942095e+00 1.864486712607549723e+00 1.864486712302004801e+00 1.864486711932704655e+00 1.864486711506788241e+00 1.864486711031683397e+00 1.864486710514559720e+00 1.864486709962041688e+00 1.864486709379669538e+00 1.864486708771748047e+00 1.864486708141058990e+00 1.864486707488943740e+00 1.864486706815334127e+00 1.864486706119009796e+00 1.864486705397879085e+00 1.864486704649463311e+00 1.864486703871352846e+00 1.864486703061622119e+00 1.864486702219407155e+00 1.864486701345208441e+00 1.864486700441186029e+00 1.864486699511432199e+00 1.864486698561927280e+00 1.864486697600470144e+00 1.864486696636383112e+00 1.864486695680231287e+00 1.864486694743307860e+00 1.864486693837110076e+00 1.864486692972847415e+00 1.864486692160888470e+00 1.864486691410305319e+00 1.864486690728548002e+00 1.864486690121149648e+00 1.864486689591634105e+00
0.000000000000000000e+00 1.850287492992909621e+00 1.850287492904021835e+00 1.850287492728633243e+00 1.850287492471291761e+00 1.850287492138462220e+00 1.850287491738004109e+00 1.850287491278686414e+00 1.850287490769566556e+00 1.850287490219420850e+00 1.850287489636116334e+00 1.850287489026231968e+00 1.850287488394610547e+00 1.850287487744223247e+00 1.850287487076093473e+00 1.850287486389432523e+00 1.850287485681891164e+00 1.850287484950020600e+00 1.850287484189812037e+00 1.850287483397217603e+00 1.850287482568887754e+00 1.850287481702654668e+00 1.850287480798094020e+00 1.850287479856918660e+00 1.850287478883175574e+00 1.850287477883315157e+00 1.850287476866090630e+00 1.850287475842249840e+00 1.850287474824025002e+00 1.850287473824596463e+00 1.850287472857485183e+00 1.850287471935765371e+00 1.850287471071533130e+00 1.850287470275262969e+00 1.850287469555382813e+00 1.850287468917955813e+00 1.850287468366582200e+00
0.000000000000000000e+00 1.836100534339031309e+00 1.836100534240669324e+00 1.836100534046863686e+00 1.836100533763306064e+00 1.836100533397992285e+00 1.836100532960669218e+00 1.836100532462160206e+00 1.836100531913605893e+00 1.836100531325701057e+00 1.836100530707987399e+00 1.836100530068271564e+00 1.836100529412161952e+00 1.836100528742796723e+00 1.836100528060789383e+00 1.836100527364404433e+00 1.836100526649890208e+00 1.836100525912047532e+00 1.836100525144812812e+00 1.836100524342191509e+00 1.836100523498854775e+00 1.836100522611021413e+00 1.836100521677023201e+00 1.836100520697929506e+00 1.836100519677696274e+00 1.836100518623379640e+00 1.836100517544863031e+00 1.836100516454583387e+00 1.836100515366903663e+00 1.836100514297360542e+00 1.836100513261923473e+00 1.836100512276023666e+00 1.836100511353887077e+00 1.836100510507670425e+00 1.836100509747022214e+00 1.836100509078611775e+00 1.836100508506016693e+00
0.000000000000000000e+00 1.821946478826453220e+00 1.821946478716593765e+00 1.821946478500550803e+00 1.821946478185403340e+00 1.821946477781079876e+00 1.821946477299744904e+00 1.821946476754783273e+00 1.821946476159973738e+00 1.821946475528451126e+00 1.821946474871856569e+00 1.821946474199550359e+00 1.821946473518050835e+00 1.821946472830730634e+00 1.821946472137703221e+00 1.821946471435997639e+00 1.821946470720073874e+00 1.821946469982466121e+00 1.821946469214609898e+00 1.821946468407835029e+00 1.821946467554357740e+00 1.821946466648273644e+00 1.821946465686369310e+00 1.821946464668743326e+00 1.821946463599253274e+00 1.821946462485599660e+00 1.821946461339120971e+00 1.821946460174346250e+00 1.821946459008245256e+00 1.821946457859318524e+00 1.821946456746544207e+00 1.821946455688362221e+00 1.821946454701530049e+00 1.821946453800387555e+00 1.821946452995977461e+00 1.821946452295689189e+00 1.821946451703092773e+00
