BlockUplift_2Ma_1kryTimeStep_5mmyr_k_1e-05_m_0.5_n_1.0_LinDiffusion_1.0_6x3km_30mRes_topographic__elevation.txt
nrows 100
cellsize 30.0
xllcorner 0.0
ncols 200
yllcorner 0.0
[rows 17 to 33 of 100, columns 111 to 147 of 200]
5.634028530119474453e+03 5.634028531023422147e+03 5.634028531927564472e+03 5.634028532831262964e+03 5.634028533733881886e+03 5.634028534634784592e+03 5.634028535533338982e+03 5.634028536428919324e+03 5.634028537320905343e+03 5.634028538208684949e+03 5.634028539091653329e+03 5.634028539969219310e+03 5.634028540840795358e+03 5.634028541705811222e+03 5.634028542563708470e+03 5.634028543413940497e+03 5.634028544255975248e+03 5.634028545089294312e+03 5.634028545913394737e+03 5.634028546727789035e+03 5.634028547532005177e+03 5.634028548325587508e+03 5.634028549108096740e+03 5.634028549879110869e+03 5.634028550638219713e+03 5.634028551385036735e+03 5.634028552119189044e+03 5.634028552840321026e+03 5.634028553548097079e+03 5.634028554242194332e+03 5.634028554922310832e+03 5.634028555588163726e+03 5.634028556239486534e+03 5.634028556876030962e+03 5.634028557497565998e+03 5.634028558103885189e+03 5.634028558694794810e+03
5.576143038724700091e+03 5.576143039629740997e+03 5.576143040534970169e+03 5.576143041439738226e+03 5.576143042343391244e+03 5.576143043245282570e+03 5.576143044144768282e+03 5.576143045041209007e+03 5.576143045933973553e+03 5.576143046822438919e+03 5.576143047705991194e+03 5.576143048584026474e+03 5.576143049455953587e+03 5.576143050321192277e+03 5.576143051179175018e+03 5.576143052029351566e+03 5.576143052871180771e+03 5.576143053704142403e+03 5.576143054527726235e+03 5.576143055341442960e+03 5.576143056144815091e+03 5.576143056937385154e+03 5.576143057718709315e+03 5.576143058488364659e+03 5.576143059245940094e+03 5.576143059991047267e+03 5.576143060723310555e+03 5.576143061442375256e+03 5.576143062147901219e+03 5.576143062839568302e+03 5.576143063517073642e+03 5.576143064180130750e+03 5.576143064828474053e+03 5.576143065461856168e+03 5.576143066080043354e+03 5.576143066682828248e+03 5.576143067270019856e+03
5.516098219434433304e+03 5.516098220340740227e+03 5.516098221247229958e+03 5.516098222153234019e+03 5.516098223058088479e+03 5.516098223961132135e+03 5.516098224861705603e+03 5.516098225759157685e+03 5.516098226652846279e+03 5.516098227542136556e+03 5.516098228426403693e+03 5.516098229305034693e+03 5.516098230177428377e+03 5.516098231042997213e+03 5.516098231901165491e+03 5.516098232751376599e+03 5.516098233593083023e+03 5.516098234425758164e+03 5.516098235248890887e+03 5.516098236061982789e+03 5.516098236864557293e+03 5.516098237656149649e+03 5.516098238436318752e+03 5.516098239204635320e+03 5.516098239960688261e+03 5.516098240704087402e+03 5.516098241434456213e+03 5.516098242151439081e+03 5.516098242854693126e+03 5.516098243543900026e+03 5.516098244218755099e+03 5.516098244878970036e+03 5.516098245524281083e+03 5.516098246154435401e+03 5.516098246769205616e+03 5.516098247368377997e+03 5.516098247951761550e+03
5.454034319155326557e+03 5.454034320063087762e+03 5.454034320971022680e+03 5.454034321878449191e+03 5.454034322784686083e+03 5.454034323689055782e+03 5.454034324590888900e+03 5.454034325489518778e+03 5.454034326384290580e+03 5.454034327274557654e+03 5.454034328159684264e+03 5.454034329039047407e+03 5.454034329912036810e+03 5.454034330778054027e+03 5.454034331636519710e+03 5.454034332486865424e+03 5.454034333328542743e+03 5.454034334161016886e+03 5.454034334983771259e+03 5.454034335796305641e+03 5.454034336598137088e+03 5.454034337388801760e+03 5.454034338167853093e+03 5.454034338934860898e+03 5.454034339689414992e+03 5.454034340431118835e+03 5.454034341159599535e+03 5.454034341874496931e+03 5.454034342575470873e+03 5.454034343262199400e+03 5.454034343934378740e+03 5.454034344591720583e+03 5.454034345233957538e+03 5.454034345860840403e+03 5.454034346472135439e+03 5.454034347067632552e+03 5.454034347647138020e+03
5.390088567705506648e+03 5.390088568614926771e+03 5.390088569524509694e+03 5.390088570433556015e+03 5.390088571341369061e+03 5.390088572247257616e+03 5.390088573150534103e+03 5.390088574050520947e+03 5.390088574946549670e+03 5.390088575837958160e+03 5.390088576724100676e+03 5.390088577604345119e+03 5.390088578478068484e+03 5.390088579344667778e+03 5.390088580203550919e+03 5.390088581054146744e+03 5.390088581895898642e+03 5.390088582728265465e+03 5.390088583550726980e+03 5.390088584362778420e+03 5.390088585163935022e+03 5.390088585953730217e+03 5.390088586731714713e+03 5.390088587497455592e+03 5.390088588250541761e+03 5.390088588990577591e+03 5.390088589717186551e+03 5.390088590430009390e+03 5.390088591128705048e+03 5.390088591812951563e+03 5.390088592482442436e+03 5.390088593136892086e+03 5.390088593776030393e+03 5.390088594399605427e+03 5.390088595007386175e+03 5.390088595599159817e+03 5.390088596174730810e+03
5.324394869616925462e+03 5.324394870528223692e+03 5.324394871439671988e+03 5.324394872350553669e+03 5.324394873260154782e+03 5.324394874167766829e+03 5.324394875072686773e+03 5.324394875974222487e+03 5.324394876871690030e+03 5.324394877764418197e+03 5.324394878651747604e+03 5.324394879533032508e+03 5.324394880407644450e+03 5.324394881274965883e+03 5.324394882134401087e+03 5.324394882985369804e+03 5.324394883827308149e+03 5.324394884659673153e+03 5.324394885481937308e+03 5.324394886293594027e+03 5.324394887094153091e+03 5.324394887883146112e+03 5.324394888660121978e+03 5.324394889424648682e+03 5.324394890176310582e+03 5.324394890914712960e+03 5.324394891639479283e+03 5.324394892350249393e+03 5.324394893046681318e+03 5.324394893728453098e+03 5.324394894395257325e+03 5.324394895046807505e+03 5.324394895682833521e+03 5.324394896303083442e+03 5.324394896907324437e+03 5.324394897495341866e+03 5.324394898066939277e+03
5.257083540607875875e+03 5.257083541521288680e+03 5.257083542434835181e+03 5.257083543347780505e+03 5.257083544259393420e+03 5.257083545168947239e+03 5.257083546075724371e+03 5.257083546979014500e+03 5.257083547878121863e+03 5.257083548772358881e+03 5.257083549661056168e+03 5.257083550543555248e+03 5.257083551419215837e+03 5.257083552287414932e+03 5.257083553147545899e+03 5.257083553999021206e+03 5.257083554841271507e+03 5.257083555673747469e+03 5.257083556495919765e+03 5.257083557307275441e+03 5.257083558107323370e+03 5.257083558895592432e+03 5.257083559671629700e+03 5.257083560435002255e+03 5.257083561185294457e+03 5.257083561922109766e+03 5.257083562645071652e+03 5.257083563353820864e+03 5.257083564048014523e+03 5.257083564727329758e+03 5.257083565391461889e+03 5.257083566040119877e+03 5.257083566673035421e+03 5.257083567289953862e+03 5.257083567890643280e+03 5.257083568474886306e+03 5.257083569042486488e+03
5.188281085736110072e+03 5.188281086651888472e+03 5.188281087567781469e+03 5.188281088483035091e+03 5.188281089396899006e+03 5.188281090308629246e+03 5.188281091217489120e+03 5.188281092122754671e+03 5.188281093023711946e+03 5.188281093919661544e+03 5.188281094809918613e+03 5.188281095693815587e+03 5.188281096570699447e+03 5.188281097439939003e+03 5.188281098300919439e+03 5.188281099153044124e+03 5.188281099995740078e+03 5.188281100828451599e+03 5.188281101650643905e+03 5.188281102461803130e+03 5.188281103261436328e+03 5.188281104049066926e+03 5.188281104824244721e+03 5.188281105586532249e+03 5.188281106335516597e+03 5.188281107070801227e+03 5.188281107792006878e+03 5.188281108498777030e+03 5.188281109190768802e+03 5.188281109867659325e+03 5.188281110529141188e+03 5.188281111174926991e+03 5.188281111804744796e+03 5.188281112418342673e+03 5.188281113015482333e+03 5.188281113595948227e+03 5.188281114159541175e+03
5.118110016070776510e+03 5.118110016989186988e+03 5.118110017907691145e+03 5.118110018825513180e+03 5.118110019741882752e+03 5.118110020656034976e+03 5.118110021567218610e+03 5.118110022474690595e+03 5.118110023377721518e+03 5.118110024275598334e+03 5.118110025167620734e+03 5.118110026053109323e+03 5.118110026931402899e+03 5.118110027801856631e+03 5.118110028663847515e+03 5.118110029516775285e+03 5.118110030360058772e+03 5.118110031193136820e+03 5.118110032015472825e+03 5.118110032826547467e+03 5.118110033625866890e+03 5.118110034412955429e+03 5.118110035187357425e+03 5.118110035948639961e+03 5.118110036696386487e+03 5.118110037430203192e+03 5.118110038149712636e+03 5.118110038854554659e+03 5.118110039544390929e+03 5.118110040218895847e+03 5.118110040877765641e+03 5.118110041520709274e+03 5.118110042147457534e+03 5.118110042757752126e+03 5.118110043351360218e+03 5.118110043928059895e+03 5.118110044487651066e+03
5.046688700751265969e+03 5.046688701672591378e+03 5.046688702593985909e+03 5.046688703514650115e+03 5.046688704433793646e+03 5.046688705350631608e+03 5.046688706264392749e+03 5.046688707174316733e+03 5.046688708079657772e+03 5.046688708979686453e+03 5.046688709873690641e+03 5.046688710760976392e+03 5.046688711640870679e+03 5.046688712512722304e+03 5.046688713375897350e+03 5.046688714229789184e+03 5.046688715073809362e+03 5.046688715907393998e+03 5.046688716730001033e+03 5.046688717541112055e+03 5.046688718340227751e+03 5.046688719126874275e+03 5.046688719900595061e+03 5.046688720660956278e+03 5.046688721407544108e+03 5.046688722139965648e+03 5.046688722857842549e+03 5.046688723560818289e+03 5.046688724248553626e+03 5.046688724920724781e+03 5.046688725577027071e+03 5.046688726217171279e+03 5.046688726840886375e+03 5.046688727447914061e+03 5.046688728038017871e+03 5.046688728610976796e+03 5.046688729166586199e+03
4.974131251454387893e+03 4.974131252378929275e+03 4.974131253303507947e+03 4.974131254227304453e+03 4.974131255149503886e+03 4.974131256069303163e+03 4.974131256985909204e+03 4.974131257898543481e+03 4.974131258806442020e+03 4.974131259708860853e+03 4.974131260605073294e+03 4.974131261494371756e+03 4.974131262376072300e+03 4.974131263249510994e+03 4.974131264114051191e+03 4.974131264969074437e+03 4.974131265813988648e+03 4.974131266648226301e+03 4.974131267471240790e+03 4.974131268282512792e+03 4.974131269081542086e+03 4.974131269867852097e+03 4.974131270640990806e+03 4.974131271400523474e+03 4.974131272146038100e+03 4.974131272877140873e+03 4.974131273593458900e+03 4.974131274294636569e+03 4.974131274980333728e+03 4.974131275650231146e+03 4.974131276304022322e+03 4.974131276941418946e+03 4.974131277562149080e+03 4.974131278165957156e+03 4.974131278752600338e+03 4.974131279321856709e+03 4.974131279873518906e+03
4.900547436491298868e+03 4.900547437419369999e+03 4.900547438347443858e+03 4.900547439274676435e+03 4.900547440200230994e+03 4.900547441123279896e+03 4.900547442043011870e+03 4.900547442958625652e+03 4.900547443869342715e+03 4.900547444774399992e+03 4.900547445673056245e+03 4.900547446564592065e+03 4.900547447448309867e+03 4.900547448323538447e+03 4.900547449189629333e+03 4.900547450045959522e+03 4.900547450891932385e+03 4.900547451726974032e+03 4.900547452550537855e+03 4.900547453362100896e+03 4.900547454161164751e+03 4.900547454947251936e+03 4.900547455719911341e+03 4.900547456478711865e+03 4.900547457223242418e+03 4.900547457953113735e+03 4.900547458667951105e+03 4.900547459367404372e+03 4.900547460051135204e+03 4.900547460718825278e+03 4.900547461370171732e+03 4.900547462004882618e+03 4.900547462622688727e+03 4.900547463223332670e+03 4.900547463806569795e+03 4.900547464372176364e+03 4.900547464919941376e+03
4.826042621954492461e+03 4.826042622886423487e+03 4.826042623818319953e+03 4.826042624749308743e+03 4.826042625678529475e+03 4.826042626605131773e+03 4.826042627528281628e+03 4.826042628447159586e+03 4.826042629360965293e+03 4.826042630268920220e+03 4.826042631170266759e+03 4.826042632064271857e+03 4.826042632950228835e+03 4.826042633827452846e+03 4.826042634695289053e+03 4.826042635553108084e+03 4.826042636400306947e+03 4.826042637236310838e+03 4.826042638060569516e+03 4.826042638872559110e+03 4.826042639671781217e+03 4.826042640457762900e+03 4.826042641230051231e+03 4.826042641988220566e+03 4.826042642731861633e+03 4.826042643460587897e+03 4.826042644174031921e+03 4.826042644871840821e+03 4.826042645553683542e+03 4.826042646219241760e+03 4.826042646868213524e+03 4.826042647500311432e+03 4.826042648115264456e+03 4.826042648712811570e+03 4.826042649292709939e+03 4.826042649854730371e+03 4.826042650398660953e+03
4.750717737512952226e+03 4.750717738449092394e+03 4.750717739385150708e+03 4.750717740320231314e+03 4.750717741253444728e+03 4.750717742183917835e+03 4.750717743110791162e+03 4.750717744033226154e+03 4.750717744950403358e+03 4.750717745861524236e+03 4.750717746765817537e+03 4.750717747662534748e+03 4.750717748550957367e+03 4.750717749430391450e+03 4.750717750300173066e+03 4.750717751159667387e+03 4.750717752008265961e+03 4.750717752845392170e+03 4.750717753670493948e+03 4.750717754483047429e+03 4.750717755282557846e+03 4.750717756068551353e+03 4.750717756840580478e+03 4.750717757598221397e+03 4.750717758341070294e+03 4.750717759068746091e+03 4.750717759780882261e+03 4.750717760477134107e+03 4.750717761157170571e+03 4.750717761820677879e+03 4.750717762467356806e+03 4.750717763096920862e+03 4.750717763709098108e+03 4.750717764303628428e+03 4.750717764880267168e+03 4.750717765438779679e+03 4.750717765978952229e+03
4.674669264607348850e+03 4.674669265548060139e+03 4.674669266488638641e+03 4.674669267428159401e+03 4.674669268365705648e+03 4.674669269300378801e+03 4.674669270231295741e+03 4.674669271157594267e+03 4.674669272078434005e+03 4.674669272993000959e+03 4.674669273900503867e+03 4.674669274800183302e+03 4.674669275691306211e+03 4.674669276573169554e+03 4.674669277445101216e+03 4.674669278306460910e+03 4.674669279156636549e+03 4.674669279995047873e+03 4.674669280821144639e+03 4.674669281634402978e+03 4.674669282434329034e+03 4.674669283220455327e+03 4.674669283992337114e+03 4.674669284749556027e+03 4.674669285491712799e+03 4.674669286218430898e+03 4.674669286929351983e+03 4.674669287624134995e+03 4.674669288302453424e+03 4.674669288963997133e+03 4.674669289608469626e+03 4.674669290235586232e+03 4.674669290845075921e+03 4.674669291436677668e+03 4.674669292010145000e+03 4.674669292565240539e+03 4.674669293101743278e+03
4.597989244931832218e+03 4.597989245877495705e+03 4.597989246822968198e+03 4.597989247767291999e+03 4.597989248709526692e+03 4.597989249648742771e+03 4.597989250584034380e+03 4.597989251514512944e+03 4.597989252439320808e+03 4.597989253357620328e+03 4.597989254268606601e+03 4.597989255171504738e+03 4.597989256065567133e+03 4.597989256950084382e+03 4.597989257824376182e+03 4.597989258687794063e+03 4.597989259539725936e+03 4.597989260379587904e+03 4.597989261206831543e+03 4.597989262020934802e+03 4.597989262821406555e+03 4.597989263607785688e+03 4.597989264379632004e+03 4.597989265136532595e+03 4.597989265878097285e+03 4.597989266603955002e+03 4.597989267313753771e+03 4.597989268007158898e+03 4.597989268683850241e+03 4.597989269343520391e+03 4.597989269985878309e+03 4.597989270610642052e+03 4.597989271217539681e+03 4.597989271806310171e+03 4.597989272376706140e+03 4.597989272928485661e+03 4.597989273461422272e+03
4.520765307210632272e+03 4.520765308161643588e+03 4.520765309112398427e+03 4.520765310061907257e+03 4.520765311009197831e+03 4.520765311953314267e+03 4.520765312893322516e+03 4.520765313828311264e+03 4.520765314757398301e+03 4.520765315679727792e+03 4.520765316594477554e+03 4.520765317500855417e+03 4.520765318398106501e+03 4.520765319285505939e+03 4.520765320162368880e+03 4.520765321028042308e+03 4.520765321881909585e+03 4.520765322723387726e+03 4.520765323551929214e+03 4.520765324367016547e+03 4.520765325168164054e+03 4.520765325954914260e+03 4.520765326726836065e+03 4.520765327483522924e+03 4.520765328224594668e+03 4.520765328949686591e+03 4.520765329658455812e+03 4.520765330350574914e+03 4.520765331025730120e+03 4.520765331683622207e+03 4.520765332323961957e+03 4.520765332946471972e+03 4.520765333550879404e+03 4.520765334136926867e+03 4.520765334704360612e+03 4.520765335252938712e+03 4.520765335782424700e+03
