BlockUplift_2Ma_1kryTimeStep_2mmyr_k_0.0001_m_0.5_n_1.0_LinDiffusion_1_6x3km_30mRes_topographic__steepest_slope.txt
nrows 100
cellsize 30.0
xllcorner 0.0
ncols 200
yllcorner 0.0
[rows 51 to 67 of 100, columns 148 to 184 of 200]
1.562302929591889190e-02 1.520070692898324756e-02 1.825308523133888430e-02 2.465225846802278006e-02 3.074176369320786098e-02 3.900599333225614196e-02 4.767814896413018894e-02 5.575728546427616977e-02 6.314266916923542972e-02 6.973909260986678460e-02 7.545284918809519459e-02 8.018915903379925103e-02 8.385114215736184928e-02 8.634008365188350353e-02 8.755684072713024180e-02 8.740464676554324241e-02 8.579394254062436276e-02 8.264987864902621773e-02 7.792262423937283689e-02 7.159968329201263360e-02 6.467561568214136303e-02 6.013191953453979333e-02 5.451921269129546971e-02 4.790745129179306561e-02 4.041401666621817490e-02 3.975300219306063948e-02 4.165825405425063049e-02 4.973514956439757662e-02 5.695702212827897376e-02 6.325243749052891773e-02 6.859918160791526887e-02 7.301917047656991677e-02 7.951498208936934320e-02 8.585584503101273413e-02 9.129970816917279408e-02 9.597829374960298310e-02 1.000124105955876586e-01
1.892655941841117975e-02 1.842327189376504609e-02 2.101099699891872952e-02 2.750340344479336105e-02 3.363527268637557521e-02 4.010835992483521156e-02 4.872034418875727940e-02 5.662626180528226166e-02 6.373672962497399508e-02 6.997639157410588673e-02 7.527597540647074092e-02 7.956615286740979787e-02 8.277390641767538859e-02 8.482141768531950565e-02 8.562730330149102842e-02 8.511020009234518402e-02 8.319489820983202999e-02 7.982110027928163154e-02 7.495431843406379080e-02 6.917847413805480739e-02 6.589596140884987352e-02 6.160530664539946161e-02 5.632913180655050450e-02 5.012640563684497147e-02 4.423313430881279512e-02 4.506127100948305320e-02 4.526020718669675202e-02 5.291044606847050691e-02 5.986061014278631215e-02 6.596024585172491350e-02 7.118546032456445072e-02 7.554640022436433233e-02 7.908363167494472656e-02 8.343498233546142728e-02 8.882226997395908930e-02 9.347316908650545042e-02 9.751206732763600948e-02
2.252616526483042919e-02 2.193503139072750657e-02 2.403688723195581897e-02 3.062845558764617018e-02 3.681141159296193177e-02 4.251041221706378104e-02 4.979220773122155358e-02 5.748661673394461075e-02 6.428064096602810473e-02 7.012328377992105288e-02 7.497373679792503076e-02 7.879095797658711153e-02 8.152702437379086287e-02 8.312461186052406970e-02 8.351838387098382832e-02 8.263994291944812276e-02 8.042596257556813844e-02 7.682883850313354523e-02 7.248965376155966367e-02 7.025652892793320115e-02 6.710977653024591261e-02 6.304561451818291307e-02 5.808512412781168671e-02 5.227571988493970312e-02 4.941077394990382038e-02 5.027795363493889336e-02 5.050416187847162064e-02 5.600577933556574739e-02 6.268532467386991880e-02 6.860459163924986781e-02 7.373799971320257884e-02 7.808263200399222226e-02 8.165829997141944852e-02 8.450751218157658007e-02 8.669359832500689311e-02 9.099481944265287725e-02 9.497450614555684456e-02
2.633848115444644908e-02 2.566129429324822200e-02 2.727269837577531164e-02 3.396463324293020475e-02 4.020306945482134825e-02 4.589729288972926868e-02 5.101658762993031837e-02 5.829490541837524520e-02 6.473885487820704721e-02 7.015673357123877740e-02 7.453876368502250493e-02 7.787321917267414628e-02 8.013662634157109332e-02 8.129007908061017251e-02 8.128134281709549491e-02 8.005191428415467381e-02 7.754789332480906128e-02 7.490740891511506183e-02 7.350238349520310521e-02 7.128712428685904379e-02 6.824749769308169345e-02 6.438710146158359293e-02 5.972538703436491153e-02 5.429706005874059688e-02 5.441838383943983781e-02 5.529358161514229264e-02 5.551522422760276493e-02 5.891430559962676505e-02 6.531882364374995420e-02 7.106695528951000040e-02 7.613208167119807357e-02 8.049764576301542129e-02 8.416104331886826995e-02 8.713832046315196644e-02 8.946683413871137081e-02 9.120368422902289107e-02 9.255523295354113611e-02
3.027920217995235322e-02 2.952880808517193215e-02 3.065596972358259828e-02 3.744595911778575426e-02 4.374004262699568435e-02 4.943180164254564607e-02 5.448375715113891460e-02 5.901465458664698072e-02 6.508688585759045409e-02 7.006819602782457523e-02 7.398038556495217799e-02 7.683986349723899434e-02 7.864492099708732253e-02 7.937144650401156687e-02 7.897652769521953942e-02 7.740844219330018927e-02 7.670054357261876787e-02 7.591691780573399384e-02 7.442008691200523163e-02 7.219408315843822699e-02 6.923906024124276692e-02 6.556638883080866120e-02 6.119329502860625797e-02 5.764074157398700604e-02 5.916739573644302225e-02 6.002180430826010993e-02 6.020614081532945500e-02 6.154333164182734794e-02 6.766135823378266467e-02 7.323902260194671554e-02 7.824982713345848828e-02 8.266366011682201032e-02 8.645456121079513057e-02 8.961030806919639824e-02 9.213985855825537752e-02 9.407561899272399997e-02 9.546879620445133940e-02
3.425756800848821226e-02 3.345824624940500064e-02 3.411436900659101101e-02 4.099830063655545559e-02 4.734482484516001205e-02 5.303253824277206346e-02 5.801688091755556609e-02 6.231753819424687424e-02 6.599502521879538341e-02 6.986817353345600723e-02 7.332700725589139101e-02 7.573495965319475276e-02 7.710753043896545478e-02 7.743068339465443428e-02 7.783732010084883080e-02 7.809150277176184207e-02 7.774975952239368548e-02 7.677868264951435984e-02 7.516295132628697528e-02 7.290517423410165787e-02 7.002055201758164427e-02 6.652811027931430921e-02 6.244182362915715045e-02 6.208647466331787546e-02 6.359307286211569876e-02 6.440178593369030868e-02 6.451797269262063428e-02 6.401022422153156144e-02 6.963210522632133637e-02 7.503025541256810871e-02 7.998905616277331154e-02 8.446545525284561429e-02 8.840986858252944391e-02 9.178068984862530755e-02 9.455664560674384433e-02 9.674311551478823046e-02 9.837020765753613782e-02
3.816677459107419706e-02 3.735172074331056385e-02 3.755780787402068083e-02 4.453128415845068744e-02 5.092482438026147556e-02 5.660376582988267680e-02 6.151698686972775776e-02 6.568442440230236323e-02 6.917231464676625030e-02 7.206413119719361215e-02 7.443492111497131136e-02 7.633428794315334776e-02 7.777994072900186462e-02 7.876078119674753686e-02 7.924665570936274828e-02 7.920121748594466382e-02 7.859446888844619228e-02 7.741207556214182994e-02 7.565928329368942773e-02 7.335831100997385057e-02 7.053960028376807245e-02 6.722921799005557308e-02 6.404060524223874340e-02 6.618208101602221505e-02 6.765420664802945794e-02 6.839707525362778706e-02 6.841846996934937419e-02 6.779421688084567854e-02 7.117265899858918332e-02 7.637261922259784563e-02 8.126938792606668016e-02 8.580794789213326557e-02 8.991540509648514312e-02 9.352032044175437320e-02 9.656998437937244772e-02 9.904092280623109923e-02 1.009399337153853160e-01
4.187518346869675834e-02 4.108080265337103049e-02 4.087236344849885794e-02 4.793127485798566456e-02 5.436503018565042034e-02 6.002828995964987896e-02 6.486470095660042123e-02 6.889446057023455861e-02 7.218848504430144808e-02 7.483775662220151781e-02 7.692620538269306918e-02 7.851284872299128803e-02 7.962527696591067961e-02 8.026332640161214227e-02 8.040972823104332312e-02 8.004375399818042247e-02 7.915401877823162458e-02 7.774721370452589153e-02 7.585041923973620537e-02 7.350588247514870666e-02 7.075888416852324503e-02 6.764149750321182819e-02 6.777208631199110878e-02 6.990298677561289364e-02 7.133019298639690919e-02 7.199196588745024328e-02 7.189775437414690218e-02 7.112872435750147715e-02 7.224783530374559448e-02 7.722240085253193054e-02 8.203525553882709542e-02 8.662059647790096295e-02 9.088301980889895715e-02 9.472143593603823963e-02 9.805114255123326128e-02 1.008185628998263805e-01 1.030054471654059528e-01
4.522355613895901599e-02 4.448120205290138213e-02 4.392038879438663057e-02 5.106008727428784644e-02 5.752588418340406906e-02 6.316499794940075296e-02 6.791787818573656599e-02 7.180558880360556062e-02 7.490309106953309259e-02 7.730749344011107749e-02 7.911010447669961088e-02 8.037830351527151806e-02 8.114934442063469200e-02 8.143472751149988254e-02 8.123158785098713586e-02 8.053675722224101774e-02 7.935935896423639002e-02 7.772851409661155064e-02 7.569375002649617046e-02 7.331708588351698586e-02 7.065768010524402232e-02 6.839411203407479156e-02 7.112632659574320837e-02 7.324232669330540957e-02 7.461662497680805750e-02 7.518660936552094831e-02 7.496272650404070537e-02 7.402908477364841811e-02 7.284437070717858509e-02 7.755958508225946346e-02 8.225615939117796038e-02 8.685877258318905336e-02 9.125072857312883923e-02 9.530208336745259190e-02 9.889626963283189298e-02 1.019490235852760218e-01 1.044159093078317335e-01
4.803196644669043003e-02 4.735874541648759511e-02 4.659227590785140760e-02 5.376277928844105242e-02 6.025006238077741660e-02 6.585493217159207879e-02 7.051722722516344521e-02 7.426000056399703619e-02 7.716199894500956613e-02 7.932526309638278372e-02 8.084698184379414398e-02 8.180170082030752132e-02 8.223586044646041815e-02 8.217299996626041547e-02 8.162572967334660867e-02 8.060983558955957251e-02 7.915619630306455767e-02 7.731704141465838009e-02 7.516421373087743552e-02 7.277858232114278736e-02 7.023175582278837203e-02 7.135983732872214214e-02 7.411057428935094449e-02 7.620605618504897039e-02 7.752052790217381362e-02 7.799203701793923360e-02 7.763147064677866638e-02 7.652313586348545582e-02 7.481641920395673551e-02 7.738560459016181892e-02 8.192497371762254288e-02 8.650288460836041970e-02 9.098295542134135494e-02 9.520781209883662222e-02 9.902989889788155198e-02 1.023344555813611584e-01 1.050504610183190662e-01
5.011722485970342839e-02 4.950819390695689742e-02 4.879963329660673421e-02 5.588521867643594931e-02 6.237933312669567687e-02 6.793741911329125027e-02 7.250167274947240392e-02 7.609866645054591539e-02 7.881099188622701923e-02 8.074458157790144475e-02 8.200096063723713580e-02 8.266040105363983703e-02 8.277763022172546226e-02 8.238802715280583999e-02 8.152005062992254136e-02 8.020904249668110719e-02 7.850803582495897992e-02 7.649220000400362707e-02 7.425479013249794424e-02 7.189399998461554198e-02 7.069118211829419907e-02 7.397892886293343240e-02 7.674180886998792361e-02 7.880826520951937642e-02 8.005609339287644843e-02 8.042590006534974800e-02 7.992852925426774391e-02 7.864555712474631533e-02 7.672248240719690970e-02 7.672036939851321902e-02 8.105532946516443016e-02 8.555638321203504204e-02 9.006946499910734039e-02 9.441186278484715866e-02 9.840674112472207191e-02 1.019099306788095599e-01 1.048243037936914118e-01
5.131862837159317792e-02 5.074283705614040380e-02 5.005318992704606978e-02 5.729900337581721181e-02 6.377947714572036741e-02 6.927461595256262372e-02 7.373215235957031322e-02 7.718400400777246373e-02 7.971693964155712742e-02 8.143989360421799439e-02 8.245714062799937294e-02 8.285296813818193717e-02 8.268899039453861399e-02 8.201152308414591530e-02 8.086438636403253666e-02 7.930212577240698668e-02 7.739935705081840700e-02 7.525311739170098546e-02 7.297642427130082710e-02 7.068276417962100766e-02 7.294502525123600090e-02 7.627993636875488037e-02 7.904201277505697176e-02 8.106733536647207916e-02 8.224138098886726866e-02 8.250930469397559086e-02 8.188143215469949332e-02 8.043365567085819512e-02 7.830244095179304809e-02 7.567423737163257724e-02 7.967897438014094613e-02 8.404370441472595876e-02 8.852418381309584694e-02 9.291516357335805054e-02 9.701314178492642659e-02 1.006466227286513249e-01 1.036938301408107943e-01
5.152750581527456436e-02 5.092970150251734801e-02 5.060534227375197008e-02 5.792874173082718237e-02 6.436841276095869868e-02 6.977984197808329014e-02 7.411951126972923798e-02 7.742670142877554340e-02 7.979295078395591545e-02 8.132951994954419617e-02 8.214190767098214496e-02 8.231653635798041879e-02 8.192007291224176480e-02 8.100818035948308127e-02 7.963866933498330025e-02 7.788394289254384206e-02 7.583863021987045927e-02 7.361967478466660553e-02 7.135752440778501959e-02 7.113091702213220069e-02 7.492929468209297283e-02 7.829309700228416491e-02 8.103457462823418500e-02 8.300319574166081793e-02 8.409608474255444999e-02 8.426474067348835306e-02 8.351844492435844813e-02 8.192459692126116688e-02 7.960574371348722034e-02 7.673265171891045788e-02 7.784361453237836903e-02 8.200875001379873130e-02 8.638459464347901517e-02 9.074688397349241209e-02 9.486898965607201695e-02 9.855519764915422753e-02 1.016615383314605492e-01
5.071477287081762458e-02 5.002328340278552193e-02 5.047951969142222550e-02 5.777536348526662868e-02 6.414098232630165153e-02 6.944311342862480307e-02 7.365004898318280868e-02 7.681054922258864770e-02 7.902180125539949584e-02 8.039706998626941492e-02 8.104183066484409170e-02 8.104283777949340684e-02 8.046977503051783165e-02 7.938556613457206645e-02 7.785989500937096075e-02 7.598077898613310455e-02 7.386037212050786116e-02 7.163275315630594775e-02 6.944287825231180988e-02 7.281893207557364744e-02 7.668260654417148603e-02 8.004693844933399860e-02 8.274191278986602061e-02 8.463562363347042206e-02 8.564020340851309643e-02 8.571486312324101686e-02 8.486723932656541070e-02 8.315374675776704416e-02 8.067873764454371044e-02 7.759141528642223007e-02 7.561122047296334192e-02 7.951384687573188892e-02 8.371158142412216119e-02 8.796533935311216801e-02 9.202976950363628283e-02 9.568899501750045833e-02 9.878020285871876027e-02
4.895054253401530386e-02 4.809019169476111411e-02 4.970287346839451226e-02 5.692932925606797312e-02 6.318376748390912290e-02 6.834696588110061866e-02 7.240174455849597568e-02 7.540847141367797157e-02 7.747120080438131551e-02 7.870542526851999343e-02 7.921592772684668549e-02 7.908842991231014585e-02 7.839376346655212158e-02 7.719986440009161954e-02 7.558570648637444322e-02 7.365200237507375791e-02 7.152519569047643966e-02 6.935305765327164085e-02 7.007167430128664887e-02 7.434748807471530663e-02 7.823849475944655296e-02 8.156616900815123750e-02 8.418415474988828751e-02 8.598335852435165516e-02 8.689333648629732343e-02 8.688180606735329548e-02 8.595410799356008325e-02 8.415366977860733178e-02 8.156328735742306157e-02 7.830584380047488080e-02 7.454242039353810301e-02 7.663853513350453450e-02 8.058884981258934710e-02 8.465811856798773072e-02 8.858736769241258580e-02 9.214535823180368401e-02 9.515444460398798932e-02
4.641061324359464779e-02 4.531800181921331189e-02 4.845350946017533411e-02 5.556926000487569239e-02 6.167486609658028029e-02 6.666710082323761000e-02 7.054551049208039604e-02 7.338413264051610319e-02 7.529550151752713305e-02 7.639830168499753271e-02 7.679684947729349676e-02 7.657530192943794167e-02 7.580436127585257755e-02 7.455497542503031205e-02 7.291272229562688334e-02 7.098771833808069365e-02 6.891695498046501722e-02 6.685796267212379407e-02 7.141810040014841265e-02 7.575499666001188348e-02 7.962335078058752069e-02 8.287061868424103195e-02 8.537859639710347615e-02 8.706374974005180734e-02 8.787433404035074891e-02 8.778675037706069884e-02 8.680340979442083271e-02 8.495339292743579740e-02 8.229572697663342651e-02 7.892366393022029469e-02 7.496744915523644026e-02 7.347726265820565816e-02 7.712069730738647932e-02 8.093987613052963659e-02 8.466773527970306024e-02 8.806290864670122953e-02 9.093725190880265485e-02
4.336632901273465568e-02 4.200393002440705459e-02 4.697503275945008605e-02 5.394428864613730334e-02 5.986649966378933263e-02 6.465540325996230187e-02 6.832882505858066391e-02 7.097640376551930808e-02 7.272118930412016513e-02 7.368690135262780105e-02 7.397875134203248104e-02 7.367995464421549234e-02 7.286076742108023307e-02 7.159377792900215032e-02 6.996874261929374172e-02 6.810184009814988781e-02 6.613663053253897306e-02 6.801430598004334915e-02 7.273608535424026800e-02 7.706845757200918301e-02 8.085542581078897229e-02 8.397495753718260680e-02 8.633966877453549960e-02 8.789270167320636928e-02 8.860110681866710525e-02 8.844957923914241460e-02 8.743707513515677765e-02 8.557772268905333712e-02 8.290585424981790352e-02 7.948341496293523378e-02 7.540694564022061563e-02 7.081114125650742053e-02 7.342714654660617568e-02 7.694654978955547953e-02 8.042392897381403505e-02 8.361308653429075366e-02 8.631965455391055198e-02
