BlockUplift_2Ma_1kryTimeStep_2mmyr_k_5e-06_m_0.5_n_1.0_LinDiffusion_0.5_6x3km_30mRes_topographic__elevation.txt
nrows 100
cellsize 30.0
xllcorner 0.0
ncols 200
yllcorner 0.0
[rows 34 to 50 of 100, columns 74 to 110 of 200]
3.559503443896936005e+03 3.559503444334605774e+03 3.559503444788015258e+03 3.559503445257698331e+03 3.559503445744138844e+03 3.559503446247767897e+03 3.559503446768960657e+03 3.559503447308035447e+03 3.559503447865250109e+03 3.559503448440801094e+03 3.559503449034821642e+03 3.559503449647384059e+03 3.559503450278493801e+03 3.559503450928092661e+03 3.559503451596058312e+03 3.559503452282202488e+03 3.559503452986275533e+03 3.559503453707963672e+03 3.559503454446890373e+03 3.559503455202619534e+03 3.559503455974657300e+03 3.559503456762450242e+03 3.559503457565393091e+03 3.559503458382825102e+03 3.559503459214037321e+03 3.559503460058273504e+03 3.559503460914733296e+03 3.559503461782575414e+03 3.559503462660921286e+03 3.559503463548860054e+03 3.559503464445449026e+03 3.559503465349720955e+03 3.559503466260686309e+03 3.559503467177338734e+03 3.559503468098658232e+03 3.559503469023615708e+03 3.559503469951177976e+03
3.496710390059614838e+03 3.496710390488415214e+03 3.496710390933386407e+03 3.496710391395095030e+03 3.496710391874055404e+03 3.496710392370725913e+03 3.496710392885506735e+03 3.496710393418737567e+03 3.496710393970694440e+03 3.496710394541589721e+03 3.496710395131569840e+03 3.496710395740714375e+03 3.496710396369036062e+03 3.496710397016479874e+03 3.496710397682922576e+03 3.496710398368174083e+03 3.496710399071977463e+03 3.496710399794009845e+03 3.496710400533884240e+03 3.496710401291149992e+03 3.496710402065293692e+03 3.496710402855744178e+03 3.496710403661872078e+03 3.496710404482993454e+03 3.496710405318372068e+03 3.496710406167221208e+03 3.496710407028710506e+03 3.496710407901965482e+03 3.496710408786073458e+03 3.496710409680085831e+03 3.496710410583023531e+03 3.496710411493881566e+03 3.496710412411630386e+03 3.496710413335223166e+03 3.496710414263601706e+03 3.496710415195695987e+03 3.496710416130433259e+03
3.433682041724548071e+03 3.433682042144211664e+03 3.433682042580499001e+03 3.433682043034011713e+03 3.433682043505295042e+03 3.433682043994837386e+03 3.433682044503064390e+03 3.433682045030336667e+03 3.433682045576951168e+03 3.433682046143135267e+03 3.433682046729048125e+03 3.433682047334778872e+03 3.433682047960347063e+03 3.433682048605699038e+03 3.433682049270712469e+03 3.433682049955193179e+03 3.433682050658877870e+03 3.433682051381434576e+03 3.433682052122462665e+03 3.433682052881496020e+03 3.433682053658004406e+03 3.433682054451395288e+03 3.433682055261014739e+03 3.433682056086153352e+03 3.433682056926046243e+03 3.433682057779877141e+03 3.433682058646780661e+03 3.433682059525849581e+03 3.433682060416133481e+03 3.433682061316646468e+03 3.433682062226370363e+03 3.433682063144258336e+03 3.433682064069240823e+03 3.433682065000229159e+03 3.433682065936121489e+03 3.433682066875807323e+03 3.433682067818171163e+03
3.370475047449165686e+03 3.370475047859413735e+03 3.370475048286763467e+03 3.370475048731850620e+03 3.370475049195255906e+03 3.370475049677495008e+03 3.370475050179021309e+03 3.370475050700219526e+03 3.370475051241405254e+03 3.370475051802822691e+03 3.370475052384643732e+03 3.370475052986967512e+03 3.370475053609818588e+03 3.370475054253147391e+03 3.370475054916829777e+03 3.370475055600668838e+03 3.370475056304393547e+03 3.370475057027661478e+03 3.370475057770058811e+03 3.370475058531103969e+03 3.370475059310246706e+03 3.370475060106871751e+03 3.370475060920301530e+03 3.370475061749799806e+03 3.370475062594569863e+03 3.370475063453764960e+03 3.370475064326485153e+03 3.370475065211785022e+03 3.370475066108677311e+03 3.370475067016135654e+03 3.370475067933100490e+03 3.370475068858481791e+03 3.370475069791166788e+03 3.370475070730022708e+03 3.370475071673903130e+03 3.370475072621652089e+03 3.370475073572110887e+03
3.307142760130302122e+03 3.307142760530847227e+03 3.307142760948994237e+03 3.307142761385419817e+03 3.307142761840736966e+03 3.307142762315493655e+03 3.307142762810169188e+03 3.307142763325173746e+03 3.307142763860842479e+03 3.307142764417437320e+03 3.307142764995142898e+03 3.307142765594068351e+03 3.307142766214242783e+03 3.307142766855620721e+03 3.307142767518077108e+03 3.307142768201409126e+03 3.307142768905339835e+03 3.307142769629514987e+03 3.307142770373507574e+03 3.307142771136817373e+03 3.307142771918875042e+03 3.307142772719042114e+03 3.307142773536614641e+03 3.307142774370827738e+03 3.307142775220853764e+03 3.307142776085810965e+03 3.307142776964764380e+03 3.307142777856730390e+03 3.307142778760680812e+03 3.307142779675547445e+03 3.307142780600226615e+03 3.307142781533583729e+03 3.307142782474459182e+03 3.307142783421674721e+03 3.307142784374035728e+03 3.307142785330338938e+03 3.307142786289379274e+03
3.243735319383280057e+03 3.243735319773820720e+03 3.243735320182493524e+03 3.243735320610010604e+03 3.243735321057023157e+03 3.243735321524110532e+03 3.243735322011781136e+03 3.243735322520469254e+03 3.243735323050531861e+03 3.243735323602247263e+03 3.243735324175814185e+03 3.243735324771350861e+03 3.243735325388893671e+03 3.243735326028397139e+03 3.243735326689736212e+03 3.243735327372703978e+03 3.243735328077013946e+03 3.243735328802300955e+03 3.243735329548122991e+03 3.243735330313962095e+03 3.243735331099226642e+03 3.243735331903254519e+03 3.243735332725314947e+03 3.243735333564612574e+03 3.243735334420287018e+03 3.243735335291421507e+03 3.243735336177042427e+03 3.243735337076126143e+03 3.243735337987602634e+03 3.243735338910358223e+03 3.243735339843243764e+03 3.243735340785077369e+03 3.243735341734652138e+03 3.243735342690737980e+03 3.243735343652091615e+03 3.243735344617460669e+03 3.243735345585588675e+03
3.180299739831283659e+03 3.180299740211509288e+03 3.180299740610421395e+03 3.180299741028775770e+03 3.180299741467258173e+03 3.180299741926482966e+03 3.180299742406989026e+03 3.180299742909234737e+03 3.180299743433598906e+03 3.180299743980377571e+03 3.180299744549784009e+03 3.180299745141943731e+03 3.180299745756900393e+03 3.180299746394611248e+03 3.180299747054948512e+03 3.180299747737699363e+03 3.180299748442569580e+03 3.180299749169181268e+03 3.180299749917076497e+03 3.180299750685718209e+03 3.180299751474493860e+03 3.180299752282714508e+03 3.180299753109621179e+03 3.180299753954386688e+03 3.180299754816118366e+03 3.180299755693859424e+03 3.180299756586598505e+03 3.180299757493270135e+03 3.180299758412757456e+03 3.180299759343902224e+03 3.180299760285507091e+03 3.180299761236338782e+03 3.180299762195139465e+03 3.180299763160628117e+03 3.180299764131508255e+03 3.180299765106473387e+03 3.180299766084215662e+03
3.116880004344858207e+03 3.116880004714441839e+03 3.116880005103297663e+03 3.116880005512222851e+03 3.116880005941942727e+03 3.116880006393105759e+03 3.116880006866281292e+03 3.116880007361954085e+03 3.116880007880525682e+03 3.116880008422309857e+03 3.116880008987531710e+03 3.116880009576329030e+03 3.116880010188749566e+03 3.116880010824752389e+03 3.116880011484206989e+03 3.116880012166895995e+03 3.116880012872514271e+03 3.116880013600671646e+03 3.116880014350893816e+03 3.116880015122622808e+03 3.116880015915223339e+03 3.116880016727980092e+03 3.116880017560105443e+03 3.116880018410737193e+03 3.116880019278947657e+03 3.116880020163742302e+03 3.116880021064067932e+03 3.116880021978813602e+03 3.116880022906816976e+03 3.116880023846871154e+03 3.116880024797726492e+03 3.116880025758098327e+03 3.116880026726674259e+03 3.116880027702118696e+03 3.116880028683078763e+03 3.116880029668192492e+03 3.116880030656096551e+03
3.053517161340079383e+03 3.053517161698682685e+03 3.053517162077172088e+03 3.053517162476391604e+03 3.053517162897105663e+03 3.053517163340000025e+03 3.053517163805673590e+03 3.053517164294639315e+03 3.053517164807321024e+03 3.053517165344050227e+03 3.053517165905067031e+03 3.053517166490516956e+03 3.053517167100453662e+03 3.053517167734837585e+03 3.053517168393535030e+03 3.053517169076322716e+03 3.053517169782884594e+03 3.053517170512816847e+03 3.053517171265627439e+03 3.053517172040738842e+03 3.053517172837490307e+03 3.053517173655139231e+03 3.053517174492866616e+03 3.053517175349777517e+03 3.053517176224905143e+03 3.053517177117215851e+03 3.053517178025612338e+03 3.053517178948937271e+03 3.053517179885981022e+03 3.053517180835483487e+03 3.053517181796142268e+03 3.053517182766617680e+03 3.053517183745540024e+03 3.053517184731515044e+03 3.053517185723131661e+03 3.053517186718968787e+03 3.053517187717603065e+03
2.990249425310395964e+03 2.990249425657662869e+03 2.990249426025464345e+03 2.990249426414689424e+03 2.990249426826146191e+03 2.990249427260555422e+03 2.990249427718549668e+03 2.990249428200670536e+03 2.990249428707362313e+03 2.990249429238976518e+03 2.990249429795765991e+03 2.990249430377885346e+03 2.990249430985393701e+03 2.990249431618251492e+03 2.990249432276321841e+03 2.990249432959374644e+03 2.990249433667082485e+03 2.990249434399027450e+03 2.990249435154698403e+03 2.990249435933496443e+03 2.990249436734735355e+03 2.990249437557644342e+03 2.990249438401371663e+03 2.990249439264987359e+03 2.990249440147485984e+03 2.990249441047791606e+03 2.990249441964760990e+03 2.990249442897190420e+03 2.990249443843817062e+03 2.990249444803327606e+03 2.990249445774363721e+03 2.990249446755527970e+03 2.990249447745390626e+03 2.990249448742495588e+03 2.990249449745368111e+03 2.990249450752526627e+03 2.990249451762482749e+03
2.927112279831158958e+03 2.927112280166718392e+03 2.927112280523494974e+03 2.927112280902425027e+03 2.927112281304361204e+03 2.927112281730062023e+03 2.927112282180194143e+03 2.927112282655325998e+03 2.927112283155925979e+03 2.927112283682363341e+03 2.927112284234903655e+03 2.927112284813711540e+03 2.927112285418849751e+03 2.927112286050278271e+03 2.927112286707857947e+03 2.927112287391348218e+03 2.927112288100412115e+03 2.927112288834614446e+03 2.927112289593426340e+03 2.927112290376225701e+03 2.927112291182299941e+03 2.927112292010849160e+03 2.927112292860987054e+03 2.927112293731748196e+03 2.927112294622085756e+03 2.927112295530881511e+03 2.927112296456944023e+03 2.927112297399019553e+03 2.927112298355792063e+03 2.927112299325892764e+03 2.927112300307903297e+03 2.927112301300364834e+03 2.927112302301783984e+03 2.927112303310640527e+03 2.927112304325394234e+03 2.927112305344495780e+03 2.927112306366391294e+03
2.864138582337485786e+03 2.864138582660949851e+03 2.864138583006349108e+03 2.864138583374671725e+03 2.864138583766814008e+03 2.864138584183574949e+03 2.864138584625654403e+03 2.864138585093649453e+03 2.864138585588053047e+03 2.864138586109250355e+03 2.864138586657521500e+03 2.864138587233038379e+03 2.864138587835868293e+03 2.864138588465969406e+03 2.864138589123198017e+03 2.864138589807305834e+03 2.864138590517941338e+03 2.864138591254655239e+03 2.864138592016896837e+03 2.864138592804021300e+03 2.864138593615289665e+03 2.864138594449869288e+03 2.864138595306842490e+03 2.864138596185202914e+03 2.864138597083864170e+03 2.864138598001661194e+03 2.864138598937354800e+03 2.864138599889638499e+03 2.864138600857141228e+03 2.864138601838434170e+03 2.864138602832037577e+03 2.864138603836428501e+03 2.864138604850046704e+03 2.864138605871302843e+03 2.864138606898587568e+03 2.864138607930280159e+03 2.864138608964756713e+03
2.801358670035204341e+03 2.801358670346166491e+03 2.801358670679821444e+03 2.801358671037209660e+03 2.801358671419274287e+03 2.801358671826854788e+03 2.801358672260685580e+03 2.801358672721392395e+03 2.801358673209491826e+03 2.801358673725386325e+03 2.801358674269367839e+03 2.801358674841617358e+03 2.801358675442202639e+03 2.801358676071082755e+03 2.801358676728106275e+03 2.801358677413016267e+03 2.801358678125448023e+03 2.801358678864934518e+03 2.801358679630904135e+03 2.801358680422687939e+03 2.801358681239517864e+03 2.801358682080532617e+03 2.801358682944775410e+03 2.801358683831203962e+03 2.801358684738687316e+03 2.801358685666014480e+03 2.801358686611894882e+03 2.801358687574968371e+03 2.801358688553805223e+03 2.801358689546915230e+03 2.801358690552754524e+03 2.801358691569731945e+03 2.801358692596216770e+03 2.801358693630546895e+03 2.801358694671040212e+03 2.801358695715999602e+03 2.801358696763726584e+03
2.738800466361185045e+03 2.738800466659219637e+03 2.738800466980746478e+03 2.738800467326860144e+03 2.738800467698551984e+03 2.738800468096702843e+03 2.738800468522082610e+03 2.738800468975346121e+03 2.738800469457031340e+03 2.738800469967559366e+03 2.738800470507233513e+03 2.738800471076240228e+03 2.738800471674650908e+03 2.738800472302420076e+03 2.738800472959391300e+03 2.738800473645295369e+03 2.738800474359753935e+03 2.738800475102280870e+03 2.738800475872284551e+03 2.738800476669071031e+03 2.738800477491842230e+03 2.738800478339705023e+03 2.738800479211667152e+03 2.738800480106644955e+03 2.738800481023464272e+03 2.738800481960865454e+03 2.738800482917506997e+03 2.738800483891970998e+03 2.738800484882767705e+03 2.738800485888343246e+03 2.738800486907085542e+03 2.738800487937331582e+03 2.738800488977376972e+03 2.738800490025485033e+03 2.738800491079891799e+03 2.738800492138822847e+03 2.738800493200499659e+03
2.676489587463367116e+03 2.676489587748028498e+03 2.676489588057026594e+03 2.676489588391511916e+03 2.676489588752524014e+03 2.676489589140988301e+03 2.676489589557708314e+03 2.676489590003368903e+03 2.676489590478529408e+03 2.676489590983628204e+03 2.676489591518978159e+03 2.676489592084772539e+03 2.676489592681080467e+03 2.676489593307855557e+03 2.676489593964931373e+03 2.676489594652027790e+03 2.676489595368750997e+03 2.676489596114595770e+03 2.676489596888948199e+03 2.676489597691087965e+03 2.676489598520189702e+03 2.676489599375324360e+03 2.676489600255465575e+03 2.676489601159488302e+03 2.676489602086171999e+03 2.676489603034208812e+03 2.676489604002203123e+03 2.676489604988678366e+03 2.676489605992082488e+03 2.676489607010794771e+03 2.676489608043131739e+03 2.676489609087356712e+03 2.676489610141686626e+03 2.676489611204302491e+03 2.676489612273360308e+03 2.676489613346999249e+03 2.676489614423354396e+03
2.614449448222173942e+03 2.614449448492996908e+03 2.614449448789046983e+03 2.614449449111534250e+03 2.614449449461550103e+03 2.614449449840061789e+03 2.614449450247909226e+03 2.614449450685804550e+03 2.614449451154329836e+03 2.614449451653937103e+03 2.614449452184950587e+03 2.614449452747564465e+03 2.614449453341848766e+03 2.614449453967751197e+03 2.614449454625095768e+03 2.614449455313589169e+03 2.614449456032821217e+03 2.614449456782267589e+03 2.614449457561290728e+03 2.614449458369144395e+03 2.614449459204973209e+03 2.614449460067816290e+03 2.614449460956607709e+03 2.614449461870181494e+03 2.614449462807272539e+03 2.614449463766522058e+03 2.614449464746478952e+03 2.614449465745606631e+03 2.614449466762288012e+03 2.614449467794832344e+03 2.614449468841482940e+03 2.614449469900423992e+03 2.614449470969790127e+03 2.614449472047678228e+03 2.614449473132155163e+03 2.614449474221270066e+03 2.614449475313068433e+03
2.552701367383794604e+03 2.552701367640289845e+03 2.552701367922955797e+03 2.552701368233062567e+03 2.552701368571752937e+03 2.552701368940038719e+03 2.552701369338795303e+03 2.552701369768762106e+03 2.552701370230541215e+03 2.552701370724599201e+03 2.552701371251265300e+03 2.552701371810737328e+03 2.552701372403083042e+03 2.552701373028240141e+03 2.552701373686024453e+03 2.552701374376126751e+03 2.552701375098120025e+03 2.552701375851458124e+03 2.552701376635481665e+03 2.552701377449417123e+03 2.552701378292379104e+03 2.552701379163373531e+03 2.552701380061297186e+03 2.552701380984941352e+03 2.552701381932996810e+03 2.552701382904051115e+03 2.552701383896597235e+03 2.552701384909038097e+03 2.552701385939688407e+03 2.552701386986786019e+03 2.552701388048495573e+03 2.552701389122919409e+03 2.552701390208106659e+03 2.552701391302061893e+03 2.552701392402760575e+03 2.552701393508156343e+03 2.552701394616196467e+03
