BlockUplift_2Ma_1kryTimeStep_2mmyr_k_0.0001_m_0.5_n_1.0_LinDiffusion_0.5_6x3km_30mRes_topographic__elevation.txt
nrows 100
cellsize 30.0
xllcorner 0.0
ncols 200
yllcorner 0.0
[rows 68 to 84 of 100, columns 74 to 110 of 200]
9.698722706101662538e+01 9.822173595432782633e+01 1.002100941665220404e+02 1.029177641043619502e+02 1.063055623746130607e+02 1.103354092612773911e+02 1.149697105022072208e+02 1.201642042058405337e+02 1.258564272814972753e+02 1.319529598376370814e+02 1.383188591385666086e+02 1.447728720074613591e+02 1.510919459238818376e+02 1.570272914415685648e+02 1.623310647223665910e+02 1.667882767931079968e+02 1.702449902518646923e+02 1.726238080079708084e+02 1.739220736875068383e+02 1.741952158943745701e+02 1.735333516022405718e+02 1.720403031108428422e+02 1.698203576973785687e+02 1.669723719115341964e+02 1.635869247549951808e+02 1.597419775840886871e+02 1.554951897064031243e+02 1.508749148731791081e+02 1.458757733382473987e+02 1.404677831987002321e+02 1.346284148863971950e+02 1.284009502131328304e+02 1.219676497920826961e+02 1.157065366386680267e+02 1.101893989017558937e+02 1.060916916533301730e+02 1.040255618313381660e+02
9.572311177863551279e+01 9.693470379444559626e+01 9.888688816544328120e+01 1.015527242227175293e+02 1.048984076407666493e+02 1.088856187918621430e+02 1.134697019003640150e+02 1.185937645939069398e+02 1.241801589853029810e+02 1.301214129473969479e+02 1.362731049603500537e+02 1.424518029166814586e+02 1.484414802750908677e+02 1.540105895310645394e+02 1.589385121807636665e+02 1.630453491365676086e+02 1.662155873819699252e+02 1.684068940922059596e+02 1.696408939288976114e+02 1.699807064982425686e+02 1.695056057940730057e+02 1.682929167644225288e+02 1.664115566681147413e+02 1.639244266901995957e+02 1.608926342766644950e+02 1.573751303789165377e+02 1.534214748356339442e+02 1.490606022451475212e+02 1.442929875296549369e+02 1.390966526834149590e+02 1.334572651459205872e+02 1.274257708239713764e+02 1.211913551940550065e+02 1.151374681125449513e+02 1.098378131841685814e+02 1.059633836034839049e+02 1.041134101861652681e+02
9.462041816834785379e+01 9.583440732541433249e+01 9.779030337032654074e+01 1.004605815109501634e+02 1.038077945177130061e+02 1.077852784026462132e+02 1.123352990841843990e+02 1.173848093210435906e+02 1.228397327845603115e+02 1.285790819129146598e+02 1.344508011273043167e+02 1.402721488025496228e+02 1.458378872559432864e+02 1.509382198852635781e+02 1.553846879759307740e+02 1.590373325040536088e+02 1.618232803373008153e+02 1.637384542916911698e+02 1.648307886417740633e+02 1.651719751922736350e+02 1.648301611898048975e+02 1.638545925853784127e+02 1.622758294613781516e+02 1.601166258124920603e+02 1.574039293504286832e+02 1.541736372196294838e+02 1.504650356375128979e+02 1.463081950200988786e+02 1.417128842491335092e+02 1.366707709075633090e+02 1.311821138781785407e+02 1.253107269426782864e+02 1.192548446379376799e+02 1.134013756000457960e+02 1.083205343463429244e+02 1.046724929249807587e+02 1.030396153378298294e+02
9.355468972193594368e+01 9.479116801535521120e+01 9.678253886701084241e+01 9.949281465575694483e+01 1.028727692310818327e+02 1.068607730025004230e+02 1.113818808005141250e+02 1.163453031987139781e+02 1.216409058023583469e+02 1.271357391576507325e+02 1.326722832121275246e+02 1.380710643931078039e+02 1.431406453376953039e+02 1.476964067937327059e+02 1.515856114943359501e+02 1.547114194532701958e+02 1.570459013859949664e+02 1.586245047418634329e+02 1.595219672526599481e+02 1.598187084382580849e+02 1.595717669512044097e+02 1.588019024201521745e+02 1.574998536904772379e+02 1.556452220040308987e+02 1.532264189993400976e+02 1.502515381230162745e+02 1.467459863779643001e+02 1.427399206844198432e+02 1.382545907344878628e+02 1.333003332736256539e+02 1.278984309891291389e+02 1.221313829536591982e+02 1.162097852905561410e+02 1.105239070375809831e+02 1.056376595653118500e+02 1.021970761476003702e+02 1.007665382506521183e+02
9.238986133862150041e+01 9.366179578541519390e+01 9.571029898908648192e+01 9.848401775357631038e+01 1.019152526075872487e+02 1.059225607535577893e+02 1.104114938024786454e+02 1.152735262765508963e+02 1.203839319675358723e+02 1.255998498815955173e+02 1.307604196626322448e+02 1.356915686404746850e+02 1.402179460245071141e+02 1.441825487391280092e+02 1.474706021146228352e+02 1.500298531588460662e+02 1.518776043714563286e+02 1.530880765146613953e+02 1.537617488406090445e+02 1.539873055512503299e+02 1.538112756787888600e+02 1.532271931706100077e+02 1.521867563936935142e+02 1.506254726811314981e+02 1.484900005508318088e+02 1.457557300546363876e+02 1.424291965746536448e+02 1.385374582071491716e+02 1.341132106680131244e+02 1.291887398518704231e+02 1.238118303029704919e+02 1.180894060983835629e+02 1.122485213155417512e+02 1.066842934334742949e+02 1.019537235658506660e+02 9.868778727249684835e+01 9.743370004512941307e+01
9.099953169597124258e+01 9.231210402234938783e+01 9.442883965925999235e+01 9.727776056794530746e+01 1.007678855374368254e+02 1.047949370742141610e+02 1.092441360097642189e+02 1.139901283022495733e+02 1.188953725601263471e+02 1.238090113569365087e+02 1.285686152903894879e+02 1.330072461835388538e+02 1.369674886271180299e+02 1.403217615985991245e+02 1.429944546359348863e+02 1.449778209718852509e+02 1.463327478240892674e+02 1.471695121355822664e+02 1.476117626951363491e+02 1.477553902669397132e+02 1.476376076895900553e+02 1.472277413377888706e+02 1.464417757610791000e+02 1.451728493773028674e+02 1.433246503590959549e+02 1.408356573568561885e+02 1.376876771024520281e+02 1.338993150507342307e+02 1.295118574490080618e+02 1.245801396449095506e+02 1.191820491088651579e+02 1.134539671508828178e+02 1.076440048797462907e+02 1.021550761465572634e+02 9.753857331427903432e+01 9.441116485752920084e+01 9.330447199352836662e+01
8.928378387647808268e+01 9.063510928854185522e+01 9.282167819121492869e+01 9.574781728739792186e+01 9.929659861134291532e+01 1.033395270041695966e+02 1.077415159810872325e+02 1.123613427904984547e+02 1.170499355488284863e+02 1.216497167261884584e+02 1.259980171770496611e+02 1.299366354676984372e+02 1.333279497686525872e+02 1.360754114629569074e+02 1.381430643432946965e+02 1.395662700209444154e+02 1.404461210713433275e+02 1.409244716506139525e+02 1.411442082877664745e+02 1.412067698672493918e+02 1.411416321206121722e+02 1.408983674216239024e+02 1.403629070439631050e+02 1.393905540098234326e+02 1.378434144598560920e+02 1.356204819996514459e+02 1.326730637072020897e+02 1.290043772164836184e+02 1.246586303073036390e+02 1.197106085878731960e+02 1.142692588768630060e+02 1.085040576456363226e+02 1.026888461296466062e+02 9.723849943381776484e+01 9.270170006074430091e+01 8.968260604425167060e+01 8.869859295696531376e+01
8.717817290559833054e+01 8.856165660141718377e+01 9.081292528955815158e+01 9.381194163825979615e+01 9.741524016256617813e+01 1.014699252412005848e+02 1.058207665237901693e+02 1.103109399419596457e+02 1.147801218710686584e+02 1.190645289178887083e+02 1.230023897417250680e+02 1.264461667298050997e+02 1.292803516016243748e+02 1.314411612025294289e+02 1.329322638708445083e+02 1.338295872863160128e+02 1.342695724121372791e+02 1.344197436351808221e+02 1.344372164416507758e+02 1.344267646428982630e+02 1.344117823988524947e+02 1.343273684210834347e+02 1.340367313104044626e+02 1.333643011309830513e+02 1.321347687492062448e+02 1.302074738910255007e+02 1.274986801401383332e+02 1.239888085135949467e+02 1.197171930608468102e+02 1.147728521926961065e+02 1.092936613614352837e+02 1.034837319371358149e+02 9.764668229693388923e+01 9.221415731973398522e+01 8.773613996296207063e+01 8.480662306503572268e+01 8.392932990979140584e+01
8.465550755792897064e+01 8.606381370363553174e+01 8.837233276563318896e+01 9.143807172755856527e+01 9.509200839295655783e+01 9.915722222178315803e+01 1.034580295351893255e+02 1.078212143780719146e+02 1.120745004571767964e+02 1.160480463443381609e+02 1.195825028396339036e+02 1.225437607521950980e+02 1.248414832435260138e+02 1.264465453947796618e+02 1.274016383213605081e+02 1.278196219033493861e+02 1.278662188733546117e+02 1.277277231041282306e+02 1.275698043792837950e+02 1.274979544135602367e+02 1.275309432744956410e+02 1.275948039547473627e+02 1.275380967138300292e+02 1.271629584686951944e+02 1.262632716435492171e+02 1.246613077587226286e+02 1.222359625003725938e+02 1.189383034578802096e+02 1.147940823021242807e+02 1.098984283863729559e+02 1.044129750726636416e+02 9.857537859813625403e+01 9.272160101421575007e+01 8.730461651804492362e+01 8.288011246035759427e+01 8.003438598780654445e+01 7.925726447238088213e+01
8.172410162800959199e+01 8.315394991262729718e+01 8.551514653673784494e+01 8.864432238705596490e+01 9.234856590688596611e+01 9.642718390881570656e+01 1.006829696167421702e+02 1.049246781715203269e+02 1.089670457208928127e+02 1.126347942569687888e+02 1.157736236345715923e+02 1.182668039265559941e+02 1.200529018497913825e+02 1.211391921394760516e+02 1.216059287788267369e+02 1.215981440778759151e+02 1.213038527231213806e+02 1.209207238674981824e+02 1.206171364803323769e+02 1.204965352934324869e+02 1.205741748136676961e+02 1.207719554581738066e+02 1.209316614879013088e+02 1.208423026706327619e+02 1.202752327782747415e+02 1.190208134317797999e+02 1.169210182302543188e+02 1.138930186069491839e+02 1.099407677816780478e+02 1.051561608857592631e+02 9.971696128299733175e+01 9.389050363444434311e+01 8.804544581751491705e+01 8.265941625029179818e+01 7.829775948875089853e+01 7.554128400166416668e+01 7.486505787315950045e+01
7.842599948273436894e+01 7.988220319261721158e+01 8.229858591300514092e+01 8.549388228451798000e+01 8.925263743396011762e+01 9.335004994950676860e+01 9.756577171321659137e+01 1.016888486559218450e+02 1.055207571512908657e+02 1.088828626675059610e+02 1.116301762717628066e+02 1.136684415476485555e+02 1.149690575696632635e+02 1.155766924829571423e+02 1.156064506746413372e+02 1.152296337480217829e+02 1.146489727811604951e+02 1.140661512873367514e+02 1.136467481939674400e+02 1.134895566308951942e+02 1.136070650837346392e+02 1.139211104417270093e+02 1.142736160935174468e+02 1.144492197351161877e+02 1.142057132024555131e+02 1.133086360475664947e+02 1.115662393295081216e+02 1.088599672386222892e+02 1.051654750646257384e+02 1.005621957439710741e+02 9.523493165396172344e+01 8.947438745605404620e+01 8.367970065052067241e+01 7.835446480831411975e+01 7.407641603171697398e+01 7.142248578355246025e+01 7.085182513078332533e+01
7.483549593395721899e+01 7.633244765662956866e+01 7.881488355899520570e+01 8.208481827833735167e+01 8.590452933728995788e+01 9.002416818019483458e+01 9.419879836155571695e+01 9.819720252401506855e+01 1.018092471426694345e+02 1.048571917933199416e+02 1.072112979654464908e+02 1.088054728992387652e+02 1.096472587138804897e+02 1.098182676646281948e+02 1.094641777998537719e+02 1.087756325236587855e+02 1.079623318172324389e+02 1.072231515459140496e+02 1.067161331143255296e+02 1.065332562054626635e+02 1.066847228310915057e+02 1.070953601490021185e+02 1.076127396932725588e+02 1.080247134416034811e+02 1.080842094496574077e+02 1.075400658799544971e+02 1.061722530474667678e+02 1.038274870081840930e+02 1.004491104617130190e+02 9.609615256286522822e+01 9.095105037133154724e+01 8.531985974980825915e+01 7.962754033282979549e+01 7.440258447955504550e+01 7.023613573878438388e+01 6.770203847899307448e+01 6.724237200897667321e+01
7.105486743657048976e+01 7.261439071531019351e+01 7.517940918575862952e+01 7.853441705349263202e+01 8.241845739601365040e+01 8.655559021511179196e+01 9.067603023438407206e+01 9.452999211074127572e+01 9.790006346590674013e+01 1.006159065088850753e+02 1.025700647408945088e+02 1.037299297637408699e+02 1.041409543129624780e+02 1.039192565387997718e+02 1.032351947574888129e+02 1.022911293795896341e+02 1.012962877048849464e+02 1.004408850025861994e+02 9.987175895812187321e+01 9.967254608116282100e+01 9.985149369986417867e+01 1.003384978894816157e+02 1.009907467718877143e+02 1.016053052307376134e+02 1.019379387162276771e+02 1.017290348604740871e+02 1.007371709046658310e+02 9.877778498868181600e+01 9.576059764666338481e+01 9.171834162051007411e+01 8.682239174302610252e+01 8.138533090758012634e+01 7.585135723315865164e+01 7.077050487017096714e+01 6.674648075587293761e+01 6.434994627387803234e+01 6.400498700471437985e+01
6.720369474917934838e+01 6.884955143784108600e+01 7.151323645727231337e+01 7.495907606491221031e+01 7.890115620273873276e+01 8.303713730950568106e+01 8.707424826289282294e+01 9.074871878660889024e+01 9.384289225074530805e+01 9.620194563027268941e+01 9.774773652604339702e+01 9.848498239929891440e+01 9.849653348286335586e+01 9.792840300830751232e+01 9.696841182423844430e+01 9.582283443985403437e+01 9.469377363181571639e+01 9.375820305228229756e+01 9.314929198935489296e+01 9.294150003624608303e+01 9.314140431581094504e+01 9.368522548013945084e+01 9.444230419917577990e+01 9.522323650036774723e+01 9.579291736133626500e+01 9.589094847575729830e+01 9.526200889377938097e+01 9.369548764288870757e+01 9.106863285363917271e+01 8.738431644043284052e+01 8.279554798512086222e+01 7.761263232468814977e+01 7.229118513617719088e+01 6.739755076543366386e+01 6.354548617370249985e+01 6.130161479274671166e+01 6.107153834256294545e+01
6.340118039567764896e+01 6.515187262217843056e+01 6.792238163978659315e+01 7.145325113306390108e+01 7.543207397225498312e+01 7.953138485884632303e+01 8.343989702219384696e+01 8.688720938164046004e+01 8.966438786251212889e+01 9.164061947398457164e+01 9.277283793417078073e+01 9.310454140442269022e+01 9.275287740696830951e+01 9.188723696090393389e+01 9.070495583564077435e+01 8.940885366591045624e+01 8.818845238231041606e+01 8.720431631477514145e+01 8.657464992177105501e+01 8.636454517260825980e+01 8.657919907311764973e+01 8.716177901976396925e+01 8.799512716352951713e+01 8.890615292590483421e+01 8.967364925763423855e+01 9.004306600806822303e+01 8.975258783763223391e+01 8.857182031757871243e+01 8.634862129843071443e+01 8.305463677118527244e+01 7.881889305725468375e+01 7.394120530423263915e+01 6.888019850903152985e+01 6.421198111761307814e+01 6.055658876473476226e+01 5.847528373895249132e+01 5.835533629875836681e+01
5.974524667113659149e+01 6.160742189750219922e+01 6.447874890652775548e+01 6.807269390880294679e+01 7.205002171513800135e+01 7.606150125766626502e+01 7.978423441714625142e+01 8.295045917626597998e+01 8.536953855033318916e+01 8.694214403875017183e+01 8.766371759200890779e+01 8.761517106408447830e+01 8.694247607800770083e+01 8.583062443616603332e+01 8.447853796891290301e+01 8.307921247800572928e+01 8.180558104855126089e+01 8.080002026434934237e+01 8.016548284317042317e+01 7.995801372212655167e+01 8.018173355081664511e+01 8.078692200864239226e+01 8.167037048238304919e+01 8.267681424164621262e+01 8.360228318419999027e+01 8.420349046224960432e+01 8.421896132119886147e+01 8.340517384501571030e+01 8.158500167511252243e+01 7.869933111765223543e+01 7.484925143959134175e+01 7.031677057909993778e+01 6.555502544649212382e+01 6.114257515814430377e+01 5.770118788850379588e+01 5.578532917746129982e+01 5.576492652873756128e+01
5.629481666907052073e+01 5.825931198275731049e+01 6.120836364072259528e+01 6.482661621731040213e+01 6.874958446702419224e+01 7.261169309652034087e+01 7.608699606350880629e+01 7.892024335884258335e+01 8.094781577916153026e+01 8.210714918546254637e+01 8.243273082445323041e+01 8.203882334903366313e+01 8.109302243683963241e+01 7.978772587949349315e+01 7.831624789267873155e+01 7.685679158073523354e+01 7.556320620297351809e+01 7.455913061726715796e+01 7.393275919230272564e+01 7.373175882392175140e+01 7.395947267877861009e+01 7.457314326311730213e+01 7.548331839293759060e+01 7.655309088597807943e+01 7.759783292500708285e+01 7.838970627617973719e+01 7.867357356604209428e+01 7.819935377243366759e+01 7.677012563040958071e+01 7.429789269810365226e+01 7.085335534812369929e+01 6.669442343081269087e+01 6.226051803918520022e+01 5.812502284748535430e+01 5.490653025734513903e+01 5.315142456802092141e+01 5.321417178134905868e+01
