BlockUplift_10Myr_500yrTimeStep_halfmmyr_k_1e-05_m_0.5_n_1.0_LinDiffusion_0.01_15x7km_30mRes0.txt
nrows 250
cellsize 30.0
xllcorner 0.0
ncols 500
yllcorner 0.0
[rows 51 to 67 of 250, columns 74 to 110 of 500]
5.016001221341348515e-02 5.005337716582630020e-02 5.023622107068605180e-02 5.091169859954419730e-02 5.007758846773106842e-02 5.035095073961511764e-02 5.033766973905246661e-02 5.081186919332529583e-02 5.056604040847918757e-02 5.048481864361507865e-02 5.077842277229865919e-02 5.077598709522666148e-02 5.079599460778067010e-02 5.006117521579425689e-02 5.059249853745932668e-02 5.013418119110257809e-02 5.007581964648593481e-02 5.003708038323319285e-02 5.066901397188195572e-02 5.063375239015169976e-02 5.029624131772196527e-02 5.010621923685575768e-02 5.047472704662436110e-02 5.015519581683191425e-02 5.002229472081728967e-02 5.044216190848985898e-02 5.075213212194744361e-02 5.088141623903014166e-02 5.017063062645045479e-02 5.016676474588079027e-02 5.041711125637830804e-02 5.012176804432057903e-02 5.011813162523412468e-02 5.004605200512464436e-02 5.007067702931802811e-02 5.019652767627066914e-02 5.068977726183971494e-02
5.091498537788596151e-02 5.041559054836902004e-02 5.060338737675177528e-02 5.003173602447053697e-02 5.031242700640183030e-02 5.015142705625314640e-02 5.093654227480711588e-02 5.048855358925629505e-02 5.019358207893166723e-02 5.024322468745804487e-02 5.056258814505887322e-02 5.012580965472503841e-02 5.066210478233678510e-02 5.014695636180369065e-02 5.081015079692732112e-02 5.095001012926315964e-02 5.088164649067262318e-02 5.054271571047960765e-02 5.086285328454664273e-02 5.032629584191290056e-02 5.007763412717942259e-02 5.013996331353252900e-02 5.011029780146115942e-02 5.035077186171790786e-02 5.001306413990907335e-02 5.044786978720092185e-02 5.062986085401362246e-02 5.006328175578374923e-02 5.045856374809346706e-02 5.033339218753925953e-02 5.095967483581097246e-02 5.080403265355040721e-02 5.077086831738349126e-02 5.047097003714022534e-02 5.058695183083888880e-02 5.012892083368093027e-02 5.072208322407790321e-02
5.005784254473515105e-02 5.003347376809571395e-02 5.072944602633602806e-02 5.094590782171681820e-02 5.004666882781209913e-02 5.033264023679144550e-02 5.027214403576700519e-02 5.021182261832918270e-02 5.009971409924532382e-02 5.068232435045369466e-02 5.049615488547050390e-02 5.019318855960839404e-02 5.085856371641899604e-02 5.054941667868863980e-02 5.014109024112707591e-02 5.091797126266419532e-02 5.068164483199516512e-02 5.095035914299773927e-02 5.033673647034871135e-02 5.024445749157384344e-02 5.051665329046990671e-02 5.089910030362512772e-02 5.071792290784803148e-02 5.034190659831588172e-02 5.031524165245248453e-02 5.069870498595163699e-02 5.015645511535019724e-02 5.047114448991581181e-02 5.098656116402282973e-02 5.060784676901528695e-02 5.089699769948707181e-02 5.017877033870003084e-02 5.027412763992362976e-02 5.026467099327069921e-02 5.034539003722624667e-02 5.029637874240934503e-02 5.018953151322435441e-02
5.057505960269544770e-02 5.088738105468092882e-02 5.081635216330584320e-02 5.075839462186224754e-02 5.042812280865628660e-02 5.040534790779898494e-02 5.094480430528654236e-02 5.078493109094303626e-02 5.052309295717533066e-02 5.056239592983099301e-02 5.080961591701143448e-02 5.083923379962269201e-02 5.011332017560900243e-02 5.053094829472856708e-02 5.008619340866026642e-02 5.016664317583046512e-02 5.007984725876887810e-02 5.087046387997971181e-02 5.081085858498569918e-02 5.049330158530517670e-02 5.058760275069667384e-02 5.073485865516563081e-02 5.065015997238794115e-02 5.086415813402214020e-02 5.015020168003902351e-02 5.077744899323166639e-02 5.051857579494602873e-02 5.019576332568936872e-02 5.039809308087340317e-02 5.049071946112135278e-02 5.094645445958606578e-02 5.076489818143300331e-02 5.084364326500773884e-02 5.021760450237255924e-02 5.063476942800629321e-02 5.010979526541510520e-02 5.037593047287369785e-02
5.064447451991575117e-02 5.039375897760868528e-02 5.077656534173840414e-02 5.069612476691064823e-02 5.060095924971092646e-02 5.035637522261549037e-02 5.086064466135643836e-02 5.029067457515996181e-02 5.021869767851050437e-02 5.027806676207168673e-02 5.053336019623949626e-02 5.048495712509744326e-02 5.001801591418158360e-02 5.004367670972393461e-02 5.006024838693794859e-02 5.054709569267984426e-02 5.003785629016292008e-02 5.020791665505069251e-02 5.062547006647724612e-02 5.095046704685336075e-02 5.084173248294474035e-02 5.085687167022007182e-02 5.049424904332842218e-02 5.056403877513605816e-02 5.032296445764904147e-02 5.074969364623823503e-02 5.030594683209334284e-02 5.083949213620386071e-02 5.054805410501121699e-02 5.086044357918482334e-02 5.011429119737970811e-02 5.074166792786821006e-02 5.023453282607287518e-02 5.023738639147681817e-02 5.024503923992085230e-02 5.028928519412816101e-02 5.073452297217705131e-02
5.022202019470279472e-02 5.045454206508072359e-02 5.023237791082712372e-02 5.018967420536728230e-02 5.070628907883972802e-02 5.024771203289328525e-02 5.019632740946295552e-02 5.043087496686916166e-02 5.075758866300806443e-02 5.081980835978106015e-02 5.034589988421992596e-02 5.085481053357801540e-02 5.075809258407468910e-02 5.089258885158783746e-02 5.076779417758712359e-02 5.067420209544957338e-02 5.088171336432440600e-02 5.054885860823440935e-02 5.011910220625599710e-02 5.056469629170688013e-02 5.005509746297025220e-02 5.083752999912131976e-02 5.010811311557326897e-02 5.075274268329791477e-02 5.067609874181110835e-02 5.087834636019591961e-02 5.078105764263894650e-02 5.042086558911654248e-02 5.064393322164981864e-02 5.016669664320504846e-02 5.087959525604352634e-02 5.050475128349836418e-02 5.065522056532573841e-02 5.085254337862420843e-02 5.003545492863348959e-02 5.082977457601665222e-02 5.023675285732455420e-02
5.071962866222994026e-02 5.072657662736059642e-02 5.070759060491124987e-02 5.089188003152250034e-02 5.095290309658417199e-02 5.049976405285557662e-02 5.037809580230233342e-02 5.044687389209059208e-02 5.050504636500521838e-02 5.078429616320388751e-02 5.038088923816615161e-02 5.015326795360446066e-02 5.040947102497887050e-02 5.027938110001878985e-02 5.062229393385556109e-02 5.072238835659843154e-02 5.066698940088773528e-02 5.088371635168541934e-02 5.059832700269125544e-02 5.095779808817334916e-02 5.035636432071503854e-02 5.007948551461426784e-02 5.091355025849094579e-02 5.023717182907930928e-02 5.027733535429065870e-02 5.064214784121504748e-02 5.024192831674427484e-02 5.006868561548438734e-02 5.084448975761731576e-02 5.008820368895876285e-02 5.085929033579682235e-02 5.098185496287152563e-02 5.057566021089466429e-02 5.016745780434599122e-02 5.037717755699112898e-02 5.030200125700225872e-02 5.082454951629771650e-02
5.016773141405622694e-02 5.049112758148781299e-02 5.048185289002044690e-02 5.076544073344462643e-02 5.042584376971762788e-02 5.082118124885381255e-02 5.082208599503566099e-02 5.066808251924155571e-02 5.038033824675495348e-02 5.048106673641665487e-02 5.076715143830064919e-02 5.007117705672513991e-02 5.017843068453776978e-02 5.036960799746989514e-02 5.032789459976988455e-02 5.026168335114357399e-02 5.057950632117686612e-02 5.077979619324564375e-02 5.043125284223180099e-02 5.010241249914933886e-02 5.067372036844415562e-02 5.065724465854634651e-02 5.076596037105108455e-02 5.084343151597255084e-02 5.020958265940711485e-02 5.067176934006274724e-02 5.093592311090175406e-02 5.081665249271841156e-02 5.035691037368977135e-02 5.047756555277407853e-02 5.008206998739855170e-02 5.041257632465853677e-02 5.006259023989471230e-02 5.003282046140187372e-02 5.069816827304448464e-02 5.098165323968082557e-02 5.029946499691237416e-02
5.018345140022624495e-02 5.050586829942509820e-02 5.060242297457084176e-02 5.004455175004263873e-02 5.072148460194295105e-02 5.076754801514268833e-02 5.009228055309258854e-02 5.087710163268032576e-02 5.067567925000746043e-02 5.085591646415407036e-02 5.098555375928963407e-02 5.087747507179910672e-02 5.075903261936045435e-02 5.089481932808250647e-02 5.043267710390050840e-02 5.073416781830256128e-02 5.058858951679472832e-02 5.050166212782537106e-02 5.095355550779713527e-02 5.059529456101902883e-02 5.008283303311397705e-02 5.013667989677784986e-02 5.037842703974847181e-02 5.034920321122583059e-02 5.042451624305017283e-02 5.072412487991534435e-02 5.090334377761985413e-02 5.058960168843611160e-02 5.013979866887321307e-02 5.092535373666973869e-02 5.053352060338536095e-02 5.013893792653024289e-02 5.032650773412223472e-02 5.065643591172280802e-02 5.098109319555862995e-02 5.099662279714615998e-02 5.037959831367500724e-02
5.074699946213515056e-02 5.019039842888053937e-02 5.040447153654754181e-02 5.083834859232035791e-02 5.088582432100279690e-02 5.045459470766876231e-02 5.081246277721772342e-02 5.091618793967153667e-02 5.002205581509334281e-02 5.041292143535239245e-02 5.046639052642352269e-02 5.095532994954458939e-02 5.054409594509706033e-02 5.037943099305025596e-02 5.021751825672385317e-02 5.043988265683642391e-02 5.033060950727530347e-02 5.017802874839071003e-02 5.087980243978371814e-02 5.098195533104443039e-02 5.021300335057691383e-02 5.001387469850060441e-02 5.091448656346484608e-02 5.076972174733186682e-02 5.029486099829178630e-02 5.000928405854614123e-02 5.076452858181167843e-02 5.008721504240103845e-02 5.075857752588635446e-02 5.016692153860252690e-02 5.073154753522743365e-02 5.077880486143423328e-02 5.010315243723517664e-02 5.014362253934116082e-02 5.089970068161413924e-02 5.087636291613222700e-02 5.097791619059698770e-02
5.094416167162536119e-02 5.081255017102804389e-02 5.082325129833137334e-02 5.052794520495024200e-02 5.087623877678948414e-02 5.042121088144888713e-02 5.036433673773346026e-02 5.022302587007275443e-02 5.038084110801263615e-02 5.027577052243292766e-02 5.028917917026413942e-02 5.026034714164618472e-02 5.031384336056945322e-02 5.048172559519753522e-02 5.094017180598296030e-02 5.033932082933755686e-02 5.051892119210883020e-02 5.046841609339323270e-02 5.050344939453604159e-02 5.006221083512930881e-02 5.048955308148468657e-02 5.007965188032634241e-02 5.088416530177836822e-02 5.014563653003959592e-02 5.044870134008728330e-02 5.059620369775042620e-02 5.019414921385123574e-02 5.003056233266637426e-02 5.023244002557202686e-02 5.073250400019411327e-02 5.092133253608705640e-02 5.061907745850997148e-02 5.086165426116229932e-02 5.025839047541177940e-02 5.067782564381739102e-02 5.093464565269499589e-02 5.024419071097233763e-02
5.030421821409755689e-02 5.024755643488500872e-02 5.065031668907161305e-02 5.090187119395290366e-02 5.003267118630522897e-02 5.083621698379137133e-02 5.084649234662573514e-02 5.004783060408601880e-02 5.021525409882217350e-02 5.053317032047774382e-02 5.090451645216629434e-02 5.043349848534315477e-02 5.084820557979432415e-02 5.058183788400450603e-02 5.098776092730359505e-02 5.002187943983549961e-02 5.073425899435041880e-02 5.028031958306473925e-02 5.006465518299197531e-02 5.079845620875086953e-02 5.030888638239083138e-02 5.061395891306962047e-02 5.072958483912794192e-02 5.017785401980247306e-02 5.061537507178729550e-02 5.054541676454062799e-02 5.031932785544798725e-02 5.033752137280075173e-02 5.036402115219810322e-02 5.096614893542623925e-02 5.031190603026575170e-02 5.043743656686053983e-02 5.029498293713086793e-02 5.024837178033621926e-02 5.028357185874102186e-02 5.081250894156346537e-02 5.022613250118784095e-02
5.026096699030188630e-02 5.045147181227353783e-02 5.066092002027355878e-02 5.033023814716511973e-02 5.031115682565361763e-02 5.000821662326858374e-02 5.072416566124772486e-02 5.018411470623349718e-02 5.081020185390457827e-02 5.002047829307795790e-02 5.073961861548707125e-02 5.068335374115413156e-02 5.050803665710888735e-02 5.077086508257060149e-02 5.049827643382685111e-02 5.017269235477880146e-02 5.061630967420965854e-02 5.027950847018772262e-02 5.009634465347332505e-02 5.057525472885258250e-02 5.034675807559350208e-02 5.062240935557696386e-02 5.074377187039438158e-02 5.094509389578062014e-02 5.066374920166258344e-02 5.096049066209835249e-02 5.026523896144325515e-02 5.047703876288910096e-02 5.064577598489559268e-02 5.026799290440166212e-02 5.084170837632585871e-02 5.003213508265379195e-02 5.036317911710602030e-02 5.002578154608581379e-02 5.074017197574076654e-02 5.007063166285377620e-02 5.036980671201365944e-02
5.084061633268358721e-02 5.029031071899097566e-02 5.084232849397770510e-02 5.048336855667878709e-02 5.099252830985828017e-02 5.027761420142411175e-02 5.054557124990168016e-02 5.038857014146692903e-02 5.007281232330534210e-02 5.046030309086162180e-02 5.015702902083604003e-02 5.046264315977308512e-02 5.066168254063073417e-02 5.042329683933472612e-02 5.076734563841929504e-02 5.030469851836415207e-02 5.067819303972481010e-02 5.005066246488653475e-02 5.098656115710404474e-02 5.080724406161584578e-02 5.084087163259756043e-02 5.016517909417621268e-02 5.050849730518534170e-02 5.034485486783963487e-02 5.039691521149555764e-02 5.005849043632490392e-02 5.016337290074854294e-02 5.019358079394276029e-02 5.057304166037353277e-02 5.091120482957443155e-02 5.068680617616660999e-02 5.026830160803639341e-02 5.035342312520091346e-02 5.031020761696745891e-02 5.074530723428921641e-02 5.053916927277406212e-02 5.052501580394533343e-02
5.073826982361639981e-02 5.051877563697097784e-02 5.087895575916330515e-02 5.086455225841921696e-02 5.033349592353764806e-02 5.094371620740406614e-02 5.067699957776774372e-02 5.050646734067217036e-02 5.095885092259559018e-02 5.081174718382135830e-02 5.013810439684053544e-02 5.088144469740157189e-02 5.061405330782530604e-02 5.086573312294692673e-02 5.052035088638429788e-02 5.035770971552363390e-02 5.017867559755495588e-02 5.013323042451325179e-02 5.011546642068739899e-02 5.022631080520026381e-02 5.044515569564800295e-02 5.034208817971478483e-02 5.028464273035318510e-02 5.047566712646534698e-02 5.040550220133009629e-02 5.010614915185612056e-02 5.036733723544044999e-02 5.056134375390002045e-02 5.077662602302909084e-02 5.013039255489237095e-02 5.003478975028589210e-02 5.036056003151436616e-02 5.087320627495001829e-02 5.056372573843909146e-02 5.062686094100006529e-02 5.057591791395436853e-02 5.021825989911069682e-02
5.058249360005231954e-02 5.065347955385401252e-02 5.075424200316571571e-02 5.075421363888667214e-02 5.020175803821099597e-02 5.038971696388175325e-02 5.063732123567352833e-02 5.054504227209154210e-02 5.091832562975860677e-02 5.096751949744905003e-02 5.011504238966584673e-02 5.014416675681226954e-02 5.018191844703699667e-02 5.004046291933000878e-02 5.070232537286206015e-02 5.041810970375954631e-02 5.064386803202243492e-02 5.056940463971819344e-02 5.049839352650663249e-02 5.050934729502864345e-02 5.093714281728260740e-02 5.036688782925955593e-02 5.024520407652084686e-02 5.048644645216769644e-02 5.039282065054942472e-02 5.072664475853273791e-02 5.062408194700778602e-02 5.044664399339068850e-02 5.013618971246074779e-02 5.075550485416557844e-02 5.023496198724142214e-02 5.096466281112244784e-02 5.066848115853328505e-02 5.054870362961452063e-02 5.038922827451717407e-02 5.095780463347871631e-02 5.065191944090088882e-02
5.096444125507092193e-02 5.041940287973963736e-02 5.045236583191270441e-02 5.017187457681785562e-02 5.012547123068353261e-02 5.098573282695597481e-02 5.036483890558381832e-02 5.054882817095329023e-02 5.019891642828788053e-02 5.088860960032237646e-02 5.087753321903067810e-02 5.094883925746603731e-02 5.041789836758526350e-02 5.024487737879816673e-02 5.081973866837576764e-02 5.041655140505031663e-02 5.043522067302114165e-02 5.016373634160758987e-02 5.025776635798998027e-02 5.027533838156092449e-02 5.026620425017794269e-02 5.039313685641316071e-02 5.032468955049911041e-02 5.076649435294745133e-02 5.025257566612330307e-02 5.047874637367683048e-02 5.057998955951202580e-02 5.041187344298154321e-02 5.023260906483095062e-02 5.016704583040110937e-02 5.078185717054552184e-02 5.039268646694184534e-02 5.037161834668374416e-02 5.028819397930645030e-02 5.035204947707520862e-02 5.019690092312477370e-02 5.066240399023166918e-02
