BlockUplift_2Ma_1kryTimeStep_2mmyr_k_1e-05_m_0.5_n_1.0_LinDiffusion_0.75_6x3km_30mRes_topographic__elevation.txt
nrows 100
cellsize 30.0
xllcorner 0.0
ncols 200
yllcorner 0.0
[rows 34 to 50 of 100, columns 74 to 110 of 200]
1.797661431320192378e+03 1.797661431650014265e+03 1.797661432001545336e+03 1.797661432375668028e+03 1.797661432773190427e+03 1.797661433194841266e+03 1.797661433641267877e+03 1.797661434113031419e+03 1.797661434610604374e+03 1.797661435134369412e+03 1.797661435684615981e+03 1.797661436261540985e+03 1.797661436865246515e+03 1.797661437495739847e+03 1.797661438152933215e+03 1.797661438836645857e+03 1.797661439546602196e+03 1.797661440282436160e+03 1.797661441043690502e+03 1.797661441829819296e+03 1.797661442640191126e+03 1.797661443474091584e+03 1.797661444330725999e+03 1.797661445209222165e+03 1.797661446108635801e+03 1.797661447027953955e+03 1.797661447966098649e+03 1.797661448921932333e+03 1.797661449894263797e+03 1.797661450881852261e+03 1.797661451883413292e+03 1.797661452897625395e+03 1.797661453923135696e+03 1.797661454958566310e+03 1.797661456002520936e+03 1.797661457053590993e+03 1.797661458110363128e+03
1.763048689857568661e+03 1.763048690178290144e+03 1.763048690521195567e+03 1.763048690887207840e+03 1.763048691277171883e+03 1.763048691691849626e+03 1.763048692131916596e+03 1.763048692597959644e+03 1.763048693090472170e+03 1.763048693609853672e+03 1.763048694156406782e+03 1.763048694730336820e+03 1.763048695331751105e+03 1.763048695960657597e+03 1.763048696616966026e+03 1.763048697300488584e+03 1.763048698010939461e+03 1.763048698747938715e+03 1.763048699511011137e+03 1.763048700299590564e+03 1.763048701113020797e+03 1.763048701950559916e+03 1.763048702811382555e+03 1.763048703694583537e+03 1.763048704599181292e+03 1.763048705524123989e+03 1.763048706468292039e+03 1.763048707430504237e+03 1.763048708409522533e+03 1.763048709404058627e+03 1.763048710412778291e+03 1.763048711434309325e+03 1.763048712467246787e+03 1.763048713510160724e+03 1.763048714561601400e+03 1.763048715620108624e+03 1.763048716684216288e+03
1.728494933391697714e+03 1.728494933702994103e+03 1.728494934036978520e+03 1.728494934394615484e+03 1.728494934776788114e+03 1.728494935184292899e+03 1.728494935617835381e+03 1.728494936078027422e+03 1.728494936565384705e+03 1.728494937080324007e+03 1.728494937623161377e+03 1.728494938194110773e+03 1.728494938793283836e+03 1.728494939420689889e+03 1.728494940076235025e+03 1.728494940759724159e+03 1.728494941470861249e+03 1.728494942209250439e+03 1.728494942974399009e+03 1.728494943765718517e+03 1.728494944582528206e+03 1.728494945424056823e+03 1.728494946289447171e+03 1.728494947177759059e+03 1.728494948087973626e+03 1.728494949018997204e+03 1.728494949969667459e+03 1.728494950938756801e+03 1.728494951924979432e+03 1.728494952926996348e+03 1.728494953943421478e+03 1.728494954972829419e+03 1.728494956013760657e+03 1.728494957064729533e+03 1.728494958124231971e+03 1.728494959190751160e+03 1.728494960262767108e+03
1.694027946316976113e+03 1.694027946618512033e+03 1.694027946943270081e+03 1.694027947292258432e+03 1.694027947666399768e+03 1.694027948066526051e+03 1.694027948493373970e+03 1.694027948947581990e+03 1.694027949429687851e+03 1.694027949940125836e+03 1.694027950479225410e+03 1.694027951047209399e+03 1.694027951644194445e+03 1.694027952270189417e+03 1.694027952925097452e+03 1.694027953608715279e+03 1.694027954320735489e+03 1.694027955060746990e+03 1.694027955828237282e+03 1.694027956622595639e+03 1.694027957443114474e+03 1.694027958288993204e+03 1.694027959159341663e+03 1.694027960053182824e+03 1.694027960969458718e+03 1.694027961907033159e+03 1.694027962864698338e+03 1.694027963841178916e+03 1.694027964835138391e+03 1.694027965845185463e+03 1.694027966869879947e+03 1.694027967907739821e+03 1.694027968957248959e+03 1.694027970016863492e+03 1.694027971085020226e+03 1.694027972160144600e+03 1.694027973240658639e+03
1.659673049390453343e+03 1.659673049681881821e+03 1.659673049997097905e+03 1.659673050337155473e+03 1.659673050703018362e+03 1.659673051095554683e+03 1.659673051515533871e+03 1.659673051963620992e+03 1.659673052440377205e+03 1.659673052946253847e+03 1.659673053481594252e+03 1.659673054046629886e+03 1.659673054641481713e+03 1.659673055266158826e+03 1.659673055920559818e+03 1.659673056604473459e+03 1.659673057317579833e+03 1.659673058059451932e+03 1.659673058829557021e+03 1.659673059627260500e+03 1.659673060451827723e+03 1.659673061302427413e+03 1.659673062178134387e+03 1.659673063077934785e+03 1.659673064000729028e+03 1.659673064945337046e+03 1.659673065910503738e+03 1.659673066894903968e+03 1.659673067897148712e+03 1.659673068915791646e+03 1.659673069949335968e+03 1.659673070996240540e+03 1.659673072054928980e+03 1.659673073123796939e+03 1.659673074201219606e+03 1.659673075285560572e+03 1.659673076375180244e+03
1.625453221457440122e+03 1.625453221738402362e+03 1.625453222043750429e+03 1.625453222374585948e+03 1.625453222731915275e+03 1.625453223116644494e+03 1.625453223529575325e+03 1.625453223971401940e+03 1.625453224442707324e+03 1.625453224943961914e+03 1.625453225475522004e+03 1.625453226037627473e+03 1.625453226630403606e+03 1.625453227253858813e+03 1.625453227907887367e+03 1.625453228592268715e+03 1.625453229306669982e+03 1.625453230050646880e+03 1.625453230823646663e+03 1.625453231625009948e+03 1.625453232453973442e+03 1.625453233309673806e+03 1.625453234191150614e+03 1.625453235097350671e+03 1.625453236027132107e+03 1.625453236979269150e+03 1.625453237952457584e+03 1.625453238945320436e+03 1.625453239956414109e+03 1.625453240984234753e+03 1.625453242027225770e+03 1.625453243083785082e+03 1.625453244152272873e+03 1.625453245231020674e+03 1.625453246318338643e+03 1.625453247412525570e+03 1.625453248511877064e+03
1.591389221412781581e+03 1.591389221682905600e+03 1.591389221978048909e+03 1.591389222299361336e+03 1.591389222647894030e+03 1.591389223024591956e+03 1.591389223430290713e+03 1.591389223865712893e+03 1.591389224331465130e+03 1.591389224828036049e+03 1.591389225355794679e+03 1.591389225914989765e+03 1.591389226505749548e+03 1.591389227128082211e+03 1.591389227781876343e+03 1.591389228466901841e+03 1.591389229182811960e+03 1.591389229929144904e+03 1.591389230705326099e+03 1.591389231510670697e+03 1.591389232344386073e+03 1.591389233205575920e+03 1.591389234093243203e+03 1.591389235006294030e+03 1.591389235943543099e+03 1.591389236903716892e+03 1.591389237885460943e+03 1.591389238887343936e+03 1.591389239907864976e+03 1.591389240945461324e+03 1.591389241998513398e+03 1.591389243065355004e+03 1.591389244144280156e+03 1.591389245233552629e+03 1.591389246331414370e+03 1.591389247436095729e+03 1.591389248545823648e+03
1.557499709586515110e+03 1.557499709845416419e+03 1.557499710130005724e+03 1.557499710441484694e+03 1.557499710780949499e+03 1.557499711149385575e+03 1.557499711547663310e+03 1.557499711976534400e+03 1.557499712436628670e+03 1.557499712928453164e+03 1.557499713452389869e+03 1.557499714008695264e+03 1.557499714597501224e+03 1.557499715218813662e+03 1.557499715872515253e+03 1.557499716558365890e+03 1.557499717276004276e+03 1.557499718024949743e+03 1.557499718804605209e+03 1.557499719614259902e+03 1.557499720453090731e+03 1.557499721320167282e+03 1.557499722214455005e+03 1.557499723134818169e+03 1.557499724080026226e+03 1.557499725048757000e+03 1.557499726039603274e+03 1.557499727051077571e+03 1.557499728081620560e+03 1.557499729129606067e+03 1.557499730193350615e+03 1.557499731271119799e+03 1.557499732361138740e+03 1.557499733461599817e+03 1.557499734570672899e+03 1.557499735686516260e+03 1.557499736807284762e+03
1.523801367842081163e+03 1.523801368089360722e+03 1.523801368363035408e+03 1.523801368664359870e+03 1.523801368994477343e+03 1.523801369354414874e+03 1.523801369745077864e+03 1.523801370167247342e+03 1.523801370621577234e+03 1.523801371108592321e+03 1.523801371628687093e+03 1.523801372182125533e+03 1.523801372769041791e+03 1.523801373389439732e+03 1.523801374043194755e+03 1.523801374730056068e+03 1.523801375449646457e+03 1.523801376201466383e+03 1.523801376984895569e+03 1.523801377799195734e+03 1.523801378643512635e+03 1.523801379516881298e+03 1.523801380418228064e+03 1.523801381346374910e+03 1.523801382300044224e+03 1.523801383277863579e+03 1.523801384278371415e+03 1.523801385300022730e+03 1.523801386341196348e+03 1.523801387400201520e+03 1.523801388475286785e+03 1.523801389564647025e+03 1.523801390666434827e+03 1.523801391778767993e+03 1.523801392899740677e+03 1.523801394027434071e+03 1.523801395159926869e+03
1.490309017768027616e+03 1.490309018003272513e+03 1.490309018265659461e+03 1.490309018556497904e+03 1.490309018876980417e+03 1.490309019228175657e+03 1.490309019611025406e+03 1.490309020026340477e+03 1.490309020474797990e+03 1.490309020956940230e+03 1.490309021473174198e+03 1.490309022023770240e+03 1.490309022608863870e+03 1.490309023228455999e+03 1.490309023882414522e+03 1.490309024570475913e+03 1.490309025292247497e+03 1.490309026047209272e+03 1.490309026834716860e+03 1.490309027654003785e+03 1.490309028504184653e+03 1.490309029384258110e+03 1.490309030293110936e+03 1.490309031229521679e+03 1.490309032192164523e+03 1.490309033179615653e+03 1.490309034190357352e+03 1.490309035222785042e+03 1.490309036275213202e+03 1.490309037345884462e+03 1.490309038432976195e+03 1.490309039534609838e+03 1.490309040648861355e+03 1.490309041773770332e+03 1.490309042907350886e+03 1.490309044047603265e+03 1.490309045192525446e+03
1.457035736430390443e+03 1.457035736653172080e+03 1.457035736903885436e+03 1.457035737183896572e+03 1.457035737494447631e+03 1.457035737836651151e+03 1.457035738211484841e+03 1.457035738619789527e+03 1.457035739062265520e+03 1.457035739539472388e+03 1.457035740051827588e+03 1.457035740599608062e+03 1.457035741182949550e+03 1.457035741801848417e+03 1.457035742456163689e+03 1.457035743145619563e+03 1.457035743869805628e+03 1.457035744628181419e+03 1.457035745420077319e+03 1.457035746244698430e+03 1.457035747101126844e+03 1.457035747988324829e+03 1.457035748905138462e+03 1.457035749850301727e+03 1.457035750822440605e+03 1.457035751820077394e+03 1.457035752841637304e+03 1.457035753885453914e+03 1.457035754949775992e+03 1.457035756032776135e+03 1.457035757132557819e+03 1.457035758247166086e+03 1.457035759374596182e+03 1.457035760512805382e+03 1.457035761659723903e+03 1.457035762813266501e+03 1.457035763971345204e+03
1.423992969232732321e+03 1.423992969442607546e+03 1.423992969681248269e+03 1.423992969950079214e+03 1.423992970250394592e+03 1.423992970583350598e+03 1.423992970949961773e+03 1.423992971351098277e+03 1.423992971787483157e+03 1.423992972259692351e+03 1.423992972768153777e+03 1.423992973313148013e+03 1.423992973894810575e+03 1.423992974513132594e+03 1.423992975167962868e+03 1.423992975859011494e+03 1.423992976585850101e+03 1.423992977347916622e+03 1.423992978144515746e+03 1.423992978974823473e+03 1.423992979837888697e+03 1.423992980732636852e+03 1.423992981657873315e+03 1.423992982612286369e+03 1.423992983594451971e+03 1.423992984602839215e+03 1.423992985635813511e+03 1.423992986691645228e+03 1.423992987768515377e+03 1.423992988864523568e+03 1.423992989977696880e+03 1.423992991105999863e+03 1.423992992247344091e+03 1.423992993399600437e+03 1.423992994560609532e+03 1.423992995728196775e+03 1.423992996900182789e+03
1.391190639504392038e+03 1.391190639700901102e+03 1.391190639927056736e+03 1.391190640184344829e+03 1.391190640474112115e+03 1.391190640797559126e+03 1.391190641155737694e+03 1.391190641549547081e+03 1.391190641979732163e+03 1.391190642446883430e+03 1.391190642951437894e+03 1.391190643493679090e+03 1.391190644073740714e+03 1.391190644691606167e+03 1.391190645347113787e+03 1.391190646039957983e+03 1.391190646769691512e+03 1.391190647535729568e+03 1.391190648337351149e+03 1.391190649173702241e+03 1.391190650043798769e+03 1.391190650946528422e+03 1.391190651880655423e+03 1.391190652844822353e+03 1.391190653837554692e+03 1.391190654857266054e+03 1.391190655902262506e+03 1.391190656970748705e+03 1.391190658060835631e+03 1.391190659170547860e+03 1.391190660297833119e+03 1.391190661440571375e+03 1.391190662596586890e+03 1.391190663763659359e+03 1.391190664939536191e+03 1.391190666121946606e+03 1.391190667308615502e+03
1.358637254504983503e+03 1.358637254687650056e+03 1.358637254900894732e+03 1.358637255146266398e+03 1.358637255425165222e+03 1.358637255738837666e+03 1.358637256088371259e+03 1.358637256474693686e+03 1.358637256898570968e+03 1.358637257360606782e+03 1.358637257861245416e+03 1.358637258400771543e+03 1.358637258979314311e+03 1.358637259596848935e+03 1.358637260253200793e+03 1.358637260948047924e+03 1.358637261680922848e+03 1.358637262451217339e+03 1.358637263258184248e+03 1.358637264100939319e+03 1.358637264978465055e+03 1.358637265889612081e+03 1.358637266833102558e+03 1.358637267807533817e+03 1.358637268811380181e+03 1.358637269842999331e+03 1.358637270900636167e+03 1.358637271982428956e+03 1.358637273086416371e+03 1.358637274210545456e+03 1.358637275352681172e+03 1.358637276510616175e+03 1.358637277682082413e+03 1.358637278864764312e+03 1.358637280056310374e+03 1.358637281254349546e+03 1.358637282456503954e+03
1.326340007594840927e+03 1.326340007763171343e+03 1.326340007963065545e+03 1.326340008196136750e+03 1.326340008463840149e+03 1.326340008767467225e+03 1.326340009108142340e+03 1.326340009486819326e+03 1.326340009904283761e+03 1.326340010361151144e+03 1.326340010857869629e+03 1.326340011394723660e+03 1.326340011971835565e+03 1.326340012589170556e+03 1.326340013246538774e+03 1.326340013943600297e+03 1.326340014679866954e+03 1.326340015454706418e+03 1.326340016267344481e+03 1.326340017116867102e+03 1.326340018002223360e+03 1.326340018922226591e+03 1.326340019875558255e+03 1.326340020860768846e+03 1.326340021876283117e+03 1.326340022920401907e+03 1.326340023991308044e+03 1.326340025087071808e+03 1.326340026205657978e+03 1.326340027344933333e+03 1.326340028502677569e+03 1.326340029676591939e+03 1.326340030864312212e+03 1.326340032063421631e+03 1.326340033271465927e+03 1.326340034485966498e+03 1.326340035704437469e+03
1.294304876377143501e+03 1.294304876530627098e+03 1.294304876716717217e+03 1.294304876937094150e+03 1.294304877193268794e+03 1.294304877486577197e+03 1.294304877818179421e+03 1.294304878189055216e+03 1.294304878600005850e+03 1.294304879051656826e+03 1.294304879544457890e+03 1.294304880078689621e+03 1.294304880654465705e+03 1.294304881271738168e+03 1.294304881930300326e+03 1.294304882629792701e+03 1.294304883369705294e+03 1.294304884149380996e+03 1.294304884968018541e+03 1.294304885824673875e+03 1.294304886718263333e+03 1.294304887647564101e+03 1.294304888611216484e+03 1.294304889607726636e+03 1.294304890635467700e+03 1.294304891692685260e+03 1.294304892777498708e+03 1.294304893887909657e+03 1.294304895021807397e+03 1.294304896176976172e+03 1.294304897351106547e+03 1.294304898541804732e+03 1.294304899746606225e+03 1.294304900962988768e+03 1.294304902188387814e+03 1.294304903420212440e+03 1.294304904655861492e+03
1.262536716668130566e+03 1.262536716806237791e+03 1.262536716978057029e+03 1.262536717185336329e+03 1.262536717429642749e+03 1.262536717712357813e+03 1.262536718034674550e+03 1.262536718397596587e+03 1.262536718801939287e+03 1.262536719248333611e+03 1.262536719737228395e+03 1.262536720268896261e+03 1.262536720843439525e+03 1.262536721460793387e+03 1.262536722120733202e+03 1.262536722822877891e+03 1.262536723566694036e+03 1.262536724351499515e+03 1.262536725176465779e+03 1.262536726040619897e+03 1.262536726942845689e+03 1.262536727881885326e+03 1.262536728856340005e+03 1.262536729864671315e+03 1.262536730905202830e+03 1.262536731976123747e+03 1.262536733075491611e+03 1.262536734201237550e+03 1.262536735351173547e+03 1.262536736522999490e+03 1.262536737714313631e+03 1.262536738922623726e+03 1.262536740145359772e+03 1.262536741379888099e+03 1.262536742623529108e+03 1.262536743873572050e+03 1.262536745127294125e+03
