BlockUplift_2Ma_1kryTimeStep_2mmyr_k_5e-06_m_0.5_n_1.0_LinDiffusion_0.5_6x3km_30mRes_topographic__elevation.txt
nrows 100
cellsize 30.0
xllcorner 0.0
ncols 200
yllcorner 0.0
[rows 0 to 16 of 100, columns 148 to 184 of 200]
3.627888934949319283e-05 6.542689900894665261e-04 8.954434627027670502e-04 9.447877553931938437e-04 4.748242007994680830e-04 5.044573504115590069e-05 3.752730779209645178e-04 1.334065769932088030e-04 3.982664724424228413e-04 7.466745205977074265e-04 3.371123410163051810e-04 1.364646484784148872e-04 3.404501923554410455e-04 6.283436181508521854e-04 2.420008566554678899e-04 9.865930778674306210e-04 1.463283801586867693e-04 2.400690905064961590e-05 1.952935338230579168e-04 6.764632616783927991e-04 8.736489121946781726e-04 6.007531123553478845e-04 4.203073829736435471e-04 7.571854554623183142e-04 1.254386407009645463e-04 2.619140831597175289e-04 2.803762380766350329e-05 4.122695332525393402e-04 8.060614202662531739e-04 8.300144101547268175e-04 1.785018765267453280e-04 1.480225897928052385e-04 3.909120559807911701e-04 7.582666204205603657e-04 9.365653511057477629e-04 9.940184436556683510e-04 3.562376309502321902e-04
4.936433263620487196e+03 4.936433264170771508e+03 4.936433264707309718e+03 4.936433265230006327e+03 4.936433265738784030e+03 4.936433266233582799e+03 4.936433266714360798e+03 4.936433267181095289e+03 4.936433267633778087e+03 4.936433268072423743e+03 4.936433268497060453e+03 4.936433268907734600e+03 4.936433269304511668e+03 4.936433269687472603e+03 4.936433270056711990e+03 4.936433270412343518e+03 4.936433270754494515e+03 4.936433271083306863e+03 4.936433271398938814e+03 4.936433271701559534e+03 4.936433271991350011e+03 4.936433272268507608e+03 4.936433272533232412e+03 4.936433272785741792e+03 4.936433273026258576e+03 4.936433273255011954e+03 4.936433273472242035e+03 4.936433273678188925e+03 4.936433273873100916e+03 4.936433274057227209e+03 4.936433274230820643e+03 4.936433274394132241e+03 4.936433274547412111e+03 4.936433274690910366e+03 4.936433274824871660e+03 4.936433274949536099e+03 4.936433275065135604e+03
4.932978683491815900e+03 4.932978684041832821e+03 4.932978684578090906e+03 4.932978685100494658e+03 4.932978685608965861e+03 4.932978686103446307e+03 4.932978686583894159e+03 4.932978687050284861e+03 4.932978687502613866e+03 4.932978687940893906e+03 4.932978688365153175e+03 4.932978688775440787e+03 4.932978689171819497e+03 4.932978689554372068e+03 4.932978689923195816e+03 4.932978690278403519e+03 4.932978690620122507e+03 4.932978690948496478e+03 4.932978691263682776e+03 4.932978691565854206e+03 4.932978691855191755e+03 4.932978692131891876e+03 4.932978692396158294e+03 4.932978692648208380e+03 4.932978692888264050e+03 4.932978693116560862e+03 4.932978693333335286e+03 4.932978693538831067e+03 4.932978693733296495e+03 4.932978693916983502e+03 4.932978694090145837e+03 4.932978694253035428e+03 4.932978694405904207e+03 4.932978694549002284e+03 4.932978694682577043e+03 4.932978694806869498e+03 4.932978694922114300e+03
4.926095591223574957e+03 4.926095591773060733e+03 4.926095592308761297e+03 4.926095592830581154e+03 4.926095593338443905e+03 4.926095593832289524e+03 4.926095594312077992e+03 4.926095594777786573e+03 4.926095595229409810e+03 4.926095595666959525e+03 4.926095596090468462e+03 4.926095596499983003e+03 4.926095596895570452e+03 4.926095597277311754e+03 4.926095597645305133e+03 4.926095597999667007e+03 4.926095598340524703e+03 4.926095598668024650e+03 4.926095598982326010e+03 4.926095599283599768e+03 4.926095599572034189e+03 4.926095599847822086e+03 4.926095600111174463e+03 4.926095600362306868e+03 4.926095600601447586e+03 4.926095600828830356e+03 4.926095601044696195e+03 4.926095601249291576e+03 4.926095601442867519e+03 4.926095601625678682e+03 4.926095601797979725e+03 4.926095601960026215e+03 4.926095602112074630e+03 4.926095602254375990e+03 4.926095602387179497e+03 4.926095602510731624e+03 4.926095602625267020e+03
4.915833866870462771e+03 4.915833867419155467e+03 4.915833867954024754e+03 4.915833868474976043e+03 4.915833868981932028e+03 4.915833869474833591e+03 4.915833869953639805e+03 4.915833870418330662e+03 4.915833870868900703e+03 4.915833871305364482e+03 4.915833871727752921e+03 4.915833872136116952e+03 4.915833872530522967e+03 4.915833872911053732e+03 4.915833873277810198e+03 4.915833873630910603e+03 4.915833873970484092e+03 4.915833874296680733e+03 4.915833874609658778e+03 4.915833874909594670e+03 4.915833875196677582e+03 4.915833875471107604e+03 4.915833875733093009e+03 4.915833875982857535e+03 4.915833876220630373e+03 4.915833876446648901e+03 4.915833876661158683e+03 4.915833876864409831e+03 4.915833877056657002e+03 4.915833877238157584e+03 4.915833877409173510e+03 4.915833877569961260e+03 4.915833877720782766e+03 4.915833877861893598e+03 4.915833877993546594e+03 4.915833878115990046e+03 4.915833878229464972e+03
4.902263345305129405e+03 4.902263345852776183e+03 4.902263346386548619e+03 4.902263346906352126e+03 4.902263347412109397e+03 4.902263347903763133e+03 4.902263348381273318e+03 4.902263348844619031e+03 4.902263349293797546e+03 4.902263349728823414e+03 4.902263350149732105e+03 4.902263350556573641e+03 4.902263350949416235e+03 4.902263351328346289e+03 4.902263351693467484e+03 4.902263352044897147e+03 4.902263352382770790e+03 4.902263352707239392e+03 4.902263353018466660e+03 4.902263353316632674e+03 4.902263353601927520e+03 4.902263353874554923e+03 4.902263354134732253e+03 4.902263354382683247e+03 4.902263354618642552e+03 4.902263354842853005e+03 4.902263355055564716e+03 4.902263355257033254e+03 4.902263355447518734e+03 4.902263355627283090e+03 4.902263355796592805e+03 4.902263355955713450e+03 4.902263356104906961e+03 4.902263356244437091e+03 4.902263356374563045e+03 4.902263356495536755e+03 4.902263356607605601e+03
4.885469352484601586e+03 4.885469353030958700e+03 4.885469353563376899e+03 4.885469354081762503e+03 4.885469354586039117e+03 4.885469355076150350e+03 4.885469355552057095e+03 4.885469356013740253e+03 4.885469356461198913e+03 4.885469356894447628e+03 4.885469357313523687e+03 4.885469357718480751e+03 4.885469358109388850e+03 4.885469358486336205e+03 4.885469358849429227e+03 4.885469359198791608e+03 4.885469359534558862e+03 4.885469359856887422e+03 4.885469360165945545e+03 4.885469360461913311e+03 4.885469360744990809e+03 4.885469361015386312e+03 4.885469361273319009e+03 4.885469361519019003e+03 4.885469361752728219e+03 4.885469361974694948e+03 4.885469362185175669e+03 4.885469362384431406e+03 4.885469362572727732e+03 4.885469362750336586e+03 4.885469362917528088e+03 4.885469363074574176e+03 4.885469363221745880e+03 4.885469363359314229e+03 4.885469363487541159e+03 4.885469363606687693e+03 4.885469363717008491e+03
4.865548543904829785e+03 4.865548544449660767e+03 4.865548544980476436e+03 4.865548545497184023e+03 4.865548545999708040e+03 4.865548546487993008e+03 4.865548546962000728e+03 4.865548547421713920e+03 4.865548547867132584e+03 4.865548548298274000e+03 4.865548548715177276e+03 4.865548549117898801e+03 4.865548549506510426e+03 4.865548549881105828e+03 4.865548550241793237e+03 4.865548550588698163e+03 4.865548550921964306e+03 4.865548551241749919e+03 4.865548551548226897e+03 4.865548551841584413e+03 4.865548552122025285e+03 4.865548552389763245e+03 4.865548552645025666e+03 4.865548552888049926e+03 4.865548553119081589e+03 4.865548553338377133e+03 4.865548553546200310e+03 4.865548553742820332e+03 4.865548553928510955e+03 4.865548554103550487e+03 4.865548554268217231e+03 4.865548554422792222e+03 4.865548554567555584e+03 4.865548554702781075e+03 4.865548554828745182e+03 4.865548554945714386e+03 4.865548555053949713e+03
4.842605573950354483e+03 4.842605574493433778e+03 4.842605575022410449e+03 4.842605575537190816e+03 4.842605576037701212e+03 4.842605576523887976e+03 4.842605576995712909e+03 4.842605577453158730e+03 4.842605577896229988e+03 4.842605578324946691e+03 4.842605578739347948e+03 4.842605579139494694e+03 4.842605579525461508e+03 4.842605579897344796e+03 4.842605580255257337e+03 4.842605580599329187e+03 4.842605580929709504e+03 4.842605581246559268e+03 4.842605581550058560e+03 4.842605581840402010e+03 4.842605582117796985e+03 4.842605582382465400e+03 4.842605582634641905e+03 4.842605582874570246e+03 4.842605583102505989e+03 4.842605583318711979e+03 4.842605583523461974e+03 4.842605583717031550e+03 4.842605583899706289e+03 4.842605584071771773e+03 4.842605584233515401e+03 4.842605584385228212e+03 4.842605584527200335e+03 4.842605584659714623e+03 4.842605584783056656e+03 4.842605584897501103e+03 4.842605585003320812e+03
4.816750698948964782e+03 4.816750699490079569e+03 4.816750700016990777e+03 4.816750700529606547e+03 4.816750701027854120e+03 4.816750701511680745e+03 4.816750701981049133e+03 4.816750702435945641e+03 4.816750702876375726e+03 4.816750703302360307e+03 4.816750703713943949e+03 4.816750704111186678e+03 4.816750704494172169e+03 4.816750704862996827e+03 4.816750705217777977e+03 4.816750705558652953e+03 4.816750705885773641e+03 4.816750706199308297e+03 4.816750706499443368e+03 4.816750706786378942e+03 4.816750707060330569e+03 4.816750707321527443e+03 4.816750707570211489e+03 4.816750707806637365e+03 4.816750708031067006e+03 4.816750708243775080e+03 4.816750708445041710e+03 4.816750708635156116e+03 4.816750708814411155e+03 4.816750708983104232e+03 4.816750709141534571e+03 4.816750709290002305e+03 4.816750709428806658e+03 4.816750709558245035e+03 4.816750709678610292e+03 4.816750709790190740e+03 4.816750709893265594e+03
4.788098135523354358e+03 4.788098136062302729e+03 4.788098136586935652e+03 4.788098137097162180e+03 4.788098137592910462e+03 4.788098138074127746e+03 4.788098138540781292e+03 4.788098138992857457e+03 4.788098139430361698e+03 4.788098139853323119e+03 4.788098140261783556e+03 4.788098140655811221e+03 4.788098141035488879e+03 4.788098141400921122e+03 4.788098141752228003e+03 4.788098142089552312e+03 4.788098142413052301e+03 4.788098142722903503e+03 4.788098143019297822e+03 4.788098143302443532e+03 4.788098143572565277e+03 4.788098143829898618e+03 4.788098144074696393e+03 4.788098144307219627e+03 4.788098144527744807e+03 4.788098144736553877e+03 4.788098144933937874e+03 4.788098145120199661e+03 4.788098145295640279e+03 4.788098145460571686e+03 4.788098145615303110e+03 4.788098145760146508e+03 4.788098145895415655e+03 4.788098146021417961e+03 4.788098146138458105e+03 4.788098146246836222e+03 4.788098146346845169e+03
4.756764908612678482e+03 4.756764909149269442e+03 4.756764909671423084e+03 4.756764910179048456e+03 4.756764910672073711e+03 4.756764911150447915e+03 4.756764911614138327e+03 4.756764912063136762e+03 4.756764912497447767e+03 4.756764912917104084e+03 4.756764913322153006e+03 4.756764913712662747e+03 4.756764914088721525e+03 4.756764914450438482e+03 4.756764914797940946e+03 4.756764915131375346e+03 4.756764915450906301e+03 4.756764915756716618e+03 4.756764916049007297e+03 4.756764916327992978e+03 4.756764916593906491e+03 4.756764916846995220e+03 4.756764917087520189e+03 4.756764917315753337e+03 4.756764917531982974e+03 4.756764917736500138e+03 4.756764917929613148e+03 4.756764918111629413e+03 4.756764918282869985e+03 4.756764918443655006e+03 4.756764918594308256e+03 4.756764918735157153e+03 4.756764918866525477e+03 4.756764918988737008e+03 4.756764919102108252e+03 4.756764919206952072e+03 4.756764919303574970e+03
4.722869969460389257e+03 4.722869969994447274e+03 4.722869970513934277e+03 4.722869971018757496e+03 4.722869971508849630e+03 4.722869971984157928e+03 4.722869972444654195e+03 4.722869972890329336e+03 4.722869973321193356e+03 4.722869973737278087e+03 4.722869974138636280e+03 4.722869974525340695e+03 4.722869974897483189e+03 4.722869975255178360e+03 4.722869975598557176e+03 4.722869975927774249e+03 4.722869976242999655e+03 4.722869976544425299e+03 4.722869976832258544e+03 4.722869977106724036e+03 4.722869977368064610e+03 4.722869977616537653e+03 4.722869977852413285e+03 4.722869978075978906e+03 4.722869978287528284e+03 4.722869978487373373e+03 4.722869978675827952e+03 4.722869978853219436e+03 4.722869979019877064e+03 4.722869979176138258e+03 4.722869979322342260e+03 4.722869979458829221e+03 4.722869979585938381e+03 4.722869979704008074e+03 4.722869979813370264e+03 4.722869979914352371e+03 4.722869980007273625e+03
4.686533453224238656e+03 4.686533453755600931e+03 4.686533454272243944e+03 4.686533454774082202e+03 4.686533455261042036e+03 4.686533455733078881e+03 4.686533456190161814e+03 4.686533456632282650e+03 4.686533457059456850e+03 4.686533457471718975e+03 4.686533457869123595e+03 4.686533458251748016e+03 4.686533458619688645e+03 4.686533458973064626e+03 4.686533459312016930e+03 4.686533459636701082e+03 4.686533459947297160e+03 4.686533460244006164e+03 4.686533460527040916e+03 4.686533460796637883e+03 4.686533461053049905e+03 4.686533461296546193e+03 4.686533461527407781e+03 4.686533461745932982e+03 4.686533461952432845e+03 4.686533462147226601e+03 4.686533462330648945e+03 4.686533462503036390e+03 4.686533462664738181e+03 4.686533462816105384e+03 4.686533462957491793e+03 4.686533463089254838e+03 4.686533463211750131e+03 4.686533463325330558e+03 4.686533463430347183e+03 4.686533463527141976e+03 4.686533463616049630e+03
4.647876019016515784e+03 4.647876019545030431e+03 4.647876020058671202e+03 4.647876020557349875e+03 4.647876021040996420e+03 4.647876021509565362e+03 4.647876021963029416e+03 4.647876022401381306e+03 4.647876022824639222e+03 4.647876023232839543e+03 4.647876023626041388e+03 4.647876024004324790e+03 4.647876024367792525e+03 4.647876024716569191e+03 4.647876025050799399e+03 4.647876025370649586e+03 4.647876025676305289e+03 4.647876025967974783e+03 4.647876026245882713e+03 4.647876026510274642e+03 4.647876026761413414e+03 4.647876026999580063e+03 4.647876027225070175e+03 4.647876027438194797e+03 4.647876027639277709e+03 4.647876027828654514e+03 4.647876028006673550e+03 4.647876028173689519e+03 4.647876028330066219e+03 4.647876028476171086e+03 4.647876028612377922e+03 4.647876028739059620e+03 4.647876028856589073e+03 4.647876028965338264e+03 4.647876029065675539e+03 4.647876029157959238e+03 4.647876029242541335e+03
4.607018254686615364e+03 4.607018255212145959e+03 4.607018255722635331e+03 4.607018256217997077e+03 4.607018256698162986e+03 4.607018257163085764e+03 4.607018257612738125e+03 4.607018258047119161e+03 4.607018258466247062e+03 4.607018258870162754e+03 4.607018259258925355e+03 4.607018259632622176e+03 4.607018259991360537e+03 4.607018260335268678e+03 4.607018260664498484e+03 4.607018260979223669e+03 4.607018261279638864e+03 4.607018261565959619e+03 4.607018261838421495e+03 4.607018262097280967e+03 4.607018262342812704e+03 4.607018262575308654e+03 4.607018262795078954e+03 4.607018263002449203e+03 4.607018263197757733e+03 4.607018263381355609e+03 4.607018263553608449e+03 4.607018263714888235e+03 4.607018263865576046e+03 4.607018264006057507e+03 4.607018264136726430e+03 4.607018264257972078e+03 4.607018264370188263e+03 4.607018264473765157e+03 4.607018264569090206e+03 4.607018264656540850e+03 4.607018264736488163e+03
4.564080142451121901e+03 4.564080142973545662e+03 4.564080143480751758e+03 4.564080143972652877e+03 4.564080144449181716e+03 4.564080144910291892e+03 4.564080145355959758e+03 4.564080145786182584e+03 4.564080146200981289e+03 4.564080146600399530e+03 4.564080146984503699e+03 4.564080147353381108e+03 4.564080147707144533e+03 4.564080148045929491e+03 4.564080148369892413e+03 4.564080148679216109e+03 4.564080148974103395e+03 4.564080149254778007e+03 4.564080149521486419e+03 4.564080149774496931e+03 4.564080150014095125e+03 4.564080150240588409e+03 4.564080150454298746e+03 4.564080150655568104e+03 4.564080150844751188e+03 4.564080151022217251e+03 4.564080151188345553e+03 4.564080151343529906e+03 4.564080151488170486e+03 4.564080151622672020e+03 4.564080151747445598e+03 4.564080151862905041e+03 4.564080151969461440e+03 4.564080152067525887e+03 4.564080152157508564e+03 4.564080152239805102e+03 4.564080152314809311e+03
