BlockUplift_2Ma_1kryTimeStep_2mmyr_k_5e-05_m_0.5_n_1.0_LinDiffusion_0.5_3x6km_30mRes_flow__link_to_receiver_node.txt
nrows 200
cellsize 30.0
xllcorner 0.0
ncols 100
yllcorner 0.0
[rows 119 to 135 of 200, columns 37 to 73 of 100]
5.541400000000000000e+04 5.541600000000000000e+04 1.585900000000000000e+04 5.542300000000000000e+04 5.542500000000000000e+04 5.542700000000000000e+04 5.542900000000000000e+04 5.543100000000000000e+04 5.543300000000000000e+04 5.543500000000000000e+04 5.543700000000000000e+04 5.543900000000000000e+04 5.544100000000000000e+04 5.544300000000000000e+04 5.544500000000000000e+04 5.544700000000000000e+04 5.544900000000000000e+04 5.545100000000000000e+04 5.545300000000000000e+04 5.545500000000000000e+04 5.545700000000000000e+04 5.545900000000000000e+04 5.546100000000000000e+04 5.546300000000000000e+04 5.546500000000000000e+04 1.588200000000000000e+04 1.588300000000000000e+04 1.588400000000000000e+04 5.547000000000000000e+04 5.547200000000000000e+04 5.547400000000000000e+04 5.547600000000000000e+04 5.547800000000000000e+04 5.548000000000000000e+04 5.548200000000000000e+04 5.548400000000000000e+04 5.548600000000000000e+04
5.521600000000000000e+04 5.521800000000000000e+04 1.566000000000000000e+04 5.522500000000000000e+04 5.522700000000000000e+04 5.522900000000000000e+04 5.523100000000000000e+04 5.523300000000000000e+04 5.523500000000000000e+04 5.523700000000000000e+04 5.523900000000000000e+04 5.524100000000000000e+04 5.524300000000000000e+04 5.524500000000000000e+04 5.524700000000000000e+04 5.524900000000000000e+04 5.525100000000000000e+04 5.525300000000000000e+04 5.525500000000000000e+04 5.525700000000000000e+04 5.525900000000000000e+04 5.526100000000000000e+04 5.526300000000000000e+04 5.526500000000000000e+04 5.526700000000000000e+04 1.568300000000000000e+04 1.568400000000000000e+04 1.568500000000000000e+04 5.527200000000000000e+04 5.527400000000000000e+04 5.527600000000000000e+04 5.527800000000000000e+04 5.528000000000000000e+04 5.528200000000000000e+04 5.528400000000000000e+04 5.528600000000000000e+04 5.528800000000000000e+04
5.501800000000000000e+04 5.502000000000000000e+04 1.546100000000000000e+04 5.502700000000000000e+04 5.502900000000000000e+04 5.503100000000000000e+04 5.503300000000000000e+04 5.503500000000000000e+04 5.503700000000000000e+04 5.503900000000000000e+04 5.504100000000000000e+04 5.504300000000000000e+04 5.504500000000000000e+04 5.504700000000000000e+04 5.504900000000000000e+04 5.505100000000000000e+04 5.505300000000000000e+04 5.505500000000000000e+04 5.505700000000000000e+04 5.505900000000000000e+04 5.506100000000000000e+04 5.506300000000000000e+04 5.506500000000000000e+04 5.506700000000000000e+04 5.506900000000000000e+04 1.548400000000000000e+04 1.548500000000000000e+04 1.548600000000000000e+04 5.507400000000000000e+04 5.507600000000000000e+04 5.507800000000000000e+04 5.508000000000000000e+04 5.508200000000000000e+04 5.508400000000000000e+04 5.508600000000000000e+04 5.508800000000000000e+04 5.509000000000000000e+04
5.482000000000000000e+04 5.482200000000000000e+04 1.526200000000000000e+04 5.482900000000000000e+04 5.483100000000000000e+04 5.483300000000000000e+04 5.483500000000000000e+04 5.483700000000000000e+04 5.483900000000000000e+04 5.484100000000000000e+04 5.484300000000000000e+04 5.484500000000000000e+04 5.484700000000000000e+04 5.484900000000000000e+04 5.485100000000000000e+04 5.485300000000000000e+04 5.485500000000000000e+04 5.485700000000000000e+04 5.485900000000000000e+04 5.486100000000000000e+04 5.486300000000000000e+04 5.486500000000000000e+04 5.486700000000000000e+04 5.486900000000000000e+04 1.528400000000000000e+04 1.528500000000000000e+04 1.528600000000000000e+04 1.528700000000000000e+04 5.487600000000000000e+04 5.487800000000000000e+04 5.488000000000000000e+04 5.488200000000000000e+04 5.488400000000000000e+04 5.488600000000000000e+04 5.488800000000000000e+04 5.489000000000000000e+04 5.489200000000000000e+04
5.462200000000000000e+04 5.462400000000000000e+04 1.506300000000000000e+04 5.463100000000000000e+04 5.463300000000000000e+04 5.463500000000000000e+04 5.463700000000000000e+04 5.463900000000000000e+04 5.464100000000000000e+04 5.464300000000000000e+04 5.464500000000000000e+04 5.464700000000000000e+04 5.464900000000000000e+04 5.465100000000000000e+04 5.465300000000000000e+04 5.465500000000000000e+04 5.465700000000000000e+04 5.465900000000000000e+04 5.466100000000000000e+04 5.466300000000000000e+04 5.466500000000000000e+04 5.466700000000000000e+04 5.466900000000000000e+04 5.467100000000000000e+04 1.508500000000000000e+04 1.508600000000000000e+04 1.508700000000000000e+04 1.508800000000000000e+04 5.467800000000000000e+04 5.468000000000000000e+04 5.468200000000000000e+04 5.468400000000000000e+04 5.468600000000000000e+04 5.468800000000000000e+04 5.469000000000000000e+04 5.469200000000000000e+04 5.469400000000000000e+04
5.442400000000000000e+04 5.442600000000000000e+04 1.486400000000000000e+04 5.443300000000000000e+04 5.443500000000000000e+04 5.443700000000000000e+04 5.443900000000000000e+04 5.444100000000000000e+04 5.444300000000000000e+04 5.444500000000000000e+04 5.444700000000000000e+04 5.444900000000000000e+04 5.445100000000000000e+04 5.445300000000000000e+04 5.445500000000000000e+04 5.445700000000000000e+04 5.445900000000000000e+04 5.446100000000000000e+04 5.446300000000000000e+04 5.446500000000000000e+04 5.446700000000000000e+04 5.446900000000000000e+04 5.447100000000000000e+04 5.447300000000000000e+04 1.488600000000000000e+04 1.488700000000000000e+04 1.488800000000000000e+04 5.447800000000000000e+04 5.448000000000000000e+04 5.448200000000000000e+04 5.448400000000000000e+04 5.448600000000000000e+04 5.448800000000000000e+04 5.449000000000000000e+04 5.449200000000000000e+04 5.449400000000000000e+04 5.449600000000000000e+04
5.422600000000000000e+04 5.422800000000000000e+04 1.466500000000000000e+04 5.423500000000000000e+04 5.423700000000000000e+04 5.423900000000000000e+04 5.424100000000000000e+04 5.424300000000000000e+04 5.424500000000000000e+04 5.424700000000000000e+04 5.424900000000000000e+04 5.425100000000000000e+04 5.425300000000000000e+04 5.425500000000000000e+04 5.425700000000000000e+04 5.425900000000000000e+04 5.426100000000000000e+04 5.426300000000000000e+04 5.426500000000000000e+04 5.426700000000000000e+04 5.426900000000000000e+04 5.427100000000000000e+04 5.427300000000000000e+04 5.427500000000000000e+04 1.468700000000000000e+04 1.468800000000000000e+04 1.468900000000000000e+04 5.428000000000000000e+04 5.428200000000000000e+04 5.428400000000000000e+04 5.428600000000000000e+04 5.428800000000000000e+04 5.429000000000000000e+04 5.429200000000000000e+04 5.429400000000000000e+04 5.429600000000000000e+04 5.429800000000000000e+04
5.402800000000000000e+04 5.403000000000000000e+04 1.446600000000000000e+04 5.403700000000000000e+04 5.403900000000000000e+04 5.404100000000000000e+04 5.404300000000000000e+04 1.457100000000000000e+04 1.457200000000000000e+04 1.457300000000000000e+04 1.457400000000000000e+04 1.457500000000000000e+04 5.405500000000000000e+04 5.405700000000000000e+04 5.405900000000000000e+04 5.406100000000000000e+04 5.406300000000000000e+04 5.406500000000000000e+04 5.406700000000000000e+04 5.406900000000000000e+04 5.407100000000000000e+04 5.407300000000000000e+04 5.407500000000000000e+04 5.407700000000000000e+04 1.448800000000000000e+04 1.448900000000000000e+04 1.449000000000000000e+04 5.408200000000000000e+04 5.408400000000000000e+04 5.408600000000000000e+04 5.408800000000000000e+04 5.409000000000000000e+04 1.459500000000000000e+04 1.459600000000000000e+04 5.409600000000000000e+04 5.409800000000000000e+04 5.410000000000000000e+04
5.383000000000000000e+04 5.383200000000000000e+04 1.426700000000000000e+04 5.383900000000000000e+04 5.384100000000000000e+04 5.384300000000000000e+04 1.437100000000000000e+04 1.437200000000000000e+04 1.437300000000000000e+04 1.437400000000000000e+04 1.437500000000000000e+04 1.437600000000000000e+04 1.437700000000000000e+04 1.437800000000000000e+04 1.437900000000000000e+04 5.386300000000000000e+04 5.386500000000000000e+04 5.386700000000000000e+04 5.386900000000000000e+04 5.387100000000000000e+04 5.387300000000000000e+04 5.387500000000000000e+04 5.387700000000000000e+04 5.387900000000000000e+04 1.428900000000000000e+04 1.429000000000000000e+04 1.429100000000000000e+04 5.388400000000000000e+04 5.388600000000000000e+04 5.388800000000000000e+04 1.439400000000000000e+04 1.439500000000000000e+04 1.439600000000000000e+04 1.439700000000000000e+04 1.439800000000000000e+04 1.439900000000000000e+04 5.390200000000000000e+04
5.363200000000000000e+04 5.363400000000000000e+04 1.406800000000000000e+04 5.364100000000000000e+04 5.364300000000000000e+04 5.364500000000000000e+04 1.417200000000000000e+04 1.417300000000000000e+04 1.417400000000000000e+04 1.417500000000000000e+04 1.417600000000000000e+04 1.417700000000000000e+04 1.417800000000000000e+04 1.417900000000000000e+04 1.418000000000000000e+04 1.418100000000000000e+04 1.418200000000000000e+04 5.366900000000000000e+04 5.367100000000000000e+04 5.367300000000000000e+04 5.367500000000000000e+04 5.367700000000000000e+04 5.367900000000000000e+04 5.368100000000000000e+04 1.409000000000000000e+04 1.409100000000000000e+04 5.368400000000000000e+04 5.368600000000000000e+04 5.368800000000000000e+04 1.419400000000000000e+04 1.419500000000000000e+04 1.419600000000000000e+04 1.419700000000000000e+04 1.419800000000000000e+04 1.419900000000000000e+04 1.420000000000000000e+04 1.420100000000000000e+04
5.343400000000000000e+04 5.343600000000000000e+04 5.343800000000000000e+04 5.344300000000000000e+04 5.344500000000000000e+04 1.397200000000000000e+04 1.397300000000000000e+04 1.397400000000000000e+04 1.397500000000000000e+04 1.397600000000000000e+04 1.397700000000000000e+04 1.397800000000000000e+04 1.397900000000000000e+04 1.398000000000000000e+04 1.398100000000000000e+04 1.398200000000000000e+04 1.398300000000000000e+04 1.398400000000000000e+04 1.398500000000000000e+04 5.347500000000000000e+04 5.347700000000000000e+04 5.347900000000000000e+04 5.348100000000000000e+04 5.348300000000000000e+04 1.389100000000000000e+04 1.389200000000000000e+04 5.348600000000000000e+04 5.348800000000000000e+04 5.349000000000000000e+04 1.399500000000000000e+04 1.399600000000000000e+04 1.399700000000000000e+04 1.399800000000000000e+04 1.399900000000000000e+04 1.400000000000000000e+04 1.400100000000000000e+04 1.400200000000000000e+04
5.323600000000000000e+04 5.323800000000000000e+04 5.324000000000000000e+04 1.367100000000000000e+04 5.324700000000000000e+04 1.377300000000000000e+04 1.377400000000000000e+04 1.377500000000000000e+04 1.377600000000000000e+04 1.377700000000000000e+04 1.377800000000000000e+04 1.377900000000000000e+04 1.378000000000000000e+04 1.378100000000000000e+04 1.378200000000000000e+04 1.378300000000000000e+04 1.378400000000000000e+04 1.378500000000000000e+04 1.378600000000000000e+04 1.378700000000000000e+04 1.378800000000000000e+04 5.328100000000000000e+04 5.328300000000000000e+04 5.328500000000000000e+04 1.369200000000000000e+04 1.369300000000000000e+04 5.328800000000000000e+04 5.329000000000000000e+04 1.379500000000000000e+04 1.379600000000000000e+04 1.379700000000000000e+04 1.379800000000000000e+04 1.379900000000000000e+04 1.380000000000000000e+04 1.380100000000000000e+04 1.380200000000000000e+04 1.380300000000000000e+04
5.303800000000000000e+04 5.304000000000000000e+04 5.304200000000000000e+04 1.347200000000000000e+04 5.304900000000000000e+04 5.305100000000000000e+04 1.357500000000000000e+04 1.357600000000000000e+04 1.357700000000000000e+04 1.357800000000000000e+04 1.357900000000000000e+04 1.358000000000000000e+04 1.358100000000000000e+04 1.358200000000000000e+04 1.358300000000000000e+04 1.358400000000000000e+04 1.358500000000000000e+04 1.358600000000000000e+04 1.358700000000000000e+04 1.358800000000000000e+04 1.358900000000000000e+04 1.359000000000000000e+04 5.308500000000000000e+04 5.308700000000000000e+04 1.349300000000000000e+04 1.349400000000000000e+04 5.309000000000000000e+04 1.359500000000000000e+04 1.359600000000000000e+04 1.359700000000000000e+04 1.359800000000000000e+04 1.359900000000000000e+04 1.360000000000000000e+04 1.360100000000000000e+04 1.360200000000000000e+04 1.360300000000000000e+04 1.360400000000000000e+04
5.284000000000000000e+04 5.284200000000000000e+04 5.284400000000000000e+04 5.284600000000000000e+04 5.285100000000000000e+04 5.285300000000000000e+04 1.337600000000000000e+04 1.337700000000000000e+04 1.337800000000000000e+04 1.337900000000000000e+04 1.338000000000000000e+04 1.338100000000000000e+04 1.338200000000000000e+04 1.338300000000000000e+04 1.338400000000000000e+04 1.338500000000000000e+04 1.338600000000000000e+04 1.338700000000000000e+04 1.338800000000000000e+04 1.338900000000000000e+04 1.339000000000000000e+04 1.339100000000000000e+04 1.339200000000000000e+04 5.288900000000000000e+04 1.329400000000000000e+04 1.329500000000000000e+04 5.289200000000000000e+04 1.339600000000000000e+04 1.339700000000000000e+04 1.339800000000000000e+04 1.339900000000000000e+04 1.340000000000000000e+04 1.340100000000000000e+04 1.340200000000000000e+04 1.340300000000000000e+04 1.340400000000000000e+04 1.340500000000000000e+04
5.264200000000000000e+04 5.264400000000000000e+04 5.264600000000000000e+04 5.264800000000000000e+04 5.265300000000000000e+04 5.265500000000000000e+04 1.317700000000000000e+04 1.317800000000000000e+04 1.317900000000000000e+04 1.318000000000000000e+04 1.318100000000000000e+04 1.318200000000000000e+04 1.318300000000000000e+04 1.318400000000000000e+04 1.318500000000000000e+04 1.318600000000000000e+04 1.318700000000000000e+04 1.318800000000000000e+04 1.318900000000000000e+04 1.319000000000000000e+04 1.319100000000000000e+04 1.319200000000000000e+04 1.319300000000000000e+04 1.319400000000000000e+04 1.309500000000000000e+04 1.309600000000000000e+04 1.319600000000000000e+04 1.319700000000000000e+04 1.319800000000000000e+04 1.319900000000000000e+04 1.320000000000000000e+04 1.320100000000000000e+04 1.320200000000000000e+04 1.320300000000000000e+04 1.320400000000000000e+04 1.320500000000000000e+04 1.320600000000000000e+04
5.244400000000000000e+04 5.244600000000000000e+04 5.244800000000000000e+04 5.245000000000000000e+04 5.245500000000000000e+04 5.245700000000000000e+04 1.297800000000000000e+04 1.297900000000000000e+04 1.298000000000000000e+04 1.298100000000000000e+04 1.298200000000000000e+04 1.298300000000000000e+04 1.298400000000000000e+04 1.298500000000000000e+04 1.298600000000000000e+04 1.298700000000000000e+04 1.298800000000000000e+04 1.298900000000000000e+04 1.299000000000000000e+04 1.299100000000000000e+04 1.299200000000000000e+04 1.299300000000000000e+04 1.299400000000000000e+04 1.299500000000000000e+04 5.249500000000000000e+04 1.289700000000000000e+04 1.299700000000000000e+04 1.299800000000000000e+04 1.299900000000000000e+04 1.300000000000000000e+04 1.300100000000000000e+04 1.300200000000000000e+04 1.300300000000000000e+04 1.300400000000000000e+04 1.300500000000000000e+04 1.300600000000000000e+04 1.300700000000000000e+04
5.224600000000000000e+04 5.224800000000000000e+04 5.225000000000000000e+04 5.225200000000000000e+04 1.267700000000000000e+04 5.225900000000000000e+04 5.226100000000000000e+04 1.278000000000000000e+04 1.278100000000000000e+04 1.278200000000000000e+04 1.278300000000000000e+04 1.278400000000000000e+04 1.278500000000000000e+04 1.278600000000000000e+04 1.278700000000000000e+04 1.278800000000000000e+04 1.278900000000000000e+04 1.279000000000000000e+04 1.279100000000000000e+04 1.279200000000000000e+04 1.279300000000000000e+04 1.279400000000000000e+04 1.279500000000000000e+04 1.279600000000000000e+04 5.229700000000000000e+04 1.269800000000000000e+04 1.279800000000000000e+04 1.279900000000000000e+04 1.280000000000000000e+04 1.280100000000000000e+04 1.280200000000000000e+04 1.280300000000000000e+04 1.280400000000000000e+04 1.280500000000000000e+04 1.280600000000000000e+04 1.280700000000000000e+04 1.280800000000000000e+04
