BlockTilt_5Ma_1mmyr_m1_n5_k1Minus5_10kyrTimeStep_wLinDiffp1_30mRes_7p5kmBy15km.txt
nrows 250
cellsize 30.0
xllcorner 0.0
ncols 500
yllcorner 0.0
[rows 34 to 50 of 250, columns 37 to 73 of 500]
1.607356523369198840e+03 1.623268507930011310e+03 1.649295329384837714e+03 1.678535101132879845e+03 1.709584175437623117e+03 1.742092542395685314e+03 1.775803694004129056e+03 1.810917402477123687e+03 1.847753681115410018e+03 1.886204618750571399e+03 1.925636206640981072e+03 1.965265254438652164e+03 2.004517981334111255e+03 2.043267639444847191e+03 2.081691089020836898e+03 2.119524059191373453e+03 2.155560097551734088e+03 2.187978196986975036e+03 2.215083971452928836e+03 2.235460456094405799e+03 2.248046959121180407e+03 2.253491223187723790e+03 2.254941150169449884e+03 2.253996775133319261e+03 2.249779382579567937e+03 2.239923699222820687e+03 2.224466294332437428e+03 2.204911783108851523e+03 2.182705594080143328e+03 2.159754330576907250e+03 2.141759515207612822e+03 2.138436835097030780e+03 2.150708251960534199e+03 2.169747247206306383e+03 2.190233543313837345e+03 2.210728190452313356e+03 2.230463167810178220e+03
1.584966772991211883e+03 1.600902407653139790e+03 1.627004401981628462e+03 1.656288278860754417e+03 1.687104775790357280e+03 1.719159984687305041e+03 1.752643961328686146e+03 1.787884140505184405e+03 1.824844595016133098e+03 1.863021272225087614e+03 1.901783539768214951e+03 1.940706904241582379e+03 1.979803477085661370e+03 2.019389825634010549e+03 2.059355277123914675e+03 2.098644873267506227e+03 2.135553722017877135e+03 2.168460044906411440e+03 2.195993479272044169e+03 2.216814451453697984e+03 2.229804358665632208e+03 2.235609291989259418e+03 2.237232354215352643e+03 2.236208516501176746e+03 2.231678226241567245e+03 2.221521480948071257e+03 2.205828551250981491e+03 2.186035497809189565e+03 2.163471154158442005e+03 2.139922911041297994e+03 2.121098323504775635e+03 2.117021172821872824e+03 2.129145472888461882e+03 2.148325291180878594e+03 2.168908697265366300e+03 2.189391830153755564e+03 2.209204518107909735e+03
1.563253060249448254e+03 1.579350582284791017e+03 1.605489706457253988e+03 1.634537858332462520e+03 1.664898208276021023e+03 1.696676996321234355e+03 1.730183333673509651e+03 1.765416833644026838e+03 1.801974344339417030e+03 1.839360268180354069e+03 1.877295740144030106e+03 1.915935800206160366e+03 1.955739736261004964e+03 1.996759888218265132e+03 2.038119962378225182e+03 2.078271492691829735e+03 2.115695867608798835e+03 2.149079047156998968e+03 2.177098719670530045e+03 2.198320832126849382e+03 2.211750594474473473e+03 2.218085309953127762e+03 2.219957439680138577e+03 2.218766882827906102e+03 2.213687461912513754e+03 2.203096654058200784e+03 2.187211613936443428e+03 2.167322188560131508e+03 2.144617593903524266e+03 2.120708415543485444e+03 2.101073601841860636e+03 2.095943449558455541e+03 2.107743565943738759e+03 2.126871176677829681e+03 2.147274295264435295e+03 2.167616783246387513e+03 2.187577732115603339e+03
1.542305144571507071e+03 1.558558246325182381e+03 1.584490247606466710e+03 1.613101078848298357e+03 1.643164481242303737e+03 1.674887173997892660e+03 1.708273554090602829e+03 1.742982184339406786e+03 1.778620081192294492e+03 1.815027729329889553e+03 1.852508297493518967e+03 1.891678129082798932e+03 1.932761525389495773e+03 1.975075635597324435e+03 2.017263794380137142e+03 2.057955234739225034e+03 2.095920957907288084e+03 2.129857743018425936e+03 2.158253985808588823e+03 2.179779031280301751e+03 2.193826998744046250e+03 2.201047209397044753e+03 2.203321797901853188e+03 2.201861954200207947e+03 2.195881946986376988e+03 2.184595080435294221e+03 2.168513016731926655e+03 2.148707257177269639e+03 2.126216137896004057e+03 2.102453317442533717e+03 2.082184683571796995e+03 2.075433493137810274e+03 2.086336235148415653e+03 2.105091999527742246e+03 2.125220388254751470e+03 2.145506606615433611e+03 2.165702341634922959e+03
1.521802011862552490e+03 1.538096799291308571e+03 1.563771456005020809e+03 1.592160050506191283e+03 1.622138720350151289e+03 1.653656831987397481e+03 1.686413482695138100e+03 1.720077905410056701e+03 1.754565292636426193e+03 1.790250780664546028e+03 1.827979910758145706e+03 1.868197429272057661e+03 1.910423689781898247e+03 1.953497069546469902e+03 1.996225115108461068e+03 2.037519083191137042e+03 2.076154035493373613e+03 2.110576970340030584e+03 2.139221489025168921e+03 2.161170713775487457e+03 2.176234087091367655e+03 2.184634950942711839e+03 2.187399892356295823e+03 2.185637741026773710e+03 2.178552122930535916e+03 2.166193663241533159e+03 2.149677653161475064e+03 2.129989185380034996e+03 2.107986269669602734e+03 2.084811126448490540e+03 2.064139255239994782e+03 2.055359874365125961e+03 2.064766528189588371e+03 2.082909401257199079e+03 2.102828594104561034e+03 2.123161827809561601e+03 2.143590257131388626e+03
1.501648894464847217e+03 1.518020518735631185e+03 1.543648736270122981e+03 1.571990338750998035e+03 1.601710419827975329e+03 1.632515967343197190e+03 1.664102736584899048e+03 1.696446788647712765e+03 1.729924952056908978e+03 1.765367008369358928e+03 1.803694256750205795e+03 1.844787051707824503e+03 1.887641848340135766e+03 1.931202126772727979e+03 1.974538745768547869e+03 2.016596937684067825e+03 2.055957614793602716e+03 2.090944989398761663e+03 2.120177679482429085e+03 2.143121489129044676e+03 2.159467117295105254e+03 2.168822730116233288e+03 2.171834703773638466e+03 2.169894622564690053e+03 2.161978276622497106e+03 2.148429447791625080e+03 2.130967237537589881e+03 2.110947274911164641e+03 2.089138538626813897e+03 2.066327471332743244e+03 2.045232736536938091e+03 2.034604103910117601e+03 2.042580455671527261e+03 2.060246304147987757e+03 2.080135499970403998e+03 2.100581201931334817e+03 2.121231260087531155e+03
1.482122012227308005e+03 1.498807269995998922e+03 1.524463770213204953e+03 1.552506215451434400e+03 1.581417982167282162e+03 1.610951976405917549e+03 1.641025458088793357e+03 1.672150547057913172e+03 1.705137053743141678e+03 1.740714447029554321e+03 1.779474309529946140e+03 1.820935576412155115e+03 1.864118170164642152e+03 1.908148224975468565e+03 1.952152499722428502e+03 1.994989497571159291e+03 2.035224500512707436e+03 2.071302039523990061e+03 2.101975457357882533e+03 2.126429506176496488e+03 2.143805967699456687e+03 2.153436325407257300e+03 2.156273026541849049e+03 2.154171804283962501e+03 2.145926140575421414e+03 2.131547902444599913e+03 2.112902205909221266e+03 2.091888574441935816e+03 2.069626852317038356e+03 2.046670376661022146e+03 2.025061504455504064e+03 2.013062658530738872e+03 2.019921179307132888e+03 2.037266558479222340e+03 2.057207744991226718e+03 2.077790063321750495e+03 2.098646637746941451e+03
1.463488628723204783e+03 1.480654724924899483e+03 1.506080068719883457e+03 1.533243785679653911e+03 1.560780350142975522e+03 1.588816955519743487e+03 1.617709469339655470e+03 1.648534494864241879e+03 1.682196231491271647e+03 1.718816605302925382e+03 1.758283419249845565e+03 1.800080551679294331e+03 1.843496458937121815e+03 1.887810234939380280e+03 1.932149667091634910e+03 1.975433777755850997e+03 2.016395634866883029e+03 2.053682647086583529e+03 2.085872558799040689e+03 2.111451227385328366e+03 2.129123172847764636e+03 2.138441176973454276e+03 2.140737054884696136e+03 2.138195794195969484e+03 2.129761694370389705e+03 2.115110302882314954e+03 2.095658492090193249e+03 2.073422166795217436e+03 2.050053917301788260e+03 2.026411542137438119e+03 2.004206366996136921e+03 1.991222911856489645e+03 1.997109724830325604e+03 2.014129744830883737e+03 2.034125959955599683e+03 2.054838115310809371e+03 2.075857124892120282e+03
1.445766797007056539e+03 1.463305795079258360e+03 1.488000696334015629e+03 1.513974341294427177e+03 1.540383689764933251e+03 1.568007896292961050e+03 1.597599680459632054e+03 1.630088141092372780e+03 1.665971564994051050e+03 1.704744903357977137e+03 1.745641319001849752e+03 1.788053506241666810e+03 1.831579171273647944e+03 1.875718912154306054e+03 1.919734342638662383e+03 1.962647649548571508e+03 2.003322194952218751e+03 2.040522775897117754e+03 2.072739444225377611e+03 2.098121968027487583e+03 2.115317609601850108e+03 2.123990772079880117e+03 2.125452399189315202e+03 2.121961328378035432e+03 2.113046503607374234e+03 2.098366852655889488e+03 2.078769824903364679e+03 2.055775958730819184e+03 2.031161433493821050e+03 2.006323723880644593e+03 1.983260265687429182e+03 1.969421551224891573e+03 1.974370974261003084e+03 1.990999966667945500e+03 2.010985970428232349e+03 2.031766141676433790e+03 2.052906848654459282e+03
1.429359162671641116e+03 1.447138704063862633e+03 1.470990724170726935e+03 1.496617722958650575e+03 1.523808786022740151e+03 1.553370731598044358e+03 1.585699142752865555e+03 1.620765735543541041e+03 1.658417893791773849e+03 1.698243022057179132e+03 1.739592118121756585e+03 1.782045909144919278e+03 1.825335383683995815e+03 1.869025106086655114e+03 1.912412227692986335e+03 1.954564135689838849e+03 1.994371394646700537e+03 2.030595586566204247e+03 2.061749893148046795e+03 2.086111559748698255e+03 2.102444654625811381e+03 2.110306125807382159e+03 2.110647222686600799e+03 2.105631828020960256e+03 2.095702581745615589e+03 2.080852259569774560e+03 2.061496336474416239e+03 2.038509654478661787e+03 2.013206275392978796e+03 1.987139241783285343e+03 1.962841168064193425e+03 1.947915689246744932e+03 1.951777095148203671e+03 1.967913376870985758e+03 1.987798285984375752e+03 2.008606754749052470e+03 2.029904830216424671e+03
1.415352330434453961e+03 1.434452694330440636e+03 1.458698915816401950e+03 1.485591334520443752e+03 1.515009848542569671e+03 1.546898431579993257e+03 1.581080317626935312e+03 1.617215045671405505e+03 1.655155815624727211e+03 1.694808658967196834e+03 1.735847836029290875e+03 1.777971566507901343e+03 1.820866433597974719e+03 1.864026216356647183e+03 1.906733501887587408e+03 1.948071663061876279e+03 1.986930621637420472e+03 2.022026982346102841e+03 2.051914338506398963e+03 2.075092241956602720e+03 2.090460147203273209e+03 2.097455042308827160e+03 2.096568432590406246e+03 2.089646815216198320e+03 2.078082681541906368e+03 2.062591512806203809e+03 2.043428705469060560e+03 2.020919595094744636e+03 1.995764958785950512e+03 1.969113241341314506e+03 1.943616261658691201e+03 1.927119228456197106e+03 1.929288592689116967e+03 1.944715632604003986e+03 1.964518943895603343e+03 1.985447490703270660e+03 2.006975673788801259e+03
1.405457970092526466e+03 1.427738658003758474e+03 1.453730386542311862e+03 1.481964098115450042e+03 1.512446658576458049e+03 1.544845569196406586e+03 1.579021520419843000e+03 1.614901920606858766e+03 1.652464600182690447e+03 1.691646777354211963e+03 1.732207103069569939e+03 1.773865398417771758e+03 1.816237487125748657e+03 1.858776501346595524e+03 1.900759088547453985e+03 1.941274283868284328e+03 1.979224413287368634e+03 2.013339539717107527e+03 2.042224046863477724e+03 2.064483025836395882e+03 2.079013729104239246e+03 2.085209702151431429e+03 2.083298741647950465e+03 2.074631631742951868e+03 2.061080212363741794e+03 2.044214051253430171e+03 2.024711818819662312e+03 2.002651319202237119e+03 1.978183951715288686e+03 1.951859933063149583e+03 1.925822461438833216e+03 1.907485074166099821e+03 1.906996757058408775e+03 1.921359260304893951e+03 1.941231888414944251e+03 1.962427634546657146e+03 1.984214282239371187e+03
1.400141664629668639e+03 1.425301784816214422e+03 1.452521827884050708e+03 1.481209605965980927e+03 1.511625652284605621e+03 1.543698721729484532e+03 1.577451442967096227e+03 1.612921260669690582e+03 1.650078680202436090e+03 1.688802790569249282e+03 1.728881461545594675e+03 1.770022997154148243e+03 1.811814149549428294e+03 1.853695757494815552e+03 1.894942298252497267e+03 1.934648651685609821e+03 1.971732377599668780e+03 2.004958682357224461e+03 2.032981477731865425e+03 2.054416514034557622e+03 2.068072507046973442e+03 2.073367172626559295e+03 2.070562112107602843e+03 2.060682368194273295e+03 2.045398859632160338e+03 2.026692775065584783e+03 2.006017723602871456e+03 1.983855934380018425e+03 1.960086487737740754e+03 1.934722884615621751e+03 1.909073148445582092e+03 1.889141131854292780e+03 1.885233540595178965e+03 1.898143846022322123e+03 1.918165511742623949e+03 1.939692471580510301e+03 1.961693498446945114e+03
1.398318568095690580e+03 1.424560210251756189e+03 1.451995201798227072e+03 1.480704560256542436e+03 1.510973934919192061e+03 1.542852349927542036e+03 1.576393743519344753e+03 1.611615877430608407e+03 1.648468688168921062e+03 1.686826967282546320e+03 1.726487312112467407e+03 1.767148121054282910e+03 1.808386565008248226e+03 1.849637325159775173e+03 1.890173709242734276e+03 1.929094652600158724e+03 1.965324962441531852e+03 1.997639603319223625e+03 2.024707832653854666e+03 2.045149080990030143e+03 2.057738285679697583e+03 2.061918670826590187e+03 2.058108068153047952e+03 2.047331616874229667e+03 2.030940618997665979e+03 2.010637018999399515e+03 1.988283143778723343e+03 1.965151706712608075e+03 1.941556361240931210e+03 1.917275058210788529e+03 1.892708232242483291e+03 1.871833438415075534e+03 1.864558212718981395e+03 1.875780256477886496e+03 1.895714067156692636e+03 1.917380178117781952e+03 1.939452736724881106e+03
1.397375570217805489e+03 1.423763375741571053e+03 1.451224604075453499e+03 1.480029385824686415e+03 1.510327341904528339e+03 1.542191111787598402e+03 1.575665683558708224e+03 1.610752186711532886e+03 1.647395267495992812e+03 1.685471607564211354e+03 1.724775905600447231e+03 1.765001884026180733e+03 1.805722000041874253e+03 1.846367473232585780e+03 1.886210466763264321e+03 1.924352218390372855e+03 1.959722682383688607e+03 1.991099003008447198e+03 2.017149515316536053e+03 2.036505602968346466e+03 2.047958876320712079e+03 2.050951318430921219e+03 2.045976322421982331e+03 2.034252955901109090e+03 2.017102765107502364e+03 1.995844998551128811e+03 1.972042167980159320e+03 1.947379097935334585e+03 1.922955554489478118e+03 1.898962537049504590e+03 1.875244089541994299e+03 1.854062467597534578e+03 1.844516874140435903e+03 1.854436054122162432e+03 1.874023984970048559e+03 1.895515878362878766e+03 1.917458796848907696e+03
1.396102308893661984e+03 1.422619668524629787e+03 1.450298827659555172e+03 1.479302084782045313e+03 1.509735425368520282e+03 1.541677041403535895e+03 1.575164037738565867e+03 1.610189773270360092e+03 1.646693968017620819e+03 1.684549954474768128e+03 1.723548608748023298e+03 1.763379567370831410e+03 1.803611324993146809e+03 1.843671689542614786e+03 1.882830820387265931e+03 1.920190397833421684e+03 1.954683958443227311e+03 1.985094515294543726e+03 2.010097810255592776e+03 2.028347088656973938e+03 2.038668073161289840e+03 2.040500390657322441e+03 2.034337849664917485e+03 2.021523036994758968e+03 2.003552428446538670e+03 1.981674967316836955e+03 1.957046301613486321e+03 1.931043029116618072e+03 1.905154396458946621e+03 1.880290040716924750e+03 1.856530891269646872e+03 1.835244260017570468e+03 1.824637179849097947e+03 1.833707576270292975e+03 1.852787474535708498e+03 1.873918383852454781e+03 1.895647888441638770e+03
1.394594701758016527e+03 1.421424261426087924e+03 1.449404156852517417e+03 1.478656326698281646e+03 1.509286405690385664e+03 1.541363770073367050e+03 1.574918566783458800e+03 1.609937558697900840e+03 1.646354803890851144e+03 1.684038442131562078e+03 1.722774135893944049e+03 1.762246228687211214e+03 1.802017930154900796e+03 1.841512177565552520e+03 1.879995482930557728e+03 1.916568048781100515e+03 1.950164917993980225e+03 1.979575478624284187e+03 2.003490065513611626e+03 2.020592687098473107e+03 2.029762539158666641e+03 2.030468696645397586e+03 2.023200227217992961e+03 2.009300963604354820e+03 1.990362822790640621e+03 1.967789719305836115e+03 1.942652299655198703e+03 1.915909884919282831e+03 1.888734388726239786e+03 1.862388106081166370e+03 1.837595506303291359e+03 1.815841464437590730e+03 1.804666335658055232e+03 1.813039525817511958e+03 1.831581872495751441e+03 1.852417313566025086e+03 1.874016403698427666e+03
