BlockUplift_2Ma_1kryTimeStep_2mmyr_k_0.0001_m_0.5_n_1.0_LinDiffusion_1_6x3km_30mRes_topographic__steepest_slope.txt
nrows 100
cellsize 30.0
xllcorner 0.0
ncols 200
yllcorner 0.0
[rows 0 to 16 of 100, columns 148 to 184 of 200]
0.000000000000000000e+00 0.000000000000000000e+00 0.000000000000000000e+00 0.000000000000000000e+00 0.000000000000000000e+00 0.000000000000000000e+00 0.000000000000000000e+00 0.000000000000000000e+00 0.000000000000000000e+00 0.000000000000000000e+00 0.000000000000000000e+00 0.000000000000000000e+00 0.000000000000000000e+00 0.000000000000000000e+00 0.000000000000000000e+00 0.000000000000000000e+00 0.000000000000000000e+00 0.000000000000000000e+00 0.000000000000000000e+00 0.000000000000000000e+00 0.000000000000000000e+00 0.000000000000000000e+00 0.000000000000000000e+00 0.000000000000000000e+00 0.000000000000000000e+00 0.000000000000000000e+00 0.000000000000000000e+00 0.000000000000000000e+00 0.000000000000000000e+00 0.000000000000000000e+00 0.000000000000000000e+00 0.000000000000000000e+00 0.000000000000000000e+00 0.000000000000000000e+00 0.000000000000000000e+00 0.000000000000000000e+00 0.000000000000000000e+00
1.787211981188647700e-02 2.017797811802468991e-02 2.592128001548767505e-02 3.148194889029286292e-02 3.677707483714045406e-02 4.169624745596282878e-02 4.771095848452849147e-02 5.334295073947904059e-02 5.798537871062781762e-02 6.151913120274248720e-02 6.387001303439585054e-02 6.499958144859287190e-02 6.488933761678576662e-02 6.352596856471090514e-02 6.089407362256812201e-02 5.697946518126760507e-02 5.178218576765895170e-02 4.533516720777962944e-02 3.772279097799658559e-02 2.909370463555944683e-02 2.192488703592839969e-02 1.464575977798308545e-02 1.471678785143244739e-02 2.143631715593806789e-02 2.904419945338835088e-02 3.704217170790873731e-02 4.397789588195640670e-02 4.977169335580906157e-02 5.439543431725250150e-02 5.785133775727899913e-02 6.014842743546845727e-02 6.128286392548147610e-02 6.122825578745410419e-02 5.994038893935282886e-02 5.737753611955251354e-02 5.353303485839073367e-02 4.847220024631439944e-02
3.489773080222941665e-02 3.504646350200270322e-02 3.801654577509185062e-02 4.363446973681835150e-02 4.893695342217737471e-02 5.381342438564729741e-02 5.813629968463988190e-02 6.177950016876632838e-02 6.463703562581342432e-02 6.663469857341185187e-02 6.773159774569847968e-02 6.791273739905995255e-02 6.717717432842132408e-02 6.552736663058401911e-02 6.296417729320022416e-02 5.948945080805152774e-02 5.511527323982692850e-02 4.987689455601143629e-02 4.384532895959068061e-02 3.713588449740137104e-02 2.991001049990715116e-02 2.236945183013346744e-02 2.163522381429819341e-02 2.831680400133956832e-02 3.458968491993603955e-02 4.030413610972081312e-02 4.535689555151938696e-02 4.991153186467726932e-02 5.459787182507701286e-02 5.811578456139064597e-02 6.047496055261850079e-02 6.167169858185085618e-02 6.167841778395295044e-02 6.044783303704263921e-02 5.904937052386802915e-02 5.715903457728792325e-02 5.441047238957830157e-02
5.032036593112157452e-02 5.055559211921642482e-02 5.058617815535721568e-02 5.471637520027097801e-02 6.009270694285503978e-02 6.499655018678590634e-02 6.929890920836408175e-02 7.287325163923409621e-02 7.561476998683731854e-02 7.745228360760939013e-02 7.834947822010897289e-02 7.829688363603622137e-02 7.729941740298482133e-02 7.536534589404880746e-02 7.250119662109509588e-02 6.871443479558146661e-02 6.402281795358462368e-02 5.846724571984315832e-02 5.212409280544063467e-02 4.511340238485363890e-02 3.760053636812631800e-02 3.075641331943093984e-02 3.008782388367308228e-02 3.465834037600809547e-02 4.097734900874852593e-02 4.677969314407202928e-02 5.196078810875276455e-02 5.646045690875882428e-02 6.025512373319534543e-02 6.334427640146012006e-02 6.573384184832636867e-02 6.742033807673324108e-02 6.838031905433622493e-02 6.856922181703183072e-02 6.793192622931577829e-02 6.642423138992924192e-02 6.404071416026274610e-02
6.354779259744987308e-02 6.388030300181431198e-02 6.395849906443799859e-02 6.429419230999781909e-02 6.981022664342835526e-02 7.481333733903622329e-02 7.917145391898725015e-02 8.275560153717122225e-02 8.546011930545283075e-02 8.721505312998693860e-02 8.798728189289854729e-02 8.777192713441331340e-02 8.657919198942948258e-02 8.442278330971819678e-02 8.131458921120161831e-02 7.726735816616067676e-02 7.230409615968451387e-02 6.647081278162693396e-02 5.984855660477112621e-02 5.256124999207497511e-02 4.477716439106167040e-02 3.950491168596859809e-02 3.865136017609150515e-02 4.028674533890818504e-02 4.668504149402163267e-02 5.260465074861839230e-02 5.793900706887975677e-02 6.262492522818587093e-02 6.663583171522605153e-02 6.996900587807998451e-02 7.262903110606884483e-02 7.461115151595673622e-02 7.588924590158090122e-02 7.641303529734765065e-02 7.611748576518991005e-02 7.494418079057453552e-02 7.287041109485133117e-02
7.419849156562936809e-02 7.463742416166591065e-02 7.478463940279737876e-02 7.463980386777156750e-02 7.778848009801006547e-02 8.295789708753498193e-02 8.744538047793957991e-02 9.111789524833685538e-02 9.386705868802031061e-02 9.562226194791324796e-02 9.635189998104588815e-02 9.605433879302449629e-02 9.474406314304725796e-02 9.243948579548669220e-02 8.915727507433522658e-02 8.491492007563714028e-02 7.974007187114913464e-02 7.368310650886392144e-02 6.682880171230871913e-02 5.930378428332473695e-02 5.127786577232467530e-02 4.714744946107884971e-02 4.613417637457360027e-02 4.533429572285570253e-02 5.158394200688769249e-02 5.764097824371658407e-02 6.314370676633622448e-02 6.802460175961029532e-02 7.225254920580410911e-02 7.582121811777466081e-02 7.873289762883069198e-02 8.098127524679553380e-02 8.253804310767391683e-02 8.334845891480048563e-02 8.333948993681540574e-02 8.244090612941648577e-02 8.061537853439146306e-02
8.211522199155846247e-02 8.266526652415724652e-02 8.289824121957423131e-02 8.281271127860444226e-02 8.387494763909353335e-02 8.926718130582755872e-02 9.394860117621414708e-02 9.778114324025516391e-02 1.006523066635304359e-01 1.024891436676092782e-01 1.032598019750682050e-01 1.029642426870663596e-01 1.016198147343821828e-01 9.924847580173502826e-02 9.587071752737494346e-02 9.150792025941779928e-02 8.619152818167787056e-02 7.997532633083119513e-02 7.294667794420178764e-02 6.523354475770172523e-02 5.700571164873634300e-02 5.360009085165131498e-02 5.245170835252963709e-02 5.152493808600979580e-02 5.560272617597587785e-02 6.180799349450253471e-02 6.748478249970221721e-02 7.255957807295448925e-02 7.699487305854769981e-02 8.077912907640026619e-02 8.391143258401852212e-02 8.638402138583502199e-02 8.816768355562563941e-02 8.920563006449674925e-02 8.942013030850469446e-02 8.873289977576839793e-02 8.709567779903067131e-02
8.734773337383880398e-02 8.800715351215065985e-02 8.833520610662853878e-02 8.832965383726852637e-02 8.806048127895586830e-02 9.371773881954058305e-02 9.864400459294987711e-02 1.026960085667262268e-01 1.057564228498338033e-01 1.077487211094825537e-01 1.086391871816781568e-01 1.084276046986119152e-01 1.071324586877767798e-01 1.047776899748629476e-01 1.013862459823176021e-01 9.698217821747222300e-02 9.159956435825246379e-02 8.529440530978663060e-02 7.815534669186642580e-02 7.031023172974004698e-02 6.192723013887473094e-02 5.886065804342877072e-02 5.759897199110544652e-02 5.655449400887656991e-02 5.872592395311493352e-02 6.508231760616176031e-02 7.093141236580779996e-02 7.619173993104408349e-02 8.081730659322385046e-02 8.478967552227463511e-02 8.810394828869697048e-02 9.075142423140272752e-02 9.270396791419829863e-02 9.390609761398154010e-02 9.427972495017013232e-02 9.374320053771000028e-02 9.224159903211780198e-02
9.011248029715138164e-02 9.087228196421079374e-02 9.129628718569572643e-02 9.138210279019887139e-02 9.113302804901669829e-02 9.640595997058627742e-02 1.016119407629923893e-01 1.059273998191910954e-01 1.092302441480760694e-01 1.114397390055315851e-01 1.125190429122424618e-01 1.124660733551469255e-01 1.112985803803271251e-01 1.090406316220116495e-01 1.057158943136170953e-01 1.013494930329911087e-01 9.597664140750503114e-02 8.965410582975935627e-02 8.247036891636717881e-02 7.455169644359224690e-02 6.606318130386666654e-02 6.299241005672513716e-02 6.163510997260648883e-02 6.048040400638020342e-02 6.098618182335055482e-02 6.749154213575182804e-02 7.350705857423067702e-02 7.894102931520090294e-02 8.373668102459531914e-02 8.786693392810132619e-02 9.132223852943531506e-02 9.409376567966758198e-02 9.615690820823451224e-02 9.746143932501546980e-02 9.793386936566937651e-02 9.749437008650667369e-02 9.608583477631695013e-02
9.074019251336883085e-02 9.158449206699828538e-02 9.209753041856789946e-02 9.227763743341436953e-02 9.213084785854448733e-02 9.751758481466604733e-02 1.030218790454098116e-01 1.076283135684184683e-01 1.112108124688570010e-01 1.136844717497754453e-01 1.150085650174395568e-01 1.151777318137746642e-01 1.142071674747517501e-01 1.121190747942423516e-01 1.089358401701278484e-01 1.046817311864125383e-01 9.939126361168733326e-02 9.312024333132214171e-02 8.595539367131034558e-02 7.801996880287764835e-02 6.947474158649588616e-02 6.610263270299678029e-02 6.466268449721042366e-02 6.340410624798570316e-02 6.245211168265225182e-02 6.910288687154622633e-02 7.527881266233514557e-02 8.087535565811082572e-02 8.582248347311179082e-02 9.008266086641070203e-02 9.364105089067226162e-02 9.648961375188887246e-02 9.860988821344592037e-02 9.996104629532545638e-02 1.004793370350636206e-01 1.000920493107775311e-01 9.874434372623809575e-02
8.962208376381491925e-02 9.052950161489785319e-02 9.111876936583343523e-02 9.138989024580439213e-02 9.135294834787212326e-02 9.729315274153570170e-02 1.030994904338696644e-01 1.080087250796841480e-01 1.118921465859182146e-01 1.146613481444996863e-01 1.162715271427116337e-01 1.167130552100312108e-01 1.159969852190432804e-01 1.141417021365841583e-01 1.111661818121717771e-01 1.070916537551800246e-01 1.019497916123134063e-01 9.579342276932555078e-02 8.870572858762275359e-02 8.080551701889424066e-02 7.224823170658736804e-02 6.832038648284234628e-02 6.680577149223836109e-02 6.544896451953832739e-02 6.431383309209384724e-02 7.000858173416474317e-02 7.634261242448232843e-02 8.209551215056777596e-02 8.718132932418092007e-02 9.155015282665403265e-02 9.518113178799265939e-02 9.806781975696021725e-02 1.002003629853821381e-01 1.015512824727478614e-01 1.020714948063684430e-01 1.017004970010465942e-01 1.003899816763918901e-01
8.716303048087989391e-02 8.810878956486571656e-02 8.875818533253057585e-02 8.911374791738969903e-02 8.919057706048695577e-02 9.599533271211896368e-02 1.020949049487771820e-01 1.073050277181706869e-01 1.114960644246250077e-01 1.145772820971402706e-01 1.165001663983159935e-01 1.172503307355890478e-01 1.168334649312558482e-01 1.152623750791183233e-01 1.125505039544973801e-01 1.087137053840179501e-01 1.037783966691002424e-01 9.779210332331293720e-02 9.083244015862655674e-02 8.301225864070609084e-02 7.448083425312058969e-02 6.977661750972098675e-02 6.819006431813269542e-02 6.673972739618819205e-02 6.549819942074842916e-02 7.030985798774209983e-02 7.680624621156914578e-02 8.271707016497163723e-02 8.793764737872056259e-02 9.240363987783097033e-02 9.608726527254546346e-02 9.898416651532176980e-02 1.010951216515045409e-01 1.024094217702833237e-01 1.028970387136443759e-01 1.025143161286736632e-01 1.012234709078961709e-01
8.374641957400873193e-02 8.470476270723897860e-02 8.539755881840231655e-02 8.583047566159128505e-02 8.678345571333949404e-02 9.388221222111482744e-02 1.002562559079082094e-01 1.057540938491570576e-01 1.102470168371701698e-01 1.136434941954123923e-01 1.158921437678007704e-01 1.169738377700881987e-01 1.168881230435397933e-01 1.156407678252803495e-01 1.132376821479083168e-01 1.096869441848708493e-01 1.050070830961914864e-01 9.923769214422674401e-02 9.244849486093577318e-02 8.474469494414293980e-02 7.626860189017273250e-02 7.058830231838726654e-02 6.892684795295736522e-02 6.738568600682033616e-02 6.604629515430436582e-02 7.010134736910079989e-02 7.677217880107545245e-02 8.285153222653286742e-02 8.821311530617703678e-02 9.277601770295268446e-02 9.650438263525284999e-02 9.939601331908018422e-02 1.014637096909563330e-01 1.027161737165252081e-01 1.031460213142409432e-01 1.027304279121241531e-01 1.014457750883164394e-01
7.971177223144394752e-02 8.065830942005144943e-02 8.137941715623688010e-02 8.188416175537109598e-02 8.385612576230584703e-02 9.118837302086482688e-02 9.781051362295985208e-02 1.035740728629707536e-01 1.083530867646958079e-01 1.120569388003505168e-01 1.146325837259440511e-01 1.160566247580731569e-01 1.163221387875798679e-01 1.154267610884174844e-01 1.133670816441279816e-01 1.101410335363934151e-01 1.057564801835001733e-01 1.002421729133550765e-01 9.365728465941690339e-02 8.609739468542343399e-02 7.769692401734175358e-02 7.084688846053950606e-02 6.910141378385124822e-02 6.746852258942984126e-02 6.603893300667777744e-02 6.945751008913811364e-02 7.632218254981427974e-02 8.258908333308086214e-02 8.810752460253723495e-02 9.277790691139826962e-02 9.655499547203545696e-02 9.943838955924683143e-02 1.014535786516188587e-01 1.026303822392029136e-01 1.029866621547609884e-01 1.025235811283481124e-01 1.012348608653201726e-01
7.534356178356631240e-02 7.625720144536671241e-02 7.699468852653884587e-02 7.756833647313261804e-02 8.058231734998361206e-02 8.811361874915346615e-02 9.495169333677211387e-02 1.009521946922241342e-01 1.059935507973771285e-01 1.099877981694608042e-01 1.128816553852674404e-01 1.146482906918062095e-01 1.152744022187497941e-01 1.147487848741149397e-01 1.130572059000694435e-01 1.101852165923618565e-01 1.061271977108428216e-01 1.008979490822611708e-01 9.454311864316947145e-02 8.714633205404712091e-02 7.883291009460256793e-02 7.061049597472693340e-02 6.876569703785832821e-02 6.703503690010469140e-02 6.551897833346061184e-02 6.842258567485040577e-02 7.550566877518960496e-02 8.198521972336673957e-02 8.768370318239041006e-02 9.248095943085885007e-02 9.632108207910927700e-02 9.920477193564566920e-02 1.011701790610681911e-01 1.022689585136430657e-01 1.025457111209740479e-01 1.020277509644539476e-01 1.007286857970755706e-01
7.086822242920570725e-02 7.173242239885174731e-02 7.247809903719115709e-02 7.312022895512342024e-02 7.712616705483553436e-02 8.481796883631236017e-02 9.183524798997319549e-02 9.803857904802487644e-02 1.033121699007745059e-01 1.075723434688368174e-01 1.107670914574857973e-01 1.128672303726882126e-01 1.138535284286943811e-01 1.137056254084552465e-01 1.123973191986743642e-01 1.098998018212947875e-01 1.061912720000976751e-01 1.012694190130914162e-01 9.516317537858630382e-02 8.794153496292150818e-02 7.971909373743790717e-02 7.065911949283194826e-02 6.793482345762243135e-02 6.609468904943109624e-02 6.448963647469459215e-02 6.700551482445098184e-02 7.433352573835977362e-02 8.105340491604344499e-02 8.695895055665656126e-02 9.190810619905749601e-02 9.583326672790112855e-02 9.873541145557539200e-02 1.006647531756517944e-01 1.016945517483802963e-01 1.018964785622239744e-01 1.013250341142449690e-01 1.000154280415549990e-01
6.645611545449933710e-02 6.725930896891961497e-02 6.800835113603606596e-02 6.871988352395372313e-02 7.361092822270269564e-02 8.142110279883522928e-02 8.857697724914939674e-02 9.494454869917133555e-02 1.004148847123440130e-01 1.049100178077832790e-01 1.083806779982366131e-01 1.107965506160638602e-01 1.121332154554698507e-01 1.123612396908174049e-01 1.114417458063216709e-01 1.093300078555657917e-01 1.059856737870942256e-01 1.013863418511220943e-01 9.554101363102961153e-02 8.850112067562562745e-02 8.036845005162285283e-02 7.130031040615654458e-02 6.658772702269383226e-02 6.462210349219597860e-02 6.291885691121971991e-02 6.518117787804780794e-02 7.277905205754792162e-02 7.976558495425642437e-02 8.590503641112472166e-02 9.103296418905089393e-02 9.506959842473637623e-02 9.801550394058208826e-02 9.993199164981995952e-02 1.009128705142753463e-01 1.010560783682562247e-01 1.004431242664514806e-01 9.913151496997230083e-02
