BlockUplift_2Ma_1kryTimeStep_2mmyr_k_0.0001_m_0.5_n_1.0_LinDiffusion_1_6x3km_30mRes_flow__link_to_receiver_node.txt
nrows 100
cellsize 30.0
xllcorner 0.0
ncols 200
yllcorner 0.0
[rows 0 to 16 of 100, columns 148 to 184 of 200]
-1.000000000000000000e+00 -1.000000000000000000e+00 -1.000000000000000000e+00 -1.000000000000000000e+00 -1.000000000000000000e+00 -1.000000000000000000e+00 -1.000000000000000000e+00 -1.000000000000000000e+00 -1.000000000000000000e+00 -1.000000000000000000e+00 -1.000000000000000000e+00 -1.000000000000000000e+00 -1.000000000000000000e+00 -1.000000000000000000e+00 -1.000000000000000000e+00 -1.000000000000000000e+00 -1.000000000000000000e+00 -1.000000000000000000e+00 -1.000000000000000000e+00 -1.000000000000000000e+00 -1.000000000000000000e+00 -1.000000000000000000e+00 -1.000000000000000000e+00 -1.000000000000000000e+00 -1.000000000000000000e+00 -1.000000000000000000e+00 -1.000000000000000000e+00 -1.000000000000000000e+00 -1.000000000000000000e+00 -1.000000000000000000e+00 -1.000000000000000000e+00 -1.000000000000000000e+00 -1.000000000000000000e+00 -1.000000000000000000e+00 -1.000000000000000000e+00 -1.000000000000000000e+00 -1.000000000000000000e+00
3.905000000000000000e+04 7.860200000000000000e+04 7.860400000000000000e+04 7.860600000000000000e+04 7.860800000000000000e+04 7.861000000000000000e+04 3.925500000000000000e+04 3.925600000000000000e+04 3.925700000000000000e+04 3.925800000000000000e+04 3.925900000000000000e+04 3.926000000000000000e+04 3.926100000000000000e+04 3.926200000000000000e+04 3.926300000000000000e+04 3.926400000000000000e+04 3.926500000000000000e+04 3.926600000000000000e+04 3.926700000000000000e+04 3.926800000000000000e+04 7.864000000000000000e+04 7.864200000000000000e+04 7.864700000000000000e+04 7.864900000000000000e+04 3.927400000000000000e+04 3.927500000000000000e+04 3.927600000000000000e+04 3.927700000000000000e+04 3.927800000000000000e+04 3.927900000000000000e+04 3.928000000000000000e+04 3.928100000000000000e+04 3.928200000000000000e+04 3.928300000000000000e+04 3.928400000000000000e+04 3.928500000000000000e+04 3.928600000000000000e+04
3.865100000000000000e+04 3.865200000000000000e+04 7.820600000000000000e+04 7.820800000000000000e+04 7.821000000000000000e+04 7.821200000000000000e+04 7.821400000000000000e+04 7.821600000000000000e+04 7.821800000000000000e+04 7.822000000000000000e+04 7.822200000000000000e+04 7.822400000000000000e+04 7.822600000000000000e+04 7.822800000000000000e+04 7.823000000000000000e+04 7.823200000000000000e+04 7.823400000000000000e+04 7.823600000000000000e+04 7.823800000000000000e+04 7.824000000000000000e+04 7.824200000000000000e+04 7.824400000000000000e+04 7.824900000000000000e+04 7.825100000000000000e+04 7.825300000000000000e+04 7.825500000000000000e+04 7.825700000000000000e+04 3.887800000000000000e+04 3.887900000000000000e+04 3.888000000000000000e+04 3.888100000000000000e+04 3.888200000000000000e+04 3.888300000000000000e+04 3.888400000000000000e+04 7.827300000000000000e+04 7.827500000000000000e+04 7.827700000000000000e+04
3.825200000000000000e+04 3.825300000000000000e+04 3.825400000000000000e+04 7.781000000000000000e+04 7.781200000000000000e+04 7.781400000000000000e+04 7.781600000000000000e+04 7.781800000000000000e+04 7.782000000000000000e+04 7.782200000000000000e+04 7.782400000000000000e+04 7.782600000000000000e+04 7.782800000000000000e+04 7.783000000000000000e+04 7.783200000000000000e+04 7.783400000000000000e+04 7.783600000000000000e+04 7.783800000000000000e+04 7.784000000000000000e+04 7.784200000000000000e+04 7.784400000000000000e+04 3.827300000000000000e+04 3.827400000000000000e+04 7.785300000000000000e+04 7.785500000000000000e+04 7.785700000000000000e+04 7.785900000000000000e+04 7.786100000000000000e+04 7.786300000000000000e+04 7.786500000000000000e+04 7.786700000000000000e+04 7.786900000000000000e+04 7.787100000000000000e+04 7.787300000000000000e+04 7.787500000000000000e+04 7.787700000000000000e+04 7.787900000000000000e+04
3.785300000000000000e+04 3.785400000000000000e+04 3.785500000000000000e+04 7.741200000000000000e+04 7.741400000000000000e+04 7.741600000000000000e+04 7.741800000000000000e+04 7.742000000000000000e+04 7.742200000000000000e+04 7.742400000000000000e+04 7.742600000000000000e+04 7.742800000000000000e+04 7.743000000000000000e+04 7.743200000000000000e+04 7.743400000000000000e+04 7.743600000000000000e+04 7.743800000000000000e+04 7.744000000000000000e+04 7.744200000000000000e+04 7.744400000000000000e+04 7.744600000000000000e+04 3.787400000000000000e+04 3.787500000000000000e+04 7.745500000000000000e+04 7.745700000000000000e+04 7.745900000000000000e+04 7.746100000000000000e+04 7.746300000000000000e+04 7.746500000000000000e+04 7.746700000000000000e+04 7.746900000000000000e+04 7.747100000000000000e+04 7.747300000000000000e+04 7.747500000000000000e+04 7.747700000000000000e+04 7.747900000000000000e+04 7.748100000000000000e+04
3.745400000000000000e+04 3.745500000000000000e+04 3.745600000000000000e+04 3.745700000000000000e+04 7.701600000000000000e+04 7.701800000000000000e+04 7.702000000000000000e+04 7.702200000000000000e+04 7.702400000000000000e+04 7.702600000000000000e+04 7.702800000000000000e+04 7.703000000000000000e+04 7.703200000000000000e+04 7.703400000000000000e+04 7.703600000000000000e+04 7.703800000000000000e+04 7.704000000000000000e+04 7.704200000000000000e+04 7.704400000000000000e+04 7.704600000000000000e+04 7.704800000000000000e+04 3.747500000000000000e+04 3.747600000000000000e+04 3.747700000000000000e+04 7.705900000000000000e+04 7.706100000000000000e+04 7.706300000000000000e+04 7.706500000000000000e+04 7.706700000000000000e+04 7.706900000000000000e+04 7.707100000000000000e+04 7.707300000000000000e+04 7.707500000000000000e+04 7.707700000000000000e+04 7.707900000000000000e+04 7.708100000000000000e+04 7.708300000000000000e+04
3.705500000000000000e+04 3.705600000000000000e+04 3.705700000000000000e+04 3.705800000000000000e+04 7.661800000000000000e+04 7.662000000000000000e+04 7.662200000000000000e+04 7.662400000000000000e+04 7.662600000000000000e+04 7.662800000000000000e+04 7.663000000000000000e+04 7.663200000000000000e+04 7.663400000000000000e+04 7.663600000000000000e+04 7.663800000000000000e+04 7.664000000000000000e+04 7.664200000000000000e+04 7.664400000000000000e+04 7.664600000000000000e+04 7.664800000000000000e+04 7.665000000000000000e+04 3.707600000000000000e+04 3.707700000000000000e+04 3.707800000000000000e+04 7.666100000000000000e+04 7.666300000000000000e+04 7.666500000000000000e+04 7.666700000000000000e+04 7.666900000000000000e+04 7.667100000000000000e+04 7.667300000000000000e+04 7.667500000000000000e+04 7.667700000000000000e+04 7.667900000000000000e+04 7.668100000000000000e+04 7.668300000000000000e+04 7.668500000000000000e+04
3.665600000000000000e+04 3.665700000000000000e+04 3.665800000000000000e+04 3.665900000000000000e+04 7.622000000000000000e+04 7.622200000000000000e+04 7.622400000000000000e+04 7.622600000000000000e+04 7.622800000000000000e+04 7.623000000000000000e+04 7.623200000000000000e+04 7.623400000000000000e+04 7.623600000000000000e+04 7.623800000000000000e+04 7.624000000000000000e+04 7.624200000000000000e+04 7.624400000000000000e+04 7.624600000000000000e+04 7.624800000000000000e+04 7.625000000000000000e+04 7.625200000000000000e+04 3.667700000000000000e+04 3.667800000000000000e+04 3.667900000000000000e+04 7.626300000000000000e+04 7.626500000000000000e+04 7.626700000000000000e+04 7.626900000000000000e+04 7.627100000000000000e+04 7.627300000000000000e+04 7.627500000000000000e+04 7.627700000000000000e+04 7.627900000000000000e+04 7.628100000000000000e+04 7.628300000000000000e+04 7.628500000000000000e+04 7.628700000000000000e+04
3.625700000000000000e+04 3.625800000000000000e+04 3.625900000000000000e+04 3.626000000000000000e+04 3.626100000000000000e+04 7.582400000000000000e+04 7.582600000000000000e+04 7.582800000000000000e+04 7.583000000000000000e+04 7.583200000000000000e+04 7.583400000000000000e+04 7.583600000000000000e+04 7.583800000000000000e+04 7.584000000000000000e+04 7.584200000000000000e+04 7.584400000000000000e+04 7.584600000000000000e+04 7.584800000000000000e+04 7.585000000000000000e+04 7.585200000000000000e+04 7.585400000000000000e+04 3.627800000000000000e+04 3.627900000000000000e+04 3.628000000000000000e+04 7.586500000000000000e+04 7.586700000000000000e+04 7.586900000000000000e+04 7.587100000000000000e+04 7.587300000000000000e+04 7.587500000000000000e+04 7.587700000000000000e+04 7.587900000000000000e+04 7.588100000000000000e+04 7.588300000000000000e+04 7.588500000000000000e+04 7.588700000000000000e+04 7.588900000000000000e+04
3.585800000000000000e+04 3.585900000000000000e+04 3.586000000000000000e+04 3.586100000000000000e+04 3.586200000000000000e+04 7.542600000000000000e+04 7.542800000000000000e+04 7.543000000000000000e+04 7.543200000000000000e+04 7.543400000000000000e+04 7.543600000000000000e+04 7.543800000000000000e+04 7.544000000000000000e+04 7.544200000000000000e+04 7.544400000000000000e+04 7.544600000000000000e+04 7.544800000000000000e+04 7.545000000000000000e+04 7.545200000000000000e+04 7.545400000000000000e+04 7.545600000000000000e+04 3.587900000000000000e+04 3.588000000000000000e+04 3.588100000000000000e+04 7.546700000000000000e+04 7.546900000000000000e+04 7.547100000000000000e+04 7.547300000000000000e+04 7.547500000000000000e+04 7.547700000000000000e+04 7.547900000000000000e+04 7.548100000000000000e+04 7.548300000000000000e+04 7.548500000000000000e+04 7.548700000000000000e+04 7.548900000000000000e+04 7.549100000000000000e+04
3.545900000000000000e+04 3.546000000000000000e+04 3.546100000000000000e+04 3.546200000000000000e+04 3.546300000000000000e+04 7.502800000000000000e+04 7.503000000000000000e+04 7.503200000000000000e+04 7.503400000000000000e+04 7.503600000000000000e+04 7.503800000000000000e+04 7.504000000000000000e+04 7.504200000000000000e+04 7.504400000000000000e+04 7.504600000000000000e+04 7.504800000000000000e+04 7.505000000000000000e+04 7.505200000000000000e+04 7.505400000000000000e+04 7.505600000000000000e+04 7.505800000000000000e+04 3.548000000000000000e+04 3.548100000000000000e+04 3.548200000000000000e+04 3.548300000000000000e+04 7.507100000000000000e+04 7.507300000000000000e+04 7.507500000000000000e+04 7.507700000000000000e+04 7.507900000000000000e+04 7.508100000000000000e+04 7.508300000000000000e+04 7.508500000000000000e+04 7.508700000000000000e+04 7.508900000000000000e+04 7.509100000000000000e+04 7.509300000000000000e+04
3.506000000000000000e+04 3.506100000000000000e+04 3.506200000000000000e+04 3.506300000000000000e+04 3.506400000000000000e+04 7.463000000000000000e+04 7.463200000000000000e+04 7.463400000000000000e+04 7.463600000000000000e+04 7.463800000000000000e+04 7.464000000000000000e+04 7.464200000000000000e+04 7.464400000000000000e+04 7.464600000000000000e+04 7.464800000000000000e+04 7.465000000000000000e+04 7.465200000000000000e+04 7.465400000000000000e+04 7.465600000000000000e+04 7.465800000000000000e+04 7.466000000000000000e+04 3.508100000000000000e+04 3.508200000000000000e+04 3.508300000000000000e+04 3.508400000000000000e+04 7.467300000000000000e+04 7.467500000000000000e+04 7.467700000000000000e+04 7.467900000000000000e+04 7.468100000000000000e+04 7.468300000000000000e+04 7.468500000000000000e+04 7.468700000000000000e+04 7.468900000000000000e+04 7.469100000000000000e+04 7.469300000000000000e+04 7.469500000000000000e+04
3.466100000000000000e+04 3.466200000000000000e+04 3.466300000000000000e+04 3.466400000000000000e+04 7.423000000000000000e+04 7.423200000000000000e+04 7.423400000000000000e+04 7.423600000000000000e+04 7.423800000000000000e+04 7.424000000000000000e+04 7.424200000000000000e+04 7.424400000000000000e+04 7.424600000000000000e+04 7.424800000000000000e+04 7.425000000000000000e+04 7.425200000000000000e+04 7.425400000000000000e+04 7.425600000000000000e+04 7.425800000000000000e+04 7.426000000000000000e+04 7.426200000000000000e+04 3.468200000000000000e+04 3.468300000000000000e+04 3.468400000000000000e+04 3.468500000000000000e+04 7.427500000000000000e+04 7.427700000000000000e+04 7.427900000000000000e+04 7.428100000000000000e+04 7.428300000000000000e+04 7.428500000000000000e+04 7.428700000000000000e+04 7.428900000000000000e+04 7.429100000000000000e+04 7.429300000000000000e+04 7.429500000000000000e+04 7.429700000000000000e+04
3.426200000000000000e+04 3.426300000000000000e+04 3.426400000000000000e+04 3.426500000000000000e+04 7.383200000000000000e+04 7.383400000000000000e+04 7.383600000000000000e+04 7.383800000000000000e+04 7.384000000000000000e+04 7.384200000000000000e+04 7.384400000000000000e+04 7.384600000000000000e+04 7.384800000000000000e+04 7.385000000000000000e+04 7.385200000000000000e+04 7.385400000000000000e+04 7.385600000000000000e+04 7.385800000000000000e+04 7.386000000000000000e+04 7.386200000000000000e+04 7.386400000000000000e+04 3.428300000000000000e+04 3.428400000000000000e+04 3.428500000000000000e+04 3.428600000000000000e+04 7.387700000000000000e+04 7.387900000000000000e+04 7.388100000000000000e+04 7.388300000000000000e+04 7.388500000000000000e+04 7.388700000000000000e+04 7.388900000000000000e+04 7.389100000000000000e+04 7.389300000000000000e+04 7.389500000000000000e+04 7.389700000000000000e+04 7.389900000000000000e+04
3.386300000000000000e+04 3.386400000000000000e+04 3.386500000000000000e+04 3.386600000000000000e+04 7.343400000000000000e+04 7.343600000000000000e+04 7.343800000000000000e+04 7.344000000000000000e+04 7.344200000000000000e+04 7.344400000000000000e+04 7.344600000000000000e+04 7.344800000000000000e+04 7.345000000000000000e+04 7.345200000000000000e+04 7.345400000000000000e+04 7.345600000000000000e+04 7.345800000000000000e+04 7.346000000000000000e+04 7.346200000000000000e+04 7.346400000000000000e+04 7.346600000000000000e+04 3.388400000000000000e+04 3.388500000000000000e+04 3.388600000000000000e+04 3.388700000000000000e+04 7.347900000000000000e+04 7.348100000000000000e+04 7.348300000000000000e+04 7.348500000000000000e+04 7.348700000000000000e+04 7.348900000000000000e+04 7.349100000000000000e+04 7.349300000000000000e+04 7.349500000000000000e+04 7.349700000000000000e+04 7.349900000000000000e+04 7.350100000000000000e+04
3.346400000000000000e+04 3.346500000000000000e+04 3.346600000000000000e+04 3.346700000000000000e+04 7.303600000000000000e+04 7.303800000000000000e+04 7.304000000000000000e+04 7.304200000000000000e+04 7.304400000000000000e+04 7.304600000000000000e+04 7.304800000000000000e+04 7.305000000000000000e+04 7.305200000000000000e+04 7.305400000000000000e+04 7.305600000000000000e+04 7.305800000000000000e+04 7.306000000000000000e+04 7.306200000000000000e+04 7.306400000000000000e+04 7.306600000000000000e+04 7.306800000000000000e+04 7.307000000000000000e+04 3.348600000000000000e+04 3.348700000000000000e+04 3.348800000000000000e+04 7.308100000000000000e+04 7.308300000000000000e+04 7.308500000000000000e+04 7.308700000000000000e+04 7.308900000000000000e+04 7.309100000000000000e+04 7.309300000000000000e+04 7.309500000000000000e+04 7.309700000000000000e+04 7.309900000000000000e+04 7.310100000000000000e+04 7.310300000000000000e+04
3.306500000000000000e+04 3.306600000000000000e+04 3.306700000000000000e+04 3.306800000000000000e+04 7.263800000000000000e+04 7.264000000000000000e+04 7.264200000000000000e+04 7.264400000000000000e+04 7.264600000000000000e+04 7.264800000000000000e+04 7.265000000000000000e+04 7.265200000000000000e+04 7.265400000000000000e+04 7.265600000000000000e+04 7.265800000000000000e+04 7.266000000000000000e+04 7.266200000000000000e+04 7.266400000000000000e+04 7.266600000000000000e+04 7.266800000000000000e+04 7.267000000000000000e+04 7.267200000000000000e+04 3.308700000000000000e+04 3.308800000000000000e+04 3.308900000000000000e+04 7.268300000000000000e+04 7.268500000000000000e+04 7.268700000000000000e+04 7.268900000000000000e+04 7.269100000000000000e+04 7.269300000000000000e+04 7.269500000000000000e+04 7.269700000000000000e+04 7.269900000000000000e+04 7.270100000000000000e+04 7.270300000000000000e+04 7.270500000000000000e+04
