BlockUplift_2Ma_1kryTimeStep_2mmyr_k_5e-05_m_0.5_n_1.0_LinDiffusion_0.25_3x6km_30mRes_topographic__elevation.txt
nrows 200
cellsize 30.0
xllcorner 0.0
ncols 100
yllcorner 0.0
[rows 0 to 16 of 200, columns 0 to 36 of 100]
7.570997077942202705e-04 9.464847769624988279e-04 4.237792989824906438e-05 6.458952867771541699e-04 1.487227683841576555e-04 2.027200527148387168e-04 4.420625476323408526e-04 1.595088439819218845e-04 6.084126654866881239e-04 4.173157947861290255e-04 2.412035870975510771e-04 5.578973482226888721e-04 5.468817468359675645e-04 8.943110160626248188e-04 6.512038232593590596e-04 7.262225603759876920e-04 1.302899978783396233e-04 5.096412085934448393e-04 6.918436149691720854e-04 4.832437373317386418e-04 5.102188913405557259e-04 8.402681846978554518e-04 5.484835176268328897e-04 8.556301646748641502e-04 5.311395434724739718e-04 7.781395985118388968e-04 6.568705200946208444e-04 8.539694782400537821e-04 2.906974407051425980e-04 6.242074356719247473e-04 6.842923542470422636e-04 1.735110767804223244e-04 8.332537879295619275e-04 7.019637427747907853e-04 8.454025365013902778e-04 9.539364575839251329e-04 3.219259278417879711e-04
4.958860154717253162e-04 4.320918204404076164e+02 4.308984957950949024e+02 4.286587044435014491e+02 4.256267109851991108e+02 4.221076680771364522e+02 4.184118553246635770e+02 4.148313079336691089e+02 4.116269868006370416e+02 4.090067631909106467e+02 4.070914224163798281e+02 4.058906600383494379e+02 4.053144262518760570e+02 4.052190732133683468e+02 4.054595821890742400e+02 4.059185818323527428e+02 4.065058624942868164e+02 4.071408943293833431e+02 4.077317530424055576e+02 4.081574913978304266e+02 4.082605764102324883e+02 4.078592422941520113e+02 4.067840700711648765e+02 4.049260298496285486e+02 4.022702845470765851e+02 3.988973763330970428e+02 3.949555816344984578e+02 3.906244489609912875e+02 3.860876754350701958e+02 3.815203112918617876e+02 3.770854751584553242e+02 3.729349758879542946e+02 3.692096074488380850e+02 3.660325425536723287e+02 3.634897631100416220e+02 3.616035672355050110e+02 3.603198241754442392e+02
6.502881005999406011e-05 4.306609185739823147e+02 4.294256512167597180e+02 4.271030135168263655e+02 4.239510333656040189e+02 4.202826131305105832e+02 4.164197367831631595e+02 4.126698056754181039e+02 4.093121842700798538e+02 4.065730780781683507e+02 4.045852893648840336e+02 4.033586056636531794e+02 4.027914129479257781e+02 4.027236955447143032e+02 4.029976901338890798e+02 4.034913843919993610e+02 4.041173765293212909e+02 4.048020485141153699e+02 4.054608805265848446e+02 4.059776123308673732e+02 4.061937965343978476e+02 4.059192537487115828e+02 4.049692700127602052e+02 4.032168188368871711e+02 4.006329218601952107e+02 3.972930530651462959e+02 3.933495704826531210e+02 3.889899759235974557e+02 3.844034156441616119e+02 3.797655743409074489e+02 3.752387784411185976e+02 3.709788078871176253e+02 3.671392160104689992e+02 3.638628144573847294e+02 3.612542097383001192e+02 3.593439770493768606e+02 3.580717565396408872e+02
4.092705047137166108e-04 4.279633132257704915e+02 4.266560519699766587e+02 4.241895997682709663e+02 4.208263166913686177e+02 4.168909436717997892e+02 4.127251830603567555e+02 4.086633682153715199e+02 4.050178879351076944e+02 4.020489608325738118e+02 3.999134862755743711e+02 3.986246382287358188e+02 3.980623770367815837e+02 3.980376273178458177e+02 3.983683902262239371e+02 3.989226509257636053e+02 3.996172429989949819e+02 4.003912745246226450e+02 4.011744677155242016e+02 4.018599093440254251e+02 4.022880262150900421e+02 4.022534448420029207e+02 4.015430495205506531e+02 3.999954039704694537e+02 3.975530582000106961e+02 3.942794824079323917e+02 3.903333734807198425e+02 3.859184217935693368e+02 3.812375369469526163e+02 3.764712760144680601e+02 3.717817574597164025e+02 3.673299164172408382e+02 3.632884370345950629e+02 3.598323112158249160e+02 3.570991185651085402e+02 3.551365021827681403e+02 3.538761332674778259e+02
3.733952122351705716e-04 4.242680083067994588e+02 4.228773746480076738e+02 4.202410202119940550e+02 4.166218266199854838e+02 4.123549937734586024e+02 4.078038909678278401e+02 4.033346490565864428e+02 3.993003869219818966e+02 3.960059265341719197e+02 3.936439544745099965e+02 3.922395670941671142e+02 3.916556252155946822e+02 3.916679702577245052e+02 3.920613615553688192e+02 3.926873602944628487e+02 3.934661913600170351e+02 3.943537095271084354e+02 3.952997206963427743e+02 3.962109538193939215e+02 3.969270877122834804e+02 3.972229839144939660e+02 3.968477167666677019e+02 3.955925253081755386e+02 3.933581426569134010e+02 3.901868249803277990e+02 3.862423768655337994e+02 3.817516311638082698e+02 3.769422548970513844e+02 3.720088051883458320e+02 3.671166666658544386e+02 3.624303720518792602e+02 3.581394378339078912e+02 3.544526670917433648e+02 3.515474659884245057e+02 3.494972109255458577e+02 3.482305983644519074e+02
3.978426562322375805e-04 4.198686847307389485e+02 4.184014047664864506e+02 4.156039569087134851e+02 4.117330225527480820e+02 4.071282501516241155e+02 4.021703499533616650e+02 3.972542752190047395e+02 3.927729126695941773e+02 3.890792654906544499e+02 3.864117076694669777e+02 3.848208829482297233e+02 3.841632705478798471e+02 3.841820600112079660e+02 3.846236002429024552e+02 3.853160850472390848e+02 3.861800581139776227e+02 3.871902338892770672e+02 3.883209672912853989e+02 3.894956366560867309e+02 3.905528183924548102e+02 3.912442911064819100e+02 3.912759619284954624e+02 3.903843192042030523e+02 3.884187032835441755e+02 3.853905167539925856e+02 3.814634060336528592e+02 3.768901159216920291e+02 3.719331758392802953e+02 3.668131511328659826e+02 3.617057844898608323e+02 3.567776520374428628e+02 3.522268348241511262e+02 3.482875148886934085e+02 3.451750974589720613e+02 3.429954169478234576e+02 3.416850463194144254e+02
9.217679544381037317e-04 4.150247006032456056e+02 4.134991252725549771e+02 4.105734475550887623e+02 4.064916588021113739e+02 4.015900876186655069e+02 3.962581537066628243e+02 3.909099086741541100e+02 3.859685866239782968e+02 3.818309039379755063e+02 3.787866740488407231e+02 3.769280633252244570e+02 3.761236916397606365e+02 3.760953134636175719e+02 3.765511821514687085e+02 3.772904378138729271e+02 3.782297811220344670e+02 3.793632430662663637e+02 3.806921056001440888e+02 3.821564839441450090e+02 3.835905854498048484e+02 3.847191026370498435e+02 3.852028005255580183e+02 3.847228637215587810e+02 3.830746770722961401e+02 3.802322387749295558e+02 3.763512322669217269e+02 3.717070059093943541e+02 3.666017266805081931e+02 3.612926074690018368e+02 3.559752359332186984e+02 3.508194383839964985e+02 3.460227246587263039e+02 3.418305021032564355e+02 3.384868751352613003e+02 3.361329484245947583e+02 3.347266824668732852e+02
8.387608860180041084e-04 4.099386276110154768e+02 4.083758766326694740e+02 4.053631348008918280e+02 4.011286138286729397e+02 3.959992586238430476e+02 3.903635383116658772e+02 3.846411032246306831e+02 3.792698455626744476e+02 3.746779067797740481e+02 3.712055143321736637e+02 3.690000875304608030e+02 3.679647539792688917e+02 3.678187455672224360e+02 3.682398035843900743e+02 3.689963745773439427e+02 3.699978955965705154e+02 3.712565496478128466e+02 3.727993847504591827e+02 3.745783529230728277e+02 3.764152063999927691e+02 3.780014508319337097e+02 3.789533370773157799e+02 3.789033419794357087e+02 3.775992175897132483e+02 3.749773110454349876e+02 3.711779995871285109e+02 3.664906270512400965e+02 3.612541899060497030e+02 3.557678498454402529e+02 3.502560010879159336e+02 3.448961644620122229e+02 3.398792906158865321e+02 3.354472633513432243e+02 3.318589749157869733e+02 3.292885709320343040e+02 3.277276931030831975e+02
3.749221543535573601e-04 4.047609438526230861e+02 4.031768611311059658e+02 4.001115897621345425e+02 3.957799668375312763e+02 3.904979555636472242e+02 3.846456805301410213e+02 3.786348237625384741e+02 3.728994189732258633e+02 3.678805319714367101e+02 3.639592519564773170e+02 3.613449566793782424e+02 3.599963978366525339e+02 3.596545798970461760e+02 3.599828314576150774e+02 3.607241083180099963e+02 3.617795243123788964e+02 3.631759207975376853e+02 3.649593398873542469e+02 3.670820941852153396e+02 3.693404593126203395e+02 3.713852633160396977e+02 3.727915996083330015e+02 3.731560416896763854e+02 3.721930157112319080e+02 3.698079693800063410e+02 3.661216452477560779e+02 3.614263705468729313e+02 3.560887541960172484e+02 3.504484753928938972e+02 3.447643996870982050e+02 3.392277409247734568e+02 3.340212624067092406e+02 3.293715163571157518e+02 3.255367202918113776e+02 3.227167082882651243e+02 3.209446401738524628e+02
8.274658215697287995e-04 3.996062632226983737e+02 3.980056532969459226e+02 3.949045989180388005e+02 3.905133428599441459e+02 3.851412790874758230e+02 3.791573896706726714e+02 3.729549115483182504e+02 3.669462632444833048e+02 3.615634478268768248e+02 3.572104219511919609e+02 3.541549755377188262e+02 3.524265239714806626e+02 3.518141493973720344e+02 3.519910613718134300e+02 3.526881903822447839e+02 3.538002132832986035e+02 3.553615513427998280e+02 3.574232533738547772e+02 3.599202166213910914e+02 3.626079646703606727e+02 3.650909711922102474e+02 3.669103164314520882e+02 3.676435310213514640e+02 3.669901670412437511e+02 3.648358629648312785e+02 3.612808306460543122e+02 3.566100253221110279e+02 3.512055195712949285e+02 3.454409849508144816e+02 3.396112653104349874e+02 3.339268228128478881e+02 3.285640860449107663e+02 3.237267442112238882e+02 3.196575912374877930e+02 3.165703173599002298e+02 3.145408617455755689e+02
3.599666800911982306e-04 3.945710242998752619e+02 3.929444575434069407e+02 3.897999016450501131e+02 3.853579953695937661e+02 3.799323489562116265e+02 3.738836831159727581e+02 3.675813629919809387e+02 3.614021310551754596e+02 3.557468210917147644e+02 3.510180210619803916e+02 3.475274423609713494e+02 3.453805249766450061e+02 3.444383973332797382e+02 3.444138636234600312e+02 3.450465910151840490e+02 3.462291271540951811e+02 3.479921937601449144e+02 3.503712088553037347e+02 3.532626674811771181e+02 3.563687325713344762e+02 3.592477562787188958e+02 3.614184212886210616e+02 3.624568415092424516e+02 3.620648515318174532e+02 3.601190729992711113e+02 3.567001151722861323e+02 3.520775740800695530e+02 3.466374007911307444e+02 3.407786777483754008e+02 3.348306007678164065e+02 3.290270898348425703e+02 3.235423594930651916e+02 3.185541988118120571e+02 3.142776712395268532e+02 3.109253714587570698e+02 3.086098126264859616e+02
8.145779429955592741e-04 3.897480630964403190e+02 3.880719144172234678e+02 3.848504553979279876e+02 3.803342938675951928e+02 3.748574078811136019e+02 3.687807358580325854e+02 3.624502863802661068e+02 3.561989556770771514e+02 3.503778475763804749e+02 3.453617301042231702e+02 3.414827688380178188e+02 3.389162095811869904e+02 3.376118603934285147e+02 3.373519198007670639e+02 3.379094436583424681e+02 3.391806770473588699e+02 3.411786358844887559e+02 3.438995915542672606e+02 3.471827241079826649e+02 3.506716777670483225e+02 3.538869604066753141e+02 3.563396683377852696e+02 3.576191031606791739e+02 3.574406545803440167e+02 3.556786626473331125e+02 3.523950091911846130e+02 3.478385436641987098e+02 3.423897893903347267e+02 3.364646099810753981e+02 3.304229207533856538e+02 3.245247914202946617e+02 3.189479442664877524e+02 3.138461018116383912e+02 3.093988959146541333e+02 3.058024514106036236e+02 3.031930412863480342e+02
5.463314897201798246e-04 3.852355207039719289e+02 3.834769116660984878e+02 3.801264136441408823e+02 3.754847312170296618e+02 3.699245868334668330e+02 3.638197181883259645e+02 3.574992673687265778e+02 3.512516994770666656e+02 3.453671909761591792e+02 3.401694027631032782e+02 3.359829086664184956e+02 3.330352613487760323e+02 3.313696668123996574e+02 3.308608171355162426e+02 3.313387581129710497e+02 3.327102468590200601e+02 3.349577062378018582e+02 3.380179401735309739e+02 3.416611229394993074e+02 3.454764234672740031e+02 3.489609879855902363e+02 3.516328944380373400e+02 3.531034223489101578e+02 3.531055441456999233e+02 3.515134881160984719e+02 3.483708338099651769e+02 3.439024155207023909e+02 3.384758794947449019e+02 3.325148445716568517e+02 3.264037825128575605e+02 3.204291900741761197e+02 3.147787738659893648e+02 3.095893070302703904e+02 3.050046254556161784e+02 3.011929901150913906e+02 2.982984925953964535e+02
6.963818555170028747e-04 3.811383185371652189e+02 3.792659723448219893e+02 3.757328302445002350e+02 3.709038734240504596e+02 3.652054320948609529e+02 3.590371882828687831e+02 3.527225783618502533e+02 3.465134821177162507e+02 3.406387645473431576e+02 3.353568698744393259e+02 3.309586553039220576e+02 3.276985072464316886e+02 3.257036476722497014e+02 3.249516822283702595e+02 3.253471440786412359e+02 3.268148461891795478e+02 3.292993494568086703e+02 3.326664303535971499e+02 3.366150917463489236e+02 3.406907185677184202e+02 3.443826110607313922e+02 3.472263172991291640e+02 3.488578654121580485e+02 3.490271739373743003e+02 3.476087925617180190e+02 3.446292076584713300e+02 3.402875466250317800e+02 3.349314503156955993e+02 3.289810412671480435e+02 3.228347088740806043e+02 3.168010519417901492e+02 3.110827668200349763e+02 3.058109249793417916e+02 3.011020996929826765e+02 2.970940588034465009e+02 2.939256081412067942e+02
5.762120059578776290e-04 3.775607791711097434e+02 3.755591585897807363e+02 3.718123784431723493e+02 3.667512516029392486e+02 3.608602232921768405e+02 3.545732297892891438e+02 3.482203894135428186e+02 3.420319488246238961e+02 3.361873515757210384e+02 3.308798468599664488e+02 3.263498717147808748e+02 3.228518973051075704e+02 3.205759784107756900e+02 3.195979246976073682e+02 3.199045342922183863e+02 3.214461467350420776e+02 3.241301433229104418e+02 3.277504887737912327e+02 3.319406213810533472e+02 3.362140848675568918e+02 3.400634274290598000e+02 3.430463007172893413e+02 3.448229231954711054e+02 3.451596675041968751e+02 3.439339276691612213e+02 3.411584617170208276e+02 3.370060548470080448e+02 3.317964561694653867e+02 3.259319326379336417e+02 3.198087226016587579e+02 3.137467026137750850e+02 3.079637292180592567e+02 3.025965719479484619e+02 2.977497784614504326e+02 2.935387106753520357e+02 2.900925266721384332e+02
3.274947719497592748e-04 3.745889022432042452e+02 3.724685063361250741e+02 3.685191080898974860e+02 3.632236341003717826e+02 3.571147335623077197e+02 3.506591484592498773e+02 3.442021806780118709e+02 3.379699028942823134e+02 3.321137055460681040e+02 3.267767244811188334e+02 3.221473436277297537e+02 3.184606108169472805e+02 3.159436627088142018e+02 3.147536063433847175e+02 3.149568496989738264e+02 3.165349887215967897e+02 3.193653406184415644e+02 3.231774222495664048e+02 3.275478383295833282e+02 3.319664177107325145e+02 3.359330674266899450e+02 3.390276865497329482e+02 3.409347888661828847e+02 3.414407592441817201e+02 3.404323304424381718e+02 3.379139083120292071e+02 3.340316635118842896e+02 3.290691636720131328e+02 3.233952692636368624e+02 3.173850585596798055e+02 3.113534173724526681e+02 3.055264987835568604e+02 3.000527317013013544e+02 2.950399886575110031e+02 2.905963497184188782e+02 2.868474511711063428e+02
2.424801260825666378e-04 3.722644106923190748e+02 3.700607350283746655e+02 3.659630470093982808e+02 3.604817322080590429e+02 3.541758187998741505e+02 3.475328806730756810e+02 3.409139274387162004e+02 3.345541228327222143e+02 3.286000074760553389e+02 3.231692197371377802e+02 3.184114470690399799e+02 3.145362619250366834e+02 3.117869622585948832e+02 3.103805079066424923e+02 3.104528073358853248e+02 3.120192650231394964e+02 3.149364947330981863e+02 3.188797153260372852e+02 3.233758019154005865e+02 3.278930347445051439e+02 3.319370570172944213e+02 3.351089247746180604e+02 3.371209944148742466e+02 3.377879572831881205e+02 3.370150658111766120e+02 3.348038496500850556e+02 3.312730703892763131e+02 3.266628418312977260e+02 3.212959558973257117e+02 3.155101029753198532e+02 3.095984945502318055e+02 3.037832523083955039e+02 2.982214240120086401e+02 2.930318526114916153e+02 2.883290536615196515e+02 2.842470612932186214e+02
