BlockTilt_5Ma_1mmyr_m1_n5_k1Minus5_10kyrTimeStep_wLinDiffp005_30mRes_7p5kmBy15km.txt
nrows 250
cellsize 30.0
xllcorner 0.0
ncols 500
yllcorner 0.0
[rows 204 to 220 of 250, columns 259 to 295 of 500]
6.419928388361225871e+02 5.982395518041772675e+02 5.591059043113350526e+02 5.264910441299577997e+02 4.860425013002234209e+02 4.398770485387284452e+02 4.967217655752490373e+02 5.384171686352203778e+02 5.493828706333412129e+02 5.206376963934753803e+02 4.768553099711455729e+02 4.283973799664751141e+02 3.773335775469304281e+02 3.171232701708765944e+02 2.587527957864069776e+02 2.034987464443841816e+02 1.546604291365588892e+02 2.192149530507505801e+02 2.715952130427978659e+02 3.159809277790769215e+02 3.619022736016593740e+02 4.124047831355219955e+02 4.685113258753725631e+02 5.280252542097758806e+02 5.769256021019766649e+02 5.743820488574547198e+02 5.160743251804390184e+02 4.449100320686382588e+02 3.681180411821001712e+02 2.885903933343469703e+02 2.141255865817348649e+02 1.522634344895220408e+02 2.285334550352781946e+02 3.150381616661960038e+02 3.998345287236492709e+02 4.764745524906007859e+02 5.427180918408050729e+02
5.941094484406745551e+02 5.475730640258474295e+02 5.076240259278037570e+02 4.721945906567104316e+02 4.396307264674437647e+02 4.119544591862823495e+02 4.460619670610359435e+02 4.820381442341298452e+02 5.138592264102239824e+02 5.235176441061950072e+02 4.981656140391077656e+02 4.379740136243557345e+02 3.690392984869993143e+02 3.028961963403051527e+02 2.443378928418164833e+02 1.931308908006190848e+02 1.501752597110862837e+02 1.821975808758588471e+02 2.216460464411658222e+02 2.651902971616996183e+02 3.132575710891563290e+02 3.668589061049177644e+02 4.281350985064324846e+02 4.986929750566746407e+02 5.638527313261195104e+02 5.712303167515901805e+02 5.132348110356443840e+02 4.430853903319143683e+02 3.670891224534067305e+02 2.879566225297799633e+02 2.116465851675992837e+02 1.488126098932447974e+02 2.184988324203406762e+02 3.023226728570647879e+02 3.872950064975707392e+02 4.665452585444921851e+02 5.360275595707116736e+02
6.456379333502804911e+02 6.038989648346636159e+02 5.663285643835399696e+02 5.278118817318190850e+02 4.857066596571568198e+02 4.393281985169672907e+02 3.881183246082363780e+02 4.254978361983956461e+02 4.476351777878660414e+02 4.853151594684213137e+02 4.881643527742029391e+02 4.502061943095938545e+02 3.805783320987924299e+02 3.090506301726852030e+02 2.462923845901038646e+02 1.924394847945162326e+02 1.485085634656536797e+02 2.133593426308612493e+02 2.714836364030837785e+02 3.220388745508080888e+02 3.697498594056975776e+02 4.156575677082047378e+02 4.626637986273240131e+02 5.137825408925303918e+02 5.601527444763564745e+02 5.759738175230265824e+02 5.362432465565022994e+02 4.653165356866316529e+02 3.848208594075053384e+02 2.996995555779203073e+02 2.160551702361055675e+02 1.460684599317833090e+02 2.219871435487073938e+02 3.115488253439406776e+02 3.976783157736493877e+02 4.744580049083683093e+02 5.369575905435389132e+02
6.902272849220209991e+02 6.607823389318122054e+02 6.264900852959349322e+02 5.783879551870252271e+02 5.316857988554257872e+02 4.790510188300841037e+02 4.185509058878110409e+02 3.577464971354766021e+02 3.887450023193382549e+02 4.288209305356010645e+02 4.379443537884852731e+02 4.435170891579652448e+02 3.952960527881156167e+02 3.213913265871806288e+02 2.526131660339918312e+02 1.935999007257347841e+02 1.453240105552820864e+02 2.067681269736821719e+02 2.745936092406227544e+02 3.393298513763831465e+02 3.903620624177041805e+02 4.231263138755238060e+02 4.455407516828848316e+02 4.757135866448153365e+02 5.251943829889277140e+02 5.568026085574244917e+02 5.382676269089830612e+02 4.699976279945788065e+02 3.874328849786675164e+02 2.998442422480538312e+02 2.141541910636762793e+02 1.434843569668600765e+02 2.393883535785621461e+02 3.372434050443742990e+02 4.094610058228582830e+02 4.663694565180277891e+02 5.105452758344652580e+02
6.644766987198925108e+02 6.669304940240177757e+02 6.507911665072442702e+02 6.137427410555455936e+02 5.711716483852893589e+02 5.207430111824054393e+02 4.536635016903834412e+02 3.898140327239690919e+02 3.270715792130559976e+02 3.640058835522645495e+02 3.742113442387771443e+02 4.087157574337060169e+02 3.920029728982092934e+02 3.241347113466295582e+02 2.533635172546635204e+02 1.919235797651230371e+02 1.424718929081726913e+02 2.114532119335077880e+02 2.710971652745836309e+02 3.124301831800860896e+02 3.531805644706581120e+02 3.677843886745683335e+02 3.756277549961131399e+02 4.185562688060477399e+02 4.729599379541407984e+02 5.295941958253848725e+02 5.335610061212225901e+02 4.691837411353617995e+02 3.860435676281924202e+02 2.982458968894333680e+02 2.128287586174056685e+02 1.422771321245510308e+02 2.225615093220058895e+02 2.823255199061335361e+02 3.458938821663326166e+02 4.049168394669156328e+02 4.609386658101140597e+02
5.860938125556651812e+02 6.169330391832095302e+02 6.132797608483757585e+02 5.847355806263727800e+02 5.602484723763042211e+02 5.333106747489372310e+02 4.862944324882930118e+02 4.285801089268714463e+02 3.591731281574078594e+02 2.967163193226072622e+02 3.149747702488311347e+02 3.706679742295194728e+02 3.863581352602564039e+02 3.295559544179343447e+02 2.566797093770036327e+02 1.923186869226176441e+02 1.402087954916939907e+02 1.844219661863065483e+02 2.235736540418170932e+02 2.638032643599917151e+02 2.871865645161106499e+02 3.036987553963029427e+02 3.139403312341715946e+02 3.657455571500116775e+02 4.344908930679146124e+02 5.089014156597712599e+02 5.315167482797180583e+02 4.683006899472245550e+02 3.842458447667911514e+02 3.002250018105166305e+02 2.280420249958956731e+02 2.163845103811981119e+02 1.386783742032799864e+02 2.042216072400654809e+02 2.658896106956917151e+02 3.420199625548460745e+02 3.985103528775247810e+02
5.111572273395017874e+02 5.577278049598230609e+02 5.525959458443981021e+02 5.100165271364973023e+02 4.946313090551004166e+02 4.930938444972947536e+02 4.759703895668428117e+02 4.389001861454542563e+02 3.883608321611615679e+02 3.278650705179722991e+02 2.676922693186764377e+02 3.336957493314639009e+02 3.831872779560890763e+02 3.568946224192988552e+02 2.993398721929240764e+02 2.403944524432565402e+02 1.882271489095002721e+02 1.353122048062819260e+02 1.896376995251626170e+02 1.942500042711094750e+02 2.232029825413601429e+02 2.555238852431625105e+02 2.978940008546335889e+02 3.505916361351507931e+02 4.262091233687989416e+02 5.041878669561129414e+02 5.471420929418383139e+02 5.124667628627594240e+02 4.392759173726683457e+02 3.671388742933949629e+02 3.148813688253277974e+02 2.649472940020568217e+02 1.982611552849381837e+02 1.318323830116931106e+02 1.991575529884744071e+02 2.808636963754572093e+02 3.107059772184661597e+02
4.582895977745647542e+02 5.022095532317935067e+02 4.937483132957719931e+02 4.406135949659807807e+02 4.208095947984862732e+02 4.209397538534661862e+02 4.173350352819493310e+02 3.907612206502830645e+02 3.739700098708453311e+02 3.141978681949182146e+02 2.494565367794546091e+02 3.145230150046210724e+02 3.738206247962904172e+02 3.670808163944239482e+02 3.062488687888553045e+02 2.402065770208226070e+02 1.806870696662421949e+02 1.289987143404129881e+02 1.549080107892230842e+02 2.101631905962132407e+02 2.683871459340116985e+02 3.109094215725226036e+02 3.511495345128826102e+02 3.950620734398028731e+02 4.377599400032893868e+02 5.040782313588136958e+02 5.629322503647772464e+02 5.523129964209243781e+02 4.966917636993488259e+02 4.458405603755761035e+02 3.949099846663343669e+02 3.334671621247811117e+02 2.745634766557843136e+02 2.064818704537380256e+02 1.263138523657866017e+02 2.038766474450602573e+02 2.170734666683327987e+02
4.175678414284254814e+02 4.384022540664066128e+02 4.299336979168427320e+02 3.929889927468457813e+02 3.546532413634072896e+02 3.499133386151777358e+02 3.411838108546915578e+02 3.233064952502971323e+02 3.375874620691167820e+02 3.000256917798989775e+02 2.339568417180434778e+02 2.992532089371703137e+02 3.623979286940166276e+02 3.659040568272840801e+02 3.059128089553382210e+02 2.379069669731048293e+02 1.770514297958035854e+02 1.274292957498213639e+02 1.917414818510665953e+02 2.518919892932226503e+02 3.067374614598620610e+02 3.559034027296411864e+02 3.997482159779494850e+02 4.434969696351377593e+02 4.890908027295398597e+02 5.397875259942460389e+02 5.865010308130591739e+02 5.900722940343121081e+02 5.570738446766728202e+02 5.139769490624551054e+02 4.580283811343200568e+02 4.111489093403798165e+02 3.492571872981732781e+02 2.736402678391349923e+02 1.955319204473953505e+02 1.159837200779008128e+02 1.442264013227726878e+02
4.140771578021759751e+02 3.812304855918509929e+02 3.571248547919903444e+02 3.334519178710044685e+02 3.115081350748931186e+02 2.925195916507602760e+02 2.742233076057548828e+02 2.570696391668168417e+02 2.866089042793003614e+02 2.684439265777226638e+02 2.181977504363065350e+02 2.848809393048110792e+02 3.487934021652808383e+02 3.612226573272797623e+02 3.064370770333423479e+02 2.376973306377371102e+02 1.750447947505355444e+02 1.242496437012427748e+02 1.882277967721459788e+02 2.496917868994434286e+02 2.972437690662608816e+02 3.418240086495293326e+02 3.863724509852362416e+02 4.328294004589589576e+02 4.831481815615198911e+02 5.381109733843863978e+02 5.891765572595120375e+02 6.062738161641931356e+02 5.809968660686300836e+02 5.437010608514123078e+02 5.009586567387837022e+02 4.343608134329282393e+02 3.524274044099988714e+02 2.647694763126729072e+02 1.806231171285103869e+02 1.115256628573599187e+02 2.028315607683564679e+02
4.694614990187325247e+02 4.360163528969571871e+02 4.077571969808348626e+02 3.821687396459630008e+02 3.582686423287099160e+02 3.358444569307212646e+02 3.111393409342338714e+02 2.776945463618508825e+02 2.276409609405067442e+02 2.100769496439731938e+02 2.024707750293503636e+02 2.724012590182643407e+02 3.260388534807299266e+02 3.487971398093239372e+02 3.142931730175853318e+02 2.451626864396381507e+02 1.772807808090752530e+02 1.210872698172203741e+02 1.780305769607171555e+02 2.014642274461591853e+02 2.409107725167991134e+02 2.835891705928582951e+02 3.290766604832599000e+02 3.771073748990935428e+02 4.337082390385172630e+02 5.001569190956723219e+02 5.676348092207616673e+02 5.817617890106791947e+02 5.419080506824349186e+02 5.085884285317758895e+02 4.930502024460405437e+02 4.428091302346842326e+02 3.592273127884878932e+02 2.677888828313810450e+02 1.806009954998528997e+02 1.085239871480236644e+02 2.005053472424330039e+02
4.602409708234673076e+02 4.198334875794359391e+02 3.848545592998275424e+02 3.535903646539910028e+02 3.248708593140390235e+02 2.980612524853946752e+02 2.726617877349718810e+02 2.496878079778286974e+02 2.261999238215812227e+02 2.069160707681004396e+02 1.909596746877912210e+02 2.335342380528921922e+02 2.745192362320818802e+02 3.132889066216890228e+02 3.050351865082893141e+02 2.445721764817780866e+02 1.761849394305803287e+02 1.171273962864882350e+02 1.475987227572719291e+02 2.062304728963381137e+02 2.505471823355208016e+02 2.902343123053053091e+02 3.293223395774376741e+02 3.607836328276673612e+02 4.187876208024766811e+02 4.865391661489783814e+02 5.503052835378973668e+02 5.516861899173878783e+02 4.926519316911577562e+02 4.395627232370396769e+02 4.342014738331477588e+02 4.114363040843266504e+02 3.419891514715199605e+02 2.584208697571293669e+02 1.812240921659690684e+02 1.062103326557770941e+02 1.434249474659499697e+02
5.061449288463338689e+02 4.634501087990299766e+02 4.294154625975321551e+02 3.992443405285586664e+02 3.712667012974206386e+02 3.445089249840844445e+02 3.190348525143457437e+02 3.215749197525595378e+02 2.924757360485649542e+02 2.618022958509870364e+02 2.270427724150616768e+02 1.798197352363194739e+02 2.211406102654690926e+02 2.651620168282659051e+02 2.820694658860861068e+02 2.441914593281685200e+02 1.778212188233768529e+02 1.141925577670724579e+02 1.373064307293160198e+02 1.691623227403051999e+02 2.041011200989933627e+02 2.423978794538345198e+02 2.852866073925451360e+02 3.373560455666346911e+02 4.002637739049338848e+02 4.723859181337238624e+02 5.375645590395320141e+02 5.282280115100365947e+02 4.523035550148170501e+02 3.728669061842253427e+02 3.598270978463474421e+02 3.569301126554843790e+02 2.832205822213470015e+02 1.872291762537851696e+02 1.029937763899877581e+02 1.777107642744455802e+02 2.310281597882552092e+02
5.592783022810964439e+02 5.203266999226286771e+02 4.874803722337449017e+02 4.576352533037374997e+02 4.294265727265438954e+02 4.021892363205910215e+02 3.904595811234017333e+02 3.893970515029701573e+02 3.551584008642267349e+02 3.181391128518747564e+02 2.718242285520291261e+02 2.195090425682228670e+02 1.626479716538538582e+02 2.034932015169716522e+02 2.386703177831901712e+02 2.169571352846477907e+02 1.663004806168696632e+02 1.140557991356595977e+02 1.753968037716056756e+02 2.249106330646855554e+02 2.636212603191483481e+02 3.015001342164918583e+02 3.421951577161717637e+02 3.888007029622703499e+02 4.436800048902932758e+02 5.077423800433394376e+02 5.465807665484321660e+02 5.229763864735999732e+02 4.497353671095156642e+02 3.644385223945525354e+02 2.833612000603486649e+02 2.872809515637994764e+02 2.316382659748644812e+02 1.699951350329427271e+02 9.939872527575829508e+01 1.919573248717694867e+02 2.946338455543718737e+02
6.253001903893216422e+02 5.884509042925899394e+02 5.547334189329433229e+02 5.230030283722513786e+02 4.931961072643964030e+02 4.724891446176894760e+02 4.548088422837761300e+02 4.377378906512772119e+02 4.060300032916696296e+02 3.672460852211221436e+02 3.160106105005435211e+02 2.574757669202642205e+02 1.993195437229778975e+02 1.436061968143862657e+02 2.015674557788323398e+02 1.821988435952496559e+02 1.091289335365238884e+02 1.651987698891091156e+02 2.215659908831722475e+02 2.759748630684748036e+02 3.211628729711683263e+02 3.606463000743276552e+02 4.001990596940283922e+02 4.442812708416418559e+02 4.922334453598849109e+02 5.338204425842475302e+02 5.430833074544838155e+02 5.119985370508553046e+02 4.552940766171346922e+02 3.761699238335017412e+02 2.854596443327183692e+02 2.005508016140096004e+02 1.777473923621245149e+02 9.404275650053151026e+01 1.704356463227067024e+02 2.454909350831969164e+02 3.215333174778641592e+02
6.910250677008166349e+02 6.522759015862051228e+02 6.124990201365216080e+02 5.731667256018985199e+02 5.310393306476170210e+02 4.920210479458494888e+02 4.587968948880690618e+02 4.289058210932475390e+02 3.990813476701547415e+02 3.723640787416124454e+02 3.144244801331460621e+02 2.471722966863921727e+02 1.838037912998845798e+02 1.305203538693803580e+02 1.857995954755157868e+02 1.700860783113924413e+02 1.033812948210340465e+02 1.672060038202055523e+02 2.330523397458805732e+02 2.862905896475764393e+02 3.296860272887046222e+02 3.662119738307164312e+02 4.028859114469399856e+02 4.499821749786009377e+02 5.033202235037742867e+02 5.327985254577084788e+02 5.096280923176017836e+02 4.598534945511182741e+02 4.185304609768086266e+02 3.849788575299020295e+02 3.066506129974007990e+02 2.141106841168440269e+02 1.275246416072361058e+02 8.668855843666651140e+01 1.698962080815914248e+02 2.327459809010106540e+02 2.736263513610592213e+02
7.118943491661574399e+02 6.612656830765048426e+02 6.049241296960277623e+02 5.511224555558418388e+02 4.990869469294735268e+02 4.436687165166483737e+02 4.012426032896516972e+02 3.646734489110161803e+02 3.331428734821530497e+02 3.386532326676239677e+02 3.108734116835890404e+02 2.475315866873534958e+02 1.792475388468870960e+02 1.212984040664492795e+02 1.757621698127805701e+02 1.633255304336785514e+02 9.986403744618112910e+01 1.593958636934634114e+02 2.008648075889460358e+02 2.394137514680092238e+02 2.823325460122155732e+02 3.067928654747194628e+02 3.438972103442709454e+02 4.099289887205451350e+02 4.823007563483465674e+02 5.045277992872137247e+02 4.565952193152460268e+02 3.984627541250525269e+02 3.457441531633896261e+02 3.500461419586710576e+02 3.196510148812097896e+02 2.504460269371143681e+02 1.706124897895068955e+02 8.379055194054274125e+01 1.110451262719547287e+02 1.477766094299318240e+02 1.918771917630862731e+02
