BlockUplift_2Ma_1kryTimeStep_2mmyr_k_5e-05_m_0.5_n_1.0_LinDiffusion_0.25_3x6km_30mRes_surface_water__discharge.txt
nrows 200
cellsize 30.0
xllcorner 0.0
ncols 100
yllcorner 0.0
[rows 136 to 152 of 200, columns 0 to 36 of 100]
0.000000000000000000e+00 9.000000000000000000e+02 1.800000000000000000e+03 2.700000000000000000e+03 3.600000000000000000e+03 4.500000000000000000e+03 5.400000000000000000e+03 6.300000000000000000e+03 7.200000000000000000e+03 8.100000000000000000e+03 9.000000000000000000e+03 9.900000000000000000e+03 1.080000000000000000e+04 1.170000000000000000e+04 1.260000000000000000e+04 1.350000000000000000e+04 1.440000000000000000e+04 1.530000000000000000e+04 1.620000000000000000e+04 1.710000000000000000e+04 1.269000000000000000e+05 1.368000000000000000e+05 1.080000000000000000e+04 1.080000000000000000e+04 2.160000000000000000e+04 3.600000000000000000e+03 2.700000000000000000e+03 1.800000000000000000e+03 2.700000000000000000e+03 2.700000000000000000e+03 3.600000000000000000e+03 3.600000000000000000e+03 3.600000000000000000e+03 4.500000000000000000e+03 4.500000000000000000e+03 4.500000000000000000e+03 5.400000000000000000e+03
0.000000000000000000e+00 9.000000000000000000e+02 1.800000000000000000e+03 2.700000000000000000e+03 3.600000000000000000e+03 4.500000000000000000e+03 5.400000000000000000e+03 6.300000000000000000e+03 7.200000000000000000e+03 8.100000000000000000e+03 9.000000000000000000e+03 9.900000000000000000e+03 1.080000000000000000e+04 1.170000000000000000e+04 1.260000000000000000e+04 1.350000000000000000e+04 1.440000000000000000e+04 1.530000000000000000e+04 9.900000000000000000e+04 1.089000000000000000e+05 9.000000000000000000e+03 9.900000000000000000e+03 9.900000000000000000e+03 9.900000000000000000e+03 9.900000000000000000e+03 9.000000000000000000e+02 9.000000000000000000e+02 3.600000000000000000e+03 3.600000000000000000e+03 4.500000000000000000e+03 4.500000000000000000e+03 4.500000000000000000e+03 5.400000000000000000e+03 5.400000000000000000e+03 5.400000000000000000e+03 6.300000000000000000e+03 6.300000000000000000e+03
0.000000000000000000e+00 9.000000000000000000e+02 1.800000000000000000e+03 2.700000000000000000e+03 3.600000000000000000e+03 4.500000000000000000e+03 5.400000000000000000e+03 6.300000000000000000e+03 7.200000000000000000e+03 8.100000000000000000e+03 9.000000000000000000e+03 9.900000000000000000e+03 1.080000000000000000e+04 1.170000000000000000e+04 1.260000000000000000e+04 6.660000000000000000e+04 7.560000000000000000e+04 8.280000000000000000e+04 9.000000000000000000e+03 8.100000000000000000e+03 9.000000000000000000e+03 9.000000000000000000e+03 9.000000000000000000e+03 9.000000000000000000e+03 9.000000000000000000e+03 1.800000000000000000e+04 1.800000000000000000e+03 4.500000000000000000e+03 4.500000000000000000e+03 5.400000000000000000e+03 9.900000000000000000e+03 6.300000000000000000e+03 6.300000000000000000e+03 6.300000000000000000e+03 7.200000000000000000e+03 7.200000000000000000e+03 8.100000000000000000e+03
0.000000000000000000e+00 9.000000000000000000e+02 1.800000000000000000e+03 2.700000000000000000e+03 3.600000000000000000e+03 4.500000000000000000e+03 5.400000000000000000e+03 6.300000000000000000e+03 7.200000000000000000e+03 8.100000000000000000e+03 9.000000000000000000e+03 9.900000000000000000e+03 1.080000000000000000e+04 4.770000000000000000e+04 5.310000000000000000e+04 8.100000000000000000e+03 6.300000000000000000e+03 8.100000000000000000e+03 7.200000000000000000e+03 8.100000000000000000e+03 8.100000000000000000e+03 8.100000000000000000e+03 8.100000000000000000e+03 8.100000000000000000e+03 8.100000000000000000e+03 6.300000000000000000e+03 2.520000000000000000e+04 7.200000000000000000e+03 5.400000000000000000e+03 6.300000000000000000e+03 1.080000000000000000e+04 1.350000000000000000e+04 7.200000000000000000e+03 8.100000000000000000e+03 8.100000000000000000e+03 9.000000000000000000e+03 1.080000000000000000e+04
0.000000000000000000e+00 9.000000000000000000e+02 1.800000000000000000e+03 2.700000000000000000e+03 3.600000000000000000e+03 4.500000000000000000e+03 5.400000000000000000e+03 6.300000000000000000e+03 7.200000000000000000e+03 8.100000000000000000e+03 9.000000000000000000e+03 2.880000000000000000e+04 3.600000000000000000e+04 4.500000000000000000e+03 7.200000000000000000e+03 5.400000000000000000e+03 7.200000000000000000e+03 6.300000000000000000e+03 7.200000000000000000e+03 7.200000000000000000e+03 7.200000000000000000e+03 7.200000000000000000e+03 7.200000000000000000e+03 7.200000000000000000e+03 5.400000000000000000e+03 4.500000000000000000e+03 5.400000000000000000e+03 3.150000000000000000e+04 1.350000000000000000e+04 7.200000000000000000e+03 1.170000000000000000e+04 2.160000000000000000e+04 9.000000000000000000e+03 9.000000000000000000e+03 9.900000000000000000e+03 1.170000000000000000e+04 1.080000000000000000e+04
0.000000000000000000e+00 9.000000000000000000e+02 9.000000000000000000e+02 1.800000000000000000e+03 2.700000000000000000e+03 3.600000000000000000e+03 4.500000000000000000e+03 5.400000000000000000e+03 6.300000000000000000e+03 1.260000000000000000e+04 1.890000000000000000e+04 6.300000000000000000e+03 3.600000000000000000e+03 6.300000000000000000e+03 4.500000000000000000e+03 6.300000000000000000e+03 5.400000000000000000e+03 6.300000000000000000e+03 6.300000000000000000e+03 6.300000000000000000e+03 6.300000000000000000e+03 6.300000000000000000e+03 6.300000000000000000e+03 4.500000000000000000e+03 3.600000000000000000e+03 3.600000000000000000e+03 7.200000000000000000e+03 8.100000000000000000e+03 4.050000000000000000e+04 2.160000000000000000e+04 1.260000000000000000e+04 3.150000000000000000e+04 9.900000000000000000e+03 1.080000000000000000e+04 1.260000000000000000e+04 1.170000000000000000e+04 1.080000000000000000e+04
0.000000000000000000e+00 9.000000000000000000e+02 1.800000000000000000e+03 9.000000000000000000e+02 1.800000000000000000e+03 2.700000000000000000e+03 3.600000000000000000e+03 4.500000000000000000e+03 5.400000000000000000e+03 5.400000000000000000e+03 5.400000000000000000e+03 2.700000000000000000e+03 5.400000000000000000e+03 3.600000000000000000e+03 5.400000000000000000e+03 4.500000000000000000e+03 5.400000000000000000e+03 5.400000000000000000e+03 5.400000000000000000e+03 5.400000000000000000e+03 5.400000000000000000e+03 5.400000000000000000e+03 3.600000000000000000e+03 2.700000000000000000e+03 2.700000000000000000e+03 2.700000000000000000e+03 1.800000000000000000e+03 2.700000000000000000e+03 3.600000000000000000e+03 4.500000000000000000e+04 3.510000000000000000e+04 3.240000000000000000e+04 2.160000000000000000e+04 1.350000000000000000e+04 1.260000000000000000e+04 1.170000000000000000e+04 1.080000000000000000e+04
0.000000000000000000e+00 9.000000000000000000e+02 1.800000000000000000e+03 2.700000000000000000e+03 9.000000000000000000e+02 1.800000000000000000e+03 2.700000000000000000e+03 3.600000000000000000e+03 4.500000000000000000e+03 4.500000000000000000e+03 1.800000000000000000e+03 4.500000000000000000e+03 2.700000000000000000e+03 4.500000000000000000e+03 3.600000000000000000e+03 4.500000000000000000e+03 4.500000000000000000e+03 4.500000000000000000e+03 4.500000000000000000e+03 4.500000000000000000e+03 4.500000000000000000e+03 2.700000000000000000e+03 1.800000000000000000e+03 1.800000000000000000e+03 1.800000000000000000e+03 9.000000000000000000e+02 9.000000000000000000e+02 1.800000000000000000e+03 2.700000000000000000e+03 3.600000000000000000e+03 4.950000000000000000e+04 6.840000000000000000e+04 3.600000000000000000e+04 1.350000000000000000e+04 1.260000000000000000e+04 1.170000000000000000e+04 1.170000000000000000e+04
0.000000000000000000e+00 1.800000000000000000e+03 9.000000000000000000e+02 2.700000000000000000e+03 3.600000000000000000e+03 9.000000000000000000e+02 1.800000000000000000e+03 2.700000000000000000e+03 3.600000000000000000e+03 9.000000000000000000e+02 3.600000000000000000e+03 1.800000000000000000e+03 3.600000000000000000e+03 2.700000000000000000e+03 3.600000000000000000e+03 3.600000000000000000e+03 3.600000000000000000e+03 3.600000000000000000e+03 3.600000000000000000e+03 3.600000000000000000e+03 1.800000000000000000e+03 9.000000000000000000e+02 9.000000000000000000e+02 9.000000000000000000e+02 9.000000000000000000e+02 1.800000000000000000e+03 2.700000000000000000e+03 3.600000000000000000e+03 4.500000000000000000e+03 5.400000000000000000e+03 6.300000000000000000e+03 1.251000000000000000e+05 5.040000000000000000e+04 1.350000000000000000e+04 1.260000000000000000e+04 1.260000000000000000e+04 1.170000000000000000e+04
0.000000000000000000e+00 2.700000000000000000e+03 1.800000000000000000e+03 9.000000000000000000e+02 3.600000000000000000e+03 4.500000000000000000e+03 9.000000000000000000e+02 9.000000000000000000e+02 1.800000000000000000e+03 2.700000000000000000e+03 9.000000000000000000e+02 2.700000000000000000e+03 1.800000000000000000e+03 2.700000000000000000e+03 2.700000000000000000e+03 2.700000000000000000e+03 2.700000000000000000e+03 2.700000000000000000e+03 2.700000000000000000e+03 9.000000000000000000e+02 9.000000000000000000e+02 1.800000000000000000e+03 2.700000000000000000e+03 3.600000000000000000e+03 4.500000000000000000e+03 5.400000000000000000e+03 6.300000000000000000e+03 7.200000000000000000e+03 8.100000000000000000e+03 9.000000000000000000e+03 9.900000000000000000e+03 1.080000000000000000e+04 1.899000000000000000e+05 1.350000000000000000e+04 1.350000000000000000e+04 1.260000000000000000e+04 1.170000000000000000e+04
0.000000000000000000e+00 3.600000000000000000e+03 2.700000000000000000e+03 1.800000000000000000e+03 9.000000000000000000e+02 4.500000000000000000e+03 5.400000000000000000e+03 1.800000000000000000e+03 9.000000000000000000e+02 9.000000000000000000e+02 1.800000000000000000e+03 9.000000000000000000e+02 1.800000000000000000e+03 1.800000000000000000e+03 1.800000000000000000e+03 1.800000000000000000e+03 1.800000000000000000e+03 1.800000000000000000e+03 9.000000000000000000e+02 1.800000000000000000e+03 2.700000000000000000e+03 3.600000000000000000e+03 4.500000000000000000e+03 5.400000000000000000e+03 6.300000000000000000e+03 7.200000000000000000e+03 8.100000000000000000e+03 9.000000000000000000e+03 9.900000000000000000e+03 1.080000000000000000e+04 1.170000000000000000e+04 1.260000000000000000e+04 2.016000000000000000e+05 2.790000000000000000e+04 1.350000000000000000e+04 1.260000000000000000e+04 1.170000000000000000e+04
0.000000000000000000e+00 4.500000000000000000e+03 3.600000000000000000e+03 2.700000000000000000e+03 1.800000000000000000e+03 5.400000000000000000e+03 6.300000000000000000e+03 9.000000000000000000e+02 2.700000000000000000e+03 1.800000000000000000e+03 9.000000000000000000e+02 9.000000000000000000e+02 9.000000000000000000e+02 9.000000000000000000e+02 9.000000000000000000e+02 9.000000000000000000e+02 9.000000000000000000e+02 9.000000000000000000e+02 1.800000000000000000e+03 2.700000000000000000e+03 3.600000000000000000e+03 4.500000000000000000e+03 5.400000000000000000e+03 6.300000000000000000e+03 7.200000000000000000e+03 8.100000000000000000e+03 9.000000000000000000e+03 9.900000000000000000e+03 1.080000000000000000e+04 1.170000000000000000e+04 1.260000000000000000e+04 1.350000000000000000e+04 2.286000000000000000e+05 4.230000000000000000e+04 1.350000000000000000e+04 1.260000000000000000e+04 1.170000000000000000e+04
0.000000000000000000e+00 5.400000000000000000e+03 4.500000000000000000e+03 3.600000000000000000e+03 2.700000000000000000e+03 6.300000000000000000e+03 7.200000000000000000e+03 1.800000000000000000e+03 3.600000000000000000e+03 2.700000000000000000e+03 9.000000000000000000e+02 1.800000000000000000e+03 9.000000000000000000e+02 1.800000000000000000e+03 2.700000000000000000e+03 3.600000000000000000e+03 4.500000000000000000e+03 5.400000000000000000e+03 6.300000000000000000e+03 7.200000000000000000e+03 8.100000000000000000e+03 9.000000000000000000e+03 9.900000000000000000e+03 1.080000000000000000e+04 1.170000000000000000e+04 1.260000000000000000e+04 1.350000000000000000e+04 1.440000000000000000e+04 1.530000000000000000e+04 1.620000000000000000e+04 1.710000000000000000e+04 1.800000000000000000e+04 1.890000000000000000e+04 2.853000000000000000e+05 1.350000000000000000e+04 1.260000000000000000e+04 1.170000000000000000e+04
0.000000000000000000e+00 6.300000000000000000e+03 5.400000000000000000e+03 4.500000000000000000e+03 3.600000000000000000e+03 7.200000000000000000e+03 8.100000000000000000e+03 2.700000000000000000e+03 4.500000000000000000e+03 3.600000000000000000e+03 1.800000000000000000e+03 2.700000000000000000e+03 9.000000000000000000e+02 9.000000000000000000e+02 1.800000000000000000e+03 2.700000000000000000e+03 3.600000000000000000e+03 4.500000000000000000e+03 5.400000000000000000e+03 6.300000000000000000e+03 7.200000000000000000e+03 8.100000000000000000e+03 9.000000000000000000e+03 9.900000000000000000e+03 1.080000000000000000e+04 1.170000000000000000e+04 1.260000000000000000e+04 1.350000000000000000e+04 1.440000000000000000e+04 1.530000000000000000e+04 1.620000000000000000e+04 1.710000000000000000e+04 1.800000000000000000e+04 3.051000000000000000e+05 2.700000000000000000e+04 1.260000000000000000e+04 1.350000000000000000e+04
0.000000000000000000e+00 7.200000000000000000e+03 6.300000000000000000e+03 5.400000000000000000e+03 4.500000000000000000e+03 8.100000000000000000e+03 9.000000000000000000e+03 3.600000000000000000e+03 5.400000000000000000e+03 4.500000000000000000e+03 2.700000000000000000e+03 3.600000000000000000e+03 1.800000000000000000e+03 9.000000000000000000e+02 9.000000000000000000e+02 1.800000000000000000e+03 2.700000000000000000e+03 3.600000000000000000e+03 4.500000000000000000e+03 5.400000000000000000e+03 6.300000000000000000e+03 7.200000000000000000e+03 8.100000000000000000e+03 9.000000000000000000e+03 9.900000000000000000e+03 1.080000000000000000e+04 1.170000000000000000e+04 1.260000000000000000e+04 1.350000000000000000e+04 1.440000000000000000e+04 1.530000000000000000e+04 1.620000000000000000e+04 1.710000000000000000e+04 3.240000000000000000e+05 4.050000000000000000e+04 1.440000000000000000e+04 1.260000000000000000e+04
0.000000000000000000e+00 8.100000000000000000e+03 7.200000000000000000e+03 6.300000000000000000e+03 5.400000000000000000e+03 9.000000000000000000e+03 9.900000000000000000e+03 4.500000000000000000e+03 6.300000000000000000e+03 5.400000000000000000e+03 7.200000000000000000e+03 2.700000000000000000e+03 9.000000000000000000e+02 1.800000000000000000e+03 9.000000000000000000e+02 9.000000000000000000e+02 1.800000000000000000e+03 2.700000000000000000e+03 3.600000000000000000e+03 4.500000000000000000e+03 5.400000000000000000e+03 6.300000000000000000e+03 7.200000000000000000e+03 8.100000000000000000e+03 9.000000000000000000e+03 9.900000000000000000e+03 1.080000000000000000e+04 1.170000000000000000e+04 1.260000000000000000e+04 1.350000000000000000e+04 1.440000000000000000e+04 1.530000000000000000e+04 1.620000000000000000e+04 3.420000000000000000e+04 3.798000000000000000e+05 1.350000000000000000e+04 1.260000000000000000e+04
0.000000000000000000e+00 9.000000000000000000e+03 8.100000000000000000e+03 7.200000000000000000e+03 6.300000000000000000e+03 9.900000000000000000e+03 1.080000000000000000e+04 5.400000000000000000e+03 7.200000000000000000e+03 1.350000000000000000e+04 3.600000000000000000e+03 1.800000000000000000e+03 2.700000000000000000e+03 9.000000000000000000e+02 9.000000000000000000e+02 1.800000000000000000e+03 2.700000000000000000e+03 3.600000000000000000e+03 4.500000000000000000e+03 5.400000000000000000e+03 6.300000000000000000e+03 7.200000000000000000e+03 8.100000000000000000e+03 9.000000000000000000e+03 9.900000000000000000e+03 1.080000000000000000e+04 1.170000000000000000e+04 1.260000000000000000e+04 1.350000000000000000e+04 1.440000000000000000e+04 1.530000000000000000e+04 1.620000000000000000e+04 1.710000000000000000e+04 1.800000000000000000e+04 4.284000000000000000e+05 1.350000000000000000e+04 1.260000000000000000e+04
