BlockUplift_2Ma_1kryTimeStep_2mmyr_k_0.0001_m_0.5_n_1.0_LinDiffusion_0.75_6x3km_30mRes_flow__link_to_receiver_node.txt
nrows 100
cellsize 30.0
xllcorner 0.0
ncols 200
yllcorner 0.0
[rows 51 to 67 of 100, columns 111 to 147 of 200]
1.926200000000000000e+04 1.926300000000000000e+04 1.926400000000000000e+04 1.926500000000000000e+04 1.926600000000000000e+04 1.926700000000000000e+04 1.926800000000000000e+04 1.926900000000000000e+04 1.927000000000000000e+04 1.927100000000000000e+04 1.927200000000000000e+04 1.927300000000000000e+04 5.865000000000000000e+04 5.865500000000000000e+04 1.927700000000000000e+04 1.927800000000000000e+04 1.927900000000000000e+04 1.928000000000000000e+04 1.928100000000000000e+04 1.928200000000000000e+04 1.928300000000000000e+04 1.928400000000000000e+04 1.928500000000000000e+04 1.928600000000000000e+04 1.928700000000000000e+04 1.928800000000000000e+04 1.928900000000000000e+04 1.929000000000000000e+04 1.929100000000000000e+04 1.929200000000000000e+04 1.929300000000000000e+04 1.929400000000000000e+04 1.929500000000000000e+04 5.869500000000000000e+04 5.869700000000000000e+04 5.869900000000000000e+04 1.909900000000000000e+04
1.886300000000000000e+04 1.886400000000000000e+04 1.886500000000000000e+04 1.886600000000000000e+04 1.886700000000000000e+04 1.886800000000000000e+04 1.886900000000000000e+04 1.887000000000000000e+04 1.887100000000000000e+04 1.887200000000000000e+04 1.887300000000000000e+04 1.887400000000000000e+04 5.825200000000000000e+04 5.825700000000000000e+04 1.887800000000000000e+04 1.887900000000000000e+04 1.888000000000000000e+04 1.888100000000000000e+04 1.888200000000000000e+04 1.888300000000000000e+04 1.888400000000000000e+04 1.888500000000000000e+04 1.888600000000000000e+04 1.888700000000000000e+04 1.888800000000000000e+04 1.888900000000000000e+04 1.889000000000000000e+04 1.889100000000000000e+04 1.889200000000000000e+04 1.889300000000000000e+04 1.889400000000000000e+04 1.889500000000000000e+04 5.829500000000000000e+04 5.829700000000000000e+04 5.829900000000000000e+04 5.830100000000000000e+04 1.870000000000000000e+04
1.846400000000000000e+04 1.846500000000000000e+04 1.846600000000000000e+04 1.846700000000000000e+04 1.846800000000000000e+04 1.846900000000000000e+04 1.847000000000000000e+04 1.847100000000000000e+04 1.847200000000000000e+04 1.847300000000000000e+04 1.847400000000000000e+04 5.785200000000000000e+04 5.785400000000000000e+04 5.785900000000000000e+04 5.786100000000000000e+04 1.848000000000000000e+04 1.848100000000000000e+04 1.848200000000000000e+04 1.848300000000000000e+04 1.848400000000000000e+04 1.848500000000000000e+04 1.848600000000000000e+04 1.848700000000000000e+04 1.848800000000000000e+04 1.848900000000000000e+04 1.849000000000000000e+04 1.849100000000000000e+04 1.849200000000000000e+04 1.849300000000000000e+04 1.849400000000000000e+04 1.849500000000000000e+04 1.849600000000000000e+04 5.789700000000000000e+04 5.789900000000000000e+04 5.790100000000000000e+04 5.790300000000000000e+04 1.830100000000000000e+04
1.806500000000000000e+04 1.806600000000000000e+04 1.806700000000000000e+04 1.806800000000000000e+04 1.806900000000000000e+04 1.807000000000000000e+04 1.807100000000000000e+04 1.807200000000000000e+04 1.807300000000000000e+04 1.807400000000000000e+04 5.745200000000000000e+04 5.745400000000000000e+04 5.745600000000000000e+04 1.787900000000000000e+04 5.746300000000000000e+04 1.808100000000000000e+04 1.808200000000000000e+04 1.808300000000000000e+04 1.808400000000000000e+04 1.808500000000000000e+04 1.808600000000000000e+04 1.808700000000000000e+04 1.808800000000000000e+04 1.808900000000000000e+04 1.809000000000000000e+04 1.809100000000000000e+04 1.809200000000000000e+04 1.809300000000000000e+04 1.809400000000000000e+04 1.809500000000000000e+04 1.809600000000000000e+04 1.809700000000000000e+04 5.749900000000000000e+04 5.750100000000000000e+04 5.750300000000000000e+04 5.750500000000000000e+04 1.790200000000000000e+04
1.766600000000000000e+04 1.766700000000000000e+04 1.766800000000000000e+04 1.766900000000000000e+04 1.767000000000000000e+04 1.767100000000000000e+04 1.767200000000000000e+04 1.767300000000000000e+04 5.705000000000000000e+04 5.705200000000000000e+04 5.705400000000000000e+04 5.705600000000000000e+04 5.705800000000000000e+04 1.748000000000000000e+04 5.706500000000000000e+04 5.706700000000000000e+04 1.768300000000000000e+04 1.768400000000000000e+04 1.768500000000000000e+04 1.768600000000000000e+04 1.768700000000000000e+04 1.768800000000000000e+04 1.768900000000000000e+04 1.769000000000000000e+04 1.769100000000000000e+04 1.769200000000000000e+04 1.769300000000000000e+04 1.769400000000000000e+04 1.769500000000000000e+04 1.769600000000000000e+04 1.769700000000000000e+04 1.769800000000000000e+04 5.710100000000000000e+04 5.710300000000000000e+04 5.710500000000000000e+04 5.710700000000000000e+04 1.750300000000000000e+04
1.726700000000000000e+04 1.726800000000000000e+04 1.726900000000000000e+04 1.727000000000000000e+04 1.727100000000000000e+04 1.727200000000000000e+04 5.664800000000000000e+04 5.665000000000000000e+04 5.665200000000000000e+04 5.665400000000000000e+04 5.665600000000000000e+04 5.665800000000000000e+04 5.666000000000000000e+04 1.708100000000000000e+04 5.666700000000000000e+04 5.666900000000000000e+04 5.667100000000000000e+04 1.728500000000000000e+04 1.728600000000000000e+04 1.728700000000000000e+04 1.728800000000000000e+04 1.728900000000000000e+04 1.729000000000000000e+04 1.729100000000000000e+04 1.729200000000000000e+04 1.729300000000000000e+04 1.729400000000000000e+04 1.729500000000000000e+04 1.729600000000000000e+04 1.729700000000000000e+04 1.729800000000000000e+04 1.729900000000000000e+04 5.670300000000000000e+04 5.670500000000000000e+04 5.670700000000000000e+04 5.670900000000000000e+04 1.710400000000000000e+04
5.623800000000000000e+04 5.624000000000000000e+04 5.624200000000000000e+04 5.624400000000000000e+04 5.624600000000000000e+04 5.624800000000000000e+04 5.625000000000000000e+04 5.625200000000000000e+04 5.625400000000000000e+04 5.625600000000000000e+04 5.625800000000000000e+04 5.626000000000000000e+04 5.626200000000000000e+04 1.668200000000000000e+04 1.668300000000000000e+04 5.627100000000000000e+04 5.627300000000000000e+04 1.688600000000000000e+04 1.688700000000000000e+04 1.688800000000000000e+04 1.688900000000000000e+04 1.689000000000000000e+04 1.689100000000000000e+04 1.689200000000000000e+04 1.689300000000000000e+04 1.689400000000000000e+04 1.689500000000000000e+04 1.689600000000000000e+04 1.689700000000000000e+04 1.689800000000000000e+04 1.689900000000000000e+04 1.690000000000000000e+04 5.630500000000000000e+04 5.630700000000000000e+04 5.630900000000000000e+04 5.631100000000000000e+04 1.670500000000000000e+04
5.584000000000000000e+04 5.584200000000000000e+04 5.584400000000000000e+04 5.584600000000000000e+04 5.584800000000000000e+04 5.585000000000000000e+04 5.585200000000000000e+04 5.585400000000000000e+04 5.585600000000000000e+04 5.585800000000000000e+04 5.586000000000000000e+04 5.586200000000000000e+04 5.586400000000000000e+04 1.628300000000000000e+04 1.628400000000000000e+04 5.587300000000000000e+04 5.587500000000000000e+04 5.587700000000000000e+04 1.648800000000000000e+04 1.648900000000000000e+04 1.649000000000000000e+04 1.649100000000000000e+04 1.649200000000000000e+04 1.649300000000000000e+04 1.649400000000000000e+04 1.649500000000000000e+04 1.649600000000000000e+04 1.649700000000000000e+04 1.649800000000000000e+04 1.649900000000000000e+04 1.650000000000000000e+04 5.590500000000000000e+04 5.590700000000000000e+04 5.590900000000000000e+04 5.591100000000000000e+04 5.591300000000000000e+04 1.630600000000000000e+04
5.544200000000000000e+04 5.544400000000000000e+04 5.544600000000000000e+04 5.544800000000000000e+04 5.545000000000000000e+04 5.545200000000000000e+04 5.545400000000000000e+04 5.545600000000000000e+04 5.545800000000000000e+04 5.546000000000000000e+04 5.546200000000000000e+04 5.546400000000000000e+04 5.546600000000000000e+04 1.588400000000000000e+04 1.588500000000000000e+04 5.547500000000000000e+04 5.547700000000000000e+04 5.547900000000000000e+04 5.548100000000000000e+04 1.609000000000000000e+04 1.609100000000000000e+04 1.609200000000000000e+04 1.609300000000000000e+04 1.609400000000000000e+04 1.609500000000000000e+04 1.609600000000000000e+04 1.609700000000000000e+04 1.609800000000000000e+04 1.609900000000000000e+04 1.610000000000000000e+04 1.610100000000000000e+04 5.550700000000000000e+04 5.550900000000000000e+04 5.551100000000000000e+04 5.551300000000000000e+04 5.551500000000000000e+04 1.590700000000000000e+04
5.504400000000000000e+04 5.504600000000000000e+04 5.504800000000000000e+04 5.505000000000000000e+04 5.505200000000000000e+04 5.505400000000000000e+04 5.505600000000000000e+04 5.505800000000000000e+04 5.506000000000000000e+04 5.506200000000000000e+04 5.506400000000000000e+04 5.506600000000000000e+04 5.506800000000000000e+04 1.548500000000000000e+04 1.548600000000000000e+04 1.548700000000000000e+04 5.507900000000000000e+04 5.508100000000000000e+04 5.508300000000000000e+04 5.508500000000000000e+04 5.508700000000000000e+04 1.569300000000000000e+04 1.569400000000000000e+04 1.569500000000000000e+04 1.569600000000000000e+04 1.569700000000000000e+04 1.569800000000000000e+04 1.569900000000000000e+04 1.570000000000000000e+04 1.570100000000000000e+04 1.570200000000000000e+04 5.510900000000000000e+04 5.511100000000000000e+04 5.511300000000000000e+04 5.511500000000000000e+04 5.511700000000000000e+04 1.550800000000000000e+04
5.464600000000000000e+04 5.464800000000000000e+04 5.465000000000000000e+04 5.465200000000000000e+04 5.465400000000000000e+04 5.465600000000000000e+04 5.465800000000000000e+04 5.466000000000000000e+04 5.466200000000000000e+04 5.466400000000000000e+04 5.466600000000000000e+04 5.466800000000000000e+04 5.467000000000000000e+04 1.508600000000000000e+04 1.508700000000000000e+04 1.508800000000000000e+04 5.468100000000000000e+04 5.468300000000000000e+04 5.468500000000000000e+04 5.468700000000000000e+04 5.468900000000000000e+04 5.469100000000000000e+04 5.469300000000000000e+04 1.529600000000000000e+04 1.529700000000000000e+04 1.529800000000000000e+04 1.529900000000000000e+04 1.530000000000000000e+04 1.530100000000000000e+04 1.530200000000000000e+04 5.470900000000000000e+04 5.471100000000000000e+04 5.471300000000000000e+04 5.471500000000000000e+04 5.471700000000000000e+04 5.471900000000000000e+04 1.510900000000000000e+04
5.424800000000000000e+04 5.425000000000000000e+04 5.425200000000000000e+04 5.425400000000000000e+04 5.425600000000000000e+04 5.425800000000000000e+04 5.426000000000000000e+04 5.426200000000000000e+04 5.426400000000000000e+04 5.426600000000000000e+04 5.426800000000000000e+04 5.427000000000000000e+04 5.427200000000000000e+04 1.468700000000000000e+04 1.468800000000000000e+04 1.468900000000000000e+04 1.469000000000000000e+04 5.428500000000000000e+04 5.428700000000000000e+04 5.428900000000000000e+04 5.429100000000000000e+04 5.429300000000000000e+04 5.429500000000000000e+04 5.429700000000000000e+04 5.429900000000000000e+04 5.430100000000000000e+04 5.430300000000000000e+04 5.430500000000000000e+04 5.430700000000000000e+04 5.430900000000000000e+04 5.431100000000000000e+04 5.431300000000000000e+04 5.431500000000000000e+04 5.431700000000000000e+04 5.431900000000000000e+04 5.432100000000000000e+04 1.471000000000000000e+04
5.385000000000000000e+04 5.385200000000000000e+04 5.385400000000000000e+04 5.385600000000000000e+04 5.385800000000000000e+04 5.386000000000000000e+04 5.386200000000000000e+04 5.386400000000000000e+04 5.386600000000000000e+04 5.386800000000000000e+04 5.387000000000000000e+04 5.387200000000000000e+04 5.387400000000000000e+04 1.428800000000000000e+04 1.428900000000000000e+04 1.429000000000000000e+04 1.429100000000000000e+04 5.388700000000000000e+04 5.388900000000000000e+04 5.389100000000000000e+04 5.389300000000000000e+04 5.389500000000000000e+04 5.389700000000000000e+04 5.389900000000000000e+04 5.390100000000000000e+04 5.390300000000000000e+04 5.390500000000000000e+04 5.390700000000000000e+04 5.390900000000000000e+04 5.391100000000000000e+04 5.391300000000000000e+04 5.391500000000000000e+04 5.391700000000000000e+04 5.391900000000000000e+04 5.392100000000000000e+04 5.392300000000000000e+04 1.431100000000000000e+04
5.345200000000000000e+04 5.345400000000000000e+04 5.345600000000000000e+04 5.345800000000000000e+04 5.346000000000000000e+04 5.346200000000000000e+04 5.346400000000000000e+04 5.346600000000000000e+04 5.346800000000000000e+04 5.347000000000000000e+04 5.347200000000000000e+04 5.347400000000000000e+04 5.347600000000000000e+04 1.388900000000000000e+04 1.389000000000000000e+04 1.389100000000000000e+04 1.389200000000000000e+04 5.348900000000000000e+04 5.349100000000000000e+04 5.349300000000000000e+04 5.349500000000000000e+04 5.349700000000000000e+04 5.349900000000000000e+04 5.350100000000000000e+04 5.350300000000000000e+04 5.350500000000000000e+04 5.350700000000000000e+04 5.350900000000000000e+04 5.351100000000000000e+04 5.351300000000000000e+04 5.351500000000000000e+04 5.351700000000000000e+04 5.351900000000000000e+04 5.352100000000000000e+04 5.352300000000000000e+04 5.352500000000000000e+04 1.391200000000000000e+04
5.305400000000000000e+04 5.305600000000000000e+04 5.305800000000000000e+04 5.306000000000000000e+04 5.306200000000000000e+04 5.306400000000000000e+04 5.306600000000000000e+04 5.306800000000000000e+04 5.307000000000000000e+04 5.307200000000000000e+04 5.307400000000000000e+04 5.307600000000000000e+04 5.307800000000000000e+04 1.349000000000000000e+04 1.349100000000000000e+04 1.349200000000000000e+04 1.349300000000000000e+04 1.349400000000000000e+04 5.309300000000000000e+04 5.309500000000000000e+04 5.309700000000000000e+04 5.309900000000000000e+04 5.310100000000000000e+04 5.310300000000000000e+04 5.310500000000000000e+04 5.310700000000000000e+04 5.310900000000000000e+04 5.311100000000000000e+04 5.311300000000000000e+04 5.311500000000000000e+04 5.311700000000000000e+04 5.311900000000000000e+04 5.312100000000000000e+04 5.312300000000000000e+04 5.312500000000000000e+04 5.312700000000000000e+04 1.351300000000000000e+04
5.265600000000000000e+04 5.265800000000000000e+04 5.266000000000000000e+04 5.266200000000000000e+04 5.266400000000000000e+04 5.266600000000000000e+04 5.266800000000000000e+04 5.267000000000000000e+04 5.267200000000000000e+04 5.267400000000000000e+04 5.267600000000000000e+04 5.267800000000000000e+04 1.309000000000000000e+04 1.309100000000000000e+04 1.309200000000000000e+04 1.309300000000000000e+04 1.309400000000000000e+04 1.309500000000000000e+04 5.269500000000000000e+04 5.269700000000000000e+04 5.269900000000000000e+04 5.270100000000000000e+04 5.270300000000000000e+04 5.270500000000000000e+04 5.270700000000000000e+04 5.270900000000000000e+04 5.271100000000000000e+04 5.271300000000000000e+04 5.271500000000000000e+04 5.271700000000000000e+04 5.271900000000000000e+04 5.272100000000000000e+04 5.272300000000000000e+04 5.272500000000000000e+04 5.272700000000000000e+04 5.272900000000000000e+04 1.311400000000000000e+04
5.225800000000000000e+04 5.226000000000000000e+04 5.226200000000000000e+04 5.226400000000000000e+04 5.226600000000000000e+04 5.226800000000000000e+04 5.227000000000000000e+04 5.227200000000000000e+04 5.227400000000000000e+04 5.227600000000000000e+04 5.227800000000000000e+04 5.228000000000000000e+04 1.269100000000000000e+04 1.269200000000000000e+04 1.269300000000000000e+04 1.269400000000000000e+04 1.269500000000000000e+04 1.269600000000000000e+04 1.269700000000000000e+04 5.229900000000000000e+04 5.230100000000000000e+04 5.230300000000000000e+04 5.230500000000000000e+04 5.230700000000000000e+04 5.230900000000000000e+04 5.231100000000000000e+04 5.231300000000000000e+04 5.231500000000000000e+04 5.231700000000000000e+04 5.231900000000000000e+04 5.232100000000000000e+04 5.232300000000000000e+04 5.232500000000000000e+04 5.232700000000000000e+04 5.232900000000000000e+04 5.233100000000000000e+04 1.271500000000000000e+04
