BlockUplift_2Ma_1kryTimeStep_2mmyr_k_1e-05_m_0.5_n_1.0_LinDiffusion_0.5_6x3km_30mRes_flow__link_to_receiver_node.txt
nrows 100
cellsize 30.0
xllcorner 0.0
ncols 200
yllcorner 0.0
[rows 68 to 84 of 100, columns 74 to 110 of 200]
1.224300000000000000e+04 1.224400000000000000e+04 1.224500000000000000e+04 1.224600000000000000e+04 1.224700000000000000e+04 1.224800000000000000e+04 1.224900000000000000e+04 1.225000000000000000e+04 1.225100000000000000e+04 1.225200000000000000e+04 1.225300000000000000e+04 1.225400000000000000e+04 1.225500000000000000e+04 1.225600000000000000e+04 1.225700000000000000e+04 1.225800000000000000e+04 1.225900000000000000e+04 1.226000000000000000e+04 1.226100000000000000e+04 1.226200000000000000e+04 1.226300000000000000e+04 1.226400000000000000e+04 1.226500000000000000e+04 1.226600000000000000e+04 1.226700000000000000e+04 1.226800000000000000e+04 1.226900000000000000e+04 1.227000000000000000e+04 1.227100000000000000e+04 1.227200000000000000e+04 1.227300000000000000e+04 1.227400000000000000e+04 1.227500000000000000e+04 1.227600000000000000e+04 1.227700000000000000e+04 1.227800000000000000e+04 1.227900000000000000e+04
1.184400000000000000e+04 1.184500000000000000e+04 1.184600000000000000e+04 1.184700000000000000e+04 1.184800000000000000e+04 1.184900000000000000e+04 1.185000000000000000e+04 1.185100000000000000e+04 1.185200000000000000e+04 1.185300000000000000e+04 1.185400000000000000e+04 1.185500000000000000e+04 1.185600000000000000e+04 1.185700000000000000e+04 1.185800000000000000e+04 1.185900000000000000e+04 1.186000000000000000e+04 1.186100000000000000e+04 1.186200000000000000e+04 1.186300000000000000e+04 1.186400000000000000e+04 1.186500000000000000e+04 1.186600000000000000e+04 1.186700000000000000e+04 1.186800000000000000e+04 1.186900000000000000e+04 1.187000000000000000e+04 1.187100000000000000e+04 1.187200000000000000e+04 1.187300000000000000e+04 1.187400000000000000e+04 1.187500000000000000e+04 1.187600000000000000e+04 1.187700000000000000e+04 1.187800000000000000e+04 1.187900000000000000e+04 1.188000000000000000e+04
1.144500000000000000e+04 1.144600000000000000e+04 1.144700000000000000e+04 1.144800000000000000e+04 1.144900000000000000e+04 1.145000000000000000e+04 1.145100000000000000e+04 1.145200000000000000e+04 1.145300000000000000e+04 1.145400000000000000e+04 1.145500000000000000e+04 1.145600000000000000e+04 1.145700000000000000e+04 1.145800000000000000e+04 1.145900000000000000e+04 1.146000000000000000e+04 1.146100000000000000e+04 1.146200000000000000e+04 1.146300000000000000e+04 1.146400000000000000e+04 1.146500000000000000e+04 1.146600000000000000e+04 1.146700000000000000e+04 1.146800000000000000e+04 1.146900000000000000e+04 1.147000000000000000e+04 1.147100000000000000e+04 1.147200000000000000e+04 1.147300000000000000e+04 1.147400000000000000e+04 1.147500000000000000e+04 1.147600000000000000e+04 1.147700000000000000e+04 1.147800000000000000e+04 1.147900000000000000e+04 1.148000000000000000e+04 1.148100000000000000e+04
1.104600000000000000e+04 1.104700000000000000e+04 1.104800000000000000e+04 1.104900000000000000e+04 1.105000000000000000e+04 1.105100000000000000e+04 1.105200000000000000e+04 1.105300000000000000e+04 1.105400000000000000e+04 1.105500000000000000e+04 1.105600000000000000e+04 1.105700000000000000e+04 1.105800000000000000e+04 1.105900000000000000e+04 1.106000000000000000e+04 1.106100000000000000e+04 1.106200000000000000e+04 1.106300000000000000e+04 1.106400000000000000e+04 1.106500000000000000e+04 1.106600000000000000e+04 1.106700000000000000e+04 1.106800000000000000e+04 1.106900000000000000e+04 1.107000000000000000e+04 1.107100000000000000e+04 1.107200000000000000e+04 1.107300000000000000e+04 1.107400000000000000e+04 1.107500000000000000e+04 1.107600000000000000e+04 1.107700000000000000e+04 1.107800000000000000e+04 1.107900000000000000e+04 1.108000000000000000e+04 1.108100000000000000e+04 1.108200000000000000e+04
1.064700000000000000e+04 1.064800000000000000e+04 1.064900000000000000e+04 1.065000000000000000e+04 1.065100000000000000e+04 1.065200000000000000e+04 1.065300000000000000e+04 1.065400000000000000e+04 1.065500000000000000e+04 1.065600000000000000e+04 1.065700000000000000e+04 1.065800000000000000e+04 1.065900000000000000e+04 1.066000000000000000e+04 1.066100000000000000e+04 1.066200000000000000e+04 1.066300000000000000e+04 1.066400000000000000e+04 1.066500000000000000e+04 1.066600000000000000e+04 1.066700000000000000e+04 1.066800000000000000e+04 1.066900000000000000e+04 1.067000000000000000e+04 1.067100000000000000e+04 1.067200000000000000e+04 1.067300000000000000e+04 1.067400000000000000e+04 1.067500000000000000e+04 1.067600000000000000e+04 1.067700000000000000e+04 1.067800000000000000e+04 1.067900000000000000e+04 1.068000000000000000e+04 1.068100000000000000e+04 1.068200000000000000e+04 1.068300000000000000e+04
1.024800000000000000e+04 1.024900000000000000e+04 1.025000000000000000e+04 1.025100000000000000e+04 1.025200000000000000e+04 1.025300000000000000e+04 1.025400000000000000e+04 1.025500000000000000e+04 1.025600000000000000e+04 1.025700000000000000e+04 1.025800000000000000e+04 1.025900000000000000e+04 1.026000000000000000e+04 1.026100000000000000e+04 1.026200000000000000e+04 1.026300000000000000e+04 1.026400000000000000e+04 1.026500000000000000e+04 1.026600000000000000e+04 1.026700000000000000e+04 1.026800000000000000e+04 1.026900000000000000e+04 1.027000000000000000e+04 1.027100000000000000e+04 1.027200000000000000e+04 1.027300000000000000e+04 1.027400000000000000e+04 1.027500000000000000e+04 1.027600000000000000e+04 1.027700000000000000e+04 1.027800000000000000e+04 1.027900000000000000e+04 1.028000000000000000e+04 1.028100000000000000e+04 1.028200000000000000e+04 1.028300000000000000e+04 1.028400000000000000e+04
9.849000000000000000e+03 9.850000000000000000e+03 9.851000000000000000e+03 9.852000000000000000e+03 9.853000000000000000e+03 9.854000000000000000e+03 9.855000000000000000e+03 9.856000000000000000e+03 9.857000000000000000e+03 9.858000000000000000e+03 9.859000000000000000e+03 9.860000000000000000e+03 9.861000000000000000e+03 9.862000000000000000e+03 9.863000000000000000e+03 9.864000000000000000e+03 9.865000000000000000e+03 9.866000000000000000e+03 9.867000000000000000e+03 9.868000000000000000e+03 9.869000000000000000e+03 9.870000000000000000e+03 9.871000000000000000e+03 9.872000000000000000e+03 9.873000000000000000e+03 9.874000000000000000e+03 9.875000000000000000e+03 9.876000000000000000e+03 9.877000000000000000e+03 9.878000000000000000e+03 9.879000000000000000e+03 9.880000000000000000e+03 9.881000000000000000e+03 9.882000000000000000e+03 9.883000000000000000e+03 9.884000000000000000e+03 9.885000000000000000e+03
9.450000000000000000e+03 9.451000000000000000e+03 9.452000000000000000e+03 9.453000000000000000e+03 9.454000000000000000e+03 9.455000000000000000e+03 9.456000000000000000e+03 9.457000000000000000e+03 9.458000000000000000e+03 9.459000000000000000e+03 9.460000000000000000e+03 9.461000000000000000e+03 9.462000000000000000e+03 9.463000000000000000e+03 9.464000000000000000e+03 9.465000000000000000e+03 9.466000000000000000e+03 9.467000000000000000e+03 9.468000000000000000e+03 9.469000000000000000e+03 9.470000000000000000e+03 9.471000000000000000e+03 9.472000000000000000e+03 9.473000000000000000e+03 9.474000000000000000e+03 9.475000000000000000e+03 9.476000000000000000e+03 9.477000000000000000e+03 9.478000000000000000e+03 9.479000000000000000e+03 9.480000000000000000e+03 9.481000000000000000e+03 9.482000000000000000e+03 9.483000000000000000e+03 9.484000000000000000e+03 9.485000000000000000e+03 9.486000000000000000e+03
9.051000000000000000e+03 9.052000000000000000e+03 9.053000000000000000e+03 9.054000000000000000e+03 9.055000000000000000e+03 9.056000000000000000e+03 9.057000000000000000e+03 9.058000000000000000e+03 9.059000000000000000e+03 9.060000000000000000e+03 9.061000000000000000e+03 9.062000000000000000e+03 9.063000000000000000e+03 9.064000000000000000e+03 9.065000000000000000e+03 9.066000000000000000e+03 9.067000000000000000e+03 9.068000000000000000e+03 9.069000000000000000e+03 9.070000000000000000e+03 9.071000000000000000e+03 9.072000000000000000e+03 9.073000000000000000e+03 9.074000000000000000e+03 9.075000000000000000e+03 9.076000000000000000e+03 9.077000000000000000e+03 9.078000000000000000e+03 9.079000000000000000e+03 9.080000000000000000e+03 9.081000000000000000e+03 9.082000000000000000e+03 9.083000000000000000e+03 9.084000000000000000e+03 9.085000000000000000e+03 9.086000000000000000e+03 9.087000000000000000e+03
8.652000000000000000e+03 8.653000000000000000e+03 8.654000000000000000e+03 8.655000000000000000e+03 8.656000000000000000e+03 8.657000000000000000e+03 8.658000000000000000e+03 8.659000000000000000e+03 8.660000000000000000e+03 8.661000000000000000e+03 8.662000000000000000e+03 8.663000000000000000e+03 8.664000000000000000e+03 8.665000000000000000e+03 8.666000000000000000e+03 8.667000000000000000e+03 8.668000000000000000e+03 8.669000000000000000e+03 8.670000000000000000e+03 8.671000000000000000e+03 8.672000000000000000e+03 8.673000000000000000e+03 8.674000000000000000e+03 8.675000000000000000e+03 8.676000000000000000e+03 8.677000000000000000e+03 8.678000000000000000e+03 8.679000000000000000e+03 8.680000000000000000e+03 8.681000000000000000e+03 8.682000000000000000e+03 8.683000000000000000e+03 8.684000000000000000e+03 8.685000000000000000e+03 8.686000000000000000e+03 8.687000000000000000e+03 8.688000000000000000e+03
8.253000000000000000e+03 8.254000000000000000e+03 8.255000000000000000e+03 8.256000000000000000e+03 8.257000000000000000e+03 8.258000000000000000e+03 8.259000000000000000e+03 8.260000000000000000e+03 8.261000000000000000e+03 8.262000000000000000e+03 8.263000000000000000e+03 8.264000000000000000e+03 8.265000000000000000e+03 8.266000000000000000e+03 8.267000000000000000e+03 8.268000000000000000e+03 8.269000000000000000e+03 8.270000000000000000e+03 8.271000000000000000e+03 8.272000000000000000e+03 8.273000000000000000e+03 8.274000000000000000e+03 8.275000000000000000e+03 8.276000000000000000e+03 8.277000000000000000e+03 8.278000000000000000e+03 8.279000000000000000e+03 8.280000000000000000e+03 8.281000000000000000e+03 8.282000000000000000e+03 8.283000000000000000e+03 8.284000000000000000e+03 8.285000000000000000e+03 8.286000000000000000e+03 8.287000000000000000e+03 8.288000000000000000e+03 8.289000000000000000e+03
7.854000000000000000e+03 7.855000000000000000e+03 7.856000000000000000e+03 7.857000000000000000e+03 7.858000000000000000e+03 7.859000000000000000e+03 7.860000000000000000e+03 7.861000000000000000e+03 7.862000000000000000e+03 7.863000000000000000e+03 7.864000000000000000e+03 7.865000000000000000e+03 7.866000000000000000e+03 7.867000000000000000e+03 7.868000000000000000e+03 7.869000000000000000e+03 7.870000000000000000e+03 7.871000000000000000e+03 7.872000000000000000e+03 7.873000000000000000e+03 7.874000000000000000e+03 7.875000000000000000e+03 7.876000000000000000e+03 7.877000000000000000e+03 7.878000000000000000e+03 7.879000000000000000e+03 7.880000000000000000e+03 7.881000000000000000e+03 7.882000000000000000e+03 7.883000000000000000e+03 7.884000000000000000e+03 7.885000000000000000e+03 7.886000000000000000e+03 7.887000000000000000e+03 7.888000000000000000e+03 7.889000000000000000e+03 7.890000000000000000e+03
7.455000000000000000e+03 7.456000000000000000e+03 7.457000000000000000e+03 7.458000000000000000e+03 7.459000000000000000e+03 7.460000000000000000e+03 7.461000000000000000e+03 7.462000000000000000e+03 7.463000000000000000e+03 7.464000000000000000e+03 7.465000000000000000e+03 7.466000000000000000e+03 7.467000000000000000e+03 7.468000000000000000e+03 7.469000000000000000e+03 7.470000000000000000e+03 7.471000000000000000e+03 7.472000000000000000e+03 7.473000000000000000e+03 7.474000000000000000e+03 7.475000000000000000e+03 7.476000000000000000e+03 7.477000000000000000e+03 7.478000000000000000e+03 7.479000000000000000e+03 7.480000000000000000e+03 7.481000000000000000e+03 7.482000000000000000e+03 7.483000000000000000e+03 7.484000000000000000e+03 7.485000000000000000e+03 7.486000000000000000e+03 7.487000000000000000e+03 7.488000000000000000e+03 7.489000000000000000e+03 7.490000000000000000e+03 7.491000000000000000e+03
7.056000000000000000e+03 7.057000000000000000e+03 7.058000000000000000e+03 7.059000000000000000e+03 7.060000000000000000e+03 7.061000000000000000e+03 7.062000000000000000e+03 7.063000000000000000e+03 7.064000000000000000e+03 7.065000000000000000e+03 7.066000000000000000e+03 7.067000000000000000e+03 7.068000000000000000e+03 7.069000000000000000e+03 7.070000000000000000e+03 7.071000000000000000e+03 7.072000000000000000e+03 7.073000000000000000e+03 7.074000000000000000e+03 7.075000000000000000e+03 7.076000000000000000e+03 7.077000000000000000e+03 7.078000000000000000e+03 7.079000000000000000e+03 7.080000000000000000e+03 7.081000000000000000e+03 7.082000000000000000e+03 7.083000000000000000e+03 7.084000000000000000e+03 7.085000000000000000e+03 7.086000000000000000e+03 7.087000000000000000e+03 7.088000000000000000e+03 7.089000000000000000e+03 7.090000000000000000e+03 7.091000000000000000e+03 7.092000000000000000e+03
6.657000000000000000e+03 6.658000000000000000e+03 6.659000000000000000e+03 6.660000000000000000e+03 6.661000000000000000e+03 6.662000000000000000e+03 6.663000000000000000e+03 6.664000000000000000e+03 6.665000000000000000e+03 6.666000000000000000e+03 6.667000000000000000e+03 6.668000000000000000e+03 6.669000000000000000e+03 6.670000000000000000e+03 6.671000000000000000e+03 6.672000000000000000e+03 6.673000000000000000e+03 6.674000000000000000e+03 6.675000000000000000e+03 6.676000000000000000e+03 6.677000000000000000e+03 6.678000000000000000e+03 6.679000000000000000e+03 6.680000000000000000e+03 6.681000000000000000e+03 6.682000000000000000e+03 6.683000000000000000e+03 6.684000000000000000e+03 6.685000000000000000e+03 6.686000000000000000e+03 6.687000000000000000e+03 6.688000000000000000e+03 6.689000000000000000e+03 6.690000000000000000e+03 6.691000000000000000e+03 6.692000000000000000e+03 6.693000000000000000e+03
6.258000000000000000e+03 6.259000000000000000e+03 6.260000000000000000e+03 6.261000000000000000e+03 6.262000000000000000e+03 6.263000000000000000e+03 6.264000000000000000e+03 6.265000000000000000e+03 6.266000000000000000e+03 6.267000000000000000e+03 6.268000000000000000e+03 6.269000000000000000e+03 6.270000000000000000e+03 6.271000000000000000e+03 6.272000000000000000e+03 6.273000000000000000e+03 6.274000000000000000e+03 6.275000000000000000e+03 6.276000000000000000e+03 6.277000000000000000e+03 6.278000000000000000e+03 6.279000000000000000e+03 6.280000000000000000e+03 6.281000000000000000e+03 6.282000000000000000e+03 6.283000000000000000e+03 6.284000000000000000e+03 6.285000000000000000e+03 6.286000000000000000e+03 6.287000000000000000e+03 6.288000000000000000e+03 6.289000000000000000e+03 6.290000000000000000e+03 6.291000000000000000e+03 6.292000000000000000e+03 6.293000000000000000e+03 6.294000000000000000e+03
5.859000000000000000e+03 5.860000000000000000e+03 5.861000000000000000e+03 5.862000000000000000e+03 5.863000000000000000e+03 5.864000000000000000e+03 5.865000000000000000e+03 5.866000000000000000e+03 5.867000000000000000e+03 5.868000000000000000e+03 5.869000000000000000e+03 5.870000000000000000e+03 5.871000000000000000e+03 5.872000000000000000e+03 5.873000000000000000e+03 5.874000000000000000e+03 5.875000000000000000e+03 5.876000000000000000e+03 5.877000000000000000e+03 5.878000000000000000e+03 5.879000000000000000e+03 5.880000000000000000e+03 5.881000000000000000e+03 5.882000000000000000e+03 5.883000000000000000e+03 5.884000000000000000e+03 5.885000000000000000e+03 5.886000000000000000e+03 5.887000000000000000e+03 5.888000000000000000e+03 5.889000000000000000e+03 5.890000000000000000e+03 5.891000000000000000e+03 5.892000000000000000e+03 5.893000000000000000e+03 5.894000000000000000e+03 5.895000000000000000e+03
