BlockUplift_2Ma_1kryTimeStep_2mmyr_k_0.0001_m_0.5_n_1.0_LinDiffusion_0.75_6x3km_30mRes_topographic__steepest_slope.txt
nrows 100
cellsize 30.0
xllcorner 0.0
ncols 200
yllcorner 0.0
[rows 0 to 16 of 100, columns 111 to 147 of 200]
0.000000000000000000e+00 0.000000000000000000e+00 0.000000000000000000e+00 0.000000000000000000e+00 0.000000000000000000e+00 0.000000000000000000e+00 0.000000000000000000e+00 0.000000000000000000e+00 0.000000000000000000e+00 0.000000000000000000e+00 0.000000000000000000e+00 0.000000000000000000e+00 0.000000000000000000e+00 0.000000000000000000e+00 0.000000000000000000e+00 0.000000000000000000e+00 0.000000000000000000e+00 0.000000000000000000e+00 0.000000000000000000e+00 0.000000000000000000e+00 0.000000000000000000e+00 0.000000000000000000e+00 0.000000000000000000e+00 0.000000000000000000e+00 0.000000000000000000e+00 0.000000000000000000e+00 0.000000000000000000e+00 0.000000000000000000e+00 0.000000000000000000e+00 0.000000000000000000e+00 0.000000000000000000e+00 0.000000000000000000e+00 0.000000000000000000e+00 0.000000000000000000e+00 0.000000000000000000e+00 0.000000000000000000e+00 0.000000000000000000e+00
8.298403313984357987e-02 9.289795298035295745e-02 1.050872912571681611e-01 1.165374215719130746e-01 1.254864585352190032e-01 1.316679441004718343e-01 1.349839915299412552e-01 1.354010791660016366e-01 1.328556919896963506e-01 1.272046934606142488e-01 1.182369313734397964e-01 1.057427179812464174e-01 8.962078953136748405e-02 6.999095068967070565e-02 5.264326238825398074e-02 3.466964980297722321e-02 4.089858401980597108e-02 5.932373595090013885e-02 7.914229776163210495e-02 9.943485271915998569e-02 1.163456954357911799e-01 1.297105787768657592e-01 1.395703184870474844e-01 1.460486649109952739e-01 1.492374465174767240e-01 1.491275306040089899e-01 1.456126164817722612e-01 1.385722635269000247e-01 1.280137137222842059e-01 1.142253591683906194e-01 1.019903085902734430e-01 9.017332050952629741e-02 7.801765175579630784e-02 6.639692248177422873e-02 5.596737480090039490e-02 4.952222707257949996e-02 4.978158092546702135e-02
1.103599934155152645e-01 1.199604677199586356e-01 1.284261960628578780e-01 1.352863802731091025e-01 1.402451986115972049e-01 1.431720516292628587e-01 1.440409293838186833e-01 1.428523594801804908e-01 1.395708063186356929e-01 1.340995699558903687e-01 1.263003867256793644e-01 1.160510272946805033e-01 1.033238413013862905e-01 8.826245484762776372e-02 7.123328089988251177e-02 5.283357912200505740e-02 5.959780727887445395e-02 7.867141998553749127e-02 9.653012925393922306e-02 1.125582437103851419e-01 1.263636539128163983e-01 1.377708286455486264e-01 1.467666660039645410e-01 1.534175259135557301e-01 1.577835508845843449e-01 1.598581473189720215e-01 1.595553964612780040e-01 1.567557334715967976e-01 1.514013744262457661e-01 1.436116800608535360e-01 1.337726993931669106e-01 1.225538123941707358e-01 1.108232938150130048e-01 9.947056428368099279e-02 9.518820929393996544e-02 9.605337635634707272e-02 9.656387367151259005e-02
1.349876901779222260e-01 1.444866611474640572e-01 1.527209571418779166e-01 1.592282660688904283e-01 1.637355789991951915e-01 1.661412577099241616e-01 1.664451436190205469e-01 1.646641133746898078e-01 1.607681483199973893e-01 1.546587931966665885e-01 1.461951497427874946e-01 1.352579110160371523e-01 1.218320789056246412e-01 1.060845390004522965e-01 8.841350915846406255e-02 7.531866863668786050e-02 7.691861944301769949e-02 9.675560643492973900e-02 1.154755014124987239e-01 1.324229436923158865e-01 1.471697821144113683e-01 1.595141388064585108e-01 1.694298924362309389e-01 1.769830136465297687e-01 1.822403891446206514e-01 1.852004942349187999e-01 1.857718532602435080e-01 1.838134217255421310e-01 1.792312610374561799e-01 1.721022271583190488e-01 1.627763791309038977e-01 1.519059919726434282e-01 1.403673752720437373e-01 1.339322379251484674e-01 1.357737665722690279e-01 1.370288545023280735e-01 1.377791617519449063e-01
1.556880227195576727e-01 1.652988700467840910e-01 1.735302641776710064e-01 1.799168235606270483e-01 1.841985900931727704e-01 1.862961769009584823e-01 1.862314499023311476e-01 1.840355035452034549e-01 1.796819094349171864e-01 1.730676007272460570e-01 1.640448457392502668e-01 1.524920390733696396e-01 1.384014119297773404e-01 1.219585024664393974e-01 1.035905365419960561e-01 9.544369175441716480e-02 9.596830398668317053e-02 1.129280851880914288e-01 1.325408185164684838e-01 1.503957179172575320e-01 1.660272524364884150e-01 1.792080906295923926e-01 1.899021138492139327e-01 1.981794857563550505e-01 2.041191436449896202e-01 2.077299603131811390e-01 2.089200707624685183e-01 2.075324321491672508e-01 2.034436501984674128e-01 1.966967736844411063e-01 1.876165633748908268e-01 1.768496321188766096e-01 1.652900990366782397e-01 1.667084475300536495e-01 1.690222200706159583e-01 1.706337664356605555e-01 1.716162880513006084e-01
1.717574753272014809e-01 1.816619818768753780e-01 1.901021884828408837e-01 1.966005861754937800e-01 2.008996635454701751e-01 2.029321086654968798e-01 2.027332764454342628e-01 2.003418458163447879e-01 1.957297750187725338e-01 1.887848369207795474e-01 1.793479179081201302e-01 1.672902939108744380e-01 1.526065106220427792e-01 1.354962990596235706e-01 1.164126751904565882e-01 1.120817832907088502e-01 1.126665703251452100e-01 1.267743242736678877e-01 1.472716841906649698e-01 1.659836406350435334e-01 1.824049033558967359e-01 1.962818248518122810e-01 2.075694769376922599e-01 2.163457187059704134e-01 2.227073887580154621e-01 2.266818774574721473e-01 2.281871777237874099e-01 2.270623140763768921e-01 2.231676300333299556e-01 2.165254318962952507e-01 2.074463083155750065e-01 1.965783409680569860e-01 1.878379551364711686e-01 1.913055793513895597e-01 1.940138786192297515e-01 1.959554445652543220e-01 1.971702805653308133e-01
1.829921443610836307e-01 1.933182976142300835e-01 2.021356231741429643e-01 2.089500040239530287e-01 2.134971987348859290e-01 2.157102864843051526e-01 2.156261590657883587e-01 2.132804339001391769e-01 2.086347428633507362e-01 2.015607385393834161e-01 1.918821285248783759e-01 1.794578737784940092e-01 1.642800130732909314e-01 1.465582448588201026e-01 1.267683403002100306e-01 1.251194938220085706e-01 1.257179840320418462e-01 1.381063827132354149e-01 1.594511161608129501e-01 1.789454387834555904e-01 1.960401916556562818e-01 2.104525585519978759e-01 2.221283529542789903e-01 2.311560090895733166e-01 2.376571001314039533e-01 2.416885471987132994e-01 2.431930161265770385e-01 2.420229711594756306e-01 2.380401812763951463e-01 2.312611887917698783e-01 2.219915262989949067e-01 2.108816758190714680e-01 2.039132643870345818e-01 2.076673768816874599e-01 2.107013545822780942e-01 2.129533055596425639e-01 2.144060148635711927e-01
1.896238772210420698e-01 2.004385605623799360e-01 2.097445729889461097e-01 2.170321243898614694e-01 2.220241039530951310e-01 2.246427253835992233e-01 2.249128408303650573e-01 2.228536478625053607e-01 2.184048792970678943e-01 2.114127289843265589e-01 2.016762762079457594e-01 1.890360118737884343e-01 1.734762506940635829e-01 1.552125002452600933e-01 1.352801243056755143e-01 1.346803495767138203e-01 1.352324299556357801e-01 1.469077892033190669e-01 1.690466697742427082e-01 1.892406173845580242e-01 2.068905220853135829e-01 2.216797120857698922e-01 2.335430009135185392e-01 2.425818751827089059e-01 2.489502290421139186e-01 2.527474929873261278e-01 2.539586771431057710e-01 2.524700064232104912e-01 2.481642197610537948e-01 2.410666061490362166e-01 2.314831920563696910e-01 2.200612942563894003e-01 2.125335976237579527e-01 2.164499311279807214e-01 2.197445777568854397e-01 2.222855114835359247e-01 2.239787649250369328e-01
1.921954924736425929e-01 2.035104313723302971e-01 2.133596546315433551e-01 2.212235879604153299e-01 2.268098357416159228e-01 2.300204482653665505e-01 2.308549439073761256e-01 2.293018421913577132e-01 2.252659189459834677e-01 2.185569688602814198e-01 2.089405365597915565e-01 1.962312930597483462e-01 1.803997698442678654e-01 1.616627746748875438e-01 1.417342838995182264e-01 1.410078823825472172e-01 1.414346802011171578e-01 1.532497828686109620e-01 1.761255938470716875e-01 1.969426846881022486e-01 2.150443550157438710e-01 2.300742110799276485e-01 2.419535596269835331e-01 2.507990305219155447e-01 2.568043797274188744e-01 2.601247502008737778e-01 2.608054604058478443e-01 2.587867685470225942e-01 2.539909621673829276e-01 2.464641589883767858e-01 2.365143325970406607e-01 2.247747216236669066e-01 2.148191271689758597e-01 2.187823048870181364e-01 2.222663172079705762e-01 2.250608605894550973e-01 2.269836284506254742e-01
1.914118299011987323e-01 2.031970589676721228e-01 2.135951854186400045e-01 2.220862550108345101e-01 2.283637236646113289e-01 2.323031091082691790e-01 2.338673091267536586e-01 2.330009969511896983e-01 2.295612620400575565e-01 2.233102970984661151e-01 2.139704843914050636e-01 2.013222761231965308e-01 1.853151899540074754e-01 1.661618444921054705e-01 1.452867329222859438e-01 1.443480083662261049e-01 1.445484222393436935e-01 1.572050845868344093e-01 1.807645944111781755e-01 2.021434434339643427e-01 2.206193152942888813e-01 2.357902538191387065e-01 2.475615774685140102e-01 2.560667536792583521e-01 2.615458519052845654e-01 2.642210739283666343e-01 2.642134560503420770e-01 2.615344394710348852e-01 2.561608859451732223e-01 2.481680092521060255e-01 2.378633897854691426e-01 2.258519892584461286e-01 2.129787498631566522e-01 2.160057896462404814e-01 2.195948453358937402e-01 2.225851888506516219e-01 2.247050456256118878e-01
1.880013213288170282e-01 2.001993072239224014e-01 2.111137794959622727e-01 2.202354321550545613e-01 2.272475185602577663e-01 2.319960313210532032e-01 2.343993459125886525e-01 2.343480929337523611e-01 2.316412175238634352e-01 2.259834941545220410e-01 2.170449240123777102e-01 2.045627998970370176e-01 1.884570943611990068e-01 1.689290574374888165e-01 1.465187975917307539e-01 1.448612346763354652e-01 1.447143528364146503e-01 1.587857649515483915e-01 1.829825491859653208e-01 2.048786816136834166e-01 2.236796137132492646e-01 2.389336530424850669e-01 2.505287232646843942e-01 2.586165724580365421e-01 2.634880504426448944e-01 2.654400543329983320e-01 2.646797092386837802e-01 2.613010980969479036e-01 2.553451475871628684e-01 2.469198453156984940e-01 2.363270393660431290e-01 2.241282326648754430e-01 2.110967152289543181e-01 2.094431756358413055e-01 2.130440001106866932e-01 2.161516531700347910e-01 2.184151579363155238e-01
1.826124460753215384e-01 1.951477542263433951e-01 2.065157606614596297e-01 2.162286370532741087e-01 2.239652299156148774e-01 2.295424527906410883e-01 2.328306035473649838e-01 2.336606013050197272e-01 2.317668474035680382e-01 2.267899619982782222e-01 2.183401086343538244e-01 2.061027747323753712e-01 1.899587463360488393e-01 1.700884946687186705e-01 1.470359308808244225e-01 1.425861593542966377e-01 1.419637502673500307e-01 1.579258585171690876e-01 1.827191974003692931e-01 2.051010590595037653e-01 2.242014816339414629e-01 2.395182646492821643e-01 2.509227372262441413e-01 2.585864761262207101e-01 2.628531454858417660e-01 2.640971308333733281e-01 2.626154329820202249e-01 2.585889998283462665e-01 2.521257208046532305e-01 2.433653044176850022e-01 2.325965197194236056e-01 2.203232431247627299e-01 2.072285623098859830e-01 2.002294706018972192e-01 2.037570946566518160e-01 2.068972907689802243e-01 2.092404431864669789e-01
1.757562931273478901e-01 1.885391804138086547e-01 2.002712340899295007e-01 2.104953459027522067e-01 2.188926953915891205e-01 2.252547961501956408e-01 2.294051548693297748e-01 2.311148790173445933e-01 2.300528507499075004e-01 2.257933511718013542e-01 2.178823952281075393e-01 2.059464247677000037e-01 1.898169253170136628e-01 1.696418967589484461e-01 1.459580976659369256e-01 1.374636348873271574e-01 1.362545137829992425e-01 1.545177615517771552e-01 1.798705262924989168e-01 2.027130842792561616e-01 2.221019940749195953e-01 2.374885006656066166e-01 2.487312184175857199e-01 2.560236511160995376e-01 2.597619774058156916e-01 2.603958812728100480e-01 2.583091979870083543e-01 2.537665528565513640e-01 2.469391983809194335e-01 2.379933222835910744e-01 2.271963093867646055e-01 2.149826733331265949e-01 2.019318877455590910e-01 1.892167350073198917e-01 1.926206716781924400e-01 1.957262757955381405e-01 1.980929006020071825e-01
1.677949503866211500e-01 1.807209523295936759e-01 1.927018133945651857e-01 2.033179920242590977e-01 2.122599448494324748e-01 2.193002492632681877e-01 2.242216902808483736e-01 2.267413654208924600e-01 2.264677664197162488e-01 2.229121702439814390e-01 2.155564591110047945e-01 2.039634629970840940e-01 1.879059226253971260e-01 1.674861083688568841e-01 1.432188361864885906e-01 1.294173331988474618e-01 1.275606767033195810e-01 1.484956292638889841e-01 1.743739678532302828e-01 1.976536595800096607e-01 2.173256056812573334e-01 2.328035867108163570e-01 2.439406915032278633e-01 2.509552850664848456e-01 2.542939507540774025e-01 2.544753280176060284e-01 2.519613105345416271e-01 2.470908533193134360e-01 2.400897683332137433e-01 2.311425339634088638e-01 2.204869883595100000e-01 2.084798125072333252e-01 1.955889632781636356e-01 1.823006440643077930e-01 1.802419407497675707e-01 1.832888173622942984e-01 1.856509557199160498e-01
1.589674707709957113e-01 1.719174972481697095e-01 1.840087148606439627e-01 1.948633121149548897e-01 2.041875550477696422e-01 2.117435773768032159e-01 2.172835663614457180e-01 2.204817585718805983e-01 2.208972449102799274e-01 2.179873447333555425e-01 2.111748580796993513e-01 1.999583196220981740e-01 1.840445021088150390e-01 1.634767016925423588e-01 1.387303514348453282e-01 1.184721192925015515e-01 1.159911475183415946e-01 1.399422537671500821e-01 1.663178343896983546e-01 1.900108695587305607e-01 2.099598705242157470e-01 2.255546111040319934e-01 2.366524977852377809e-01 2.435004038319917297e-01 2.465920637448527630e-01 2.465060545991084873e-01 2.437699077231788025e-01 2.387837570392258024e-01 2.318162086821772827e-01 2.230607012735519867e-01 2.127186626726740859e-01 2.010641392918967041e-01 1.884507828760754733e-01 1.752481809442488214e-01 1.669786965466793505e-01 1.700022967583682543e-01 1.723747595295681834e-01
1.494403702229488151e-01 1.622860561985292605e-01 1.743346826477591149e-01 1.852517018620268296e-01 1.947647053130268091e-01 2.026347726372211000e-01 2.085962179260086868e-01 2.122953965528933395e-01 2.132575604058921659e-01 2.109000570066863478e-01 2.045966685356482573e-01 1.937856843830961240e-01 1.781045773617019601e-01 1.575266777940837748e-01 1.324703329246251782e-01 1.048785783135883776e-01 1.019021820616103496e-01 1.291837235464313449e-01 1.560363650034407579e-01 1.801194241090024184e-01 2.003361735931743770e-01 2.160683809910532716e-01 2.271887813509921028e-01 2.339764796775684608e-01 2.369684584517936787e-01 2.367931502704183067e-01 2.340300965175805548e-01 2.291264472793316798e-01 2.223814925325307001e-01 2.139891517268314447e-01 2.041099689181778420e-01 1.929343310168049885e-01 1.807031152774872251e-01 1.676727011110567822e-01 1.540420057680245980e-01 1.561029128660815501e-01 1.585450429681695139e-01
1.393669755992449910e-01 1.519838295703723752e-01 1.638395313476471993e-01 1.746419032420967465e-01 1.841437028526411446e-01 1.921137836547423539e-01 1.982818606141611151e-01 2.022828914945582757e-01 2.036262003813923971e-01 2.017063594252922754e-01 1.958623208042538644e-01 1.854810994798261614e-01 1.701327731072847793e-01 1.497143566009278004e-01 1.245722650297284295e-01 9.556966785678687459e-02 8.815307923635230802e-02 1.168346709177593701e-01 1.441512529147238320e-01 1.686012177233857934e-01 1.890714530560166917e-01 2.049519015159786128e-01 2.161408762885757839e-01 2.229524921141453619e-01 2.259625473175939092e-01 2.258394064341619489e-01 2.232018209526711039e-01 2.185311675883462867e-01 2.121471857582652720e-01 2.042382634976535882e-01 1.949227261165919767e-01 1.843098944371248382e-01 1.725328151795025855e-01 1.597401019866779293e-01 1.460578003016757831e-01 1.417169495752811370e-01 1.443184220770935555e-01
