BlockUplift_2Ma_1kryTimeStep_2mmyr_k_5e-05_m_0.5_n_1.0_LinDiffusion_0.75_6x3km_30mRes_flow__link_to_receiver_node.txt
nrows 100
cellsize 30.0
xllcorner 0.0
ncols 200
yllcorner 0.0
[rows 68 to 84 of 100, columns 148 to 184 of 200]
1.231700000000000000e+04 1.231800000000000000e+04 1.231900000000000000e+04 1.232000000000000000e+04 5.194500000000000000e+04 5.194700000000000000e+04 5.194900000000000000e+04 5.195100000000000000e+04 5.195300000000000000e+04 5.195500000000000000e+04 5.195700000000000000e+04 5.195900000000000000e+04 5.196100000000000000e+04 5.196300000000000000e+04 5.196500000000000000e+04 5.196700000000000000e+04 5.196900000000000000e+04 5.197100000000000000e+04 5.197300000000000000e+04 5.197500000000000000e+04 5.197700000000000000e+04 5.197900000000000000e+04 5.198100000000000000e+04 1.234000000000000000e+04 1.234100000000000000e+04 5.198400000000000000e+04 5.198600000000000000e+04 5.198800000000000000e+04 5.199000000000000000e+04 5.199200000000000000e+04 5.199400000000000000e+04 5.199600000000000000e+04 5.199800000000000000e+04 5.200000000000000000e+04 5.200200000000000000e+04 5.200400000000000000e+04 5.200600000000000000e+04
1.191800000000000000e+04 1.191900000000000000e+04 1.192000000000000000e+04 1.192100000000000000e+04 5.154700000000000000e+04 5.154900000000000000e+04 5.155100000000000000e+04 5.155300000000000000e+04 5.155500000000000000e+04 5.155700000000000000e+04 5.155900000000000000e+04 5.156100000000000000e+04 5.156300000000000000e+04 1.213100000000000000e+04 1.213200000000000000e+04 1.213300000000000000e+04 1.213400000000000000e+04 1.213500000000000000e+04 5.157500000000000000e+04 5.157700000000000000e+04 5.157900000000000000e+04 5.158100000000000000e+04 5.158300000000000000e+04 1.194100000000000000e+04 1.194200000000000000e+04 5.158600000000000000e+04 5.158800000000000000e+04 5.159000000000000000e+04 5.159200000000000000e+04 5.159400000000000000e+04 1.214700000000000000e+04 1.214800000000000000e+04 1.214900000000000000e+04 1.215000000000000000e+04 1.215100000000000000e+04 5.160600000000000000e+04 5.160800000000000000e+04
1.151900000000000000e+04 1.152000000000000000e+04 1.152100000000000000e+04 1.152200000000000000e+04 1.152300000000000000e+04 5.115100000000000000e+04 5.115300000000000000e+04 5.115500000000000000e+04 5.115700000000000000e+04 5.115900000000000000e+04 5.116100000000000000e+04 5.116300000000000000e+04 1.173100000000000000e+04 1.173200000000000000e+04 1.173300000000000000e+04 1.173400000000000000e+04 1.173500000000000000e+04 1.173600000000000000e+04 1.173700000000000000e+04 1.173800000000000000e+04 5.118100000000000000e+04 5.118300000000000000e+04 5.118500000000000000e+04 1.154200000000000000e+04 1.154300000000000000e+04 5.118800000000000000e+04 5.119000000000000000e+04 5.119200000000000000e+04 1.174600000000000000e+04 1.174700000000000000e+04 1.174800000000000000e+04 1.174900000000000000e+04 1.175000000000000000e+04 1.175100000000000000e+04 1.175200000000000000e+04 1.175300000000000000e+04 5.121000000000000000e+04
1.112000000000000000e+04 1.112100000000000000e+04 1.112200000000000000e+04 1.112300000000000000e+04 1.112400000000000000e+04 5.075300000000000000e+04 5.075500000000000000e+04 5.075700000000000000e+04 5.075900000000000000e+04 5.076100000000000000e+04 5.076300000000000000e+04 5.076500000000000000e+04 1.133200000000000000e+04 1.133300000000000000e+04 1.133400000000000000e+04 1.133500000000000000e+04 1.133600000000000000e+04 1.133700000000000000e+04 1.133800000000000000e+04 1.133900000000000000e+04 1.134000000000000000e+04 5.078500000000000000e+04 5.078700000000000000e+04 1.114300000000000000e+04 1.114400000000000000e+04 5.079000000000000000e+04 5.079200000000000000e+04 1.134600000000000000e+04 1.134700000000000000e+04 1.134800000000000000e+04 1.134900000000000000e+04 1.135000000000000000e+04 1.135100000000000000e+04 1.135200000000000000e+04 1.135300000000000000e+04 1.135400000000000000e+04 5.081200000000000000e+04
1.072100000000000000e+04 1.072200000000000000e+04 1.072300000000000000e+04 1.072400000000000000e+04 1.072500000000000000e+04 1.072600000000000000e+04 5.035700000000000000e+04 5.035900000000000000e+04 5.036100000000000000e+04 5.036300000000000000e+04 5.036500000000000000e+04 5.036700000000000000e+04 1.093300000000000000e+04 1.093400000000000000e+04 1.093500000000000000e+04 1.093600000000000000e+04 1.093700000000000000e+04 1.093800000000000000e+04 1.093900000000000000e+04 1.094000000000000000e+04 1.094100000000000000e+04 5.038700000000000000e+04 5.038900000000000000e+04 1.074400000000000000e+04 1.074500000000000000e+04 5.039200000000000000e+04 5.039400000000000000e+04 1.094700000000000000e+04 1.094800000000000000e+04 1.094900000000000000e+04 1.095000000000000000e+04 1.095100000000000000e+04 1.095200000000000000e+04 1.095300000000000000e+04 1.095400000000000000e+04 1.095500000000000000e+04 5.041400000000000000e+04
1.032200000000000000e+04 1.032300000000000000e+04 1.032400000000000000e+04 1.032500000000000000e+04 1.032600000000000000e+04 1.032700000000000000e+04 1.032800000000000000e+04 4.996100000000000000e+04 4.996300000000000000e+04 4.996500000000000000e+04 4.996700000000000000e+04 4.996900000000000000e+04 4.997100000000000000e+04 1.053500000000000000e+04 1.053600000000000000e+04 1.053700000000000000e+04 1.053800000000000000e+04 1.053900000000000000e+04 1.054000000000000000e+04 1.054100000000000000e+04 1.054200000000000000e+04 1.054300000000000000e+04 4.999100000000000000e+04 1.034500000000000000e+04 1.034600000000000000e+04 4.999400000000000000e+04 1.054700000000000000e+04 1.054800000000000000e+04 1.054900000000000000e+04 1.055000000000000000e+04 1.055100000000000000e+04 1.055200000000000000e+04 1.055300000000000000e+04 1.055400000000000000e+04 1.055500000000000000e+04 5.001400000000000000e+04 5.001600000000000000e+04
9.923000000000000000e+03 9.924000000000000000e+03 9.925000000000000000e+03 9.926000000000000000e+03 9.927000000000000000e+03 9.928000000000000000e+03 9.929000000000000000e+03 4.956300000000000000e+04 4.956500000000000000e+04 4.956700000000000000e+04 4.956900000000000000e+04 4.957100000000000000e+04 4.957300000000000000e+04 1.013600000000000000e+04 1.013700000000000000e+04 1.013800000000000000e+04 1.013900000000000000e+04 1.014000000000000000e+04 1.014100000000000000e+04 1.014200000000000000e+04 1.014300000000000000e+04 1.014400000000000000e+04 4.959300000000000000e+04 9.946000000000000000e+03 9.947000000000000000e+03 4.959600000000000000e+04 1.014800000000000000e+04 1.014900000000000000e+04 1.015000000000000000e+04 1.015100000000000000e+04 1.015200000000000000e+04 1.015300000000000000e+04 1.015400000000000000e+04 1.015500000000000000e+04 1.015600000000000000e+04 4.961600000000000000e+04 4.961800000000000000e+04
9.524000000000000000e+03 9.525000000000000000e+03 9.526000000000000000e+03 9.527000000000000000e+03 9.528000000000000000e+03 9.529000000000000000e+03 9.530000000000000000e+03 9.531000000000000000e+03 4.916700000000000000e+04 4.916900000000000000e+04 4.917100000000000000e+04 4.917300000000000000e+04 4.917500000000000000e+04 4.917700000000000000e+04 9.738000000000000000e+03 9.739000000000000000e+03 9.740000000000000000e+03 9.741000000000000000e+03 9.742000000000000000e+03 9.743000000000000000e+03 9.744000000000000000e+03 9.745000000000000000e+03 4.919500000000000000e+04 9.547000000000000000e+03 9.548000000000000000e+03 4.919800000000000000e+04 9.749000000000000000e+03 9.750000000000000000e+03 9.751000000000000000e+03 9.752000000000000000e+03 9.753000000000000000e+03 9.754000000000000000e+03 9.755000000000000000e+03 9.756000000000000000e+03 4.921600000000000000e+04 4.921800000000000000e+04 4.922000000000000000e+04
9.125000000000000000e+03 9.126000000000000000e+03 9.127000000000000000e+03 9.128000000000000000e+03 9.129000000000000000e+03 9.130000000000000000e+03 9.131000000000000000e+03 9.132000000000000000e+03 9.133000000000000000e+03 4.877100000000000000e+04 4.877300000000000000e+04 4.877500000000000000e+04 4.877700000000000000e+04 4.877900000000000000e+04 4.878100000000000000e+04 9.340000000000000000e+03 9.341000000000000000e+03 9.342000000000000000e+03 9.343000000000000000e+03 9.344000000000000000e+03 9.345000000000000000e+03 4.879500000000000000e+04 4.879700000000000000e+04 9.148000000000000000e+03 9.149000000000000000e+03 4.880000000000000000e+04 4.880200000000000000e+04 9.351000000000000000e+03 9.352000000000000000e+03 9.353000000000000000e+03 9.354000000000000000e+03 9.355000000000000000e+03 9.356000000000000000e+03 4.881600000000000000e+04 4.881800000000000000e+04 4.882000000000000000e+04 4.882200000000000000e+04
8.726000000000000000e+03 8.727000000000000000e+03 8.728000000000000000e+03 8.729000000000000000e+03 8.730000000000000000e+03 8.731000000000000000e+03 8.732000000000000000e+03 8.733000000000000000e+03 8.734000000000000000e+03 4.837300000000000000e+04 4.837500000000000000e+04 4.837700000000000000e+04 4.837900000000000000e+04 4.838100000000000000e+04 4.838300000000000000e+04 4.838500000000000000e+04 8.942000000000000000e+03 8.943000000000000000e+03 8.944000000000000000e+03 8.945000000000000000e+03 4.839500000000000000e+04 4.839700000000000000e+04 4.839900000000000000e+04 8.749000000000000000e+03 8.750000000000000000e+03 4.840200000000000000e+04 4.840400000000000000e+04 4.840600000000000000e+04 8.953000000000000000e+03 8.954000000000000000e+03 8.955000000000000000e+03 8.956000000000000000e+03 4.841600000000000000e+04 4.841800000000000000e+04 4.842000000000000000e+04 4.842200000000000000e+04 4.842400000000000000e+04
8.327000000000000000e+03 8.328000000000000000e+03 8.329000000000000000e+03 8.330000000000000000e+03 8.331000000000000000e+03 8.332000000000000000e+03 8.333000000000000000e+03 8.334000000000000000e+03 8.335000000000000000e+03 8.336000000000000000e+03 4.797700000000000000e+04 4.797900000000000000e+04 4.798100000000000000e+04 4.798300000000000000e+04 4.798500000000000000e+04 4.798700000000000000e+04 4.798900000000000000e+04 4.799100000000000000e+04 4.799300000000000000e+04 4.799500000000000000e+04 4.799700000000000000e+04 4.799900000000000000e+04 4.800100000000000000e+04 8.350000000000000000e+03 8.351000000000000000e+03 4.800400000000000000e+04 4.800600000000000000e+04 4.800800000000000000e+04 4.801000000000000000e+04 4.801200000000000000e+04 4.801400000000000000e+04 4.801600000000000000e+04 4.801800000000000000e+04 4.802000000000000000e+04 4.802200000000000000e+04 4.802400000000000000e+04 4.802600000000000000e+04
7.928000000000000000e+03 7.929000000000000000e+03 7.930000000000000000e+03 7.931000000000000000e+03 7.932000000000000000e+03 7.933000000000000000e+03 7.934000000000000000e+03 7.935000000000000000e+03 7.936000000000000000e+03 7.937000000000000000e+03 7.938000000000000000e+03 4.758100000000000000e+04 4.758300000000000000e+04 4.758500000000000000e+04 4.758700000000000000e+04 4.758900000000000000e+04 4.759100000000000000e+04 4.759300000000000000e+04 4.759500000000000000e+04 4.759700000000000000e+04 4.759900000000000000e+04 4.760100000000000000e+04 4.760300000000000000e+04 7.951000000000000000e+03 7.952000000000000000e+03 4.760600000000000000e+04 4.760800000000000000e+04 4.761000000000000000e+04 4.761200000000000000e+04 4.761400000000000000e+04 4.761600000000000000e+04 4.761800000000000000e+04 4.762000000000000000e+04 4.762200000000000000e+04 4.762400000000000000e+04 4.762600000000000000e+04 4.762800000000000000e+04
7.529000000000000000e+03 7.530000000000000000e+03 7.531000000000000000e+03 7.532000000000000000e+03 7.533000000000000000e+03 7.534000000000000000e+03 7.535000000000000000e+03 7.536000000000000000e+03 7.537000000000000000e+03 7.538000000000000000e+03 7.539000000000000000e+03 4.718300000000000000e+04 4.718500000000000000e+04 4.718700000000000000e+04 4.718900000000000000e+04 4.719100000000000000e+04 4.719300000000000000e+04 4.719500000000000000e+04 4.719700000000000000e+04 4.719900000000000000e+04 4.720100000000000000e+04 4.720300000000000000e+04 4.720500000000000000e+04 7.552000000000000000e+03 7.553000000000000000e+03 4.720800000000000000e+04 4.721000000000000000e+04 4.721200000000000000e+04 4.721400000000000000e+04 4.721600000000000000e+04 4.721800000000000000e+04 4.722000000000000000e+04 4.722200000000000000e+04 4.722400000000000000e+04 4.722600000000000000e+04 4.722800000000000000e+04 4.723000000000000000e+04
7.130000000000000000e+03 7.131000000000000000e+03 7.132000000000000000e+03 7.133000000000000000e+03 7.134000000000000000e+03 7.135000000000000000e+03 7.136000000000000000e+03 7.137000000000000000e+03 7.138000000000000000e+03 7.139000000000000000e+03 7.140000000000000000e+03 7.141000000000000000e+03 4.678700000000000000e+04 4.678900000000000000e+04 4.679100000000000000e+04 4.679300000000000000e+04 4.679500000000000000e+04 4.679700000000000000e+04 4.679900000000000000e+04 4.680100000000000000e+04 4.680300000000000000e+04 4.680500000000000000e+04 4.680700000000000000e+04 7.153000000000000000e+03 7.154000000000000000e+03 4.681000000000000000e+04 4.681200000000000000e+04 4.681400000000000000e+04 4.681600000000000000e+04 4.681800000000000000e+04 4.682000000000000000e+04 4.682200000000000000e+04 4.682400000000000000e+04 4.682600000000000000e+04 4.682800000000000000e+04 4.683000000000000000e+04 7.166000000000000000e+03
6.731000000000000000e+03 6.732000000000000000e+03 6.733000000000000000e+03 6.734000000000000000e+03 6.735000000000000000e+03 6.736000000000000000e+03 6.737000000000000000e+03 6.738000000000000000e+03 6.739000000000000000e+03 6.740000000000000000e+03 6.741000000000000000e+03 6.742000000000000000e+03 4.638900000000000000e+04 4.639100000000000000e+04 4.639300000000000000e+04 4.639500000000000000e+04 4.639700000000000000e+04 4.639900000000000000e+04 4.640100000000000000e+04 4.640300000000000000e+04 4.640500000000000000e+04 4.640700000000000000e+04 6.753000000000000000e+03 6.754000000000000000e+03 6.755000000000000000e+03 6.756000000000000000e+03 4.641400000000000000e+04 4.641600000000000000e+04 4.641800000000000000e+04 4.642000000000000000e+04 4.642200000000000000e+04 4.642400000000000000e+04 4.642600000000000000e+04 4.642800000000000000e+04 4.643000000000000000e+04 6.766000000000000000e+03 6.767000000000000000e+03
6.332000000000000000e+03 6.333000000000000000e+03 6.334000000000000000e+03 6.335000000000000000e+03 6.336000000000000000e+03 6.337000000000000000e+03 6.338000000000000000e+03 6.339000000000000000e+03 6.340000000000000000e+03 6.341000000000000000e+03 6.342000000000000000e+03 6.343000000000000000e+03 6.344000000000000000e+03 4.599300000000000000e+04 4.599500000000000000e+04 4.599700000000000000e+04 4.599900000000000000e+04 4.600100000000000000e+04 4.600300000000000000e+04 4.600500000000000000e+04 4.600700000000000000e+04 4.600900000000000000e+04 6.354000000000000000e+03 6.355000000000000000e+03 6.356000000000000000e+03 6.357000000000000000e+03 4.601600000000000000e+04 4.601800000000000000e+04 4.602000000000000000e+04 4.602200000000000000e+04 4.602400000000000000e+04 4.602600000000000000e+04 4.602800000000000000e+04 4.603000000000000000e+04 4.603200000000000000e+04 6.367000000000000000e+03 6.368000000000000000e+03
5.933000000000000000e+03 5.934000000000000000e+03 5.935000000000000000e+03 5.936000000000000000e+03 5.937000000000000000e+03 5.938000000000000000e+03 5.939000000000000000e+03 5.940000000000000000e+03 5.941000000000000000e+03 5.942000000000000000e+03 5.943000000000000000e+03 5.944000000000000000e+03 5.945000000000000000e+03 5.946000000000000000e+03 4.559700000000000000e+04 4.559900000000000000e+04 4.560100000000000000e+04 4.560300000000000000e+04 4.560500000000000000e+04 4.560700000000000000e+04 4.560900000000000000e+04 4.561100000000000000e+04 5.955000000000000000e+03 5.956000000000000000e+03 5.957000000000000000e+03 5.958000000000000000e+03 4.561800000000000000e+04 4.562000000000000000e+04 4.562200000000000000e+04 4.562400000000000000e+04 4.562600000000000000e+04 4.562800000000000000e+04 4.563000000000000000e+04 4.563200000000000000e+04 5.967000000000000000e+03 5.968000000000000000e+03 5.969000000000000000e+03
