BlockUplift_2Ma_1kryTimeStep_2mmyr_k_1e-05_m_0.5_n_1.0_LinDiffusion_0.5_3x6km_30mRes_topographic__steepest_slope.txt
nrows 200
cellsize 30.0
xllcorner 0.0
ncols 100
yllcorner 0.0
[rows 102 to 118 of 200, columns 0 to 36 of 100]
0.000000000000000000e+00 6.809627407449625469e-01 6.809627403708570226e-01 6.809627396231008323e-01 6.809627385026109092e-01 6.809627370107894651e-01 6.809627351494479397e-01 6.809627329208979285e-01 6.809627303278679156e-01 6.809627273735486819e-01 6.809627240615631072e-01 6.809627203959734976e-01 6.809627163812365103e-01 6.809627120222709884e-01 6.809627073244125528e-01 6.809627022933152363e-01 6.809626969351104675e-01 6.809626912562710688e-01 6.809626852636180283e-01 6.809626789643820066e-01 6.809626723660964220e-01 6.809626654766286480e-01 6.809626583041639147e-01 6.809626508572060866e-01 6.809626431445394701e-01 6.809626351751906226e-01 6.809626269584896363e-01 6.809626185039784341e-01 6.809626098214341949e-01 6.809626009208235020e-01 6.809625918123553001e-01 6.809625825063448934e-01 6.809625730133271881e-01 6.809625633439508885e-01 6.809625535089783854e-01 6.809625435193159548e-01 6.809625333859382623e-01
0.000000000000000000e+00 6.772923515511517500e-01 6.772923512156239223e-01 6.772923505450004766e-01 6.772923495401149685e-01 6.772923482022406017e-01 6.772923465330678017e-01 6.772923445346805682e-01 6.772923422096027712e-01 6.772923395607600705e-01 6.772923365914569338e-01 6.772923333054147177e-01 6.772923297067487969e-01 6.772923257999461377e-01 6.772923215898420946e-01 6.772923170816814720e-01 6.772923122810349250e-01 6.772923071938293793e-01 6.772923018263251604e-01 6.772922961850856849e-01 6.772922902770081022e-01 6.772922841092774426e-01 6.772922776893665064e-01 6.772922710250213196e-01 6.772922641242302699e-01 6.772922569952470884e-01 6.772922496465374476e-01 6.772922420867796278e-01 6.772922343248486410e-01 6.772922263698319956e-01 6.772922182309305539e-01 6.772922099175275878e-01 6.772922014391421497e-01 6.772921928053998730e-01 6.772921840260475168e-01 6.772921751108849087e-01 6.772921660698330015e-01
0.000000000000000000e+00 6.736838592819139881e-01 6.736838589808333833e-01 6.736838583790586421e-01 6.736838574773628130e-01 6.736838562769131844e-01 6.736838547792710630e-01 6.736838529863613534e-01 6.736838509004731135e-01 6.736838485243272778e-01 6.736838458609326619e-01 6.736838429137378403e-01 6.736838396865020284e-01 6.736838361833255018e-01 6.736838324087026653e-01 6.736838283674008165e-01 6.736838240645435238e-01 6.736838195055648848e-01 6.736838146961948715e-01 6.736838096424586642e-01 6.736838043506623297e-01 6.736837988273919331e-01 6.736837930794687956e-01 6.736837871139716993e-01 6.736837809382071329e-01 6.736837745597009652e-01 6.736837679861689132e-01 6.736837612255234253e-01 6.736837542858590266e-01 6.736837471754066886e-01 6.736837399025489281e-01 6.736837324758198076e-01 6.736837249038216680e-01 6.736837171952780867e-01 6.736837093590186676e-01 6.736837014038807858e-01 6.736836933388076210e-01
0.000000000000000000e+00 6.701354562826054018e-01 6.701354560122430026e-01 6.701354554718667034e-01 6.701354546622118047e-01 6.701354535843468962e-01 6.701354522396892888e-01 6.701354506300276626e-01 6.701354487575069685e-01 6.701354466245674768e-01 6.701354442340516915e-01 6.701354415890894423e-01 6.701354386931598350e-01 6.701354355500598325e-01 6.701354321638746114e-01 6.701354285390379584e-01 6.701354246802566639e-01 6.701354205925099672e-01 6.701354162810654325e-01 6.701354117514862763e-01 6.701354070095324467e-01 6.701354020612522167e-01 6.701353969129059118e-01 6.701353915709735709e-01 6.701353860421704889e-01 6.701353803333479631e-01 6.701353744515851085e-01 6.701353684041048142e-01 6.701353621982889530e-01 6.701353558416409673e-01 6.701353493418082952e-01 6.701353427065214197e-01 6.701353359436325041e-01 6.701353290610388980e-01 6.701353220667215504e-01 6.701353149687216959e-01 6.701353077750885623e-01
0.000000000000000000e+00 6.666454095973903815e-01 6.666454093544037507e-01 6.666454088687638890e-01 6.666454081411302690e-01 6.666454071724804420e-01 6.666454059641864216e-01 6.666454045178398236e-01 6.666454028354564798e-01 6.666454009192800401e-01 6.666453987719553886e-01 6.666453963963552276e-01 6.666453937957006470e-01 6.666453909735082783e-01 6.666453879335676458e-01 6.666453846799337279e-01 6.666453812169644833e-01 6.666453775492527933e-01 6.666453736816871922e-01 6.666453696193305190e-01 6.666453653675413760e-01 6.666453609318675477e-01 6.666453563180690933e-01 6.666453515321109080e-01 6.666453465801244205e-01 6.666453414684458956e-01 6.666453362035402730e-01 6.666453307920240379e-01 6.666453252406502328e-01 6.666453195562856981e-01 6.666453137459181777e-01 6.666453078165811563e-01 6.666453017754216948e-01 6.666452956296401444e-01 6.666452893864591722e-01 6.666452830531852669e-01 6.666452766371018246e-01
0.000000000000000000e+00 6.632120572235105094e-01 6.632120570048907204e-01 6.632120565679769930e-01 6.632120559133681814e-01 6.632120550420040894e-01 6.632120539550820926e-01 6.632120526541788186e-01 6.632120511410751762e-01 6.632120494179237769e-01 6.632120474871346927e-01 6.632120453513986602e-01 6.632120430137017353e-01 6.632120404772801070e-01 6.632120377456506288e-01 6.632120348226104856e-01 6.632120317121461550e-01 6.632120284185399894e-01 6.632120249462787331e-01 6.632120213000992637e-01 6.632120174849205352e-01 6.632120135058509058e-01 6.632120093682412065e-01 6.632120050775559550e-01 6.632120006394794931e-01 6.632119960598250596e-01 6.632119913445270187e-01 6.632119864996942615e-01 6.632119815315188349e-01 6.632119764462838241e-01 6.632119712503709019e-01 6.632119659502374587e-01 6.632119605524015027e-01 6.632119550634191230e-01 6.632119494898991441e-01 6.632119438384279642e-01 6.632119381156371674e-01
0.000000000000000000e+00 6.598338045560164788e-01 6.598338043590881163e-01 6.598338039655042842e-01 6.598338033758637255e-01 6.598338025910152060e-01 6.598338016120958160e-01 6.598338004405377433e-01 6.598337990780616114e-01 6.598337975266304056e-01 6.598337957884723437e-01 6.598337938661340552e-01 6.598337917623818827e-01 6.598337894802170922e-01 6.598337870229291635e-01 6.598337843940195180e-01 6.598337815972323828e-01 6.598337786365315871e-01 6.598337755160703644e-01 6.598337722402372041e-01 6.598337688136022283e-01 6.598337652409327347e-01 6.598337615271400169e-01 6.598337576773171120e-01 6.598337536967012751e-01 6.598337495906511085e-01 6.598337453646839768e-01 6.598337410243932943e-01 6.598337365754787243e-01 6.598337320237457337e-01 6.598337273750378706e-01 6.598337226352896101e-01 6.598337178104657363e-01 6.598337129065460216e-01 6.598337079295560903e-01 6.598337028855212338e-01 6.598336977804516446e-01
0.000000000000000000e+00 6.565091210168247926e-01 6.565091208391625743e-01 6.565091204841110306e-01 6.565091199522006260e-01 6.565091192442423784e-01 6.565091183613124270e-01 6.565091173047373774e-01 6.565091160761009625e-01 6.565091146772829012e-01 6.565091131103751865e-01 6.565091113777119514e-01 6.565091094818853446e-01 6.565091074257451975e-01 6.565091052123231963e-01 6.565091028448857280e-01 6.565091003269571956e-01 6.565090976621907881e-01 6.565090948545123650e-01 6.565090919079693554e-01 6.565090888268514391e-01 6.565090856155468835e-01 6.565090822786563418e-01 6.565090788209165806e-01 6.565090752471557378e-01 6.565090715623758122e-01 6.565090677716625134e-01 6.565090638802075773e-01 6.565090598932783461e-01 6.565090558162258727e-01 6.565090516544462851e-01 6.565090474133967735e-01 6.565090430985340841e-01 6.565090387153834639e-01 6.565090342694323011e-01 6.565090297661754226e-01 6.565090252111076552e-01
0.000000000000000000e+00 6.532365368609968082e-01 6.532365367004406842e-01 6.532365363795861191e-01 6.532365358989257187e-01 6.532365352592403029e-01 6.532365344615224112e-01 6.532365335070380308e-01 6.532365323972650906e-01 6.532365311339617397e-01 6.532365297190759756e-01 6.532365281548512259e-01 6.532365264436824637e-01 6.532365245882374438e-01 6.532365225913887574e-01 6.532365204561983996e-01 6.532365181859176584e-01 6.532365157840255288e-01 6.532365132541599895e-01 6.532365106001407629e-01 6.532365078259317892e-01 6.532365049356940734e-01 6.532365019336717760e-01 6.532364988242836956e-01 6.532364956120620958e-01 6.532364923016530378e-01 6.532364888977857387e-01 6.532364854052805647e-01 6.532364818290261610e-01 6.532364781739791182e-01 6.532364744451266692e-01 6.532364706475087823e-01 6.532364667861733087e-01 6.532364628661753159e-01 6.532364588925777538e-01 6.532364548704132634e-01 6.532364508046839546e-01
0.000000000000000000e+00 6.500146401529264262e-01 6.500146400075437203e-01 6.500146397170207813e-01 6.500146392818351160e-01 6.500146387026916051e-01 6.500146379805603614e-01 6.500146371166011239e-01 6.500146361122612904e-01 6.500146349691476866e-01 6.500146336891475807e-01 6.500146322743148852e-01 6.500146307269611956e-01 6.500146290495801837e-01 6.500146272448545925e-01 6.500146253156875442e-01 6.500146232651559108e-01 6.500146210965188631e-01 6.500146188131793457e-01 6.500146164187451392e-01 6.500146139169298287e-01 6.500146113116291868e-01 6.500146086068450124e-01 6.500146058067154398e-01 6.500146029154773020e-01 6.500145999374505879e-01 6.500145968770841831e-01 6.500145937388500661e-01 6.500145905273408964e-01 6.500145872471269071e-01 6.500145839028694805e-01 6.500145804992220055e-01 6.500145770408759516e-01 6.500145735324849294e-01 6.500145699787102105e-01 6.500145663842052945e-01 6.500145627535403037e-01
0.000000000000000000e+00 6.468420739052513913e-01 6.468420737733140413e-01 6.468420735096590546e-01 6.468420731147489500e-01 6.468420725892656264e-01 6.468420719340883807e-01 6.468420711503691800e-01 6.468420702394117594e-01 6.468420692027999630e-01 6.468420680422923841e-01 6.468420667598593354e-01 6.468420653576534285e-01 6.468420638380545373e-01 6.468420622036091805e-01 6.468420604570535026e-01 6.468420586012826323e-01 6.468420566393888738e-01 6.468420545745933170e-01 6.468420524102763691e-01 6.468420501499697606e-01 6.468420477973116922e-01 6.468420453561142258e-01 6.468420428302276148e-01 6.468420402236536582e-01 6.468420375404699829e-01 6.468420347848147234e-01 6.468420319609170521e-01 6.468420290730289013e-01 6.468420261254550496e-01 6.468420231225536776e-01 6.468420200686372246e-01 6.468420169680560994e-01 6.468420138251607110e-01 6.468420106442408501e-01 6.468420074295787581e-01 6.468420041854036073e-01
0.000000000000000000e+00 6.437175333728949456e-01 6.437175332528491944e-01 6.437175330129699669e-01 6.437175326537044606e-01 6.437175321756664070e-01 6.437175315797503128e-01 6.437175308670021190e-01 6.437175300387176780e-01 6.437175290963599306e-01 6.437175280416037593e-01 6.437175268763439817e-01 6.437175256026269610e-01 6.437175242226961247e-01 6.437175227389767551e-01 6.437175211540762110e-01 6.437175194707455139e-01 6.437175176918951136e-01 6.437175158206022152e-01 6.437175138600726987e-01 6.437175118136413410e-01 6.437175096847719269e-01 6.437175074770266070e-01 6.437175051940964288e-01 6.437175028397404963e-01 6.437175004178016247e-01 6.437174979321904633e-01 6.437174953868937122e-01 6.437174927858905216e-01 6.437174901332506360e-01 6.437174874330139351e-01 6.437174846892730340e-01 6.437174819060601516e-01 6.437174790874223840e-01 6.437174762373539805e-01 6.437174733598188814e-01 6.437174704587201868e-01
0.000000000000000000e+00 6.406397634946869868e-01 6.406397633851536044e-01 6.406397631662987813e-01 6.406397628385093190e-01 6.406397624024369186e-01 6.406397618588850484e-01 6.406397612088767790e-01 6.406397604536474555e-01 6.406397595945843015e-01 6.406397586333241190e-01 6.406397575716255011e-01 6.406397564114816312e-01 6.406397551550299108e-01 6.406397538045742746e-01 6.406397523626007340e-01 6.406397508317392964e-01 6.406397492147714035e-01 6.406397475146301534e-01 6.406397457343397939e-01 6.406397438770985442e-01 6.406397419462034337e-01 6.406397399450346475e-01 6.406397378770861684e-01 6.406397357459430175e-01 6.406397335552431738e-01 6.406397313087078826e-01 6.406397290100661612e-01 6.406397266631301823e-01 6.406397242717047913e-01 6.406397218396174820e-01 6.406397193706804272e-01 6.406397168687060217e-01 6.406397143374761294e-01 6.406397117807273167e-01 6.406397092021355322e-01 6.406397066053310940e-01
0.000000000000000000e+00 6.376075564756471525e-01 6.376075563753829112e-01 6.376075561750516041e-01 6.376075558750623484e-01 6.376075554760139985e-01 6.376075549786794916e-01 6.376075543840519222e-01 6.376075536932906962e-01 6.376075529077677162e-01 6.376075520290138687e-01 6.376075510587573270e-01 6.376075499988776984e-01 6.376075488514288958e-01 6.376075476186542357e-01 6.376075463028958445e-01 6.376075449066926915e-01 6.376075434326973213e-01 6.376075418837066078e-01 6.376075402626384392e-01 6.376075385725471500e-01 6.376075368165705637e-01 6.376075349979449802e-01 6.376075331200127261e-01 6.376075311861768569e-01 6.376075291999162564e-01 6.376075271647551057e-01 6.376075250842784259e-01 6.376075229620710161e-01 6.376075208017558671e-01 6.376075186069480871e-01 6.376075163812705560e-01 6.376075141282929737e-01 6.376075118515776019e-01 6.376075095546336335e-01 6.376075072409018718e-01 6.376075049137701622e-01
0.000000000000000000e+00 6.346197495021139723e-01 6.346197494100199732e-01 6.346197492260443607e-01 6.346197489505508438e-01 6.346197485841078567e-01 6.346197481274961083e-01 6.346197475816552913e-01 6.346197469477222741e-01 6.346197462270083411e-01 6.346197454209838718e-01 6.346197445313237484e-01 6.346197435598317504e-01 6.346197425085089439e-01 6.346197413794621989e-01 6.346197401750032219e-01 6.346197388975345355e-01 6.346197375496330784e-01 6.346197361339818155e-01 6.346197346533851702e-01 6.346197331107608086e-01 6.346197315091255398e-01 6.346197298516017549e-01 6.346197281413878954e-01 6.346197263817430212e-01 6.346197245759943595e-01 6.346197227275145458e-01 6.346197208397370559e-01 6.346197189160799335e-01 6.346197169600069632e-01 6.346197149749438493e-01 6.346197129643315060e-01 6.346197109315728779e-01 6.346197088800029640e-01 6.346197068129640906e-01 6.346197047336696873e-01 6.346197026452879975e-01
0.000000000000000000e+00 6.316752225833321965e-01 6.316752224984384378e-01 6.316752223288101264e-01 6.316752220748563795e-01 6.316752217371230937e-01 6.316752213163302487e-01 6.316752208134175373e-01 6.316752202294765306e-01 6.316752195657803215e-01 6.316752188237615417e-01 6.316752180050192456e-01 6.316752171113270142e-01 6.316752161445872149e-01 6.316752151068764087e-01 6.316752140003927263e-01 6.316752128274856215e-01 6.316752115906183462e-01 6.316752102923828271e-01 6.316752089355153199e-01 6.316752075228048158e-01 6.316752060571692029e-01 6.316752045416175187e-01 6.316752029792193079e-01 6.316752013731350424e-01 6.316751997265631635e-01 6.316751980427474100e-01 6.316751963249543911e-01 6.316751945765038956e-01 6.316751928006851813e-01 6.316751910008027160e-01 6.316751891801232199e-01 6.316751873418904317e-01 6.316751854893027929e-01 6.316751836254677066e-01 6.316751817534850266e-01 6.316751798763107217e-01
0.000000000000000000e+00 6.287728965120928937e-01 6.287728964334974302e-01 6.287728962765034568e-01 6.287728960414596946e-01 6.287728957289118181e-01 6.287728953395874676e-01 6.287728948743733781e-01 6.287728943343381394e-01 6.287728937207172075e-01 6.287728930349203438e-01 6.287728922784708852e-01 6.287728914531272029e-01 6.287728905607158358e-01 6.287728896032679371e-01 6.287728885828831604e-01 6.287728875018804287e-01 6.287728863626322884e-01 6.287728851676547270e-01 6.287728839195703134e-01 6.287728826211226307e-01 6.287728812751159913e-01 6.287728798844758327e-01 6.287728784521732228e-01 6.287728769812475083e-01 6.287728754748058702e-01 6.287728739359863539e-01 6.287728723679416598e-01 6.287728707738627909e-01 6.287728691569403061e-01 6.287728675203198003e-01 6.287728658671539739e-01 6.287728642005580015e-01 6.287728625235862179e-01 6.287728608392095797e-01 6.287728591503309872e-01 6.287728574597774012e-01
