BlockUplift_2Ma_1kryTimeStep_2mmyr_k_0.0001_m_0.5_n_1.0_LinDiffusion_0.5_3x6km_30mRes_flow__link_to_receiver_node.txt
nrows 200
cellsize 30.0
xllcorner 0.0
ncols 100
yllcorner 0.0
[rows 102 to 118 of 200, columns 37 to 73 of 100]
5.878300000000000000e+04 5.878500000000000000e+04 1.924200000000000000e+04 1.924300000000000000e+04 1.924400000000000000e+04 1.924500000000000000e+04 5.879200000000000000e+04 5.879400000000000000e+04 5.879600000000000000e+04 5.879800000000000000e+04 5.880000000000000000e+04 1.935000000000000000e+04 1.935100000000000000e+04 1.935200000000000000e+04 1.935300000000000000e+04 1.935400000000000000e+04 1.935500000000000000e+04 1.935600000000000000e+04 1.935700000000000000e+04 1.935800000000000000e+04 1.935900000000000000e+04 1.936000000000000000e+04 1.936100000000000000e+04 1.936200000000000000e+04 1.936300000000000000e+04 1.936400000000000000e+04 1.936500000000000000e+04 1.936600000000000000e+04 1.936700000000000000e+04 1.936800000000000000e+04 1.936900000000000000e+04 5.884500000000000000e+04 5.884700000000000000e+04 5.884900000000000000e+04 5.885100000000000000e+04 5.885300000000000000e+04 5.885500000000000000e+04
5.858500000000000000e+04 5.858700000000000000e+04 1.904300000000000000e+04 1.904400000000000000e+04 1.904500000000000000e+04 1.904600000000000000e+04 5.859400000000000000e+04 5.859600000000000000e+04 5.859800000000000000e+04 5.860000000000000000e+04 1.915000000000000000e+04 1.915100000000000000e+04 1.915200000000000000e+04 1.915300000000000000e+04 1.915400000000000000e+04 1.915500000000000000e+04 1.915600000000000000e+04 1.915700000000000000e+04 1.915800000000000000e+04 1.915900000000000000e+04 1.916000000000000000e+04 1.916100000000000000e+04 1.916200000000000000e+04 1.916300000000000000e+04 1.916400000000000000e+04 1.916500000000000000e+04 1.916600000000000000e+04 1.916700000000000000e+04 1.916800000000000000e+04 1.916900000000000000e+04 5.864200000000000000e+04 5.864700000000000000e+04 5.864900000000000000e+04 5.865100000000000000e+04 5.865300000000000000e+04 5.865500000000000000e+04 5.865700000000000000e+04
5.838700000000000000e+04 5.838900000000000000e+04 5.839100000000000000e+04 1.884500000000000000e+04 1.884600000000000000e+04 5.839400000000000000e+04 5.839600000000000000e+04 5.839800000000000000e+04 5.840000000000000000e+04 1.895000000000000000e+04 1.895100000000000000e+04 1.895200000000000000e+04 1.895300000000000000e+04 1.895400000000000000e+04 1.895500000000000000e+04 1.895600000000000000e+04 1.895700000000000000e+04 1.895800000000000000e+04 1.895900000000000000e+04 1.896000000000000000e+04 1.896100000000000000e+04 1.896200000000000000e+04 1.896300000000000000e+04 1.896400000000000000e+04 1.896500000000000000e+04 1.896600000000000000e+04 1.896700000000000000e+04 1.896800000000000000e+04 1.896900000000000000e+04 5.844200000000000000e+04 5.844700000000000000e+04 5.844900000000000000e+04 5.845100000000000000e+04 5.845300000000000000e+04 5.845500000000000000e+04 5.845700000000000000e+04 5.845900000000000000e+04
5.818900000000000000e+04 5.819100000000000000e+04 5.819300000000000000e+04 1.864600000000000000e+04 1.864700000000000000e+04 5.819600000000000000e+04 5.819800000000000000e+04 5.820000000000000000e+04 1.875000000000000000e+04 1.875100000000000000e+04 1.875200000000000000e+04 1.875300000000000000e+04 1.875400000000000000e+04 1.875500000000000000e+04 1.875600000000000000e+04 1.875700000000000000e+04 1.875800000000000000e+04 1.875900000000000000e+04 1.876000000000000000e+04 1.876100000000000000e+04 1.876200000000000000e+04 1.876300000000000000e+04 1.876400000000000000e+04 1.876500000000000000e+04 1.876600000000000000e+04 1.876700000000000000e+04 1.876800000000000000e+04 1.876900000000000000e+04 1.877000000000000000e+04 5.824400000000000000e+04 5.824900000000000000e+04 5.825100000000000000e+04 5.825300000000000000e+04 5.825500000000000000e+04 5.825700000000000000e+04 5.825900000000000000e+04 5.826100000000000000e+04
5.799100000000000000e+04 5.799300000000000000e+04 5.799500000000000000e+04 1.844700000000000000e+04 1.844800000000000000e+04 5.799800000000000000e+04 5.800000000000000000e+04 5.800200000000000000e+04 1.855100000000000000e+04 1.855200000000000000e+04 1.855300000000000000e+04 1.855400000000000000e+04 1.855500000000000000e+04 1.855600000000000000e+04 1.855700000000000000e+04 1.855800000000000000e+04 1.855900000000000000e+04 1.856000000000000000e+04 1.856100000000000000e+04 1.856200000000000000e+04 1.856300000000000000e+04 1.856400000000000000e+04 1.856500000000000000e+04 1.856600000000000000e+04 1.856700000000000000e+04 1.856800000000000000e+04 1.856900000000000000e+04 5.804200000000000000e+04 5.804400000000000000e+04 5.804600000000000000e+04 5.805100000000000000e+04 5.805300000000000000e+04 5.805500000000000000e+04 5.805700000000000000e+04 5.805900000000000000e+04 5.806100000000000000e+04 5.806300000000000000e+04
5.779300000000000000e+04 5.779500000000000000e+04 5.779700000000000000e+04 1.824800000000000000e+04 1.824900000000000000e+04 5.780000000000000000e+04 5.780200000000000000e+04 5.780400000000000000e+04 1.835200000000000000e+04 1.835300000000000000e+04 1.835400000000000000e+04 1.835500000000000000e+04 1.835600000000000000e+04 1.835700000000000000e+04 1.835800000000000000e+04 1.835900000000000000e+04 1.836000000000000000e+04 1.836100000000000000e+04 1.836200000000000000e+04 1.836300000000000000e+04 1.836400000000000000e+04 1.836500000000000000e+04 1.836600000000000000e+04 1.836700000000000000e+04 1.836800000000000000e+04 1.836900000000000000e+04 5.784200000000000000e+04 5.784400000000000000e+04 5.784600000000000000e+04 5.784800000000000000e+04 1.827500000000000000e+04 5.785500000000000000e+04 5.785700000000000000e+04 5.785900000000000000e+04 1.837900000000000000e+04 1.838000000000000000e+04 1.838100000000000000e+04
5.759500000000000000e+04 5.759700000000000000e+04 5.759900000000000000e+04 1.804900000000000000e+04 1.805000000000000000e+04 5.760200000000000000e+04 5.760400000000000000e+04 5.760600000000000000e+04 5.760800000000000000e+04 1.815400000000000000e+04 1.815500000000000000e+04 1.815600000000000000e+04 1.815700000000000000e+04 1.815800000000000000e+04 1.815900000000000000e+04 1.816000000000000000e+04 1.816100000000000000e+04 1.816200000000000000e+04 1.816300000000000000e+04 1.816400000000000000e+04 1.816500000000000000e+04 1.816600000000000000e+04 1.816700000000000000e+04 1.816800000000000000e+04 5.764000000000000000e+04 5.764200000000000000e+04 5.764400000000000000e+04 5.764600000000000000e+04 5.764800000000000000e+04 5.765000000000000000e+04 1.807600000000000000e+04 5.765700000000000000e+04 5.765900000000000000e+04 1.817900000000000000e+04 1.818000000000000000e+04 1.818100000000000000e+04 1.818200000000000000e+04
5.739700000000000000e+04 5.739900000000000000e+04 5.740100000000000000e+04 1.785000000000000000e+04 1.785100000000000000e+04 5.740400000000000000e+04 5.740600000000000000e+04 5.740800000000000000e+04 5.741000000000000000e+04 5.741200000000000000e+04 1.795600000000000000e+04 1.795700000000000000e+04 1.795800000000000000e+04 1.795900000000000000e+04 1.796000000000000000e+04 1.796100000000000000e+04 1.796200000000000000e+04 1.796300000000000000e+04 1.796400000000000000e+04 1.796500000000000000e+04 5.743400000000000000e+04 5.743600000000000000e+04 5.743800000000000000e+04 5.744000000000000000e+04 5.744200000000000000e+04 5.744400000000000000e+04 5.744600000000000000e+04 5.744800000000000000e+04 5.745000000000000000e+04 5.745200000000000000e+04 1.787700000000000000e+04 5.745900000000000000e+04 5.746100000000000000e+04 1.798000000000000000e+04 1.798100000000000000e+04 1.798200000000000000e+04 1.798300000000000000e+04
5.719900000000000000e+04 5.720100000000000000e+04 5.720300000000000000e+04 1.765100000000000000e+04 1.765200000000000000e+04 1.765300000000000000e+04 5.720800000000000000e+04 5.721000000000000000e+04 5.721200000000000000e+04 5.721400000000000000e+04 5.721600000000000000e+04 5.721800000000000000e+04 5.722000000000000000e+04 1.776000000000000000e+04 1.776100000000000000e+04 5.722600000000000000e+04 5.722800000000000000e+04 5.723000000000000000e+04 5.723200000000000000e+04 5.723400000000000000e+04 5.723600000000000000e+04 5.723800000000000000e+04 5.724000000000000000e+04 5.724200000000000000e+04 5.724400000000000000e+04 5.724600000000000000e+04 5.724800000000000000e+04 5.725000000000000000e+04 5.725200000000000000e+04 5.725400000000000000e+04 5.725600000000000000e+04 5.726100000000000000e+04 5.726300000000000000e+04 1.778100000000000000e+04 1.778200000000000000e+04 1.778300000000000000e+04 1.778400000000000000e+04
5.700100000000000000e+04 5.700300000000000000e+04 5.700500000000000000e+04 1.745200000000000000e+04 1.745300000000000000e+04 1.745400000000000000e+04 5.701000000000000000e+04 5.701200000000000000e+04 5.701400000000000000e+04 5.701600000000000000e+04 5.701800000000000000e+04 5.702000000000000000e+04 5.702200000000000000e+04 5.702400000000000000e+04 5.702600000000000000e+04 5.702800000000000000e+04 5.703000000000000000e+04 5.703200000000000000e+04 5.703400000000000000e+04 5.703600000000000000e+04 5.703800000000000000e+04 5.704000000000000000e+04 5.704200000000000000e+04 5.704400000000000000e+04 5.704600000000000000e+04 5.704800000000000000e+04 5.705000000000000000e+04 5.705200000000000000e+04 5.705400000000000000e+04 5.705600000000000000e+04 5.705800000000000000e+04 1.748000000000000000e+04 5.706500000000000000e+04 1.758200000000000000e+04 1.758300000000000000e+04 1.758400000000000000e+04 1.758500000000000000e+04
5.680300000000000000e+04 5.680500000000000000e+04 5.680700000000000000e+04 1.725300000000000000e+04 1.725400000000000000e+04 1.725500000000000000e+04 1.725600000000000000e+04 5.681400000000000000e+04 5.681600000000000000e+04 5.681800000000000000e+04 5.682000000000000000e+04 5.682200000000000000e+04 5.682400000000000000e+04 5.682600000000000000e+04 5.682800000000000000e+04 5.683000000000000000e+04 5.683200000000000000e+04 5.683400000000000000e+04 5.683600000000000000e+04 5.683800000000000000e+04 5.684000000000000000e+04 5.684200000000000000e+04 5.684400000000000000e+04 5.684600000000000000e+04 5.684800000000000000e+04 5.685000000000000000e+04 5.685200000000000000e+04 5.685400000000000000e+04 5.685600000000000000e+04 5.685800000000000000e+04 5.686000000000000000e+04 5.686200000000000000e+04 5.686700000000000000e+04 5.686900000000000000e+04 1.738400000000000000e+04 1.738500000000000000e+04 1.738600000000000000e+04
5.660500000000000000e+04 5.660700000000000000e+04 5.660900000000000000e+04 1.705400000000000000e+04 1.705500000000000000e+04 1.705600000000000000e+04 1.705700000000000000e+04 5.661600000000000000e+04 5.661800000000000000e+04 5.662000000000000000e+04 5.662200000000000000e+04 5.662400000000000000e+04 5.662600000000000000e+04 5.662800000000000000e+04 5.663000000000000000e+04 5.663200000000000000e+04 5.663400000000000000e+04 5.663600000000000000e+04 5.663800000000000000e+04 5.664000000000000000e+04 5.664200000000000000e+04 5.664400000000000000e+04 5.664600000000000000e+04 5.664800000000000000e+04 5.665000000000000000e+04 5.665200000000000000e+04 5.665400000000000000e+04 5.665600000000000000e+04 5.665800000000000000e+04 5.666000000000000000e+04 5.666200000000000000e+04 5.666400000000000000e+04 1.708300000000000000e+04 5.667100000000000000e+04 1.718500000000000000e+04 1.718600000000000000e+04 1.718700000000000000e+04
5.640700000000000000e+04 5.640900000000000000e+04 5.641100000000000000e+04 5.641300000000000000e+04 1.685600000000000000e+04 1.685700000000000000e+04 1.685800000000000000e+04 1.685900000000000000e+04 5.642000000000000000e+04 5.642200000000000000e+04 5.642400000000000000e+04 5.642600000000000000e+04 5.642800000000000000e+04 5.643000000000000000e+04 5.643200000000000000e+04 5.643400000000000000e+04 5.643600000000000000e+04 5.643800000000000000e+04 5.644000000000000000e+04 5.644200000000000000e+04 5.644400000000000000e+04 5.644600000000000000e+04 5.644800000000000000e+04 5.645000000000000000e+04 5.645200000000000000e+04 5.645400000000000000e+04 5.645600000000000000e+04 5.645800000000000000e+04 5.646000000000000000e+04 5.646200000000000000e+04 5.646400000000000000e+04 5.646600000000000000e+04 1.688400000000000000e+04 5.647300000000000000e+04 5.647500000000000000e+04 1.698700000000000000e+04 1.698800000000000000e+04
1.675300000000000000e+04 5.621100000000000000e+04 5.621300000000000000e+04 5.621500000000000000e+04 1.665700000000000000e+04 1.665800000000000000e+04 1.665900000000000000e+04 1.666000000000000000e+04 1.666100000000000000e+04 5.622400000000000000e+04 5.622600000000000000e+04 5.622800000000000000e+04 5.623000000000000000e+04 5.623200000000000000e+04 5.623400000000000000e+04 5.623600000000000000e+04 5.623800000000000000e+04 5.624000000000000000e+04 5.624200000000000000e+04 5.624400000000000000e+04 5.624600000000000000e+04 5.624800000000000000e+04 5.625000000000000000e+04 5.625200000000000000e+04 5.625400000000000000e+04 5.625600000000000000e+04 5.625800000000000000e+04 5.626000000000000000e+04 5.626200000000000000e+04 5.626400000000000000e+04 5.626600000000000000e+04 5.626800000000000000e+04 5.627000000000000000e+04 5.627500000000000000e+04 5.627700000000000000e+04 5.627900000000000000e+04 1.678900000000000000e+04
1.655400000000000000e+04 5.601300000000000000e+04 5.601500000000000000e+04 5.601700000000000000e+04 5.601900000000000000e+04 1.645900000000000000e+04 1.646000000000000000e+04 1.646100000000000000e+04 1.646200000000000000e+04 1.646300000000000000e+04 5.602800000000000000e+04 5.603000000000000000e+04 5.603200000000000000e+04 5.603400000000000000e+04 5.603600000000000000e+04 5.603800000000000000e+04 5.604000000000000000e+04 5.604200000000000000e+04 5.604400000000000000e+04 5.604600000000000000e+04 5.604800000000000000e+04 5.605000000000000000e+04 5.605200000000000000e+04 5.605400000000000000e+04 5.605600000000000000e+04 5.605800000000000000e+04 5.606000000000000000e+04 5.606200000000000000e+04 5.606400000000000000e+04 5.606600000000000000e+04 5.606800000000000000e+04 5.607000000000000000e+04 5.607200000000000000e+04 1.648700000000000000e+04 5.607900000000000000e+04 5.608100000000000000e+04 5.608300000000000000e+04
1.635500000000000000e+04 1.635600000000000000e+04 5.581700000000000000e+04 5.581900000000000000e+04 5.582100000000000000e+04 1.626000000000000000e+04 1.626100000000000000e+04 1.626200000000000000e+04 1.626300000000000000e+04 1.626400000000000000e+04 1.626500000000000000e+04 5.583200000000000000e+04 5.583400000000000000e+04 5.583600000000000000e+04 5.583800000000000000e+04 5.584000000000000000e+04 5.584200000000000000e+04 5.584400000000000000e+04 5.584600000000000000e+04 5.584800000000000000e+04 5.585000000000000000e+04 5.585200000000000000e+04 5.585400000000000000e+04 5.585600000000000000e+04 5.585800000000000000e+04 5.586000000000000000e+04 5.586200000000000000e+04 5.586400000000000000e+04 5.586600000000000000e+04 5.586800000000000000e+04 5.587000000000000000e+04 5.587200000000000000e+04 5.587400000000000000e+04 1.628800000000000000e+04 5.588100000000000000e+04 5.588300000000000000e+04 5.588500000000000000e+04
1.615600000000000000e+04 1.615700000000000000e+04 5.561900000000000000e+04 5.562100000000000000e+04 5.562300000000000000e+04 5.562500000000000000e+04 1.606200000000000000e+04 1.606300000000000000e+04 1.606400000000000000e+04 1.606500000000000000e+04 1.606600000000000000e+04 1.606700000000000000e+04 5.563600000000000000e+04 5.563800000000000000e+04 5.564000000000000000e+04 5.564200000000000000e+04 5.564400000000000000e+04 5.564600000000000000e+04 5.564800000000000000e+04 5.565000000000000000e+04 5.565200000000000000e+04 5.565400000000000000e+04 5.565600000000000000e+04 5.565800000000000000e+04 5.566000000000000000e+04 5.566200000000000000e+04 5.566400000000000000e+04 5.566600000000000000e+04 5.566800000000000000e+04 5.567000000000000000e+04 5.567200000000000000e+04 5.567400000000000000e+04 5.567600000000000000e+04 1.608900000000000000e+04 5.568300000000000000e+04 5.568500000000000000e+04 5.568700000000000000e+04
