BlockUplift_2Ma_1kryTimeStep_2mmyr_k_0.0001_m_0.5_n_1.0_LinDiffusion_0.5_6x3km_30mRes_flow__link_to_receiver_node.txt
nrows 100
cellsize 30.0
xllcorner 0.0
ncols 200
yllcorner 0.0
[rows 51 to 67 of 100, columns 148 to 184 of 200]
5.870300000000000000e+04 5.870500000000000000e+04 5.870700000000000000e+04 5.870900000000000000e+04 1.910400000000000000e+04 1.910500000000000000e+04 1.910600000000000000e+04 1.910700000000000000e+04 5.871600000000000000e+04 5.871800000000000000e+04 5.872000000000000000e+04 5.872200000000000000e+04 5.872400000000000000e+04 5.872600000000000000e+04 5.872800000000000000e+04 5.873000000000000000e+04 5.873200000000000000e+04 5.873400000000000000e+04 5.873600000000000000e+04 5.873800000000000000e+04 5.874000000000000000e+04 5.874500000000000000e+04 1.932200000000000000e+04 1.932300000000000000e+04 1.932400000000000000e+04 1.932500000000000000e+04 1.932600000000000000e+04 1.932700000000000000e+04 1.932800000000000000e+04 1.932900000000000000e+04 1.933000000000000000e+04 1.933100000000000000e+04 1.933200000000000000e+04 1.933300000000000000e+04 5.877100000000000000e+04 1.913500000000000000e+04 1.913600000000000000e+04
5.830500000000000000e+04 5.830700000000000000e+04 5.830900000000000000e+04 5.831100000000000000e+04 1.870500000000000000e+04 1.870600000000000000e+04 1.870700000000000000e+04 5.831600000000000000e+04 5.831800000000000000e+04 5.832000000000000000e+04 5.832200000000000000e+04 5.832400000000000000e+04 5.832600000000000000e+04 5.832800000000000000e+04 5.833000000000000000e+04 5.833200000000000000e+04 5.833400000000000000e+04 5.833600000000000000e+04 5.833800000000000000e+04 5.834000000000000000e+04 5.834200000000000000e+04 5.834700000000000000e+04 1.892300000000000000e+04 1.892400000000000000e+04 1.892500000000000000e+04 1.892600000000000000e+04 1.892700000000000000e+04 1.892800000000000000e+04 1.892900000000000000e+04 1.893000000000000000e+04 1.893100000000000000e+04 1.893200000000000000e+04 1.893300000000000000e+04 1.893400000000000000e+04 5.837300000000000000e+04 1.873600000000000000e+04 1.873700000000000000e+04
5.790700000000000000e+04 5.790900000000000000e+04 5.791100000000000000e+04 5.791300000000000000e+04 1.830600000000000000e+04 1.830700000000000000e+04 1.830800000000000000e+04 5.791800000000000000e+04 5.792000000000000000e+04 5.792200000000000000e+04 5.792400000000000000e+04 5.792600000000000000e+04 5.792800000000000000e+04 5.793000000000000000e+04 5.793200000000000000e+04 5.793400000000000000e+04 5.793600000000000000e+04 5.793800000000000000e+04 5.794000000000000000e+04 5.794200000000000000e+04 5.794400000000000000e+04 5.794900000000000000e+04 5.795100000000000000e+04 1.852500000000000000e+04 1.852600000000000000e+04 1.852700000000000000e+04 1.852800000000000000e+04 1.852900000000000000e+04 1.853000000000000000e+04 1.853100000000000000e+04 1.853200000000000000e+04 1.853300000000000000e+04 1.853400000000000000e+04 1.853500000000000000e+04 5.797500000000000000e+04 1.833700000000000000e+04 1.833800000000000000e+04
5.750900000000000000e+04 5.751100000000000000e+04 5.751300000000000000e+04 5.751500000000000000e+04 1.790700000000000000e+04 1.790800000000000000e+04 1.790900000000000000e+04 5.752000000000000000e+04 5.752200000000000000e+04 5.752400000000000000e+04 5.752600000000000000e+04 5.752800000000000000e+04 5.753000000000000000e+04 5.753200000000000000e+04 5.753400000000000000e+04 5.753600000000000000e+04 5.753800000000000000e+04 5.754000000000000000e+04 5.754200000000000000e+04 5.754400000000000000e+04 5.754600000000000000e+04 5.755100000000000000e+04 5.755300000000000000e+04 1.812600000000000000e+04 1.812700000000000000e+04 1.812800000000000000e+04 1.812900000000000000e+04 1.813000000000000000e+04 1.813100000000000000e+04 1.813200000000000000e+04 1.813300000000000000e+04 1.813400000000000000e+04 1.813500000000000000e+04 1.813600000000000000e+04 5.757700000000000000e+04 1.793800000000000000e+04 1.793900000000000000e+04
5.711100000000000000e+04 5.711300000000000000e+04 5.711500000000000000e+04 5.711700000000000000e+04 1.750800000000000000e+04 1.750900000000000000e+04 1.751000000000000000e+04 5.712200000000000000e+04 5.712400000000000000e+04 5.712600000000000000e+04 5.712800000000000000e+04 5.713000000000000000e+04 5.713200000000000000e+04 1.771600000000000000e+04 1.771700000000000000e+04 1.771800000000000000e+04 1.771900000000000000e+04 1.772000000000000000e+04 1.772100000000000000e+04 5.714600000000000000e+04 5.714800000000000000e+04 5.715300000000000000e+04 5.715500000000000000e+04 1.772700000000000000e+04 1.772800000000000000e+04 1.772900000000000000e+04 1.773000000000000000e+04 1.773100000000000000e+04 1.773200000000000000e+04 1.773300000000000000e+04 1.773400000000000000e+04 1.773500000000000000e+04 1.773600000000000000e+04 1.773700000000000000e+04 5.717900000000000000e+04 1.753900000000000000e+04 1.754000000000000000e+04
5.671300000000000000e+04 5.671500000000000000e+04 5.671700000000000000e+04 5.671900000000000000e+04 1.710900000000000000e+04 1.711000000000000000e+04 1.711100000000000000e+04 5.672400000000000000e+04 5.672600000000000000e+04 5.672800000000000000e+04 5.673000000000000000e+04 1.731500000000000000e+04 1.731600000000000000e+04 1.731700000000000000e+04 1.731800000000000000e+04 1.731900000000000000e+04 1.732000000000000000e+04 1.732100000000000000e+04 1.732200000000000000e+04 1.732300000000000000e+04 5.675000000000000000e+04 5.675500000000000000e+04 5.675700000000000000e+04 1.732800000000000000e+04 1.732900000000000000e+04 1.733000000000000000e+04 1.733100000000000000e+04 1.733200000000000000e+04 1.733300000000000000e+04 1.733400000000000000e+04 1.733500000000000000e+04 1.733600000000000000e+04 1.733700000000000000e+04 1.733800000000000000e+04 5.678100000000000000e+04 1.714000000000000000e+04 1.714100000000000000e+04
5.631500000000000000e+04 5.631700000000000000e+04 5.631900000000000000e+04 5.632100000000000000e+04 1.671000000000000000e+04 1.671100000000000000e+04 1.671200000000000000e+04 5.632600000000000000e+04 5.632800000000000000e+04 5.633000000000000000e+04 1.691500000000000000e+04 1.691600000000000000e+04 1.691700000000000000e+04 1.691800000000000000e+04 1.691900000000000000e+04 1.692000000000000000e+04 1.692100000000000000e+04 1.692200000000000000e+04 1.692300000000000000e+04 1.692400000000000000e+04 5.635200000000000000e+04 5.635700000000000000e+04 5.635900000000000000e+04 1.692900000000000000e+04 1.693000000000000000e+04 1.693100000000000000e+04 1.693200000000000000e+04 1.693300000000000000e+04 1.693400000000000000e+04 1.693500000000000000e+04 1.693600000000000000e+04 1.693700000000000000e+04 1.693800000000000000e+04 1.693900000000000000e+04 5.638300000000000000e+04 1.674100000000000000e+04 1.674200000000000000e+04
1.650700000000000000e+04 1.650800000000000000e+04 5.592100000000000000e+04 5.592300000000000000e+04 1.631100000000000000e+04 1.631200000000000000e+04 1.631300000000000000e+04 5.592800000000000000e+04 5.593000000000000000e+04 1.651500000000000000e+04 1.651600000000000000e+04 1.651700000000000000e+04 1.651800000000000000e+04 1.651900000000000000e+04 1.652000000000000000e+04 1.652100000000000000e+04 1.652200000000000000e+04 1.652300000000000000e+04 1.652400000000000000e+04 1.652500000000000000e+04 5.595400000000000000e+04 5.595900000000000000e+04 5.596100000000000000e+04 1.653000000000000000e+04 1.653100000000000000e+04 1.653200000000000000e+04 1.653300000000000000e+04 1.653400000000000000e+04 1.653500000000000000e+04 1.653600000000000000e+04 1.653700000000000000e+04 1.653800000000000000e+04 1.653900000000000000e+04 1.654000000000000000e+04 5.598500000000000000e+04 1.634200000000000000e+04 1.634300000000000000e+04
1.610800000000000000e+04 1.610900000000000000e+04 5.552300000000000000e+04 5.552500000000000000e+04 1.591200000000000000e+04 1.591300000000000000e+04 1.591400000000000000e+04 5.553000000000000000e+04 5.553200000000000000e+04 1.611600000000000000e+04 1.611700000000000000e+04 1.611800000000000000e+04 1.611900000000000000e+04 1.612000000000000000e+04 1.612100000000000000e+04 1.612200000000000000e+04 1.612300000000000000e+04 1.612400000000000000e+04 1.612500000000000000e+04 1.612600000000000000e+04 5.555600000000000000e+04 5.556100000000000000e+04 5.556300000000000000e+04 1.613100000000000000e+04 1.613200000000000000e+04 1.613300000000000000e+04 1.613400000000000000e+04 1.613500000000000000e+04 1.613600000000000000e+04 1.613700000000000000e+04 1.613800000000000000e+04 1.613900000000000000e+04 1.614000000000000000e+04 1.614100000000000000e+04 5.558700000000000000e+04 1.594300000000000000e+04 1.594400000000000000e+04
1.570900000000000000e+04 1.571000000000000000e+04 5.512500000000000000e+04 5.512700000000000000e+04 1.551300000000000000e+04 1.551400000000000000e+04 1.551500000000000000e+04 5.513200000000000000e+04 5.513400000000000000e+04 5.513600000000000000e+04 1.571800000000000000e+04 1.571900000000000000e+04 1.572000000000000000e+04 1.572100000000000000e+04 1.572200000000000000e+04 1.572300000000000000e+04 1.572400000000000000e+04 1.572500000000000000e+04 1.572600000000000000e+04 1.572700000000000000e+04 5.515800000000000000e+04 5.516300000000000000e+04 5.516500000000000000e+04 5.516700000000000000e+04 1.573300000000000000e+04 1.573400000000000000e+04 1.573500000000000000e+04 1.573600000000000000e+04 1.573700000000000000e+04 1.573800000000000000e+04 1.573900000000000000e+04 1.574000000000000000e+04 1.574100000000000000e+04 5.518700000000000000e+04 5.518900000000000000e+04 1.554400000000000000e+04 1.554500000000000000e+04
1.531000000000000000e+04 5.472500000000000000e+04 5.472700000000000000e+04 5.472900000000000000e+04 1.511400000000000000e+04 1.511500000000000000e+04 1.511600000000000000e+04 5.473400000000000000e+04 5.473600000000000000e+04 5.473800000000000000e+04 1.531900000000000000e+04 1.532000000000000000e+04 1.532100000000000000e+04 1.532200000000000000e+04 1.532300000000000000e+04 1.532400000000000000e+04 1.532500000000000000e+04 1.532600000000000000e+04 1.532700000000000000e+04 1.532800000000000000e+04 5.476000000000000000e+04 5.476500000000000000e+04 5.476700000000000000e+04 5.476900000000000000e+04 1.533400000000000000e+04 1.533500000000000000e+04 1.533600000000000000e+04 1.533700000000000000e+04 1.533800000000000000e+04 1.533900000000000000e+04 1.534000000000000000e+04 1.534100000000000000e+04 1.534200000000000000e+04 5.478900000000000000e+04 5.479100000000000000e+04 1.514500000000000000e+04 1.514600000000000000e+04
5.432500000000000000e+04 5.432700000000000000e+04 5.432900000000000000e+04 5.433100000000000000e+04 1.471500000000000000e+04 1.471600000000000000e+04 1.471700000000000000e+04 5.433600000000000000e+04 5.433800000000000000e+04 5.434000000000000000e+04 5.434200000000000000e+04 1.492100000000000000e+04 1.492200000000000000e+04 1.492300000000000000e+04 1.492400000000000000e+04 1.492500000000000000e+04 1.492600000000000000e+04 1.492700000000000000e+04 1.492800000000000000e+04 1.492900000000000000e+04 5.436500000000000000e+04 5.436700000000000000e+04 5.436900000000000000e+04 5.437100000000000000e+04 1.493500000000000000e+04 1.493600000000000000e+04 1.493700000000000000e+04 1.493800000000000000e+04 1.493900000000000000e+04 1.494000000000000000e+04 1.494100000000000000e+04 1.494200000000000000e+04 1.494300000000000000e+04 5.439100000000000000e+04 5.439300000000000000e+04 1.474600000000000000e+04 1.474700000000000000e+04
5.392700000000000000e+04 5.392900000000000000e+04 5.393100000000000000e+04 5.393300000000000000e+04 1.431600000000000000e+04 1.431700000000000000e+04 1.431800000000000000e+04 5.393800000000000000e+04 5.394000000000000000e+04 5.394200000000000000e+04 5.394400000000000000e+04 1.452200000000000000e+04 1.452300000000000000e+04 1.452400000000000000e+04 1.452500000000000000e+04 1.452600000000000000e+04 1.452700000000000000e+04 1.452800000000000000e+04 1.452900000000000000e+04 1.453000000000000000e+04 5.396700000000000000e+04 5.396900000000000000e+04 5.397100000000000000e+04 1.453500000000000000e+04 1.453600000000000000e+04 1.453700000000000000e+04 1.453800000000000000e+04 1.453900000000000000e+04 1.454000000000000000e+04 1.454100000000000000e+04 1.454200000000000000e+04 1.454300000000000000e+04 5.399100000000000000e+04 5.399300000000000000e+04 5.399500000000000000e+04 1.434700000000000000e+04 1.434800000000000000e+04
5.352900000000000000e+04 5.353100000000000000e+04 5.353300000000000000e+04 5.353500000000000000e+04 1.391700000000000000e+04 1.391800000000000000e+04 1.391900000000000000e+04 5.354000000000000000e+04 5.354200000000000000e+04 5.354400000000000000e+04 5.354600000000000000e+04 5.354800000000000000e+04 1.412400000000000000e+04 1.412500000000000000e+04 1.412600000000000000e+04 1.412700000000000000e+04 1.412800000000000000e+04 1.412900000000000000e+04 1.413000000000000000e+04 5.356400000000000000e+04 5.356900000000000000e+04 5.357100000000000000e+04 5.357300000000000000e+04 1.413600000000000000e+04 1.413700000000000000e+04 1.413800000000000000e+04 1.413900000000000000e+04 1.414000000000000000e+04 1.414100000000000000e+04 1.414200000000000000e+04 1.414300000000000000e+04 1.414400000000000000e+04 5.359300000000000000e+04 5.359500000000000000e+04 5.359700000000000000e+04 1.394800000000000000e+04 1.394900000000000000e+04
5.313100000000000000e+04 5.313300000000000000e+04 5.313500000000000000e+04 5.313700000000000000e+04 1.351800000000000000e+04 1.351900000000000000e+04 1.352000000000000000e+04 5.314200000000000000e+04 5.314400000000000000e+04 5.314600000000000000e+04 5.314800000000000000e+04 5.315000000000000000e+04 1.372500000000000000e+04 1.372600000000000000e+04 1.372700000000000000e+04 1.372800000000000000e+04 1.372900000000000000e+04 1.373000000000000000e+04 1.373100000000000000e+04 5.316600000000000000e+04 5.317100000000000000e+04 5.317300000000000000e+04 1.373600000000000000e+04 1.373700000000000000e+04 1.373800000000000000e+04 1.373900000000000000e+04 1.374000000000000000e+04 1.374100000000000000e+04 1.374200000000000000e+04 1.374300000000000000e+04 1.374400000000000000e+04 1.374500000000000000e+04 1.374600000000000000e+04 5.319700000000000000e+04 5.319900000000000000e+04 1.354900000000000000e+04 1.355000000000000000e+04
5.273300000000000000e+04 5.273500000000000000e+04 5.273700000000000000e+04 5.273900000000000000e+04 1.311900000000000000e+04 1.312000000000000000e+04 1.312100000000000000e+04 5.274400000000000000e+04 5.274600000000000000e+04 5.274800000000000000e+04 5.275000000000000000e+04 5.275200000000000000e+04 5.275400000000000000e+04 1.332700000000000000e+04 1.332800000000000000e+04 1.332900000000000000e+04 1.333000000000000000e+04 1.333100000000000000e+04 5.276600000000000000e+04 5.276800000000000000e+04 5.277300000000000000e+04 5.277500000000000000e+04 1.333700000000000000e+04 1.333800000000000000e+04 1.333900000000000000e+04 1.334000000000000000e+04 1.334100000000000000e+04 1.334200000000000000e+04 1.334300000000000000e+04 1.334400000000000000e+04 1.334500000000000000e+04 1.334600000000000000e+04 1.334700000000000000e+04 5.279900000000000000e+04 5.280100000000000000e+04 1.315000000000000000e+04 1.315100000000000000e+04
5.233500000000000000e+04 5.233700000000000000e+04 5.233900000000000000e+04 5.234100000000000000e+04 1.272000000000000000e+04 1.272100000000000000e+04 1.272200000000000000e+04 5.234600000000000000e+04 5.234800000000000000e+04 5.235000000000000000e+04 5.235200000000000000e+04 5.235400000000000000e+04 5.235600000000000000e+04 5.235800000000000000e+04 5.236000000000000000e+04 5.236200000000000000e+04 5.236400000000000000e+04 5.236600000000000000e+04 5.236800000000000000e+04 5.237000000000000000e+04 5.237500000000000000e+04 5.237700000000000000e+04 1.293800000000000000e+04 1.293900000000000000e+04 1.294000000000000000e+04 1.294100000000000000e+04 1.294200000000000000e+04 1.294300000000000000e+04 1.294400000000000000e+04 1.294500000000000000e+04 1.294600000000000000e+04 1.294700000000000000e+04 1.294800000000000000e+04 1.294900000000000000e+04 5.240300000000000000e+04 1.275100000000000000e+04 1.275200000000000000e+04
