BlockUplift_2Ma_1kryTimeStep_2mmyr_k_5e-05_m_0.5_n_1.0_LinDiffusion_0.5_6x3km_30mRes_flow__link_to_receiver_node.txt
nrows 100
cellsize 30.0
xllcorner 0.0
ncols 200
yllcorner 0.0
[rows 68 to 84 of 100, columns 37 to 73 of 200]
5.171200000000000000e+04 5.171400000000000000e+04 1.220800000000000000e+04 1.220900000000000000e+04 1.221000000000000000e+04 5.172500000000000000e+04 5.172700000000000000e+04 5.172900000000000000e+04 5.173100000000000000e+04 5.173300000000000000e+04 5.173500000000000000e+04 5.173700000000000000e+04 5.173900000000000000e+04 1.241900000000000000e+04 1.242000000000000000e+04 1.242100000000000000e+04 1.242200000000000000e+04 1.242300000000000000e+04 1.242400000000000000e+04 1.242500000000000000e+04 1.242600000000000000e+04 1.242700000000000000e+04 1.242800000000000000e+04 5.176100000000000000e+04 1.223000000000000000e+04 1.243000000000000000e+04 1.243100000000000000e+04 1.243200000000000000e+04 1.243300000000000000e+04 1.243400000000000000e+04 1.243500000000000000e+04 1.243600000000000000e+04 1.243700000000000000e+04 1.243800000000000000e+04 1.243900000000000000e+04 1.244000000000000000e+04 5.178400000000000000e+04
5.131400000000000000e+04 1.180800000000000000e+04 1.180900000000000000e+04 1.181000000000000000e+04 1.181100000000000000e+04 1.181200000000000000e+04 5.132900000000000000e+04 5.133100000000000000e+04 5.133300000000000000e+04 5.133500000000000000e+04 5.133700000000000000e+04 5.133900000000000000e+04 5.134100000000000000e+04 5.134300000000000000e+04 5.134500000000000000e+04 1.202200000000000000e+04 1.202300000000000000e+04 1.202400000000000000e+04 1.202500000000000000e+04 1.202600000000000000e+04 1.202700000000000000e+04 1.202800000000000000e+04 1.202900000000000000e+04 5.136300000000000000e+04 1.183100000000000000e+04 5.136400000000000000e+04 1.203200000000000000e+04 1.203300000000000000e+04 1.203400000000000000e+04 1.203500000000000000e+04 1.203600000000000000e+04 1.203700000000000000e+04 1.203800000000000000e+04 1.203900000000000000e+04 1.204000000000000000e+04 5.138400000000000000e+04 5.138600000000000000e+04
5.091600000000000000e+04 1.140900000000000000e+04 1.141000000000000000e+04 1.141100000000000000e+04 1.141200000000000000e+04 1.141300000000000000e+04 5.093100000000000000e+04 5.093300000000000000e+04 5.093500000000000000e+04 5.093700000000000000e+04 5.093900000000000000e+04 5.094100000000000000e+04 5.094300000000000000e+04 5.094500000000000000e+04 5.094700000000000000e+04 5.094900000000000000e+04 5.095100000000000000e+04 1.162500000000000000e+04 1.162600000000000000e+04 1.162700000000000000e+04 1.162800000000000000e+04 1.162900000000000000e+04 5.096300000000000000e+04 5.096500000000000000e+04 1.143200000000000000e+04 5.096600000000000000e+04 5.096800000000000000e+04 1.163400000000000000e+04 1.163500000000000000e+04 1.163600000000000000e+04 1.163700000000000000e+04 1.163800000000000000e+04 1.163900000000000000e+04 5.098200000000000000e+04 5.098400000000000000e+04 5.098600000000000000e+04 5.098800000000000000e+04
1.100900000000000000e+04 1.101000000000000000e+04 1.101100000000000000e+04 1.101200000000000000e+04 1.101300000000000000e+04 1.101400000000000000e+04 1.101500000000000000e+04 5.053500000000000000e+04 5.053700000000000000e+04 5.053900000000000000e+04 5.054100000000000000e+04 5.054300000000000000e+04 5.054500000000000000e+04 5.054700000000000000e+04 5.054900000000000000e+04 5.055100000000000000e+04 5.055300000000000000e+04 5.055500000000000000e+04 5.055700000000000000e+04 5.055900000000000000e+04 5.056100000000000000e+04 5.056300000000000000e+04 5.056500000000000000e+04 1.103200000000000000e+04 1.103300000000000000e+04 5.056800000000000000e+04 5.057000000000000000e+04 5.057200000000000000e+04 5.057400000000000000e+04 5.057600000000000000e+04 5.057800000000000000e+04 5.058000000000000000e+04 5.058200000000000000e+04 5.058400000000000000e+04 5.058600000000000000e+04 5.058800000000000000e+04 5.059000000000000000e+04
1.061000000000000000e+04 1.061100000000000000e+04 1.061200000000000000e+04 1.061300000000000000e+04 1.061400000000000000e+04 1.061500000000000000e+04 1.061600000000000000e+04 5.013700000000000000e+04 5.013900000000000000e+04 5.014100000000000000e+04 5.014300000000000000e+04 5.014500000000000000e+04 5.014700000000000000e+04 5.014900000000000000e+04 5.015100000000000000e+04 5.015300000000000000e+04 5.015500000000000000e+04 5.015700000000000000e+04 5.015900000000000000e+04 5.016100000000000000e+04 5.016300000000000000e+04 5.016500000000000000e+04 5.016700000000000000e+04 1.063300000000000000e+04 1.063400000000000000e+04 1.063500000000000000e+04 5.017200000000000000e+04 5.017400000000000000e+04 5.017600000000000000e+04 5.017800000000000000e+04 5.018000000000000000e+04 5.018200000000000000e+04 5.018400000000000000e+04 5.018600000000000000e+04 5.018800000000000000e+04 5.019000000000000000e+04 5.019200000000000000e+04
1.021100000000000000e+04 1.021200000000000000e+04 1.021300000000000000e+04 1.021400000000000000e+04 1.021500000000000000e+04 1.021600000000000000e+04 1.021700000000000000e+04 1.021800000000000000e+04 4.974100000000000000e+04 4.974300000000000000e+04 4.974500000000000000e+04 4.974700000000000000e+04 4.974900000000000000e+04 4.975100000000000000e+04 4.975300000000000000e+04 4.975500000000000000e+04 4.975700000000000000e+04 4.975900000000000000e+04 4.976100000000000000e+04 4.976300000000000000e+04 4.976500000000000000e+04 4.976700000000000000e+04 4.976900000000000000e+04 1.023400000000000000e+04 1.023500000000000000e+04 1.023600000000000000e+04 4.977400000000000000e+04 4.977600000000000000e+04 4.977800000000000000e+04 4.978000000000000000e+04 4.978200000000000000e+04 4.978400000000000000e+04 4.978600000000000000e+04 4.978800000000000000e+04 4.979000000000000000e+04 4.979200000000000000e+04 4.979400000000000000e+04
9.812000000000000000e+03 9.813000000000000000e+03 9.814000000000000000e+03 9.815000000000000000e+03 9.816000000000000000e+03 9.817000000000000000e+03 9.818000000000000000e+03 9.819000000000000000e+03 4.934300000000000000e+04 4.934500000000000000e+04 4.934700000000000000e+04 4.934900000000000000e+04 4.935100000000000000e+04 4.935300000000000000e+04 4.935500000000000000e+04 4.935700000000000000e+04 4.935900000000000000e+04 4.936100000000000000e+04 4.936300000000000000e+04 4.936500000000000000e+04 4.936700000000000000e+04 4.936900000000000000e+04 4.937100000000000000e+04 9.835000000000000000e+03 9.836000000000000000e+03 9.837000000000000000e+03 4.937600000000000000e+04 4.937800000000000000e+04 4.938000000000000000e+04 4.938200000000000000e+04 4.938400000000000000e+04 4.938600000000000000e+04 4.938800000000000000e+04 4.939000000000000000e+04 4.939200000000000000e+04 4.939400000000000000e+04 4.939600000000000000e+04
9.413000000000000000e+03 9.414000000000000000e+03 9.415000000000000000e+03 9.416000000000000000e+03 9.417000000000000000e+03 9.418000000000000000e+03 9.419000000000000000e+03 9.420000000000000000e+03 9.421000000000000000e+03 4.894700000000000000e+04 4.894900000000000000e+04 4.895100000000000000e+04 4.895300000000000000e+04 4.895500000000000000e+04 4.895700000000000000e+04 4.895900000000000000e+04 4.896100000000000000e+04 4.896300000000000000e+04 4.896500000000000000e+04 4.896700000000000000e+04 4.896900000000000000e+04 4.897100000000000000e+04 4.897300000000000000e+04 9.436000000000000000e+03 9.437000000000000000e+03 9.438000000000000000e+03 4.897800000000000000e+04 4.898000000000000000e+04 4.898200000000000000e+04 4.898400000000000000e+04 4.898600000000000000e+04 4.898800000000000000e+04 4.899000000000000000e+04 4.899200000000000000e+04 4.899400000000000000e+04 4.899600000000000000e+04 4.899800000000000000e+04
9.014000000000000000e+03 9.015000000000000000e+03 9.016000000000000000e+03 9.017000000000000000e+03 9.018000000000000000e+03 9.019000000000000000e+03 9.020000000000000000e+03 9.021000000000000000e+03 9.022000000000000000e+03 4.854900000000000000e+04 4.855100000000000000e+04 4.855300000000000000e+04 4.855500000000000000e+04 4.855700000000000000e+04 4.855900000000000000e+04 4.856100000000000000e+04 4.856300000000000000e+04 4.856500000000000000e+04 4.856700000000000000e+04 4.856900000000000000e+04 4.857100000000000000e+04 4.857300000000000000e+04 4.857500000000000000e+04 9.037000000000000000e+03 9.038000000000000000e+03 9.039000000000000000e+03 4.858000000000000000e+04 4.858200000000000000e+04 4.858400000000000000e+04 4.858600000000000000e+04 4.858800000000000000e+04 4.859000000000000000e+04 4.859200000000000000e+04 4.859400000000000000e+04 4.859600000000000000e+04 4.859800000000000000e+04 4.860000000000000000e+04
8.615000000000000000e+03 8.616000000000000000e+03 8.617000000000000000e+03 8.618000000000000000e+03 8.619000000000000000e+03 8.620000000000000000e+03 8.621000000000000000e+03 8.622000000000000000e+03 8.623000000000000000e+03 8.624000000000000000e+03 4.815300000000000000e+04 4.815500000000000000e+04 4.815700000000000000e+04 4.815900000000000000e+04 4.816100000000000000e+04 4.816300000000000000e+04 4.816500000000000000e+04 4.816700000000000000e+04 4.816900000000000000e+04 4.817100000000000000e+04 4.817300000000000000e+04 4.817500000000000000e+04 4.817700000000000000e+04 8.638000000000000000e+03 8.639000000000000000e+03 8.640000000000000000e+03 4.818200000000000000e+04 4.818400000000000000e+04 4.818600000000000000e+04 4.818800000000000000e+04 4.819000000000000000e+04 4.819200000000000000e+04 4.819400000000000000e+04 4.819600000000000000e+04 4.819800000000000000e+04 4.820000000000000000e+04 4.820200000000000000e+04
8.216000000000000000e+03 8.217000000000000000e+03 8.218000000000000000e+03 8.219000000000000000e+03 8.220000000000000000e+03 8.221000000000000000e+03 8.222000000000000000e+03 8.223000000000000000e+03 8.224000000000000000e+03 8.225000000000000000e+03 4.775500000000000000e+04 4.775700000000000000e+04 4.775900000000000000e+04 4.776100000000000000e+04 4.776300000000000000e+04 4.776500000000000000e+04 4.776700000000000000e+04 8.433000000000000000e+03 8.434000000000000000e+03 8.435000000000000000e+03 4.777500000000000000e+04 4.777700000000000000e+04 4.777900000000000000e+04 8.239000000000000000e+03 8.240000000000000000e+03 4.778200000000000000e+04 4.778400000000000000e+04 4.778600000000000000e+04 4.778800000000000000e+04 8.444000000000000000e+03 8.445000000000000000e+03 8.446000000000000000e+03 4.779600000000000000e+04 4.779800000000000000e+04 4.780000000000000000e+04 4.780200000000000000e+04 4.780400000000000000e+04
7.817000000000000000e+03 7.818000000000000000e+03 7.819000000000000000e+03 7.820000000000000000e+03 7.821000000000000000e+03 7.822000000000000000e+03 7.823000000000000000e+03 7.824000000000000000e+03 7.825000000000000000e+03 7.826000000000000000e+03 7.827000000000000000e+03 4.735900000000000000e+04 4.736100000000000000e+04 4.736300000000000000e+04 4.736500000000000000e+04 4.736700000000000000e+04 8.033000000000000000e+03 8.034000000000000000e+03 8.035000000000000000e+03 8.036000000000000000e+03 8.037000000000000000e+03 8.038000000000000000e+03 4.738100000000000000e+04 4.738300000000000000e+04 7.841000000000000000e+03 4.738400000000000000e+04 4.738600000000000000e+04 8.043000000000000000e+03 8.044000000000000000e+03 8.045000000000000000e+03 8.046000000000000000e+03 8.047000000000000000e+03 4.739800000000000000e+04 4.740000000000000000e+04 4.740200000000000000e+04 4.740400000000000000e+04 4.740600000000000000e+04
7.418000000000000000e+03 7.419000000000000000e+03 7.420000000000000000e+03 7.421000000000000000e+03 7.422000000000000000e+03 7.423000000000000000e+03 7.424000000000000000e+03 7.425000000000000000e+03 7.426000000000000000e+03 7.427000000000000000e+03 7.428000000000000000e+03 7.429000000000000000e+03 4.696300000000000000e+04 4.696500000000000000e+04 4.696700000000000000e+04 4.696900000000000000e+04 7.634000000000000000e+03 7.635000000000000000e+03 7.636000000000000000e+03 7.637000000000000000e+03 7.638000000000000000e+03 7.639000000000000000e+03 7.640000000000000000e+03 4.698500000000000000e+04 7.442000000000000000e+03 4.698600000000000000e+04 7.643000000000000000e+03 7.644000000000000000e+03 7.645000000000000000e+03 7.646000000000000000e+03 7.647000000000000000e+03 7.648000000000000000e+03 4.700000000000000000e+04 4.700200000000000000e+04 4.700400000000000000e+04 4.700600000000000000e+04 4.700800000000000000e+04
7.019000000000000000e+03 7.020000000000000000e+03 7.021000000000000000e+03 7.022000000000000000e+03 7.023000000000000000e+03 7.024000000000000000e+03 7.025000000000000000e+03 7.026000000000000000e+03 7.027000000000000000e+03 7.028000000000000000e+03 7.029000000000000000e+03 7.030000000000000000e+03 4.656500000000000000e+04 4.656700000000000000e+04 4.656900000000000000e+04 4.657100000000000000e+04 4.657300000000000000e+04 7.236000000000000000e+03 7.237000000000000000e+03 7.238000000000000000e+03 7.239000000000000000e+03 7.240000000000000000e+03 7.241000000000000000e+03 4.658700000000000000e+04 7.043000000000000000e+03 4.658800000000000000e+04 7.244000000000000000e+03 7.245000000000000000e+03 7.246000000000000000e+03 7.247000000000000000e+03 7.248000000000000000e+03 7.249000000000000000e+03 4.660200000000000000e+04 4.660400000000000000e+04 4.660600000000000000e+04 4.660800000000000000e+04 4.661000000000000000e+04
6.620000000000000000e+03 6.621000000000000000e+03 6.622000000000000000e+03 6.623000000000000000e+03 6.624000000000000000e+03 6.625000000000000000e+03 6.626000000000000000e+03 6.627000000000000000e+03 6.628000000000000000e+03 6.629000000000000000e+03 6.630000000000000000e+03 6.631000000000000000e+03 6.632000000000000000e+03 4.616900000000000000e+04 4.617100000000000000e+04 4.617300000000000000e+04 4.617500000000000000e+04 4.617700000000000000e+04 6.838000000000000000e+03 6.839000000000000000e+03 6.840000000000000000e+03 6.841000000000000000e+03 6.842000000000000000e+03 4.618900000000000000e+04 6.644000000000000000e+03 4.619000000000000000e+04 6.845000000000000000e+03 6.846000000000000000e+03 6.847000000000000000e+03 6.848000000000000000e+03 6.849000000000000000e+03 4.620200000000000000e+04 4.620400000000000000e+04 4.620600000000000000e+04 4.620800000000000000e+04 4.621000000000000000e+04 6.656000000000000000e+03
6.221000000000000000e+03 6.222000000000000000e+03 6.223000000000000000e+03 6.224000000000000000e+03 6.225000000000000000e+03 6.226000000000000000e+03 6.227000000000000000e+03 6.228000000000000000e+03 6.229000000000000000e+03 6.230000000000000000e+03 6.231000000000000000e+03 6.232000000000000000e+03 6.233000000000000000e+03 6.234000000000000000e+03 4.577300000000000000e+04 4.577500000000000000e+04 4.577700000000000000e+04 4.577900000000000000e+04 4.578100000000000000e+04 6.440000000000000000e+03 6.441000000000000000e+03 6.442000000000000000e+03 4.578900000000000000e+04 4.579100000000000000e+04 6.245000000000000000e+03 4.579200000000000000e+04 4.579400000000000000e+04 6.447000000000000000e+03 6.448000000000000000e+03 6.449000000000000000e+03 4.580200000000000000e+04 4.580400000000000000e+04 4.580600000000000000e+04 4.580800000000000000e+04 4.581000000000000000e+04 6.256000000000000000e+03 6.257000000000000000e+03
5.822000000000000000e+03 5.823000000000000000e+03 5.824000000000000000e+03 5.825000000000000000e+03 5.826000000000000000e+03 5.827000000000000000e+03 5.828000000000000000e+03 5.829000000000000000e+03 5.830000000000000000e+03 5.831000000000000000e+03 5.832000000000000000e+03 5.833000000000000000e+03 5.834000000000000000e+03 5.835000000000000000e+03 5.836000000000000000e+03 4.537700000000000000e+04 4.537900000000000000e+04 4.538100000000000000e+04 4.538300000000000000e+04 4.538500000000000000e+04 4.538700000000000000e+04 4.538900000000000000e+04 4.539100000000000000e+04 5.845000000000000000e+03 5.846000000000000000e+03 4.539400000000000000e+04 4.539600000000000000e+04 4.539800000000000000e+04 4.540000000000000000e+04 4.540200000000000000e+04 4.540400000000000000e+04 4.540600000000000000e+04 4.540800000000000000e+04 4.541000000000000000e+04 5.856000000000000000e+03 5.857000000000000000e+03 5.858000000000000000e+03
