BlockUplift_10Myr_500yrTimeStep_halfmmyr_k_1e-05_m_0.5_n_1.0_LinDiffusion_0.05_15x7km_30mRes0.txt
nrows 250
cellsize 30.0
xllcorner 0.0
ncols 500
yllcorner 0.0
[rows 204 to 220 of 250, columns 111 to 147 of 500]
2.500521384593282992e+00 2.500579870137383587e+00 2.500524776904996305e+00 2.500592659500160853e+00 2.500565169143977862e+00 2.500493293706521403e+00 2.500512255986647503e+00 2.500524016063821353e+00 2.500465856772180917e+00 2.500373877733465644e+00 2.500375188161859441e+00 2.500389950575932829e+00 2.500521065389471609e+00 2.500442039532287719e+00 2.500329533438176544e+00 2.500319385207383949e+00 2.500411696838947595e+00 2.500580290553207075e+00 2.500398155443905424e+00 2.500261241393294753e+00 2.500293781312286079e+00 2.500342955427584890e+00 2.500533131195537884e+00 2.500583107855718357e+00 2.500632627845602585e+00 2.500454406697722565e+00 2.500334145600456193e+00 2.500317684116300399e+00 2.500465700004692593e+00 2.500614404117778022e+00 2.500587772384825769e+00 2.500574959860764501e+00 2.500575326250300989e+00 2.500456314049543938e+00 2.500355712483144366e+00 2.500480449494685065e+00 2.500487489517719375e+00
2.500477387984005428e+00 2.500655886227462599e+00 2.500603737098766821e+00 2.500532807918139699e+00 2.500557185007802552e+00 2.500521481014715608e+00 2.500447308870954899e+00 2.500417825450451659e+00 2.500429727150383030e+00 2.500476589586523524e+00 2.500469673228117529e+00 2.500389666264132504e+00 2.500521094486498619e+00 2.500526478366946748e+00 2.500490910343446505e+00 2.500507206891265266e+00 2.500437193359368759e+00 2.500531011014508920e+00 2.500406942037125990e+00 2.500359226494442755e+00 2.500398102426942604e+00 2.500346614984600091e+00 2.500467662740839092e+00 2.500481559552826916e+00 2.500518087322624705e+00 2.500338767104874460e+00 2.500258260266332577e+00 2.500328586127924080e+00 2.500489100432832235e+00 2.500675555840922826e+00 2.500742498466112629e+00 2.500704938218488049e+00 2.500583886623489516e+00 2.500495822602466056e+00 2.500421206155607923e+00 2.500521452055915361e+00 2.500439145840918087e+00
2.500441517418317439e+00 2.500618299108213982e+00 2.500623657875587824e+00 2.500524876106326122e+00 2.500514272978888730e+00 2.500499392710397562e+00 2.500481270831211411e+00 2.500449451418695901e+00 2.500450994953511863e+00 2.500487840501853132e+00 2.500421305066161448e+00 2.500318564912833441e+00 2.500370968838864449e+00 2.500412696067530582e+00 2.500520491137628643e+00 2.500609951444401791e+00 2.500422328150512907e+00 2.500477801326346672e+00 2.500428909358153984e+00 2.500367337447324534e+00 2.500426708373141960e+00 2.500379124172582568e+00 2.500437914471282497e+00 2.500410500358038135e+00 2.500438971243533537e+00 2.500393280298740972e+00 2.500332568772279718e+00 2.500375829843068942e+00 2.500458438939728190e+00 2.500652760890676340e+00 2.500730886034100653e+00 2.500643709395927061e+00 2.500487888409299586e+00 2.500463279511554227e+00 2.500406792808744783e+00 2.500490742454534843e+00 2.500455432937886968e+00
2.500526361389935559e+00 2.500577753571544992e+00 2.500536026113722166e+00 2.500436086690065451e+00 2.500413895269761877e+00 2.500425094540650317e+00 2.500544019427581421e+00 2.500541969477757309e+00 2.500465750558704681e+00 2.500457323348796113e+00 2.500402560109808103e+00 2.500374215422081381e+00 2.500391744563168928e+00 2.500460276149090166e+00 2.500607994786409716e+00 2.500623246667916355e+00 2.500391251904590550e+00 2.500515022147907995e+00 2.500505665748379958e+00 2.500451290150111028e+00 2.500555930394806836e+00 2.500435859737873301e+00 2.500446246395042316e+00 2.500504818042675659e+00 2.500555237976531675e+00 2.500606502105238160e+00 2.500490784580779557e+00 2.500518185213687072e+00 2.500531535817495321e+00 2.500630106817995024e+00 2.500497885184592928e+00 2.500423564945524646e+00 2.500465329490098920e+00 2.500513518673731728e+00 2.500457963884215040e+00 2.500514982879352921e+00 2.500532834716054253e+00
2.500494253199028183e+00 2.500533153385223084e+00 2.500534612406045465e+00 2.500471210744374506e+00 2.500514410267097531e+00 2.500468879626522423e+00 2.500544180996180810e+00 2.500577889230510831e+00 2.500561151670227744e+00 2.500615437261428653e+00 2.500587736962636143e+00 2.500473821414273434e+00 2.500358782127085178e+00 2.500397059543753908e+00 2.500524424296242110e+00 2.500505333724206025e+00 2.500377234982260166e+00 2.500570681136474960e+00 2.500451946622341381e+00 2.500395761165936648e+00 2.500555107204549543e+00 2.500407738438284788e+00 2.500399174738052732e+00 2.500486595413249802e+00 2.500489661519599061e+00 2.500572140602232096e+00 2.500401905711694628e+00 2.500352866384180306e+00 2.500361170231812480e+00 2.500493631995599930e+00 2.500317377619588832e+00 2.500337247996042400e+00 2.500474914863686671e+00 2.500501443775009491e+00 2.500498489307034777e+00 2.500569235117601430e+00 2.500588862514598887e+00
2.500466743144198034e+00 2.500575087065446400e+00 2.500602122655102733e+00 2.500522103279282149e+00 2.500627868361922967e+00 2.500639383330242271e+00 2.500651996300506053e+00 2.500653290968720466e+00 2.500640090064160326e+00 2.500652659629822860e+00 2.500614028901045227e+00 2.500491411989874013e+00 2.500381960682811933e+00 2.500440048610571342e+00 2.500523160092573693e+00 2.500473849260838932e+00 2.500436411501477441e+00 2.500646147163974042e+00 2.500507468618848428e+00 2.500482029575139542e+00 2.500564523401178629e+00 2.500398108529264807e+00 2.500407280669890042e+00 2.500564078586084982e+00 2.500565857219958055e+00 2.500588841016918806e+00 2.500418981791432849e+00 2.500342589397122506e+00 2.500371210184371584e+00 2.500492976447821203e+00 2.500308389365035744e+00 2.500313107407984070e+00 2.500368132757194051e+00 2.500316634355996381e+00 2.500321675655971188e+00 2.500356862877524122e+00 2.500380258462016503e+00
2.500497143217118801e+00 2.500632448828672416e+00 2.500641461800256149e+00 2.500560684435377823e+00 2.500577248432086286e+00 2.500614551998999957e+00 2.500623524014698784e+00 2.500603671390807747e+00 2.500598476203858223e+00 2.500581408155089669e+00 2.500571344011347286e+00 2.500549805660044811e+00 2.500459608218442931e+00 2.500514598874580496e+00 2.500638293835371950e+00 2.500611893460780166e+00 2.500560088275898263e+00 2.500607669084580209e+00 2.500470126403342430e+00 2.500480973111955940e+00 2.500551507893566505e+00 2.500485035835853687e+00 2.500501185992753062e+00 2.500658930308179428e+00 2.500631336606812916e+00 2.500545303531886088e+00 2.500453524109493397e+00 2.500485377464896519e+00 2.500525894267460636e+00 2.500514714545764683e+00 2.500384886416912256e+00 2.500376404427315791e+00 2.500395098705609165e+00 2.500345938884357633e+00 2.500321688301144096e+00 2.500315006996513212e+00 2.500350121453263075e+00
2.500455133262833751e+00 2.500520199325198867e+00 2.500501040169719413e+00 2.500488230660848910e+00 2.500450669221425226e+00 2.500462005176898206e+00 2.500499448519101442e+00 2.500521097942419502e+00 2.500537330830142846e+00 2.500500794842082097e+00 2.500480499701084547e+00 2.500593886204132588e+00 2.500515252008638889e+00 2.500488038486048392e+00 2.500628248697171152e+00 2.500659668843912442e+00 2.500659365042412929e+00 2.500603842813202693e+00 2.500425519637823335e+00 2.500429892910129404e+00 2.500519258199066286e+00 2.500526671339044160e+00 2.500499472966056569e+00 2.500586394884466657e+00 2.500606536988902562e+00 2.500528315056934403e+00 2.500483365423522120e+00 2.500580867975112032e+00 2.500618292659693154e+00 2.500501477970634934e+00 2.500483273481605817e+00 2.500431806674937363e+00 2.500461398738675900e+00 2.500522092201080682e+00 2.500538055558233275e+00 2.500461624225873702e+00 2.500438450705201543e+00
2.500600568876711893e+00 2.500629587151400379e+00 2.500522954584119439e+00 2.500467422136295248e+00 2.500457280019886763e+00 2.500430936575463114e+00 2.500444248639721589e+00 2.500413150179144228e+00 2.500330490453096743e+00 2.500321399255186705e+00 2.500314132311580284e+00 2.500523672408081488e+00 2.500471673917816329e+00 2.500364537381886354e+00 2.500480046360315622e+00 2.500513558114786594e+00 2.500565322213777808e+00 2.500605904954612768e+00 2.500474032109055500e+00 2.500436542209290458e+00 2.500488960652161197e+00 2.500489457776054802e+00 2.500441554212445183e+00 2.500448885494693574e+00 2.500548287712657025e+00 2.500610163859749324e+00 2.500603488026563515e+00 2.500618240008417370e+00 2.500544279135195502e+00 2.500429310746588474e+00 2.500596336868645686e+00 2.500581696434196921e+00 2.500560316752572287e+00 2.500522167957848652e+00 2.500544841360823778e+00 2.500492432834210188e+00 2.500512414913887760e+00
2.500610079217671533e+00 2.500632974478916637e+00 2.500514904727470178e+00 2.500481054750442578e+00 2.500563753336727313e+00 2.500532304420455265e+00 2.500564679962661074e+00 2.500527161990968583e+00 2.500406532218630407e+00 2.500430784964804865e+00 2.500324226766121871e+00 2.500430599865255399e+00 2.500414655618411697e+00 2.500351528914326771e+00 2.500457974885417656e+00 2.500486896709210427e+00 2.500461898447504439e+00 2.500537903251479843e+00 2.500426648243325722e+00 2.500352108615028879e+00 2.500384910861862320e+00 2.500364443415281190e+00 2.500288769614791295e+00 2.500262655298452596e+00 2.500440408320574903e+00 2.500592575523641781e+00 2.500607549061283574e+00 2.500582583824657146e+00 2.500501749783456074e+00 2.500433173753751070e+00 2.500578462895043153e+00 2.500600647678002719e+00 2.500563831048943975e+00 2.500397560622179327e+00 2.500448881358567910e+00 2.500490982934675532e+00 2.500580333495297403e+00
2.500612531718965137e+00 2.500645136196290697e+00 2.500544510063934300e+00 2.500472231036507065e+00 2.500484135735009605e+00 2.500407543437288105e+00 2.500459562549772752e+00 2.500472944889925664e+00 2.500442847465092822e+00 2.500586327573986356e+00 2.500485715575880175e+00 2.500452388124955405e+00 2.500416301881296821e+00 2.500312432210704650e+00 2.500350015594563491e+00 2.500530369393850094e+00 2.500557068105669689e+00 2.500633059087997712e+00 2.500573774323942011e+00 2.500517540237469749e+00 2.500543338574096275e+00 2.500539114168085941e+00 2.500394165536161672e+00 2.500267602265950018e+00 2.500411014026867385e+00 2.500525812120934166e+00 2.500542619749192230e+00 2.500573031219591957e+00 2.500624702586767611e+00 2.500603136020023154e+00 2.500575157298396523e+00 2.500618132320159948e+00 2.500606641354871762e+00 2.500396768068517517e+00 2.500398850046650967e+00 2.500442472434354801e+00 2.500501162954975154e+00
2.500606662083756149e+00 2.500604719494261996e+00 2.500465925903297304e+00 2.500346458516861770e+00 2.500326337694950052e+00 2.500438628196192781e+00 2.500596996350973100e+00 2.500599447041752743e+00 2.500592386674098666e+00 2.500740266968465075e+00 2.500619640894630180e+00 2.500460884647143445e+00 2.500403593545939440e+00 2.500365321701632393e+00 2.500365391212060473e+00 2.500553042931700443e+00 2.500556949732402501e+00 2.500599705781420212e+00 2.500647155647202080e+00 2.500612355926143060e+00 2.500592550751031595e+00 2.500672732188525593e+00 2.500600072445591682e+00 2.500521954738948782e+00 2.500666031645289333e+00 2.500698143396233419e+00 2.500564740985450118e+00 2.500435289976602249e+00 2.500497327615880394e+00 2.500572760414619289e+00 2.500496416258495280e+00 2.500537548389632381e+00 2.500504884220894120e+00 2.500342734235494913e+00 2.500311014735443482e+00 2.500446137776438871e+00 2.500520031247252639e+00
2.500583839086920612e+00 2.500506532391064241e+00 2.500361697932785177e+00 2.500278672096161614e+00 2.500283217252566637e+00 2.500511133633920746e+00 2.500647523869573341e+00 2.500569362425837827e+00 2.500614808511397946e+00 2.500768001918091787e+00 2.500702389916872548e+00 2.500552485984272266e+00 2.500408423611518494e+00 2.500403067637892551e+00 2.500433696790245186e+00 2.500529502709774476e+00 2.500440361281266899e+00 2.500460112484637065e+00 2.500491972700967125e+00 2.500463540030659182e+00 2.500511673836944393e+00 2.500676806294913845e+00 2.500633766221433518e+00 2.500612442374871236e+00 2.500751728463824541e+00 2.500718193311264770e+00 2.500529868892904073e+00 2.500393558045686415e+00 2.500460909179968105e+00 2.500562916841472916e+00 2.500461487596988608e+00 2.500393013458732216e+00 2.500372309220774802e+00 2.500378481353011662e+00 2.500344005453692287e+00 2.500469065453037043e+00 2.500527655827245788e+00
2.500690186741684418e+00 2.500549138879700095e+00 2.500420441734757304e+00 2.500333533995732438e+00 2.500247066951472696e+00 2.500397346215319061e+00 2.500497792413526099e+00 2.500451997934892923e+00 2.500536483874907123e+00 2.500613822810011655e+00 2.500572318925053050e+00 2.500615182121351143e+00 2.500576348286256412e+00 2.500619526278778704e+00 2.500614295642121565e+00 2.500575146757401779e+00 2.500389659549759447e+00 2.500423101119703784e+00 2.500381376095524466e+00 2.500368983484584806e+00 2.500481159537462084e+00 2.500592283643205960e+00 2.500482243580731900e+00 2.500485955330988386e+00 2.500594036892865191e+00 2.500603231619042521e+00 2.500493004103212069e+00 2.500535276515897465e+00 2.500636539008564529e+00 2.500636705056829889e+00 2.500462561105724735e+00 2.500331234824383131e+00 2.500344508783089115e+00 2.500472580682752799e+00 2.500524251554633981e+00 2.500619942122618067e+00 2.500652261558476308e+00
2.500697164073687695e+00 2.500512751466141825e+00 2.500455658877519305e+00 2.500360398292616360e+00 2.500189340997037934e+00 2.500301227636902990e+00 2.500456132917883600e+00 2.500480711248653787e+00 2.500460037274818248e+00 2.500429526741041020e+00 2.500412705120768297e+00 2.500579582951063529e+00 2.500631095775535329e+00 2.500674970274469278e+00 2.500574500609948458e+00 2.500501024470413114e+00 2.500320182468805275e+00 2.500404361923112440e+00 2.500404558448672265e+00 2.500403573773785304e+00 2.500423587731574582e+00 2.500475036413969399e+00 2.500482903993542116e+00 2.500492216183462180e+00 2.500425396600717054e+00 2.500480322711459369e+00 2.500440335294539462e+00 2.500556665824219316e+00 2.500624205490547425e+00 2.500547180878735176e+00 2.500365681733999423e+00 2.500275302307773728e+00 2.500240086968313236e+00 2.500335969354220200e+00 2.500555977144674813e+00 2.500689228874473979e+00 2.500689046442560848e+00
2.500559856925446134e+00 2.500381031099949247e+00 2.500442210247450614e+00 2.500403136692909367e+00 2.500223366897358801e+00 2.500303382716251743e+00 2.500467319623559614e+00 2.500590148390489986e+00 2.500593219436890724e+00 2.500579915320692237e+00 2.500518273421486803e+00 2.500576142265083845e+00 2.500608481543440842e+00 2.500671199249458354e+00 2.500573092333750136e+00 2.500482328968734791e+00 2.500226145829150148e+00 2.500225737348614086e+00 2.500343663757890411e+00 2.500492098335413971e+00 2.500512572438026382e+00 2.500523433715232002e+00 2.500605576269445240e+00 2.500574283457238423e+00 2.500375660281585866e+00 2.500480584844353871e+00 2.500505612110101250e+00 2.500536201269840220e+00 2.500501539208894286e+00 2.500452298472013002e+00 2.500385625671952550e+00 2.500393391389617470e+00 2.500270277744750302e+00 2.500301532454008324e+00 2.500572921248231495e+00 2.500647317923913260e+00 2.500524727721987528e+00
2.500319904279104666e+00 2.500310493202251738e+00 2.500481990232437557e+00 2.500532973831873118e+00 2.500361821416468455e+00 2.500332285993980719e+00 2.500340417194149900e+00 2.500431707785281343e+00 2.500554135640490561e+00 2.500621183405819181e+00 2.500499351901112277e+00 2.500516614498459855e+00 2.500614420900133528e+00 2.500749804389448272e+00 2.500733037198667574e+00 2.500626023640698303e+00 2.500341694038680007e+00 2.500239000874536988e+00 2.500341444272699221e+00 2.500494393682093364e+00 2.500587352130907881e+00 2.500607707526891321e+00 2.500650321051403946e+00 2.500578098505758184e+00 2.500429413604299267e+00 2.500518489237292030e+00 2.500561773719242264e+00 2.500552100656248999e+00 2.500494518168187685e+00 2.500479959214966019e+00 2.500512695856361489e+00 2.500575708111375306e+00 2.500407997083365697e+00 2.500393517802182775e+00 2.500602060329483844e+00 2.500649130890581162e+00 2.500475486131233271e+00
