BlockUplift_2Ma_1kryTimeStep_2mmyr_k_5e-05_m_0.5_n_1.0_LinDiffusion_0.75_6x3km_30mRes_topographic__steepest_slope.txt
nrows 100
cellsize 30.0
xllcorner 0.0
ncols 200
yllcorner 0.0
[rows 51 to 67 of 100, columns 74 to 110 of 200]
3.060181193732565696e-01 3.322607778753839392e-01 3.482401004434507175e-01 3.563993242056160970e-01 3.589071854717512111e-01 3.573391894845106553e-01 3.526089612766270531e-01 3.450651291487910610e-01 3.346557995826098253e-01 3.210893341040786941e-01 3.039599460504461836e-01 2.828389173592787409e-01 2.573480392718673904e-01 2.272317999378666853e-01 1.924344042250898668e-01 1.634454075162585784e-01 1.345806660727678628e-01 1.026443674368019698e-01 7.911637644758115484e-02 1.073188461080724215e-01 1.354691115579871596e-01 1.680211749677766875e-01 2.059510081690499872e-01 2.392607896504121701e-01 2.677758836147158261e-01 2.915674389658231003e-01 3.108841814539137771e-01 3.260885021521877092e-01 3.376060295483170881e-01 3.458887824451835624e-01 3.513834735722335956e-01 3.544901892359557105e-01 3.554944941019527738e-01 3.544611029354352016e-01 3.510930619681478793e-01 3.445875550698304091e-01 3.335514301925778802e-01
3.099471028641772596e-01 3.354597317225473940e-01 3.503778495043491370e-01 3.572970525739852521e-01 3.585190329203612469e-01 3.557195969113441381e-01 3.498809728582197298e-01 3.413973328170110677e-01 3.302490672454041487e-01 3.161705029941325740e-01 2.987784777268833181e-01 2.776633510403826444e-01 2.524603078615162421e-01 2.229182797101013080e-01 1.956370198128712379e-01 1.710561464361599338e-01 1.430410470649855215e-01 1.120360184180755336e-01 9.173005279810315937e-02 1.127395939260142227e-01 1.399743504011475015e-01 1.644859628485455805e-01 1.992059840191757192e-01 2.324370995027796594e-01 2.611786039189534225e-01 2.854641394583306013e-01 3.054969274320342154e-01 3.215914476386501630e-01 3.341270448450908703e-01 3.435139480421658953e-01 3.501633949070215857e-01 3.544466191768341212e-01 3.566248744036404905e-01 3.567379573982388252e-01 3.544554939746774602e-01 3.489240839339686207e-01 3.386771406539357820e-01
3.128688050542251520e-01 3.375210970846959646e-01 3.512953255317806112e-01 3.569418118636652482e-01 3.568945891068248666e-01 3.529267898300361139e-01 3.460843536879508742e-01 3.368001396006282677e-01 3.250776131067197872e-01 3.106653079553173824e-01 2.931889509320493858e-01 2.722438793215758435e-01 2.474666075695249046e-01 2.237004176131374977e-01 2.033116832363952853e-01 1.794306149805062200e-01 1.522465559674139046e-01 1.221736517075799749e-01 1.053291386028490650e-01 1.188001790941898422e-01 1.451331752576843492e-01 1.688936872465326977e-01 1.920359060933056472e-01 2.250899826422937677e-01 2.539554255898338053e-01 2.786357916329961770e-01 2.992968300551315797e-01 3.162123881136475467e-01 3.297205143916244197e-01 3.401912163795581256e-01 3.479981815096209741e-01 3.534789324497145113e-01 3.568644972292228656e-01 3.581648267720424772e-01 3.570138297094577751e-01 3.525084704404131686e-01 3.431122033188188647e-01
3.147470841046839385e-01 3.384204068265148635e-01 3.509851389236454677e-01 3.553490316893165302e-01 3.540779589450588904e-01 3.490385585513024469e-01 3.413332398907660825e-01 3.314228035101412506e-01 3.193197324047142849e-01 3.047702482340601815e-01 2.873917529384319436e-01 2.667692205668742989e-01 2.480023188975599702e-01 2.314491268461190132e-01 2.115587467122522214e-01 1.883294756833157890e-01 1.619508785594251932e-01 1.328103988759642140e-01 1.196360837814628014e-01 1.253818376691604175e-01 1.508484879448628857e-01 1.738877727070583523e-01 1.941947758555599701e-01 2.172998035724295618e-01 2.461752260546499482e-01 2.711302361503082348e-01 2.923013334673669195e-01 3.099312809389838663e-01 3.243258926878013204e-01 3.358216006629220485e-01 3.447574758182175292e-01 3.514363730678553566e-01 3.560552223351748924e-01 3.585890546902665843e-01 3.586315479416574137e-01 3.552271860588215868e-01 3.467683279293869991e-01
3.155430273037723166e-01 3.381470817977988985e-01 3.494744214039656183e-01 3.525903247221966463e-01 3.501890022340698461e-01 3.442230884746133035e-01 3.358397074045550990e-01 3.255118128885158280e-01 3.132420614724462093e-01 2.987543800803886263e-01 2.816394679833232884e-01 2.690735898098206569e-01 2.558515575401048014e-01 2.395720018163898235e-01 2.201055465313796200e-01 1.974777230482425983e-01 1.718825207897901608e-01 1.436817352772833956e-01 1.343742315487816141e-01 1.323657909649716691e-01 1.570129135933142350e-01 1.793751420162992272e-01 1.991619347166786180e-01 2.162365241204662891e-01 2.379700145183619442e-01 2.630697382974441778e-01 2.846098035292129458e-01 3.028117502534902195e-01 3.179611288137778047e-01 3.303724194919823165e-01 3.403590386092901210e-01 3.481940832209526326e-01 3.540411170700584198e-01 3.578377560394149781e-01 3.591331730013299084e-01 3.569145771446263216e-01 3.494985132169716735e-01
3.152413338797051545e-01 3.367351428802786706e-01 3.468573472532113788e-01 3.488243722349390619e-01 3.454486736898161325e-01 3.387550762279431527e-01 3.299179684792307166e-01 3.194020510011057468e-01 3.071784399623557760e-01 2.955384498074191679e-01 2.874809587638752495e-01 2.770260801887464153e-01 2.638556487690043584e-01 2.477569053768975127e-01 2.286458814348403812e-01 2.065801640860637778e-01 1.817601422294368718e-01 1.545203033011205429e-01 1.492799578251966242e-01 1.458807374226732123e-01 1.634989629314688997e-01 1.852277090957688277e-01 2.045449171307208158e-01 2.213074830072472299e-01 2.354917278315657725e-01 2.546374263217425216e-01 2.763985642328066206e-01 2.950067750917867437e-01 3.107398902135173335e-01 3.239055749469988421e-01 3.348062923245739286e-01 3.436970881270402511e-01 3.507154335121526745e-01 3.557641697879186382e-01 3.583466567930713720e-01 3.573885712626169719e-01 3.511242909059982820e-01
3.138827937550331404e-01 3.342935078904020196e-01 3.433192882048767269e-01 3.443113784253227783e-01 3.401810675964914710e-01 3.330039459209122588e-01 3.239589528185414791e-01 3.147267685322445163e-01 3.100321737123281629e-01 3.037514050458438586e-01 2.954884513217428399e-01 2.848844753368121041e-01 2.716654800367018230e-01 2.556708029423468420e-01 2.368666802150357908e-01 2.153456689216014797e-01 1.913143560996047043e-01 1.658276472355093289e-01 1.641191417567749167e-01 1.609527107206815688e-01 1.701608346777831460e-01 1.912835946201462689e-01 2.101718396308382697e-01 2.266801439481892777e-01 2.407548159740335869e-01 2.524351290953540383e-01 2.678995082690296958e-01 2.867468433579555831e-01 3.028716537594713376e-01 3.165906801055030084e-01 3.282140896256256490e-01 3.379968863330702900e-01 3.460650750843853873e-01 3.522963711957288746e-01 3.561525140643368448e-01 3.564966925634308614e-01 3.514757537858486103e-01
3.115917313540526035e-01 3.310245451678800466e-01 3.391423149589968267e-01 3.394030643566092187e-01 3.347874205451015772e-01 3.300418516775857070e-01 3.272406949966707446e-01 3.234025882465173529e-01 3.183377689262974486e-01 3.117019997124480524e-01 3.031216013664851938e-01 2.922735417389314971e-01 2.789324454221715488e-01 2.629938706972326790e-01 2.444774786843374181e-01 2.235120907505871723e-01 2.003087017391445568e-01 1.800685943156906943e-01 1.787008994333764977e-01 1.758286055544147075e-01 1.768446050003902037e-01 1.973604995401502249e-01 2.158372399989758050e-01 2.321331817195975145e-01 2.461648111009691053e-01 2.579207542880909698e-01 2.674742113264144128e-01 2.783114503154422437e-01 2.946428104386749625e-01 3.086986087503855170e-01 3.208161436810864076e-01 3.312725528866451441e-01 3.402035808654773064e-01 3.474790801128449513e-01 3.525306257373699848e-01 3.541638272906861284e-01 3.504365927742393860e-01
3.148941991358440995e-01 3.304837035460899686e-01 3.385728670067853496e-01 3.415122077337418571e-01 3.412737650515649257e-01 3.391833289886417302e-01 3.359061829539297661e-01 3.315888079150131063e-01 3.260528400407280980e-01 3.189710003207617550e-01 3.099964475610980652e-01 2.988457066039403864e-01 2.853453447412609978e-01 2.694500498125748100e-01 2.512349503756687863e-01 2.308654310128822884e-01 2.085543914252471209e-01 1.938361802828372504e-01 1.928837907155146469e-01 1.903439548436949846e-01 1.862388691375523875e-01 2.032748185224995396e-01 2.213258457919676792e-01 2.374247881754818768e-01 2.514604210603424983e-01 2.633680384211808390e-01 2.731580474103581513e-01 2.809319360010396061e-01 2.868810527357494311e-01 3.005738072680211870e-01 3.129496115738997220e-01 3.238294299395420017e-01 3.333839619365278617e-01 3.414989445949118130e-01 3.475948985214548093e-01 3.504323852739323342e-01 3.479857288762673306e-01
3.254294980544452653e-01 3.406601634468645612e-01 3.483482657127369153e-01 3.508386964870653379e-01 3.501092993856585456e-01 3.474976047417084324e-01 3.436825550347519798e-01 3.388248316839210239e-01 3.327621091781435836e-01 3.251882499522784076e-01 3.157866642007075564e-01 3.043162596525799679e-01 2.906580311474774581e-01 2.748279334289720488e-01 2.569579696076905173e-01 2.372500513109691567e-01 2.159166139182629729e-01 2.070570935466927720e-01 2.065732518893488023e-01 2.043824155985494995e-01 2.005053356622492344e-01 2.088600663987221218e-01 2.264365638254762503e-01 2.423212934887402636e-01 2.563792085906696494e-01 2.684917788091197299e-01 2.786026820946128080e-01 2.867487636902354420e-01 2.930688447899280624e-01 2.977924079296568327e-01 3.050161685925957267e-01 3.160716117849081686e-01 3.259848975176888874e-01 3.346848841690643894e-01 3.416064009125648337e-01 3.454854771679246594e-01 3.442269696819721392e-01
3.347923635392971442e-01 3.496030393061727581e-01 3.568562680679433496e-01 3.588795970102554023e-01 3.576472088275514105e-01 3.545032230219016256e-01 3.501391455971910038e-01 3.447313709664078241e-01 3.381362084094949316e-01 3.300713705833990819e-01 3.202529992368072786e-01 3.084846583188217140e-01 2.947038857740095774e-01 2.789897297698102352e-01 2.615322592267422253e-01 2.425699682754170750e-01 2.223131434471534440e-01 2.196967432288260968e-01 2.197121801624443149e-01 2.178695298387462176e-01 2.141898916945687292e-01 2.139801649435054964e-01 2.310009736865671626e-01 2.466205561252616807e-01 2.606852941958352488e-01 2.730245237727901286e-01 2.835136565954916033e-01 2.921208903323935790e-01 2.989270401175993519e-01 3.041198366608734993e-01 3.079678215246682282e-01 3.107739985405681415e-01 3.184686370254686261e-01 3.274789943595673436e-01 3.349584468065870402e-01 3.396455737330862923e-01 3.393991646476280377e-01
3.424040957300238941e-01 3.567738811025193968e-01 3.635993669486515256e-01 3.651813592895112870e-01 3.634812898140477588e-01 3.598435412613488760e-01 3.549690830061048019e-01 3.490494310388447818e-01 3.419604494449435261e-01 3.334453933683996230e-01 3.232552120735084911e-01 3.112403697387498558e-01 2.973971201434951750e-01 2.818693906040123376e-01 2.649064097941262741e-01 2.467834509561372125e-01 2.294017050349471676e-01 2.317443497356976023e-01 2.322683021061701936e-01 2.307612236200763389e-01 2.272444533711658610e-01 2.219652768210456373e-01 2.348937889903990606e-01 2.501667812519218215e-01 2.641887310481502160e-01 2.767404147565385442e-01 2.876297649222047115e-01 2.967545520359647360e-01 3.041338943462368882e-01 3.099089419265023126e-01 3.143185020580397393e-01 3.176511001699893755e-01 3.201660158772672293e-01 3.219713521936204970e-01 3.281326777762918478e-01 3.333453812053486787e-01 3.338621508829769935e-01
3.478286451953701008e-01 3.617902754235782781e-01 3.682437561040036167e-01 3.694560999722967809e-01 3.673679667376681390e-01 3.633174884220636280e-01 3.580110428701549496e-01 3.516535807286010340e-01 3.441406916572456454e-01 3.352426657787829778e-01 3.247475946210013897e-01 3.125555146974640097e-01 2.987238395566481075e-01 2.834630908070026045e-01 2.670824302746152012e-01 2.498939342020144450e-01 2.401874626389239042e-01 2.431995391357569813e-01 2.442219621666633089e-01 2.430309981364985050e-01 2.396467496729333957e-01 2.343276146104888713e-01 2.380355756179463600e-01 2.528565295485787900e-01 2.667556249615432584e-01 2.794700909546437018e-01 2.907431485490155620e-01 3.004023414908543743e-01 3.084030436127352393e-01 3.148361744554707409e-01 3.199061235973845174e-01 3.238814907751363936e-01 3.270124847771134213e-01 3.294041660601750299e-01 3.308443017885518977e-01 3.306135396499524925e-01 3.280582988975775383e-01
3.508150098213564938e-01 3.644578652641278227e-01 3.706421854886740030e-01 3.715961409700705986e-01 3.692332132388959076e-01 3.648796425483881167e-01 3.592434675559889046e-01 3.525415320991163171e-01 3.446896511691706078e-01 3.354872711588833822e-01 3.247627485794049029e-01 3.124690059918258100e-01 2.987272498582597136e-01 2.838159189619106626e-01 2.681040820584755791e-01 2.519399301619681952e-01 2.504061852867626725e-01 2.540626410998242934e-01 2.555567813918022124e-01 2.546590406834620124e-01 2.513862419815628413e-01 2.459985306213203216e-01 2.403896942847543738e-01 2.546376300331311682e-01 2.683101430906419949e-01 2.811069270348996452e-01 2.927108085558356443e-01 3.028808709628802442e-01 3.115079548487424410e-01 3.186299649355651686e-01 3.244127573127001951e-01 3.291000172976620286e-01 3.329273074213954242e-01 3.359909458446443398e-01 3.380719277280342383e-01 3.384439685679264675e-01 3.357363553933611633e-01
3.513158475751846366e-01 3.647754836430291414e-01 3.708283092398659275e-01 3.716601213597943709e-01 3.691527176516865572e-01 3.646164746330102790e-01 3.587586738886085480e-01 3.518076638220961061e-01 3.437011322400435609e-01 3.342709584004286416e-01 3.233898697947030221e-01 3.110675138045068677e-01 2.974913505152756432e-01 2.830081528221742304e-01 2.680454950689720728e-01 2.539432162750851485e-01 2.600795995189419951e-01 2.643291763558181517e-01 2.662540862677512110e-01 2.656249764186043305e-01 2.624535703272309894e-01 2.569919221530597153e-01 2.496979348792630615e-01 2.555034218902837995e-01 2.688304937392858585e-01 2.816059635335644851e-01 2.934577772751095770e-01 3.040795161002206037e-01 3.132975602294357231e-01 3.210944795824323128e-01 3.275937093325724248e-01 3.330093220706080714e-01 3.375573338390993605e-01 3.413209240636571606e-01 3.440715520491177126e-01 3.450764563413861730e-01 3.429638048175641107e-01
3.494822894294777327e-01 3.629175893103488981e-01 3.689898478222599643e-01 3.698400771199346071e-01 3.673157999996409795e-01 3.627095647584349103e-01 3.567273025841193879e-01 3.496101038008379014e-01 3.413206326601535001e-01 3.317276924545469741e-01 3.207532644001083733e-01 3.084676604110642706e-01 2.951263357142631105e-01 2.811433455851525265e-01 2.670014897380568741e-01 2.624058152921179277e-01 2.692183563780171651e-01 2.739878392925580441e-01 2.762907735030637468e-01 2.759044942968766345e-01 2.728345946627446783e-01 2.673159888176617760e-01 2.597870367556102678e-01 2.554846063350222907e-01 2.683411190536306168e-01 2.809774155361463577e-01 2.929730836928196580e-01 3.039601654502107064e-01 3.137013016516222996e-01 3.221216020193553575e-01 3.292981015285217361e-01 3.354105329516829936e-01 3.406508904393551473e-01 3.450859678557963717e-01 3.484768085536251725e-01 3.500869051031637036e-01 3.485504467168327181e-01
3.456351740338521883e-01 3.591985278124869563e-01 3.654282490709521714e-01 3.664191092324146082e-01 3.639834978031620261e-01 3.593960620376451809e-01 3.533625413617546007e-01 3.461395245496188267e-01 3.377189897812830632e-01 3.280119852864863961e-01 3.169948676267179688e-01 3.048020318886984770e-01 2.917573517453453946e-01 2.783391702673135848e-01 2.650800490948144184e-01 2.704401224926792913e-01 2.778219091525935824e-01 2.830208232523546141e-01 2.856396519146509605e-01 2.854691011648204380e-01 2.825086322273155925e-01 2.769686148875412646e-01 2.692533227993370581e-01 2.599242944898245700e-01 2.669031031062086834e-01 2.792768550222761159e-01 2.913004384381751577e-01 3.025493567438586884e-01 3.127239403240820170e-01 3.216899136786020019e-01 3.294737196806814539e-01 3.362157132792484848e-01 3.420793700923158709e-01 3.471123893528778037e-01 3.510655960371039663e-01 3.532027004190117503e-01 3.521717649450457066e-01
