BlockUplift_2Ma_1kryTimeStep_5mmyr_k_5e-05_m_0.5_n_1.0_LinDiffusion_1.0_6x3km_30mRes_flow__link_to_receiver_node.txt
nrows 100
cellsize 30.0
xllcorner 0.0
ncols 200
yllcorner 0.0
[rows 0 to 16 of 100, columns 0 to 36 of 200]
-1.000000000000000000e+00 -1.000000000000000000e+00 -1.000000000000000000e+00 -1.000000000000000000e+00 -1.000000000000000000e+00 -1.000000000000000000e+00 -1.000000000000000000e+00 -1.000000000000000000e+00 -1.000000000000000000e+00 -1.000000000000000000e+00 -1.000000000000000000e+00 -1.000000000000000000e+00 -1.000000000000000000e+00 -1.000000000000000000e+00 -1.000000000000000000e+00 -1.000000000000000000e+00 -1.000000000000000000e+00 -1.000000000000000000e+00 -1.000000000000000000e+00 -1.000000000000000000e+00 -1.000000000000000000e+00 -1.000000000000000000e+00 -1.000000000000000000e+00 -1.000000000000000000e+00 -1.000000000000000000e+00 -1.000000000000000000e+00 -1.000000000000000000e+00 -1.000000000000000000e+00 -1.000000000000000000e+00 -1.000000000000000000e+00 -1.000000000000000000e+00 -1.000000000000000000e+00 -1.000000000000000000e+00 -1.000000000000000000e+00 -1.000000000000000000e+00 -1.000000000000000000e+00 -1.000000000000000000e+00
-1.000000000000000000e+00 3.890300000000000000e+04 3.890400000000000000e+04 3.890500000000000000e+04 7.831200000000000000e+04 7.831400000000000000e+04 7.831600000000000000e+04 7.831800000000000000e+04 7.832000000000000000e+04 7.832200000000000000e+04 7.832400000000000000e+04 7.832600000000000000e+04 3.911300000000000000e+04 3.911400000000000000e+04 3.911500000000000000e+04 3.911600000000000000e+04 3.911700000000000000e+04 3.911800000000000000e+04 3.911900000000000000e+04 3.912000000000000000e+04 3.912100000000000000e+04 3.912200000000000000e+04 3.912300000000000000e+04 3.912400000000000000e+04 3.912500000000000000e+04 3.912600000000000000e+04 3.912700000000000000e+04 3.912800000000000000e+04 3.912900000000000000e+04 3.913000000000000000e+04 3.913100000000000000e+04 3.913200000000000000e+04 3.913300000000000000e+04 3.913400000000000000e+04 3.913500000000000000e+04 3.913600000000000000e+04 3.913700000000000000e+04
-1.000000000000000000e+00 3.850400000000000000e+04 3.850500000000000000e+04 3.850600000000000000e+04 3.850700000000000000e+04 3.850800000000000000e+04 7.791800000000000000e+04 7.792000000000000000e+04 7.792200000000000000e+04 7.792400000000000000e+04 7.792600000000000000e+04 7.792800000000000000e+04 7.793000000000000000e+04 7.793200000000000000e+04 7.793400000000000000e+04 7.793600000000000000e+04 7.793800000000000000e+04 3.871900000000000000e+04 3.872000000000000000e+04 3.872100000000000000e+04 3.872200000000000000e+04 3.872300000000000000e+04 3.872400000000000000e+04 3.872500000000000000e+04 3.872600000000000000e+04 3.872700000000000000e+04 3.872800000000000000e+04 3.872900000000000000e+04 3.873000000000000000e+04 3.873100000000000000e+04 3.873200000000000000e+04 3.873300000000000000e+04 3.873400000000000000e+04 3.873500000000000000e+04 3.873600000000000000e+04 3.873700000000000000e+04 7.797800000000000000e+04
-1.000000000000000000e+00 3.810500000000000000e+04 3.810600000000000000e+04 3.810700000000000000e+04 3.810800000000000000e+04 3.810900000000000000e+04 3.811000000000000000e+04 3.811100000000000000e+04 7.752400000000000000e+04 7.752600000000000000e+04 7.752800000000000000e+04 7.753000000000000000e+04 7.753200000000000000e+04 7.753400000000000000e+04 7.753600000000000000e+04 7.753800000000000000e+04 7.754000000000000000e+04 7.754200000000000000e+04 7.754400000000000000e+04 7.754600000000000000e+04 7.754800000000000000e+04 7.755000000000000000e+04 7.755200000000000000e+04 7.755400000000000000e+04 7.755600000000000000e+04 7.755800000000000000e+04 7.756000000000000000e+04 7.756200000000000000e+04 7.756400000000000000e+04 7.756600000000000000e+04 7.756800000000000000e+04 7.757000000000000000e+04 7.757200000000000000e+04 7.757400000000000000e+04 7.757600000000000000e+04 7.757800000000000000e+04 7.758000000000000000e+04
-1.000000000000000000e+00 3.770600000000000000e+04 3.770700000000000000e+04 3.770800000000000000e+04 3.770900000000000000e+04 3.771000000000000000e+04 3.771100000000000000e+04 3.771200000000000000e+04 3.771300000000000000e+04 7.712800000000000000e+04 7.713000000000000000e+04 7.713200000000000000e+04 7.713400000000000000e+04 7.713600000000000000e+04 7.713800000000000000e+04 7.714000000000000000e+04 7.714200000000000000e+04 7.714400000000000000e+04 7.714600000000000000e+04 7.714800000000000000e+04 7.715000000000000000e+04 7.715200000000000000e+04 7.715400000000000000e+04 7.715600000000000000e+04 7.715800000000000000e+04 7.716000000000000000e+04 7.716200000000000000e+04 7.716400000000000000e+04 7.716600000000000000e+04 7.716800000000000000e+04 7.717000000000000000e+04 7.717200000000000000e+04 7.717400000000000000e+04 7.717600000000000000e+04 7.717800000000000000e+04 7.718000000000000000e+04 7.718200000000000000e+04
-1.000000000000000000e+00 3.730700000000000000e+04 3.730800000000000000e+04 3.730900000000000000e+04 3.731000000000000000e+04 3.731100000000000000e+04 3.731200000000000000e+04 3.731300000000000000e+04 3.731400000000000000e+04 3.731500000000000000e+04 7.673200000000000000e+04 7.673400000000000000e+04 7.673600000000000000e+04 7.673800000000000000e+04 7.674000000000000000e+04 7.674200000000000000e+04 7.674400000000000000e+04 7.674600000000000000e+04 7.674800000000000000e+04 7.675000000000000000e+04 7.675200000000000000e+04 7.675400000000000000e+04 7.675600000000000000e+04 7.675800000000000000e+04 7.676000000000000000e+04 7.676200000000000000e+04 7.676400000000000000e+04 7.676600000000000000e+04 7.676800000000000000e+04 7.677000000000000000e+04 7.677200000000000000e+04 7.677400000000000000e+04 7.677600000000000000e+04 7.677800000000000000e+04 7.678000000000000000e+04 7.678200000000000000e+04 7.678400000000000000e+04
-1.000000000000000000e+00 3.690800000000000000e+04 3.690900000000000000e+04 3.691000000000000000e+04 3.691100000000000000e+04 3.691200000000000000e+04 3.691300000000000000e+04 3.691400000000000000e+04 3.691500000000000000e+04 3.691600000000000000e+04 7.633400000000000000e+04 7.633600000000000000e+04 7.633800000000000000e+04 7.634000000000000000e+04 7.634200000000000000e+04 7.634400000000000000e+04 7.634600000000000000e+04 7.634800000000000000e+04 7.635000000000000000e+04 7.635200000000000000e+04 7.635400000000000000e+04 7.635600000000000000e+04 7.635800000000000000e+04 7.636000000000000000e+04 7.636200000000000000e+04 7.636400000000000000e+04 7.636600000000000000e+04 7.636800000000000000e+04 7.637000000000000000e+04 7.637200000000000000e+04 7.637400000000000000e+04 7.637600000000000000e+04 7.637800000000000000e+04 7.638000000000000000e+04 7.638200000000000000e+04 7.638400000000000000e+04 7.638600000000000000e+04
-1.000000000000000000e+00 3.650900000000000000e+04 3.651000000000000000e+04 3.651100000000000000e+04 3.651200000000000000e+04 3.651300000000000000e+04 3.651400000000000000e+04 3.651500000000000000e+04 3.651600000000000000e+04 3.651700000000000000e+04 7.593600000000000000e+04 7.593800000000000000e+04 7.594000000000000000e+04 7.594200000000000000e+04 7.594400000000000000e+04 7.594600000000000000e+04 7.594800000000000000e+04 7.595000000000000000e+04 7.595200000000000000e+04 7.595400000000000000e+04 7.595600000000000000e+04 7.595800000000000000e+04 7.596000000000000000e+04 7.596200000000000000e+04 7.596400000000000000e+04 7.596600000000000000e+04 7.596800000000000000e+04 7.597000000000000000e+04 7.597200000000000000e+04 7.597400000000000000e+04 7.597600000000000000e+04 7.597800000000000000e+04 7.598000000000000000e+04 7.598200000000000000e+04 7.598400000000000000e+04 7.598600000000000000e+04 7.598800000000000000e+04
-1.000000000000000000e+00 3.611000000000000000e+04 3.611100000000000000e+04 3.611200000000000000e+04 3.611300000000000000e+04 3.611400000000000000e+04 3.611500000000000000e+04 3.611600000000000000e+04 3.611700000000000000e+04 3.611800000000000000e+04 3.611900000000000000e+04 7.554000000000000000e+04 7.554200000000000000e+04 7.554400000000000000e+04 7.554600000000000000e+04 7.554800000000000000e+04 7.555000000000000000e+04 7.555200000000000000e+04 7.555400000000000000e+04 7.555600000000000000e+04 7.555800000000000000e+04 7.556000000000000000e+04 7.556200000000000000e+04 7.556400000000000000e+04 7.556600000000000000e+04 7.556800000000000000e+04 7.557000000000000000e+04 7.557200000000000000e+04 7.557400000000000000e+04 7.557600000000000000e+04 7.557800000000000000e+04 7.558000000000000000e+04 7.558200000000000000e+04 7.558400000000000000e+04 7.558600000000000000e+04 7.558800000000000000e+04 7.559000000000000000e+04
-1.000000000000000000e+00 3.571100000000000000e+04 3.571200000000000000e+04 3.571300000000000000e+04 3.571400000000000000e+04 3.571500000000000000e+04 3.571600000000000000e+04 3.571700000000000000e+04 3.571800000000000000e+04 3.571900000000000000e+04 3.572000000000000000e+04 7.514200000000000000e+04 7.514400000000000000e+04 7.514600000000000000e+04 7.514800000000000000e+04 7.515000000000000000e+04 7.515200000000000000e+04 7.515400000000000000e+04 7.515600000000000000e+04 7.515800000000000000e+04 7.516000000000000000e+04 7.516200000000000000e+04 7.516400000000000000e+04 7.516600000000000000e+04 7.516800000000000000e+04 7.517000000000000000e+04 7.517200000000000000e+04 7.517400000000000000e+04 7.517600000000000000e+04 7.517800000000000000e+04 7.518000000000000000e+04 7.518200000000000000e+04 7.518400000000000000e+04 7.518600000000000000e+04 7.518800000000000000e+04 7.519000000000000000e+04 7.519200000000000000e+04
-1.000000000000000000e+00 3.531200000000000000e+04 3.531300000000000000e+04 3.531400000000000000e+04 3.531500000000000000e+04 3.531600000000000000e+04 3.531700000000000000e+04 3.531800000000000000e+04 3.531900000000000000e+04 3.532000000000000000e+04 3.532100000000000000e+04 7.474400000000000000e+04 7.474600000000000000e+04 7.474800000000000000e+04 7.475000000000000000e+04 7.475200000000000000e+04 7.475400000000000000e+04 7.475600000000000000e+04 7.475800000000000000e+04 7.476000000000000000e+04 7.476200000000000000e+04 7.476400000000000000e+04 7.476600000000000000e+04 7.476800000000000000e+04 7.477000000000000000e+04 7.477200000000000000e+04 7.477400000000000000e+04 7.477600000000000000e+04 7.477800000000000000e+04 7.478000000000000000e+04 7.478200000000000000e+04 7.478400000000000000e+04 7.478600000000000000e+04 7.478800000000000000e+04 7.479000000000000000e+04 7.479200000000000000e+04 7.479400000000000000e+04
-1.000000000000000000e+00 3.491300000000000000e+04 3.491400000000000000e+04 3.491500000000000000e+04 3.491600000000000000e+04 3.491700000000000000e+04 3.491800000000000000e+04 3.491900000000000000e+04 3.492000000000000000e+04 3.492100000000000000e+04 3.492200000000000000e+04 7.434600000000000000e+04 7.434800000000000000e+04 7.435000000000000000e+04 7.435200000000000000e+04 7.435400000000000000e+04 7.435600000000000000e+04 7.435800000000000000e+04 7.436000000000000000e+04 7.436200000000000000e+04 7.436400000000000000e+04 7.436600000000000000e+04 7.436800000000000000e+04 7.437000000000000000e+04 7.437200000000000000e+04 7.437400000000000000e+04 7.437600000000000000e+04 7.437800000000000000e+04 7.438000000000000000e+04 7.438200000000000000e+04 7.438400000000000000e+04 7.438600000000000000e+04 7.438800000000000000e+04 7.439000000000000000e+04 7.439200000000000000e+04 7.439400000000000000e+04 7.439600000000000000e+04
-1.000000000000000000e+00 3.451400000000000000e+04 3.451500000000000000e+04 3.451600000000000000e+04 3.451700000000000000e+04 3.451800000000000000e+04 3.451900000000000000e+04 3.452000000000000000e+04 3.452100000000000000e+04 3.452200000000000000e+04 3.452300000000000000e+04 7.394800000000000000e+04 7.395000000000000000e+04 7.395200000000000000e+04 7.395400000000000000e+04 7.395600000000000000e+04 7.395800000000000000e+04 7.396000000000000000e+04 7.396200000000000000e+04 7.396400000000000000e+04 7.396600000000000000e+04 7.396800000000000000e+04 7.397000000000000000e+04 7.397200000000000000e+04 7.397400000000000000e+04 7.397600000000000000e+04 7.397800000000000000e+04 7.398000000000000000e+04 7.398200000000000000e+04 7.398400000000000000e+04 7.398600000000000000e+04 7.398800000000000000e+04 7.399000000000000000e+04 7.399200000000000000e+04 7.399400000000000000e+04 7.399600000000000000e+04 7.399800000000000000e+04
-1.000000000000000000e+00 3.411500000000000000e+04 3.411600000000000000e+04 3.411700000000000000e+04 3.411800000000000000e+04 3.411900000000000000e+04 3.412000000000000000e+04 3.412100000000000000e+04 3.412200000000000000e+04 3.412300000000000000e+04 7.354800000000000000e+04 7.355000000000000000e+04 7.355200000000000000e+04 7.355400000000000000e+04 7.355600000000000000e+04 7.355800000000000000e+04 7.356000000000000000e+04 7.356200000000000000e+04 7.356400000000000000e+04 7.356600000000000000e+04 7.356800000000000000e+04 7.357000000000000000e+04 7.357200000000000000e+04 7.357400000000000000e+04 7.357600000000000000e+04 7.357800000000000000e+04 7.358000000000000000e+04 7.358200000000000000e+04 7.358400000000000000e+04 7.358600000000000000e+04 7.358800000000000000e+04 7.359000000000000000e+04 7.359200000000000000e+04 7.359400000000000000e+04 7.359600000000000000e+04 7.359800000000000000e+04 7.360000000000000000e+04
-1.000000000000000000e+00 3.371600000000000000e+04 3.371700000000000000e+04 3.371800000000000000e+04 3.371900000000000000e+04 3.372000000000000000e+04 3.372100000000000000e+04 3.372200000000000000e+04 3.372300000000000000e+04 3.372400000000000000e+04 7.315000000000000000e+04 7.315200000000000000e+04 7.315400000000000000e+04 7.315600000000000000e+04 7.315800000000000000e+04 7.316000000000000000e+04 7.316200000000000000e+04 7.316400000000000000e+04 7.316600000000000000e+04 7.316800000000000000e+04 7.317000000000000000e+04 7.317200000000000000e+04 7.317400000000000000e+04 7.317600000000000000e+04 7.317800000000000000e+04 7.318000000000000000e+04 7.318200000000000000e+04 7.318400000000000000e+04 7.318600000000000000e+04 7.318800000000000000e+04 7.319000000000000000e+04 7.319200000000000000e+04 7.319400000000000000e+04 7.319600000000000000e+04 7.319800000000000000e+04 7.320000000000000000e+04 7.320200000000000000e+04
-1.000000000000000000e+00 3.331700000000000000e+04 3.331800000000000000e+04 3.331900000000000000e+04 3.332000000000000000e+04 3.332100000000000000e+04 3.332200000000000000e+04 3.332300000000000000e+04 3.332400000000000000e+04 3.332500000000000000e+04 7.275200000000000000e+04 7.275400000000000000e+04 7.275600000000000000e+04 7.275800000000000000e+04 7.276000000000000000e+04 7.276200000000000000e+04 7.276400000000000000e+04 7.276600000000000000e+04 7.276800000000000000e+04 7.277000000000000000e+04 7.277200000000000000e+04 7.277400000000000000e+04 7.277600000000000000e+04 7.277800000000000000e+04 7.278000000000000000e+04 7.278200000000000000e+04 7.278400000000000000e+04 7.278600000000000000e+04 7.278800000000000000e+04 7.279000000000000000e+04 7.279200000000000000e+04 7.279400000000000000e+04 7.279600000000000000e+04 7.279800000000000000e+04 7.280000000000000000e+04 7.280200000000000000e+04 7.280400000000000000e+04
-1.000000000000000000e+00 3.291800000000000000e+04 3.291900000000000000e+04 3.292000000000000000e+04 3.292100000000000000e+04 3.292200000000000000e+04 3.292300000000000000e+04 3.292400000000000000e+04 3.292500000000000000e+04 3.292600000000000000e+04 7.235400000000000000e+04 7.235600000000000000e+04 7.235800000000000000e+04 7.236000000000000000e+04 7.236200000000000000e+04 7.236400000000000000e+04 7.236600000000000000e+04 7.236800000000000000e+04 7.237000000000000000e+04 7.237200000000000000e+04 7.237400000000000000e+04 7.237600000000000000e+04 7.237800000000000000e+04 7.238000000000000000e+04 7.238200000000000000e+04 7.238400000000000000e+04 7.238600000000000000e+04 7.238800000000000000e+04 7.239000000000000000e+04 7.239200000000000000e+04 7.239400000000000000e+04 7.239600000000000000e+04 7.239800000000000000e+04 7.240000000000000000e+04 7.240200000000000000e+04 7.240400000000000000e+04 7.240600000000000000e+04
