BlockUplift_2Ma_1kryTimeStep_2mmyr_k_1e-05_m_0.5_n_1.0_LinDiffusion_0.5_6x3km_30mRes_topographic__elevation.txt
nrows 100
cellsize 30.0
xllcorner 0.0
ncols 200
yllcorner 0.0
[rows 17 to 33 of 100, columns 0 to 36 of 200]
6.924341743565641440e-04 2.440832423929817651e+03 2.440832423942539208e+03 2.440832423967925934e+03 2.440832424005867324e+03 2.440832424056196942e+03 2.440832424118695144e+03 2.440832424193089992e+03 2.440832424279058159e+03 2.440832424376228118e+03 2.440832424484182866e+03 2.440832424602459014e+03 2.440832424730555431e+03 2.440832424867931422e+03 2.440832425014011278e+03 2.440832425168191094e+03 2.440832425329838770e+03 2.440832425498298562e+03 2.440832425672898353e+03 2.440832425852951928e+03 2.440832426037762161e+03 2.440832426226629195e+03 2.440832426418853174e+03 2.440832426613738789e+03 2.440832426810601646e+03 2.440832427008772356e+03 2.440832427207601995e+03 2.440832427406466195e+03 2.440832427604772420e+03 2.440832427801961330e+03 2.440832427997513605e+03 2.440832428190955397e+03 2.440832428381860609e+03 2.440832428569855892e+03 2.440832428754625653e+03 2.440832428935915232e+03 2.440832429113533180e+03
5.356827692263182745e-04 2.404181622010063620e+03 2.404181622023586897e+03 2.404181622050575697e+03 2.404181622090910423e+03 2.404181622144415996e+03 2.404181622210858222e+03 2.404181622289948791e+03 2.404181622381344823e+03 2.404181622484651143e+03 2.404181622599424372e+03 2.404181622725172929e+03 2.404181622861362939e+03 2.404181623007419148e+03 2.404181623162729466e+03 2.404181623326649969e+03 2.404181623498505360e+03 2.404181623677598054e+03 2.404181623863209097e+03 2.404181624054605436e+03 2.404181624251040375e+03 2.404181624451763582e+03 2.404181624656023359e+03 2.404181624863072557e+03 2.404181625072173119e+03 2.404181625282602454e+03 2.404181625493657975e+03 2.404181625704660746e+03 2.404181625914965025e+03 2.404181626123957358e+03 2.404181626331067037e+03 2.404181626535767919e+03 2.404181626737582974e+03 2.404181626936090197e+03 2.404181627130926245e+03 2.404181627321789165e+03 2.404181627508444762e+03
5.482227227599064051e-04 2.366812313390808868e+03 2.366812313405160239e+03 2.366812313433801592e+03 2.366812313476606505e+03 2.366812313533388533e+03 2.366812313603901202e+03 2.366812313687837104e+03 2.366812313784833350e+03 2.366812313894470662e+03 2.366812314016278833e+03 2.366812314149735357e+03 2.366812314294274529e+03 2.366812314449283804e+03 2.366812314614113347e+03 2.366812314788077401e+03 2.366812314970458829e+03 2.366812315160513663e+03 2.366812315357475200e+03 2.366812315560560364e+03 2.366812315768973349e+03 2.366812315981910615e+03 2.366812316198567260e+03 2.366812316418141108e+03 2.366812316639840446e+03 2.366812316862885837e+03 2.366812317086518760e+03 2.366812317310005255e+03 2.366812317532643647e+03 2.366812317753765456e+03 2.366812317972745404e+03 2.366812318189003236e+03 2.366812318402010533e+03 2.366812318611293904e+03 2.366812318816440438e+03 2.366812319017101345e+03 2.366812319212995590e+03
3.143421457138997205e-04 2.328847043245239547e+03 2.328847043260443570e+03 2.328847043290785678e+03 2.328847043336132629e+03 2.328847043396287063e+03 2.328847043470987956e+03 2.328847043559910617e+03 2.328847043662668966e+03 2.328847043778820989e+03 2.328847043907866919e+03 2.328847044049253782e+03 2.328847044202380857e+03 2.328847044366599221e+03 2.328847044541219930e+03 2.328847044725513570e+03 2.328847044918717529e+03 2.328847045120042822e+03 2.328847045328672266e+03 2.328847045543771856e+03 2.328847045764493487e+03 2.328847045989979051e+03 2.328847046219369076e+03 2.328847046451804999e+03 2.328847046686437807e+03 2.328847046922430764e+03 2.328847047158968053e+03 2.328847047395257960e+03 2.328847047630540601e+03 2.328847047864091110e+03 2.328847048095227819e+03 2.328847048323315903e+03 2.328847048547772374e+03 2.328847048768070636e+03 2.328847048983747300e+03 2.328847049194404917e+03 2.328847049399716525e+03
9.669470460564095647e-04 2.290399657683936766e+03 2.290399657700016178e+03 2.290399657732104515e+03 2.290399657780061716e+03 2.290399657843679051e+03 2.290399657922680490e+03 2.290399658016721787e+03 2.290399658125396854e+03 2.290399658248235937e+03 2.290399658384711529e+03 2.290399658534238370e+03 2.290399658696180268e+03 2.290399658869850100e+03 2.290399659054516633e+03 2.290399659249408160e+03 2.290399659453716595e+03 2.290399659666601565e+03 2.290399659887197686e+03 2.290399660114616836e+03 2.290399660347957706e+03 2.290399660586305799e+03 2.290399660828744345e+03 2.290399661074357482e+03 2.290399661322237534e+03 2.290399661571488195e+03 2.290399661821233622e+03 2.290399662070623435e+03 2.290399662318837727e+03 2.290399662565094332e+03 2.290399662808652010e+03 2.290399663048819548e+03 2.290399663284958478e+03 2.290399663516488999e+03 2.290399663742894518e+03 2.290399663963727562e+03 2.290399664178611602e+03
1.633467127134527941e-04 2.251575402028251574e+03 2.251575402045227293e+03 2.251575402079105970e+03 2.251575402129737995e+03 2.251575402196903724e+03 2.251575402280311664e+03 2.251575402379598927e+03 2.251575402494335776e+03 2.251575402624026538e+03 2.251575402768114145e+03 2.251575402925979688e+03 2.251575403096950595e+03 2.251575403280301543e+03 2.251575403475256735e+03 2.251575403681001717e+03 2.251575403896678836e+03 2.251575404121398606e+03 2.251575404354243346e+03 2.251575404594271276e+03 2.251575404840523788e+03 2.251575405092030451e+03 2.251575405347814922e+03 2.251575405606902677e+03 2.251575405868323287e+03 2.251575406131121781e+03 2.251575406394360471e+03 2.251575406657127587e+03 2.251575406918542285e+03 2.251575407177761008e+03 2.251575407433984765e+03 2.251575407686462768e+03 2.251575407934498799e+03 2.251575408177458939e+03 2.251575408414772028e+03 2.251575408645939206e+03 2.251575408870535284e+03
8.022111499963737683e-04 2.212471093576426938e+03 2.212471093594321246e+03 2.212471093630030282e+03 2.212471093683398976e+03 2.212471093754195408e+03 2.212471093842111259e+03 2.212471093946764995e+03 2.212471094067702779e+03 2.212471094204403016e+03 2.212471094356275898e+03 2.212471094522669773e+03 2.212471094702874780e+03 2.212471094896124669e+03 2.212471095101600895e+03 2.212471095318440803e+03 2.212471095545739445e+03 2.212471095782555949e+03 2.212471096027917611e+03 2.212471096280827624e+03 2.212471096540270992e+03 2.212471096805216803e+03 2.212471097074629142e+03 2.212471097347472096e+03 2.212471097622712932e+03 2.212471097899333472e+03 2.212471098176333726e+03 2.212471098452738261e+03 2.212471098727604385e+03 2.212471099000026697e+03 2.212471099269143906e+03 2.212471099534145651e+03 2.212471099794278416e+03 2.212471100048849166e+03 2.212471100297233534e+03 2.212471100538878090e+03 2.212471100773308535e+03
2.197557368705388425e-04 2.173175355899119495e+03 2.173175355917951038e+03 2.173175355955530904e+03 2.173175356011696294e+03 2.173175356086201646e+03 2.173175356178723632e+03 2.173175356288859803e+03 2.173175356416131763e+03 2.173175356559991542e+03 2.173175356719816591e+03 2.173175356894921606e+03 2.173175357084557618e+03 2.173175357287915631e+03 2.173175357504133899e+03 2.173175357732301563e+03 2.173175357971464109e+03 2.173175358220626549e+03 2.173175358478762973e+03 2.173175358744818368e+03 2.173175359017718165e+03 2.173175359296371880e+03 2.173175359579681754e+03 2.173175359866546842e+03 2.173175360155873477e+03 2.173175360446577088e+03 2.173175360737594019e+03 2.173175361027883810e+03 2.173175361316439194e+03 2.173175361602291559e+03 2.173175361884516860e+03 2.173175362162243346e+03 2.173175362434657018e+03 2.173175362701005724e+03 2.173175362960610528e+03 2.173175363212863431e+03 2.173175363457238291e+03
2.949558962358035186e-04 2.133768902996100678e+03 2.133768903015888554e+03 2.133768903055377905e+03 2.133768903114396835e+03 2.133768903192687958e+03 2.133768903289909758e+03 2.133768903405640231e+03 2.133768903539376879e+03 2.133768903690540810e+03 2.133768903858480371e+03 2.133768904042472514e+03 2.133768904241727796e+03 2.133768904455397205e+03 2.133768904682572156e+03 2.133768904922292677e+03 2.133768905173552412e+03 2.133768905435303623e+03 2.133768905706461737e+03 2.133768905985915353e+03 2.133768906272528056e+03 2.133768906565148427e+03 2.133768906862613676e+03 2.133768907163760105e+03 2.133768907467426743e+03 2.133768907772463990e+03 2.133768908077741344e+03 2.133768908382152858e+03 2.133768908684624876e+03 2.133768908984123300e+03 2.133768909279660420e+03 2.133768909570301275e+03 2.133768909855169113e+03 2.133768910133454483e+03 2.133768910404417966e+03 2.133768910667399268e+03 2.133768910921817678e+03
5.808582483371648114e-04 2.094324862845037842e+03 2.094324862865801606e+03 2.094324862907238185e+03 2.094324862969166588e+03 2.094324863051316697e+03 2.094324863153331080e+03 2.094324863274764994e+03 2.094324863415091386e+03 2.094324863573702260e+03 2.094324863749912765e+03 2.094324863942963020e+03 2.094324864152023565e+03 2.094324864376200367e+03 2.094324864614539820e+03 2.094324864866031930e+03 2.094324865129615773e+03 2.094324865404189950e+03 2.094324865688611681e+03 2.094324865981709081e+03 2.094324866282284347e+03 2.094324866589121939e+03 2.094324866900994039e+03 2.094324867216671009e+03 2.094324867534924579e+03 2.094324867854537843e+03 2.094324868174312542e+03 2.094324868493074064e+03 2.094324868809681448e+03 2.094324869123034659e+03 2.094324869432078685e+03 2.094324869735814900e+03 2.094324870033303796e+03 2.094324870323674077e+03 2.094324870606128570e+03 2.094324870879949231e+03 2.094324871144503049e+03
7.547076044186197237e-04 2.054909131001450532e+03 2.054909131023207919e+03 2.054909131066628106e+03 2.054909131131521463e+03 2.054909131217603772e+03 2.054909131324499867e+03 2.054909131451744997e+03 2.054909131598784370e+03 2.054909131764981339e+03 2.054909131949616039e+03 2.054909132151892209e+03 2.054909132370938551e+03 2.054909132605816922e+03 2.054909132855524604e+03 2.054909133119001126e+03 2.054909133395132812e+03 2.054909133682759602e+03 2.054909133980680508e+03 2.054909134287662255e+03 2.054909134602443828e+03 2.054909134923743750e+03 2.054909135250269173e+03 2.054909135580721340e+03 2.054909135913803766e+03 2.054909136248229970e+03 2.054909136582732572e+03 2.054909136916066927e+03 2.054909137247023864e+03 2.054909137574433771e+03 2.054909137897175242e+03 2.054909138214182349e+03 2.054909138524451919e+03 2.054909138827051720e+03 2.054909139121122280e+03 2.054909139405888709e+03 2.054909139680663884e+03
1.204712727439141159e-04 2.015580745972663181e+03 2.015580745995433290e+03 2.015580746040873464e+03 2.015580746108785206e+03 2.015580746198871566e+03 2.015580746310738959e+03 2.015580746443899898e+03 2.015580746597774805e+03 2.015580746771694749e+03 2.015580746964905757e+03 2.015580747176572913e+03 2.015580747405783768e+03 2.015580747651553565e+03 2.015580747912831157e+03 2.015580748188503321e+03 2.015580748477401585e+03 2.015580748778307907e+03 2.015580749089961273e+03 2.015580749411064971e+03 2.015580749740293413e+03 2.015580750076298727e+03 2.015580750417719401e+03 2.015580750763188007e+03 2.015580751111337577e+03 2.015580751460811143e+03 2.015580751810269021e+03 2.015580752158396535e+03 2.015580752503912663e+03 2.015580752845578900e+03 2.015580753182204262e+03 2.015580753512655747e+03 2.015580753835864471e+03 2.015580754150832490e+03 2.015580754456641444e+03 2.015580754752456869e+03 2.015580755037535937e+03
6.218721346455920781e-04 1.976392279087359384e+03 1.976392279111159496e+03 1.976392279158655811e+03 1.976392279229640053e+03 1.976392279323801858e+03 1.976392279440728998e+03 1.976392279579911246e+03 1.976392279740741969e+03 1.976392279922521084e+03 1.976392280124459376e+03 1.976392280345682366e+03 1.976392280585234857e+03 1.976392280842085256e+03 1.976392281115132391e+03 1.976392281403210063e+03 1.976392281705093183e+03 1.976392282019504364e+03 1.976392282345121203e+03 1.976392282680583094e+03 1.976392283024497374e+03 1.976392283375449324e+03 1.976392283732007400e+03 1.976392284092732552e+03 1.976392284456186644e+03 1.976392284820940176e+03 1.976392285185580022e+03 1.976392285548719656e+03 1.976392285909005523e+03 1.976392286265126359e+03 1.976392286615821831e+03 1.976392286959889589e+03 1.976392287296192762e+03 1.976392287623669517e+03 1.976392287941337827e+03 1.976392288248303885e+03 1.976392288543767791e+03
5.314536837983571118e-04 1.937390232514610034e+03 1.937390232539459021e+03 1.937390232589047628e+03 1.937390232663158258e+03 1.937390232761466450e+03 1.937390232883541785e+03 1.937390233028850616e+03 1.937390233196757890e+03 1.937390233386532373e+03 1.937390233597348470e+03 1.937390233828291684e+03 1.937390234078362937e+03 1.937390234346482885e+03 1.937390234631499652e+03 1.937390234932192016e+03 1.937390235247278042e+03 1.937390235575419865e+03 1.937390235915231870e+03 1.937390236265288195e+03 1.937390236624128875e+03 1.937390236990268704e+03 1.937390237362205880e+03 1.937390237738429050e+03 1.937390238117426179e+03 1.937390238497693417e+03 1.937390238877743968e+03 1.937390239256115819e+03 1.937390239631381974e+03 1.937390240002157952e+03 1.937390240367110891e+03 1.937390240724967725e+03 1.937390241074523374e+03 1.937390241414648699e+03 1.937390241744298464e+03 1.937390242062517473e+03 1.937390242368448298e+03
6.515203423721194209e-04 1.898615439951443250e+03 1.898615439977358847e+03 1.898615440029075671e+03 1.898615440106367032e+03 1.898615440208893688e+03 1.898615440336205893e+03 1.898615440487746355e+03 1.898615440662852052e+03 1.898615440860758554e+03 1.898615441080604114e+03 1.898615441321432854e+03 1.898615441582200901e+03 1.898615441861780482e+03 1.898615442158967653e+03 1.898615442472485938e+03 1.898615442800994288e+03 1.898615443143093671e+03 1.898615443497334354e+03 1.898615443862223401e+03 1.898615444236231951e+03 1.898615444617804314e+03 1.898615445005365473e+03 1.898615445397329950e+03 1.898615445792111359e+03 1.898615446188129454e+03 1.898615446583821267e+03 1.898615446977649299e+03 1.898615447368109926e+03 1.898615447753744320e+03 1.898615448133145264e+03 1.898615448504967617e+03 1.898615448867936266e+03 1.898615449220853861e+03 1.898615449562609683e+03 1.898615449892186916e+03 1.898615450208668335e+03
8.249939969138183086e-04 1.860103465296229388e+03 1.860103465323230012e+03 1.860103465377112116e+03 1.860103465457639004e+03 1.860103465564456656e+03 1.860103465697095771e+03 1.860103465854974502e+03 1.860103466037401176e+03 1.860103466243578396e+03 1.860103466472606215e+03 1.860103466723487600e+03 1.860103466995132294e+03 1.860103467286363866e+03 1.860103467595924485e+03 1.860103467922481514e+03 1.860103468264634557e+03 1.860103468620921149e+03 1.860103468989826752e+03 1.860103469369789991e+03 1.860103469759211976e+03 1.860103470156464255e+03 1.860103470559897914e+03 1.860103470967852218e+03 1.860103471378663244e+03 1.860103471790674121e+03 1.860103472202243665e+03 1.860103472611755933e+03 1.860103473017630677e+03 1.860103473418331760e+03 1.860103473812376478e+03 1.860103474198346021e+03 1.860103474574893198e+03 1.860103474940751084e+03 1.860103475294742566e+03 1.860103475635786936e+03 1.860103475962907396e+03
6.897919654654949414e-05 1.821884995357358093e+03 1.821884995385462389e+03 1.821884995441547062e+03 1.821884995525365184e+03 1.821884995636547274e+03 1.821884995774604704e+03 1.821884995938930160e+03 1.821884996128802641e+03 1.821884996343390867e+03 1.821884996581756695e+03 1.821884996842859891e+03 1.821884997125564269e+03 1.821884997428642237e+03 1.821884997750782759e+03 1.821884998090595218e+03 1.821884998446618283e+03 1.821884998817326050e+03 1.821884999201136907e+03 1.821884999596420357e+03 1.821885000001505887e+03 1.821885000414691149e+03 1.821885000834251514e+03 1.821885001258449165e+03 1.821885001685541965e+03 1.821885002113793462e+03 1.821885002541483118e+03 1.821885002966915181e+03 1.821885003388430050e+03 1.821885003804413145e+03 1.821885004213304455e+03 1.821885004613609226e+03 1.821885005003907054e+03 1.821885005382859845e+03 1.821885005749222273e+03 1.821885006101848830e+03 1.821885006439701783e+03
