BlockUplift_2Ma_1kryTimeStep_5mmyr_k_0.0001_m_0.5_n_1.0_LinDiffusion_1.0_6x3km_30mRes_topographic__steepest_slope.txt
nrows 100
cellsize 30.0
xllcorner 0.0
ncols 200
yllcorner 0.0
[rows 68 to 84 of 100, columns 111 to 147 of 200]
4.846787798977421624e-01 4.860510709532813167e-01 4.809914842623546627e-01 4.704548688865789474e-01 4.550213249400826276e-01 4.349911400379388171e-01 4.105125933111935521e-01 3.817102697856038507e-01 3.581642619461572474e-01 3.476785592387505730e-01 3.351920500010300841e-01 3.206176785648374161e-01 3.038566292701978533e-01 2.847859072412039505e-01 2.896814536014441499e-01 2.969694815368408292e-01 2.997980167240882343e-01 2.983226757236063231e-01 2.930195540205545734e-01 3.075547786272850859e-01 3.234898251325414309e-01 3.362386430160623219e-01 3.458380668807257696e-01 3.522980961786050802e-01 3.556337997764522085e-01 3.558867683611497967e-01 3.531278975255479069e-01 3.474415027555054492e-01 3.388978255193970113e-01 3.275253021129079234e-01 3.132949895291978759e-01 2.961273591902748303e-01 2.759266695324705254e-01 2.526410306244565862e-01 2.263383906597330186e-01 2.013838540705971125e-01 2.025726415792803436e-01
4.791218193278060089e-01 4.782039866218326662e-01 4.707456685675841523e-01 4.577851475535946180e-01 4.399871487950141047e-01 4.177434443441294665e-01 3.913068845796108808e-01 3.638436220374325902e-01 3.556978802929546823e-01 3.459932920835315784e-01 3.347108861265829516e-01 3.218189671095222915e-01 3.072366806183334798e-01 3.024496934610018117e-01 3.142933758643039477e-01 3.217001333006029307e-01 3.245192196276661667e-01 3.229385725741792390e-01 3.174685538503126958e-01 3.170983823812856817e-01 3.320804982296803320e-01 3.445934772675813829e-01 3.546089640799533482e-01 3.620270530400191977e-01 3.667275441291574789e-01 3.686085859952332733e-01 3.676021776647397377e-01 3.636660006392410938e-01 3.567595884155697616e-01 3.468179661005525993e-01 3.337369634903348259e-01 3.173816439913346721e-01 2.976233855693881103e-01 2.744031594483385406e-01 2.478100757884414418e-01 2.302266746301597777e-01 2.309062131102677939e-01
4.717397385548679489e-01 4.684223104688157724e-01 4.585027237706451042e-01 4.431020356263938309e-01 4.229666745987893939e-01 3.985762236349425502e-01 3.702847048040079359e-01 3.603801000469034621e-01 3.526711817130405158e-01 3.437421876270185805e-01 3.336480345411010351e-01 3.224111564809084007e-01 3.099792496675263243e-01 3.259993439711422747e-01 3.378819469893699079e-01 3.452006356408048870e-01 3.478355811366327655e-01 3.460001912248268918e-01 3.402263754654749617e-01 3.313089057710385532e-01 3.390568346659614818e-01 3.512600967353297077e-01 3.616301634716495017e-01 3.699576114895767875e-01 3.759855427136075678e-01 3.794645703955243365e-01 3.801812788053892112e-01 3.779589839457545564e-01 3.726393393562824619e-01 3.640591233440518271e-01 3.520376767729247458e-01 3.363872796137460930e-01 3.169522108431369056e-01 2.936736802518715161e-01 2.666690516725395144e-01 2.557440268545804196e-01 2.558940078978574895e-01
4.623924387040271311e-01 4.566077944299422597e-01 4.442096112514624107e-01 4.263982277440466762e-01 4.039972335706977224e-01 3.775698624651245838e-01 3.625875255887417992e-01 3.563291731946034435e-01 3.490578919693527737e-01 3.408955220649529383e-01 3.319673249506025492e-01 3.223470692634569645e-01 3.324250931471415815e-01 3.483753190383083731e-01 3.600616079138224679e-01 3.670990623399177366e-01 3.693980728195090935e-01 3.671883451256727771e-01 3.610068802920124997e-01 3.516495639582937205e-01 3.441284217049256355e-01 3.559162451190776011e-01 3.665325887290004636e-01 3.756624338103779492e-01 3.829147888580413661e-01 3.878926055275460083e-01 3.902340524780856801e-01 3.896232323725933866e-01 3.857789726505485017e-01 3.784366031000080399e-01 3.673388465686648896e-01 3.522485390198750177e-01 3.329890269418616655e-01 3.095093260616336162e-01 2.819623604217603163e-01 2.765758308672843779e-01 2.762090794631812396e-01
4.509909162321434906e-01 4.427170591264352195e-01 4.278688833993366525e-01 4.077203217872674146e-01 3.831669516057653602e-01 3.629448667409901907e-01 3.577958244582241654e-01 3.517203969148257059e-01 3.448803979782600893e-01 3.374684212595139288e-01 3.296745516704052137e-01 3.342414376573003554e-01 3.536319358534115165e-01 3.692451715904117582e-01 3.805143243845161005e-01 3.871028578106158191e-01 3.889498604338371135e-01 3.862907323190503117e-01 3.796487945743782233e-01 3.697966509887938291e-01 3.576899125228161780e-01 3.584095816314823990e-01 3.691308491135800174e-01 3.789110302250834894e-01 3.872316858233730286e-01 3.935520984836144431e-01 3.973627724636203395e-01 3.982068438581133352e-01 3.956776708446115842e-01 3.894074443294411325e-01 3.790629653330910287e-01 3.643612963364148971e-01 3.451111248826502220e-01 3.212770585032591608e-01 2.930555762581143475e-01 2.917965413236023320e-01 2.909541218433711607e-01
4.375170764051479755e-01 4.267783472265743172e-01 4.095523326174316248e-01 3.871797555343239883e-01 3.619314807195092576e-01 3.577068511476734214e-01 3.525424949603641611e-01 3.466347451516351708e-01 3.402080129294284272e-01 3.335190423843883423e-01 3.323159468683494766e-01 3.544210609240489585e-01 3.733139359297543702e-01 3.883350111868840715e-01 3.989889880052203130e-01 4.049937291185263799e-01 4.063148893860633049e-01 4.031825658860725414e-01 3.960871070891414658e-01 3.857521484740099593e-01 3.730845142777354795e-01 3.591032168351678822e-01 3.694121374239132671e-01 3.796622909296631376e-01 3.888592797086308783e-01 3.963266703051156470e-01 4.014117328792655148e-01 4.035179096442693125e-01 4.021125908851777564e-01 3.967243446205400148e-01 3.869451382773470560e-01 3.724498045919207856e-01 3.530384326476834755e-01 3.286992039922224662e-01 3.010941939132635303e-01 3.009951082408046097e-01 2.997380798283681425e-01
4.220393379919755716e-01 4.089034449439244434e-01 3.894097415328853229e-01 3.649592100624450830e-01 3.565922401536987807e-01 3.521795919260163887e-01 3.469631783332308150e-01 3.411916245912787193e-01 3.351462185733461996e-01 3.291394315340817056e-01 3.516833387720074144e-01 3.731299203896355499e-01 3.912353089186770827e-01 4.054294192221580828e-01 4.152991921781809537e-01 4.206215583372909239e-01 4.213861503433463662e-01 4.178073848047157979e-01 4.103246768748116668e-01 3.995882213809958672e-01 3.864271576913893003e-01 3.717980250363325245e-01 3.675102373864913563e-01 3.780393896872638604e-01 3.879038782455411227e-01 3.963030913677689226e-01 4.024488996433566723e-01 4.056091179058002871e-01 4.051265420410934404e-01 4.004264686158799935e-01 3.910270462395619706e-01 3.765638094515509349e-01 3.568337092241024577e-01 3.318564950242436362e-01 3.046549413011310770e-01 3.042942148439370387e-01 3.026937190385552978e-01
4.047195290953330415e-01 3.892907426947753158e-01 3.676691946647546727e-01 3.549048496602249525e-01 3.511998865096898070e-01 3.465329353167349025e-01 3.412101643696833220e-01 3.355288903095919317e-01 3.298199824630365651e-01 3.463929454996938495e-01 3.696922984421765479e-01 3.901606439655173064e-01 4.072093564737959692e-01 4.203701855085171246e-01 4.293203125368601492e-01 4.338984944952130607e-01 4.341153977932511454e-01 4.301608526452696535e-01 4.224083390792126580e-01 4.114136760760970790e-01 3.979022744894090691e-01 3.827389108763308290e-01 3.668764304612920912e-01 3.742934569554060564e-01 3.846176290143575871e-01 3.937330745242169638e-01 4.007271250208294666e-01 4.047385429166194259e-01 4.049885074695910303e-01 4.007999122343043341e-01 3.916176332044384312e-01 3.770397794835231298e-01 3.568645810066187751e-01 3.311509612410057368e-01 3.029428900172803085e-01 3.023077449126532201e-01 3.004350436781057510e-01
3.858075807846243488e-01 3.682167334245112778e-01 3.529667758449073767e-01 3.500826795968267624e-01 3.459223936565351543e-01 3.409211838998510435e-01 3.354273315206887651e-01 3.297817269493875658e-01 3.394637418941385820e-01 3.639945011795589491e-01 3.861484682047736094e-01 4.053427886207884856e-01 4.210973828892008441e-01 4.330545704916403116e-01 4.409862747404910688e-01 4.447935367995379807e-01 4.445048357353149071e-01 4.402785879083050413e-01 4.324114859388979992e-01 4.213493814014062644e-01 4.076931515221948188e-01 3.921902169745862810e-01 3.757040517070568963e-01 3.687629699373415337e-01 3.793547621160589522e-01 3.889863347958789630e-01 3.966339438792403915e-01 4.013161104715192717e-01 4.021367928361084254e-01 3.983176874581081939e-01 3.892302397163407424e-01 3.744356198023201521e-01 3.537362723642049622e-01 3.272369388693741610e-01 2.969903156098467889e-01 2.960457532461873709e-01 2.939635079669472018e-01
3.656228355273858366e-01 3.508517698451957267e-01 3.491381691966395917e-01 3.455943062429121526e-01 3.408776567464057994e-01 3.354607249977378802e-01 3.297310058665239851e-01 3.317021347385889496e-01 3.569335299865390998e-01 3.801849356246199130e-01 4.008812345413408362e-01 4.185432138061097596e-01 4.328081523055383739e-01 4.434333145593882253e-01 4.502859283609249585e-01 4.533273208829598500e-01 4.526003744923741690e-01 4.482276747636850245e-01 4.404230703874892350e-01 4.295132842334586365e-01 4.159607386128471029e-01 4.003758312680683051e-01 3.835076934583545039e-01 3.662069497518852246e-01 3.725284466909220549e-01 3.825029161769532560e-01 3.906389958857166556e-01 3.958457643465287390e-01 3.971156869877452422e-01 3.935708030686639325e-01 3.845082476719958176e-01 3.694512247588700449e-01 3.482075170852982349e-01 3.209327423043472627e-01 2.881904947939548101e-01 2.867843322378329507e-01 2.845400483198195496e-01
3.482522044061935329e-01 3.483780014331099295e-01 3.458008279020534093e-01 3.414854625010334543e-01 3.361224604760946755e-01 3.302203816120845570e-01 3.242010794925661576e-01 3.492687325061240022e-01 3.731233721758656086e-01 3.947777229364589635e-01 4.137480241527839442e-01 4.296683426944260531e-01 4.422977585917976517e-01 4.515081637761700906e-01 4.572586764269355175e-01 4.595665681572673744e-01 4.584856470634406378e-01 4.541007313790980104e-01 4.465416588720472757e-01 4.360136022867834305e-01 4.228342570918338650e-01 4.074646657410160855e-01 3.905203312170840713e-01 3.727530678211735671e-01 3.645731481316549227e-01 3.747507185312240474e-01 3.832461339830094960e-01 3.888715613446065977e-01 3.905150216105246486e-01 3.872009325128616397e-01 3.781507391809708629e-01 3.628472735118780101e-01 3.411028560394367970e-01 3.131269466369017707e-01 2.795848006481065906e-01 2.759216904208036114e-01 2.735439752404459912e-01
3.473868332252622593e-01 3.464544965452275305e-01 3.429050846075305525e-01 3.377317280223263718e-01 3.316579825405398529e-01 3.252252763687648596e-01 3.416100120884872360e-01 3.656546835516792382e-01 3.878208988383790023e-01 4.076099841773043186e-01 4.246410587741252241e-01 4.386672471541222529e-01 4.495691702408881607e-01 4.573284278841810990e-01 4.619889855817158608e-01 4.636177335709760206e-01 4.622760125860584934e-01 4.580112655562553758e-01 4.508726547987995104e-01 4.409477239912613644e-01 4.284107251415700257e-01 4.135688573429585069e-01 3.968916895209114726e-01 3.790118998051715260e-01 3.606915645696441852e-01 3.661913476587133620e-01 3.749542522374927911e-01 3.809327651673481974e-01 3.829188427690301544e-01 3.798420995307093539e-01 3.708468575401763778e-01 3.553722192249647582e-01 3.332325121277663338e-01 3.046916717637108696e-01 2.705214332331757343e-01 2.648406733682350245e-01 2.623387422833255989e-01
3.470124403361837806e-01 3.449312895058257444e-01 3.403400815624416098e-01 3.342607664839878923e-01 3.274479809133392649e-01 3.344184107844474507e-01 3.583072070737690074e-01 3.806213073399968838e-01 4.008398508868216137e-01 4.185540402009678695e-01 4.334942166340245984e-01 4.455339621568100705e-01 4.546705089836014513e-01 4.609861194709310439e-01 4.645995966404541377e-01 4.656196814670503503e-01 4.641121084465453239e-01 4.600893470937194030e-01 4.535269755561823213e-01 4.444042245016817105e-01 4.327599297014519952e-01 4.187504846909291811e-01 4.026946500890403735e-01 3.850918681667622190e-01 3.666058131885999161e-01 3.572547934319201812e-01 3.662278638809624010e-01 3.725296620250811430e-01 3.748657823658951282e-01 3.720749986060051251e-01 3.632236527724296837e-01 3.477035110790138717e-01 3.253271705948623249e-01 2.964114475331333098e-01 2.618360708420773286e-01 2.547926355126388098e-01 2.521592200244573978e-01
3.468926629297185427e-01 3.436230255575277170e-01 3.379696396087562560e-01 3.309822120624955621e-01 3.280124584905820262e-01 3.514591140435205374e-01 3.736247867995700633e-01 3.939648120942517151e-01 4.120346638308774456e-01 4.275269894629388778e-01 4.402876868507556996e-01 4.503076029004394742e-01 4.576913666252797608e-01 4.626095141652513121e-01 4.652435814708515971e-01 4.657355903711656309e-01 4.641529462289137320e-01 4.604771293320482073e-01 4.546200148324866519e-01 4.464659312806228963e-01 4.359317508511139638e-01 4.230326490912375559e-01 4.079388249878718176e-01 3.910091721623227268e-01 3.727917364271737255e-01 3.539871540649358050e-01 3.574763102798083070e-01 3.640992643368111681e-01 3.668207553225184547e-01 3.643942158431510703e-01 3.558084786226430873e-01 3.404050320372614680e-01 3.179906057776652473e-01 2.889315081565744792e-01 2.542135695537854900e-01 2.468101649166044298e-01 2.440275086687099249e-01
3.467928710363969436e-01 3.423515595442128689e-01 3.356677516099366154e-01 3.278162934047335608e-01 3.453560453696828403e-01 3.671359449788013651e-01 3.873545620413409440e-01 4.055304036352642694e-01 4.213102157576003037e-01 4.344959965432290683e-01 4.450489608213302750e-01 4.530695621364477232e-01 4.587570184440049048e-01 4.623553967969077916e-01 4.640957329499836304e-01 4.641446082466055834e-01 4.625689202616674600e-01 4.593242447825531261e-01 4.542703746712248858e-01 4.472127866590881462e-01 4.379636696180502775e-01 4.264117003152241292e-01 4.125869698934820917e-01 3.967071490085089525e-01 3.791935075976719527e-01 3.606505622744113904e-01 3.490395727253591818e-01 3.559988386797646176e-01 3.591560005413976242e-01 3.571865790328777601e-01 3.490044966822226646e-01 3.338997116267528042e-01 3.116695293066371608e-01 2.827252358024698875e-01 2.481536558510666901e-01 2.416493886116503065e-01 2.386973692228537003e-01
3.465205095462071117e-01 3.409790797151680541e-01 3.333449541257489379e-01 3.401307978385915698e-01 3.613435591573325723e-01 3.812528904394374418e-01 3.993447633947548869e-01 4.152190581250891910e-01 4.286254406604314005e-01 4.394785588103502505e-01 4.478499307344492308e-01 4.539379710831070724e-01 4.580210183685210490e-01 4.604006621627377283e-01 4.613440288996372152e-01 4.610339727087781059e-01 4.595353246139552428e-01 4.567834525043186766e-01 4.525984058847996039e-01 4.467240585791567020e-01 4.388873542846994380e-01 4.288686786924680860e-01 4.165713518225013789e-01 4.020770615089143685e-01 3.856753205771904502e-01 3.678588694858376806e-01 3.492829383133321808e-01 3.484953023246127879e-01 3.521393602993106442e-01 3.507184226914543124e-01 3.430769965043636849e-01 3.284549524343390314e-01 3.066381959084108488e-01 2.780781071316059117e-01 2.444422535707161670e-01 2.397586101039773099e-01 2.366233783348983821e-01
3.459478877916500883e-01 3.394252765494801816e-01 3.358199878928739279e-01 3.563424984803684192e-01 3.758061511894699724e-01 3.936729990340505081e-01 4.095012475360562121e-01 4.229875224920211507e-01 4.339914601655399107e-01 4.425385220601763536e-01 4.488009789111468417e-01 4.530603805995951916e-01 4.556571472847745219e-01 4.569342014376094885e-01 4.571820243363722280e-01 4.565923584278342440e-01 4.552270434804323029e-01 4.530070908914306527e-01 4.497249567852558694e-01 4.450800624270253025e-01 4.387341269542645028e-01 4.303792638812846127e-01 4.198087005258400728e-01 4.069781636339958597e-01 3.920461250138401743e-01 3.753836335567399263e-01 3.575493160260445058e-01 3.417595511948895437e-01 3.459286609688225211e-01 3.451303872560321229e-01 3.381488582160396272e-01 3.241788488432101878e-01 3.029953364615970979e-01 2.750852400443646317e-01 2.465550524489240614e-01 2.412695561600031735e-01 2.379507256526759706e-01
