BlockUplift_2Ma_1kryTimeStep_2mmyr_k_0.0001_m_0.5_n_1.0_LinDiffusion_0.75_6x3km_30mRes_topographic__elevation.txt
nrows 100
cellsize 30.0
xllcorner 0.0
ncols 200
yllcorner 0.0
[rows 68 to 84 of 100, columns 111 to 147 of 200]
8.587745306670838374e+01 9.203310355564363476e+01 9.871037181251840309e+01 1.056818560875532285e+02 1.127311589905807807e+02 1.196521313496304657e+02 1.262498268092271729e+02 1.323466779546488112e+02 1.377939324171032069e+02 1.424850445526502085e+02 1.463658141739699659e+02 1.494363199179830985e+02 1.517420816112071407e+02 1.533555937803529048e+02 1.543530026698736890e+02 1.547927510546450378e+02 1.547025466232529141e+02 1.540781357167381600e+02 1.528932577803567483e+02 1.511164931390030972e+02 1.487288692835711004e+02 1.457365326010599915e+02 1.421750276603056022e+02 1.381046990487045036e+02 1.335994027015943573e+02 1.287324626304493052e+02 1.235644875740570683e+02 1.181373850743663070e+02 1.124777840483891964e+02 1.066110817371943824e+02 1.005844552167309160e+02 9.449373033768924302e+01 8.850588069729633389e+01 8.286756770013786877e+01 7.789194692823238597e+01 7.392145868564995226e+01 7.127231939292721563e+01
8.327498803347602063e+01 8.940513028917469285e+01 9.603101749811490606e+01 1.029165015748552037e+02 1.098371802035050422e+02 1.165813816105604559e+02 1.229528298079394517e+02 1.287781321484845876e+02 1.339188060816072721e+02 1.382843298574280766e+02 1.418409623767293510e+02 1.446115236340665149e+02 1.466638816797070319e+02 1.480896968868596844e+02 1.489786100260711805e+02 1.493950448624773912e+02 1.493642285482480929e+02 1.488710619018609975e+02 1.478712704981044226e+02 1.463104871670754505e+02 1.441449089769210161e+02 1.413574281404261228e+02 1.379652196550426879e+02 1.340176956339807930e+02 1.295865125392949437e+02 1.247513079007535737e+02 1.195858332432191418e+02 1.141491641701064879e+02 1.084857384484812570e+02 1.026360465437524851e+02 9.665687627325245046e+01 9.064644028709734869e+01 8.476642779155953633e+01 7.925147200572845918e+01 7.439813356820276624e+01 7.053077639355247186e+01 6.794951216964385310e+01
8.116841922659851605e+01 8.725546080265779381e+01 9.379848425794965294e+01 1.005535251285113389e+02 1.072905847515824149e+02 1.137959965820391233e+02 1.198763045280893351e+02 1.253664912203700226e+02 1.301420256199181722e+02 1.341310925649687817e+02 1.373217995886017206e+02 1.397597763671617486e+02 1.415342532893269265e+02 1.427545277115592626e+02 1.435222836508770570e+02 1.439070941020877399e+02 1.439317761056632605e+02 1.435712754764074361e+02 1.427645835881869232e+02 1.414354144699744040e+02 1.395152810316664329e+02 1.369626817282251068e+02 1.337739646648732332e+02 1.299841939242966475e+02 1.256590985597552930e+02 1.208813338269453652e+02 1.157355690740749168e+02 1.102972683624263084e+02 1.046293815531246878e+02 9.878939917297155660e+01 9.284632917522830553e+01 8.690349701131421511e+01 8.111962230540689234e+01 7.571886132759085797e+01 7.098185684281915542e+01 6.721483085303870553e+01 6.470129001175031647e+01
7.951254658847312839e+01 8.553339295234837891e+01 9.195784478854490374e+01 9.853556812208292115e+01 1.050337579305188314e+02 1.112404790443598586e+02 1.169692341395253976e+02 1.220673596459779020e+02 1.264275439936157142e+02 1.299987944475945199e+02 1.327917906719438008e+02 1.348743391833697842e+02 1.363553785205569682e+02 1.373597454005761733e+02 1.379993099343640779e+02 1.383477800588743207e+02 1.384257297876200710e+02 1.381994575809510764e+02 1.375932444366541461e+02 1.365109328509526279e+02 1.348606633201812599e+02 1.325765173195310354e+02 1.296323957403886880e+02 1.260459476753504333e+02 1.218729783346191908e+02 1.171949732812888527e+02 1.121039073242164505e+02 1.066892067454360387e+02 1.010314256139291018e+02 9.520567586701135099e+01 8.929506175970868753e+01 8.341068639759691905e+01 7.771121734691041638e+01 7.241301825451122909e+01 6.778292158859900951e+01 6.411038269537584711e+01 6.166297007032223831e+01
7.823277825687011955e+01 8.416010763285964913e+01 9.042823879055056580e+01 9.678230270939819491e+01 1.029896298536685606e+02 1.088436537225713465e+02 1.141686644383203486e+02 1.188278371396444868e+02 1.227337215801820918e+02 1.258575640852483275e+02 1.282326304077944314e+02 1.299476102827948409e+02 1.311289319125645534e+02 1.319144383219161512e+02 1.324240430085490345e+02 1.327344598390145052e+02 1.328642753310202238e+02 1.327727844629050367e+02 1.323722058292267150e+02 1.315494740427622844e+02 1.301918136525946466e+02 1.282100919039905307e+02 1.255552346747134607e+02 1.222251323918892467e+02 1.182618308552504800e+02 1.137409652952400307e+02 1.087570996929505043e+02 1.034096574115895351e+02 9.779418594095599815e+01 9.200247991484613408e+01 8.613247617717715343e+01 8.030519203734621669e+01 7.468231186910972497e+01 6.947585395637024419e+01 6.494213203145552882e+01 6.135654066504138626e+01 5.897255380485245269e+01
7.723326840327172249e+01 8.303743097298412579e+01 8.911192432990638679e+01 9.519941031992884461e+01 1.010702356115530449e+02 1.065265172110501339e+02 1.114066299313891761e+02 1.155923958896675288e+02 1.190181156613664797e+02 1.216779345429801538e+02 1.236270245581124669e+02 1.249730877103961433e+02 1.258573916876243572e+02 1.264279674463667931e+02 1.268104709055511279e+02 1.270834428310383402e+02 1.272638010014646994e+02 1.273056979707807841e+02 1.271123747511469162e+02 1.265575352548568304e+02 1.255109392276861939e+02 1.238626366954069056e+02 1.215412725379583065e+02 1.185236533062539337e+02 1.148348143673012345e+02 1.105398469661074472e+02 1.057305315075751935e+02 1.005111137698443571e+02 9.498796982591015592e+01 8.926701920065266904e+01 8.346037202676988898e+01 7.770016070728343038e+01 7.215381559528216826e+01 6.703272159452419032e+01 6.258671390158113468e+01 5.908084136569385691e+01 5.675732082978864668e+01
7.640656427142978657e+01 8.205781901084117180e+01 8.790422533829439544e+01 9.368811551516006375e+01 9.918550433080204698e+01 1.042100304096336174e+02 1.086167943977619217e+02 1.123083117667853372e+02 1.152417316584792104e+02 1.174340128801486998e+02 1.189609241958161761e+02 1.199468435596781148e+02 1.205449407715009045e+02 1.209104812024532123e+02 1.211725247011471538e+02 1.214102648294114459e+02 1.216392936792313861e+02 1.218105566537736024e+02 1.218216068913134222e+02 1.215370297374248167e+02 1.208133051313760120e+02 1.195230873903016970e+02 1.175746414255035717e+02 1.149235593688537165e+02 1.115755625652237626e+02 1.075809942234454581e+02 1.030233835685990016e+02 9.800593789261077404e+01 9.264053465301024914e+01 8.704323092890602709e+01 8.133820797189866880e+01 7.566870088179707921e+01 7.020981268739664927e+01 6.517569813888273700e+01 6.081390796886513783e+01 5.738334147480381375e+01 5.511839992331347560e+01
7.564355581706638532e+01 8.111424397283116150e+01 8.670301922622452651e+01 9.215396381415872895e+01 9.725107883182548107e+01 1.018218170872497836e+02 1.057399572795360427e+02 1.089299927137884509e+02 1.113722581658833093e+02 1.131057582401788721e+02 1.142250152902209237e+02 1.148684067884971824e+02 1.151979222288244671e+02 1.153731103562162303e+02 1.155241639259756283e+02 1.157298025190646911e+02 1.160046139657942916e+02 1.162981972742976495e+02 1.165056646870177275e+02 1.164867114362616860e+02 1.160891196071675466e+02 1.151723099067976506e+02 1.136271200160230137e+02 1.113890261169354545e+02 1.084433316786980726e+02 1.048223719928024025e+02 1.005964592883037199e+02 9.586185986414226079e+01 9.073004626616787505e+01 8.532221534750667047e+01 7.977125315852660492e+01 7.423017516615637135e+01 6.888252230528460984e+01 6.394775150101638417e+01 5.967480681057958947e+01 5.632045115239058930e+01 5.411476992538852215e+01
7.484270973922102144e+01 8.010894669270226132e+01 8.541676800599064734e+01 9.051393694407953205e+01 9.519438750704418339e+01 9.930113925012101106e+01 1.027279493512603921e+02 1.054218702298068848e+02 1.073860744664477949e+02 1.086802555721862120e+02 1.094154237370941303e+02 1.097410647482116559e+02 1.098248897273536500e+02 1.098278993341008771e+02 1.098793003581795631e+02 1.100562897167083634e+02 1.103727070802505636e+02 1.107784569410015223e+02 1.111691837815261863e+02 1.114037211862013947e+02 1.113257661810557977e+02 1.107860523207317556e+02 1.096617238352038726e+02 1.078703584126803321e+02 1.053770422371091229e+02 1.021941219776252865e+02 9.837476249929548544e+01 9.400300153944770898e+01 8.918409475255978691e+01 8.403894538773541001e+01 7.870488801329176454e+01 7.334219124131023193e+01 6.814225299806312819e+01 6.333105279750860461e+01 5.916147566079144582e+01 5.589131102812081764e+01 5.374929816479095024e+01
7.391780714214162629e+01 7.896036110572764244e+01 8.397050855548349091e+01 8.870144474742252783e+01 9.295863356996179050e+01 9.660193183183908161e+01 9.954580111530680142e+01 1.017598177693672881e+02 1.032690533137335791e+02 1.041520466700441006e+02 1.045337189294697566e+02 1.045716737136131940e+02 1.044363400245748892e+02 1.042875510962754646e+02 1.042516242478042585e+02 1.044032852780187142e+02 1.047557843419442634e+02 1.052606728833896454e+02 1.058166423381152441e+02 1.062852213256858391e+02 1.065103214985650482e+02 1.063385445441181929e+02 1.056375130679993788e+02 1.043100079823824586e+02 1.023023450537208703e+02 9.960634004088606730e+01 9.625549150131583076e+01 9.231748289655891426e+01 8.788626991639750941e+01 8.307721102724484297e+01 7.802743902861642766e+01 7.290103283098454767e+01 6.789535586516319654e+01 6.324260309691337767e+01 5.920060600089987446e+01 5.602998369703001913e+01 5.396008514441914627e+01
7.280349565840015202e+01 7.760770372784689641e+01 8.230947047868774291e+01 8.666901886622596862e+01 9.050465526941549399e+01 9.369394617504518408e+01 9.617229728359092178e+01 9.793124556550753823e+01 9.901632272935943035e+01 9.952268031720997499e+01 9.958636427536860936e+01 9.937010589667501392e+01 9.904422985597030049e+01 9.876506161044427756e+01 9.865438353984801267e+01 9.878361881482561557e+01 9.916547538311867527e+01 9.975412657361647462e+01 1.004532507570942244e+02 1.011299628617141764e+02 1.016320997647992783e+02 1.018063544812799535e+02 1.015150756167059996e+02 1.006499134982146302e+02 9.914089850133561299e+01 9.696017116025878124e+01 9.412061024528537700e+01 9.067091901363174600e+01 8.668987428717618116e+01 8.228276044170445402e+01 7.758198354327072366e+01 7.275149307028080159e+01 6.799167413485514544e+01 6.353917382830736216e+01 5.965613289393123608e+01 5.660622639311091575e+01 5.462010432583325326e+01
7.145795731510339976e+01 7.601277718062567601e+01 8.040009245439789254e+01 8.438866055019099122e+01 8.781074316369496557e+01 9.056217469905710971e+01 9.259913483688384872e+01 9.393410263664787863e+01 9.463120867073261877e+01 9.479968040807098362e+01 9.458378246915870591e+01 9.414846592579145579e+01 9.366137489879932332e+01 9.327330828715763289e+01 9.310015036801587485e+01 9.320932057959528549e+01 9.361292717217533266e+01 9.426836679098127547e+01 9.508563068659040596e+01 9.593954854166982216e+01 9.668482669580811262e+01 9.717187799220484123e+01 9.726177138687164359e+01 9.683890487490646137e+01 9.582022948659422923e+01 9.416024203169114060e+01 9.185173235318690388e+01 8.892337935689933204e+01 8.543634596135775894e+01 8.148240215310941892e+01 7.718527378677599415e+01 7.270481165165470827e+01 6.824085755061997816e+01 6.403163971206956262e+01 6.034156815280953623e+01 5.743615425985758094e+01 5.554682170421099130e+01
6.986212502147425596e+01 7.415867426245809213e+01 7.822834137446947977e+01 8.184991534878236052e+01 8.487060179251216141e+01 8.720480846121654395e+01 8.882895971688549253e+01 8.977505465105915050e+01 9.012360171453052260e+01 8.999513890164328700e+01 8.953920135011553327e+01 8.892020112736503279e+01 8.830081629851558489e+01 8.782464383624535742e+01 8.760059789389340779e+01 8.769153440609234451e+01 8.810882387894696421e+01 8.881335077037978465e+01 8.972216321117448956e+01 9.071916944896466362e+01 9.166805466732650132e+01 9.242582615491950548e+01 9.285575967608285453e+01 9.283876053701179387e+01 9.228226165110632451e+01 9.112597599475266463e+01 8.934434540403945846e+01 8.694640650778707425e+01 8.397471004997173338e+01 8.050531269116663680e+01 7.665018170037392053e+01 7.256149875393954574e+01 6.843488675945096134e+01 6.450671550435626500e+01 6.104073192165338924e+01 5.830204877727692292e+01 5.652143025734297055e+01
6.801537915468921369e+01 7.204548834015824355e+01 7.579557537468438966e+01 7.905600461082418917e+01 8.168982879245959339e+01 8.363010523331698209e+01 8.487263615127591265e+01 8.546715035189586729e+01 8.550801022128497664e+01 8.512414323183810438e+01 8.446743883002886832e+01 8.369921761722783060e+01 8.297522710854094896e+01 8.243053648842800385e+01 8.216630570198462635e+01 8.224041666398193229e+01 8.266331909455399796e+01 8.339938011370300330e+01 8.437295300702436407e+01 8.547770048321898173e+01 8.658759108369096680e+01 8.756829501126325965e+01 8.828811612886457283e+01 8.862784385958141797e+01 8.848895962743584676e+01 8.779968678034275342e+01 8.651868514209110117e+01 8.463683783885043965e+01 8.217831914310563945e+01 7.920246867325511175e+01 7.580742590155122684e+01 7.213484864679004716e+01 6.837283217395295765e+01 6.475246952128742350e+01 6.153365170178022936e+01 5.897843343302958630e+01 5.731504855725901137e+01
6.592850721902703981e+01 6.968382716249138298e+01 7.311272579069380129e+01 7.601873402710108962e+01 7.828155283034560341e+01 7.985271732293095681e+01 8.074620239552065470e+01 8.102733895485070548e+01 8.080157946947214498e+01 8.020324522144831292e+01 7.938377270948005560e+01 7.849909825604781588e+01 7.769641652893987782e+01 7.710128793195974595e+01 7.680660999299175273e+01 7.686503311687103235e+01 7.728589712296650305e+01 7.803685891350677650e+01 7.904944641326667920e+01 8.022719276918576270e+01 8.145495290999095062e+01 8.260836170395270983e+01 8.356284978525745544e+01 8.420191323129857608e+01 8.442437322802014421e+01 8.415032889129503246e+01 8.332564848431692894e+01 8.192527398957319917e+01 7.995616400749594277e+01 7.746094899742161033e+01 7.452286111445000927e+01 7.127106048501633495e+01 6.788351864994950802e+01 6.458314751553440658e+01 6.162310428763220216e+01 5.925987237364845583e+01 5.771731653275692508e+01
6.361559950509048633e+01 6.708762483064742810e+01 7.019408823047629653e+01 7.275325449604201822e+01 7.466209657319549819e+01 7.589015503815637942e+01 7.646802480923349776e+01 7.647421509120258065e+01 7.602234507851186152e+01 7.524915525771494629e+01 7.430301464110037557e+01 7.333249427699824707e+01 7.247497112973236710e+01 7.184584881742028983e+01 7.152951149385118867e+01 7.157327191318800885e+01 7.198519971470523160e+01 7.273594231274073252e+01 7.376381730577239182e+01 7.498193404515080829e+01 7.628608065381627057e+01 7.756249583220822785e+01 7.869514063680578886e+01 7.957241220379589208e+01 8.009330508241025370e+01 8.017295422829025142e+01 7.974751348044574684e+01 7.877856577683616024e+01 7.725761912750242288e+01 7.521137221738001699e+01 7.270793357460614459e+01 6.986288569795281944e+01 6.684235160605238946e+01 6.385895916135983441e+01 6.115694239700347623e+01 5.898523923938187608e+01 5.756187164384002131e+01
6.108702663912986708e+01 6.426807487042711386e+01 6.705221305936127862e+01 6.927384753482149904e+01 7.084755278707952186e+01 7.176003511969342696e+01 7.205660922388248935e+01 7.182630479260659229e+01 7.118792660649113202e+01 7.027779003322156370e+01 6.923886218086857980e+01 6.821072820213363741e+01 6.732004870762537507e+01 6.667173741479545868e+01 6.634164727217842028e+01 6.637179045410134393e+01 6.676886063125414239e+01 6.750615954996986545e+01 6.852826844740205559e+01 6.975731467344159853e+01 7.109966737487667388e+01 7.245228401809977470e+01 7.370845199925246050e+01 7.476304550471219557e+01 7.551752736777088160e+01 7.588485583004856494e+01 7.579440174069648606e+01 7.519707536511332080e+01 7.407103965996772388e+01 7.242837684859964043e+01 7.032254251985352766e+01 6.785524978401777219e+01 6.517989147788486548e+01 6.249755659824725740e+01 6.004216047248393551e+01 5.805379357902014448e+01 5.674364575471138750e+01
