BlockUplift_2Ma_1kryTimeStep_2mmyr_k_5e-05_m_0.5_n_1.0_LinDiffusion_1_6x3km_30mRes_topographic__elevation.txt
nrows 100
cellsize 30.0
xllcorner 0.0
ncols 200
yllcorner 0.0
[rows 34 to 50 of 100, columns 0 to 36 of 200]
7.097052615938138128e-04 2.531482534954412813e+02 2.539572438483372139e+02 2.555925090185098156e+02 2.580808822844597898e+02 2.614458410755883619e+02 2.656936135068656313e+02 2.708025894794063220e+02 2.767190094510411313e+02 2.833597542926257802e+02 2.906209192310866456e+02 2.983894349698580868e+02 3.065546323323756610e+02 3.150172369012676654e+02 3.236944318049664844e+02 3.325208594225566117e+02 3.414463695129929306e+02 3.504317859922183516e+02 3.594439777387241293e+02 3.684512270005890855e+02 3.774194765398067943e+02 3.863096566017162559e+02 3.950760328516331583e+02 4.036653970950755479e+02 4.120169151388484465e+02 4.200624975722067802e+02 4.277276160087797052e+02 4.349325134567747568e+02 4.415937448730026063e+02 4.476259526171307925e+02 4.529437681684416930e+02 4.574637683224974012e+02 4.611065057962263722e+02 4.637987453761529082e+02 4.654761011956010748e+02 4.660862227379946034e+02 4.655924918539910209e+02
7.865496834250549317e-04 2.457116611517120361e+02 2.466020081933978076e+02 2.483917776182315151e+02 2.510925363311467891e+02 2.547075676042426267e+02 2.592207501025700935e+02 2.645889290020195403e+02 2.707402507135545306e+02 2.775788409794347444e+02 2.849942293817137511e+02 2.928727363651642577e+02 3.011079087597093462e+02 3.096078507832264677e+02 3.182985093016263818e+02 3.271231499021144487e+02 3.360390612671901067e+02 3.450128274150578704e+02 3.540153822954034126e+02 3.630176868083969453e+02 3.719874345907566067e+02 3.808868385260718128e+02 3.896713393005874764e+02 3.982890096215386961e+02 4.066804613404245856e+02 4.147791413673162992e+02 4.225119754288516560e+02 4.298003550209934929e+02 4.365614563738243987e+02 4.427098491935594211e+02 4.481593301740190327e+02 4.528249314817119853e+02 4.566251146176701354e+02 4.594842381744552995e+02 4.613354295038348027e+02 4.621239394473955144e+02 4.618108941494220403e+02
5.208326457469299306e-04 2.387066503486601334e+02 2.396715533200720074e+02 2.416022574322899459e+02 2.444952616677168749e+02 2.483342225883343701e+02 2.530817729576702106e+02 2.586748903227107235e+02 2.650257411032288246e+02 2.720279599177509340e+02 2.795665677717480548e+02 2.875288024438025332e+02 2.958132250352630308e+02 3.043353534478864049e+02 3.130292915950604993e+02 3.218459038603995737e+02 3.307487311950631579e+02 3.397089914938355264e+02 3.487007674273037310e+02 3.576970569147466676e+02 3.666669303578887593e+02 3.755737233631260210e+02 3.843740347222603191e+02 3.930172778870837647e+02 4.014455998856468000e+02 4.095940785080074420e+02 4.173911912227054586e+02 4.247595915049471955e+02 4.316172260519990687e+02 4.378787958534630320e+02 4.434575335979965871e+02 4.482672660067315746e+02 4.522247610574763144e+02 4.552524072706251559e+02 4.572812920498195695e+02 4.582546927195596709e+02 4.581318488011239083e+02
1.061506977583670546e-05 2.321051840759427876e+02 2.331367090681243894e+02 2.351928099087754447e+02 2.382556376302415515e+02 2.422904063012952918e+02 2.472401705236420923e+02 2.530241005929588880e+02 2.595406225545287953e+02 2.666750025380285933e+02 2.743094564278237044e+02 2.823331987445906748e+02 2.906501307464643560e+02 2.991828360292744264e+02 3.078727316858759764e+02 3.166771782009716389e+02 3.255648387427372654e+02 3.345105839241733747e+02 3.434909100762648677e+02 3.524803832929036957e+02 3.614492110459442529e+02 3.703617740400938487e+02 3.791758418064948728e+02 3.878422129021330989e+02 3.963046096296985183e+02 4.044997647106099521e+02 4.123577240961841994e+02 4.198024351457327725e+02 4.267526902486932272e+02 4.331234661581091245e+02 4.388276624327555169e+02 4.437782216478199189e+02 4.478906193723642559e+02 4.510857309905313173e+02 4.532930828345492387e+02 4.544544406382364059e+02 4.545275636922133344e+02
7.959797615366401074e-04 2.258746346493786916e+02 2.269642049313777363e+02 2.291291195710265356e+02 2.323383141291495519e+02 2.365402122145222279e+02 2.416603521693170649e+02 2.476023741942965444e+02 2.542531925073050729e+02 2.614916013676833018e+02 2.691983407081560813e+02 2.772652347761668352e+02 2.856014682024855915e+02 2.941360739054741771e+02 3.028168157742196627e+02 3.116064635505530873e+02 3.204777907413425737e+02 3.294085110039328583e+02 3.383769768888031422e+02 3.473590022658121370e+02 3.563257917443385736e+02 3.652427396548935121e+02 3.740687969065140805e+02 3.827561523192346158e+02 3.912500795370348214e+02 3.994889127550334251e+02 4.074042015292446308e+02 4.149211407244624752e+02 4.219593746790915816e+02 4.284342455809781995e+02 4.342585137089406544e+02 4.393445414619179701e+02 4.436069150712621649e+02 4.469654719592456900e+02 4.493486856723610572e+02 4.506973070607339196e+02 4.509680573591147663e+02
6.663241685299370071e-05 2.199792556102930234e+02 2.211181226055457216e+02 2.233750961946708742e+02 2.267073145680434720e+02 2.310483664215768442e+02 2.363085555082317626e+02 2.423783308331095157e+02 2.491352022932568957e+02 2.564531142424804671e+02 2.642123013779020653e+02 2.723074742566111013e+02 2.806527653035831804e+02 2.891828852265398382e+02 2.978509560781981236e+02 3.066241579331283447e+02 3.154785186879998378e+02 3.243939625384206806e+02 3.333502999108334279e+02 3.423243879085948720e+02 3.512883510190243896e+02 3.602085775736737787e+02 3.690451814322814812e+02 3.777516896701873748e+02 3.862748303805864794e+02 3.945544070179873302e+02 4.025233305913777713e+02 4.101079263767544489e+02 4.172286364822126075e+02 4.238012111074812083e+02 4.297384339530224224e+02 4.349523777855396247e+02 4.393571470930668852e+02 4.428720370350141025e+02 4.454250090426211841e+02 4.469563345964357381e+02 4.474221792746873803e+02
1.729906051994496458e-04 2.143817536998899413e+02 2.155614116724275959e+02 2.178942741415886530e+02 2.213272548254475396e+02 2.257812035916596756e+02 2.311535278382863510e+02 2.373237534226396974e+02 2.441618933064690680e+02 2.515383737646148177e+02 2.593335803759721330e+02 2.674451170591333948e+02 2.757915564055652453e+02 2.843124633162275927e+02 2.929653882652066841e+02 3.017210599461286051e+02 3.105580769517982844e+02 3.194581077183627826e+02 3.284021523969245777e+02 3.373679857065296233e+02 3.463286007731669542e+02 3.552513414298356338e+02 3.640974151259958376e+02 3.728215656956605244e+02 3.813718021854662652e+02 3.896891895782857205e+02 3.977077888216593351e+02 4.053548781410582365e+02 4.125515936579491267e+02 4.192140990717372802e+02 4.252553415519640225e+02 4.305873883806007711e+02 4.351242805556850044e+02 4.387852932123247456e+02 4.414984551889179443e+02 4.432041398249207873e+02 4.438584861425302392e+02
1.150140003748908400e-04 2.090448247103791743e+02 2.102573417213157256e+02 2.126511004165703298e+02 2.161643953047238824e+02 2.207074265191865550e+02 2.261669600450892688e+02 2.324136928112423277e+02 2.393118006669050715e+02 2.467292459170376446e+02 2.545469691706576327e+02 2.626652984976280436e+02 2.710066676103226655e+02 2.795147072043806133e+02 2.881505854746990849e+02 2.968878832241209125e+02 3.057072568298927990e+02 3.145917957127221030e+02 3.235235166390069708e+02 3.324810271493436744e+02 3.414381295316063074e+02 3.503630393895405746e+02 3.592179206000596992e+02 3.679585351418142523e+02 3.765339231355720813e+02 3.848861339768484413e+02 3.929501076785397800e+02 4.006538496216502949e+02 4.079190492161571342e+02 4.146622642457867869e+02 4.207967339629521462e+02 4.262348079973566541e+02 4.308909017742050764e+02 4.346848272436945990e+02 4.375453061648918833e+02 4.394134466242757640e+02 4.402459409200898222e+02
9.284983614657486492e-04 2.039325246562716814e+02 2.051707732126009205e+02 2.076120140395828173e+02 2.111874556444350333e+02 2.157986089225782393e+02 2.213236617119471248e+02 2.276263325083825464e+02 2.345663545730927524e+02 2.420100365602206125e+02 2.498390989593708014e+02 2.579563396299362807e+02 2.662874911489312808e+02 2.747795652512047013e+02 2.833966957051031841e+02 2.921147936396500313e+02 3.009162158921960213e+02 3.097852614340528135e+02 3.187048475770167215e+02 3.276543336540161704e+02 3.366082324997815363e+02 3.455354804098849968e+02 3.543989799216031997e+02 3.631552310806627020e+02 3.717539813665102315e+02 3.801379257776931127e+02 3.882425643840996941e+02 3.959963690210032610e+02 4.033214192591540836e+02 4.101346374705480571e+02 4.163496864364215071e+02 4.218795025659674138e+02 4.266393441081903575e+02 4.305501593681655095e+02 4.335420394936351158e+02 4.355575134549600875e+02 4.365544554305657243e+02
2.331898860335473870e-04 1.990113684163749497e+02 2.002691502205260292e+02 2.027462400272284526e+02 2.063681414335374313e+02 2.110294186974529111e+02 2.166014802419059038e+02 2.229426363073082484e+02 2.299093150087790036e+02 2.373667867519037884e+02 2.451976727491209544e+02 2.533069837886041853e+02 2.616232778371427798e+02 2.700964153678203843e+02 2.786930227421718200e+02 2.873909887522315216e+02 2.961741438732446454e+02 3.050278611435908260e+02 3.139358609433484162e+02 3.228781423360074996e+02 3.318297635262005087e+02 3.407601444859552657e+02 3.496326181192956142e+02 3.584040586609442016e+02 3.670245272513453187e+02 3.754369727134605341e+02 3.835771005290127960e+02 3.913735687199446716e+02 3.987486787256720504e+02 4.056196959149635859e+02 4.119008581674399352e+02 4.175060246677848568e+02 4.223518064464064423e+02 4.263609364541528635e+02 4.294656031775826932e+02 4.316104910546259248e+02 4.327553240584849163e+02
7.633174337476930464e-04 1.942510828831447043e+02 1.955231523162086944e+02 1.980262538081361754e+02 2.016813623489709641e+02 2.063775657252477913e+02 2.119809902133970354e+02 2.183458219966174454e+02 2.253260937393709753e+02 2.327865157814062229e+02 2.406106989445683269e+02 2.487056775535119186e+02 2.570025041937194601e+02 2.654535379152520704e+02 2.740276078320304123e+02 2.827043792167182232e+02 2.914690279502144108e+02 3.003079034852725613e+02 3.092054129433232674e+02 3.181420199832725189e+02 3.270930722514854665e+02 3.360281347361892017e+02 3.449105641557491140e+02 3.536971605103800016e+02 3.623378401440991183e+02 3.707753712894115097e+02 3.789452892562429724e+02 3.867761566324332989e+02 3.941903437790220437e+02 4.011054664341091893e+02 4.074365286656656053e+02 4.130986953672775712e+02 4.180104912056904709e+02 4.220971329461855248e+02 4.252936807092762592e+02 4.275477460200178825e+02 4.288215938052668434e+02
7.449411691745792341e-04 1.896249908185510833e+02 1.909069907805856587e+02 1.934279175417586600e+02 1.971051638222560030e+02 2.018235179621363500e+02 2.074450163231941247e+02 2.138207402396958514e+02 2.208030539123156473e+02 2.282565095702700546e+02 2.360658288412299726e+02 2.441400021477888913e+02 2.524124236713990115e+02 2.608377944631083096e+02 2.693870289637575297e+02 2.780414918399217186e+02 2.867876380450198326e+02 2.956126947438975208e+02 3.045015850530166972e+02 3.134349701333354119e+02 3.223881196334473316e+02 3.313302907055734181e+02 3.402243541331379220e+02 3.490265046006965690e+02 3.576859984480595358e+02 3.661449597648758072e+02 3.743383753907933169e+02 3.821944512770724032e+02 3.896355126242217466e+02 3.965795847173828861e+02 4.029426878025365113e+02 4.086417356480690728e+02 4.135977836736952327e+02 4.177392793595637954e+02 4.210049642834740098e+02 4.233461691929483663e+02 4.247283945819154383e+02
3.338090559643221134e-04 1.851100618558388931e+02 1.863983932712399962e+02 1.889303464711472031e+02 1.926204483733086477e+02 1.973500813345783058e+02 2.029781039683254278e+02 2.093532889358133104e+02 2.163269311384744071e+02 2.237638094930278783e+02 2.315499625007493592e+02 2.395964279035110280e+02 2.478389816150862544e+02 2.562346973027291597e+02 2.647566053511441737e+02 2.733877809462420601e+02 2.821159133905197223e+02 2.909289692231357094e+02 2.998121297336290354e+02 3.087458700242796681e+02 3.177048870523412916e+02 3.266575557655206694e+02 3.355656484189255480e+02 3.443841478872516291e+02 3.530610919318035030e+02 3.615374864693986865e+02 3.697474115711078184e+02 3.776185007486629388e+02 3.850729836713721852e+02 3.920294280534279210e+02 3.984051953771261196e+02 4.041194599581211833e+02 4.090964807386822031e+02 4.132687215661344453e+02 4.165794354112927067e+02 4.189844658836116764e+02 4.204532274077723173e+02
5.009433488312518661e-04 1.806867307841534966e+02 1.819783836234847740e+02 1.845156240835382278e+02 1.882106213368114140e+02 1.929419960554178886e+02 1.985661082169814335e+02 2.049300510229419388e+02 2.118845796698687707e+02 2.192951190574514158e+02 2.270493522190080853e+02 2.350606303044133654e+02 2.432673385424276375e+02 2.516291162153026733e+02 2.601212503366065221e+02 2.687285820664597509e+02 2.774399689941522524e+02 2.862439022578544723e+02 2.951254488692192695e+02 3.040643806972813081e+02 3.130341930840251052e+02 3.220016850810567917e+02 3.309268250598809686e+02 3.397627188189781577e+02 3.484556054109129946e+02 3.569449134561538699e+02 3.651635049601820242e+02 3.730382968566475483e+02 3.804914595524002721e+02 3.874423268572836037e+02 3.938100108875334513e+02 3.995165271947558949e+02 4.044900587968936634e+02 4.086678958326127713e+02 4.119986344824010871e+02 4.144434076922752297e+02 4.159761897374303317e+02
6.506472705330868921e-04 1.763386388711447523e+02 1.776310179731667631e+02 1.801685374180538588e+02 1.838613459496169185e+02 1.885857499527364496e+02 1.941961179319770849e+02 2.005383879594795076e+02 2.074632896626197294e+02 2.148373855701964601e+02 2.225504683596187192e+02 2.305186356186129046e+02 2.386832676873774517e+02 2.470068803007831377e+02 2.554672159330451677e+02 2.640509302698774832e+02 2.727479179240491476e+02 2.815468713567906320e+02 2.904322379640357212e+02 2.993824310972008789e+02 3.083689891393427729e+02 3.173563401181592099e+02 3.263018758245777917e+02 3.351561312780873436e+02 3.438629777602234867e+02 3.523598546547844421e+02 3.605781709362885294e+02 3.684440784534593831e+02 3.758798278745272228e+02 3.828058415472319780e+02 3.891434750168408527e+02 3.948182256950785813e+02 3.997629536672852169e+02 4.039205907037455177e+02 4.072458907740910377e+02 4.097060192862705890e+02 4.112801130745167484e+02
2.119093354088733439e-04 1.720524876611297884e+02 1.733432703357810851e+02 1.758765324594480148e+02 1.795606165816634814e+02 1.842698271111631527e+02 1.898569420647044979e+02 1.961672223929717802e+02 2.030519120052927633e+02 2.103792916294527515e+02 2.180418553036305127e+02 2.259590108130875592e+02 2.340756223749417870e+02 2.423574456632121041e+02 2.507848703582299095e+02 2.593463519145523719e+02 2.680325844489403266e+02 2.768320078290524293e+02 2.857278090595635831e+02 2.946962649250933737e+02 3.037061049909802932e+02 3.127185298913155975e+02 3.216875606529894185e+02 3.305604863256989461e+02 3.392782962722496336e+02 3.477761130692542224e+02 3.559837618797439518e+02 3.638266935392278469e+02 3.712274874522688037e+02 3.781080710358518218e+02 3.843926062900664533e+02 3.900107540319215786e+02 3.949008149955254794e+02 3.990121617331537323e+02 4.023064848708668819e+02 4.047576791816261448e+02 4.063505980584997701e+02
7.446033872363642166e-04 1.678181923054946481e+02 1.691052549658897135e+02 1.716300768828169510e+02 1.752993359048378466e+02 1.799855733444483690e+02 1.855403310830483861e+02 1.918086688268897433e+02 1.986429288348345494e+02 2.059137669648439157e+02 2.135170538396316147e+02 2.213761343624815936e+02 2.294398664288674468e+02 2.376775774796660698e+02 2.460724139912789212e+02 2.546144966787677220e+02 2.632949435902390292e+02 2.721013525728703257e+02 2.810148948861848908e+02 2.900088525130104813e+02 2.990482561610680818e+02 3.080902285144601933e+02 3.170846726755440841e+02 3.259750382667008921e+02 3.346990258770808282e+02 3.431892357751005420e+02 3.513739039585830710e+02 3.591779620269800830e+02 3.665246667727154204e+02 3.733379421672976832e+02 3.795453645709902162e+02 3.850814531338186271e+02 3.898906970724785879e+02 3.939296700883331255e+02 3.971677255694776818e+02 3.995861281482927438e+02 4.011759507690566693e+02
