BlockUplift_2Ma_1kryTimeStep_2mmyr_k_1e-05_m_0.5_n_1.0_LinDiffusion_0.75_6x3km_30mRes_topographic__elevation.txt
nrows 100
cellsize 30.0
xllcorner 0.0
ncols 200
yllcorner 0.0
[rows 17 to 33 of 100, columns 111 to 147 of 200]
2.354069748485389027e+03 2.354069749498900819e+03 2.354069750516990553e+03 2.354069751538779201e+03 2.354069752563388192e+03 2.354069753589938500e+03 2.354069754617555645e+03 2.354069755645371060e+03 2.354069756672522544e+03 2.354069757698156991e+03 2.354069758721434027e+03 2.354069759741523285e+03 2.354069760757609856e+03 2.354069761768892477e+03 2.354069762774586707e+03 2.354069763773923569e+03 2.354069764766153185e+03 2.354069765750542501e+03 2.354069766726378020e+03 2.354069767692965343e+03 2.354069768649628259e+03 2.354069769595711477e+03 2.354069770530579262e+03 2.354069771453614976e+03 2.354069772364222899e+03 2.354069773261826413e+03 2.354069774145869815e+03 2.354069775015816504e+03 2.354069775871150796e+03 2.354069776711377017e+03 2.354069777536020410e+03 2.354069778344626229e+03 2.354069779136761554e+03 2.354069779912014383e+03 2.354069780669994998e+03 2.354069781410335963e+03 2.354069782132692580e+03
2.325587637789925793e+03 2.325587638803739992e+03 2.325587639821997527e+03 2.325587640843800727e+03 2.325587641868253741e+03 2.325587642894461169e+03 2.325587643921534436e+03 2.325587644948589514e+03 2.325587645974752377e+03 2.325587646999158096e+03 2.325587648020955385e+03 2.325587649039305234e+03 2.325587650053384550e+03 2.325587651062385703e+03 2.325587652065517887e+03 2.325587653062008940e+03 2.325587654051104892e+03 2.325587655032071325e+03 2.325587656004192922e+03 2.325587656966775285e+03 2.325587657919143112e+03 2.325587658860642478e+03 2.325587659790639464e+03 2.325587660708520161e+03 2.325587661613691580e+03 2.325587662505580283e+03 2.325587663383634208e+03 2.325587664247320390e+03 2.325587665096126784e+03 2.325587665929562263e+03 2.325587666747153435e+03 2.325587667548451009e+03 2.325587668333023885e+03 2.325587669100463245e+03 2.325587669850381644e+03 2.325587670582414830e+03 2.325587671296219469e+03
2.296224011725514629e+03 2.296224012739853151e+03 2.296224013758493584e+03 2.296224014780520974e+03 2.296224015805019462e+03 2.296224016831077734e+03 2.296224017857790841e+03 2.296224018884259749e+03 2.296224019909596791e+03 2.296224020932925214e+03 2.296224021953382817e+03 2.296224022970121041e+03 2.296224023982307699e+03 2.296224024989129248e+03 2.296224025989788970e+03 2.296224026983510157e+03 2.296224027969535655e+03 2.296224028947129682e+03 2.296224029915575102e+03 2.296224030874178879e+03 2.296224031822266170e+03 2.296224032759184411e+03 2.296224033684302867e+03 2.296224034597009904e+03 2.296224035496716169e+03 2.296224036382852319e+03 2.296224037254869927e+03 2.296224038112240123e+03 2.296224038954454954e+03 2.296224039781026022e+03 2.296224040591486300e+03 2.296224041385387409e+03 2.296224042162302339e+03 2.296224042921825458e+03 2.296224043663572047e+03 2.296224044387178310e+03 2.296224045092305460e+03
2.266060473883072063e+03 2.266060474898180473e+03 2.266060475917444819e+03 2.266060476939929686e+03 2.266060477964700567e+03 2.266060478990827505e+03 2.266060480017389182e+03 2.266060481043470645e+03 2.266060482068170131e+03 2.266060483090597700e+03 2.266060484109879781e+03 2.266060485125158266e+03 2.266060486135592328e+03 2.266060487140360692e+03 2.266060488138661640e+03 2.266060489129713915e+03 2.266060490112758089e+03 2.266060491087055652e+03 2.266060492051889923e+03 2.266060493006566958e+03 2.266060493950414639e+03 2.266060494882782223e+03 2.266060495803041249e+03 2.266060496710584630e+03 2.266060497604827106e+03 2.266060498485202515e+03 2.266060499351167437e+03 2.266060500202197545e+03 2.266060501037788526e+03 2.266060501857457439e+03 2.266060502660739985e+03 2.266060503447192787e+03 2.266060504216391564e+03 2.266060504967932957e+03 2.266060505701435432e+03 2.266060506416537009e+03 2.266060507112900268e+03
2.235175537218383397e+03 2.235175538234531359e+03 2.235175539254683827e+03 2.235175540277883556e+03 2.235175541303177397e+03 2.235175542329615382e+03 2.235175543356258004e+03 2.235175544382174394e+03 2.235175545406447782e+03 2.235175546428175039e+03 2.235175547446470318e+03 2.235175548460464142e+03 2.235175549469308407e+03 2.235175550472174109e+03 2.235175551468253616e+03 2.235175552456762489e+03 2.235175553436937207e+03 2.235175554408038352e+03 2.235175555369348785e+03 2.235175556320176838e+03 2.235175557259850393e+03 2.235175558187722800e+03 2.235175559103169235e+03 2.235175560005585794e+03 2.235175560894391765e+03 2.235175561769026899e+03 2.235175562628951411e+03 2.235175563473646889e+03 2.235175564302614021e+03 2.235175565115373956e+03 2.235175565911466492e+03 2.235175566690452342e+03 2.235175567451910410e+03 2.235175568195440974e+03 2.235175568920664318e+03 2.235175569627220284e+03 2.235175570314772813e+03
2.203644487754217607e+03 2.203644488771697070e+03 2.203644489793025514e+03 2.203644490817222504e+03 2.203644491843312608e+03 2.203644492870326758e+03 2.203644493897306802e+03 2.203644494923303682e+03 2.203644495947385167e+03 2.203644496968634485e+03 2.203644497986152601e+03 2.203644498999060488e+03 2.203644500006500039e+03 2.203644501007635881e+03 2.203644502001653564e+03 2.203644502987765463e+03 2.203644503965204876e+03 2.203644504933232383e+03 2.203644505891130848e+03 2.203644506838208599e+03 2.203644507773798068e+03 2.203644508697254423e+03 2.203644509607957389e+03 2.203644510505308517e+03 2.203644511388732099e+03 2.203644512257672886e+03 2.203644513111597007e+03 2.203644513949991506e+03 2.203644514772362527e+03 2.203644515578235769e+03 2.203644516367156484e+03 2.203644517138689025e+03 2.203644517892416388e+03 2.203644518627941125e+03 2.203644519344885339e+03 2.203644520042891600e+03 2.203644520721623849e+03
2.171539284574022531e+03 2.171539285593149543e+03 2.171539286615963647e+03 2.171539287641461215e+03 2.171539288668644531e+03 2.171539289696522701e+03 2.171539290724117109e+03 2.171539291750461871e+03 2.171539292774607929e+03 2.171539293795623053e+03 2.171539294812596381e+03 2.171539295824637065e+03 2.171539296830878357e+03 2.171539297830476698e+03 2.171539298822613091e+03 2.171539299806494910e+03 2.171539300781354541e+03 2.171539301746451201e+03 2.171539302701068664e+03 2.171539303644517076e+03 2.171539304576132054e+03 2.171539305495273311e+03 2.171539306401325575e+03 2.171539307293695401e+03 2.171539308171812991e+03 2.171539309035129918e+03 2.171539309883118221e+03 2.171539310715270858e+03 2.171539311531100338e+03 2.171539312330138728e+03 2.171539313111934916e+03 2.171539313876057804e+03 2.171539314622094935e+03 2.171539315349650678e+03 2.171539316058350323e+03 2.171539316747836892e+03 2.171539317417775237e+03
2.138928492328336233e+03 2.138928493349448672e+03 2.138928494374081765e+03 2.138928495401206419e+03 2.138928496429800362e+03 2.138928497458851325e+03 2.138928498487359320e+03 2.138928499514339819e+03 2.138928500538826484e+03 2.138928501559872529e+03 2.138928502576552091e+03 2.138928503587963860e+03 2.138928504593231992e+03 2.138928505591505200e+03 2.138928506581959027e+03 2.138928507563797211e+03 2.138928508536250774e+03 2.138928509498577569e+03 2.138928510450063641e+03 2.138928511390022322e+03 2.138928512317792411e+03 2.138928513232738624e+03 2.138928514134251600e+03 2.138928515021744715e+03 2.138928515894654083e+03 2.138928516752439009e+03 2.138928517594578807e+03 2.138928518420573255e+03 2.138928519229941230e+03 2.138928520022220710e+03 2.138928520796966495e+03 2.138928521553752034e+03 2.138928522292168509e+03 2.138928523011823927e+03 2.138928523712344486e+03 2.138928524393375028e+03 2.138928525054579495e+03
2.105877242769123313e+03 2.105877243792580430e+03 2.105877244819385851e+03 2.105877245848483653e+03 2.105877246878827464e+03 2.105877247909380458e+03 2.105877248939121728e+03 2.105877249967046282e+03 2.105877250992169593e+03 2.105877252013528505e+03 2.105877253030184875e+03 2.105877254041224660e+03 2.105877255045762013e+03 2.105877256042939280e+03 2.105877257031927002e+03 2.105877258011923914e+03 2.105877258982161038e+03 2.105877259941896227e+03 2.105877260890417801e+03 2.105877261827042275e+03 2.105877262751113449e+03 2.105877263662002406e+03 2.105877264559105697e+03 2.105877265441844429e+03 2.105877266309662446e+03 2.105877267162027238e+03 2.105877267998426305e+03 2.105877268818367156e+03 2.105877269621375945e+03 2.105877270406996558e+03 2.105877271174791076e+03 2.105877271924337947e+03 2.105877272655230627e+03 2.105877273367082125e+03 2.105877274059519550e+03 2.105877274732188198e+03 2.105877275384752465e+03
2.072447222115297336e+03 2.072447223141478844e+03 2.072447224170830395e+03 2.072447225202269237e+03 2.072447226234721256e+03 2.072447227267125982e+03 2.072447228298438404e+03 2.072447229327633067e+03 2.072447230353706800e+03 2.072447231375680076e+03 2.072447232392599744e+03 2.072447233403540849e+03 2.072447234407606629e+03 2.072447235403933064e+03 2.072447236391684328e+03 2.072447237370058247e+03 2.072447238338283569e+03 2.072447239295619966e+03 2.072447240241358031e+03 2.072447241174818373e+03 2.072447242095351612e+03 2.072447243002334744e+03 2.072447243895172505e+03 2.072447244773295097e+03 2.072447245636155458e+03 2.072447246483229264e+03 2.072447247314013566e+03 2.072447248128024512e+03 2.072447248924795531e+03 2.072447249703880061e+03 2.072447250464845183e+03 2.072447251207274348e+03 2.072447251930766924e+03 2.072447252634937286e+03 2.072447253319415267e+03 2.072447253983846622e+03 2.072447254627893926e+03
2.038696681306589653e+03 2.038696682335895730e+03 2.038696683368188587e+03 2.038696684402355004e+03 2.038696685437293127e+03 2.038696686471916337e+03 2.038696687505155978e+03 2.038696688535964995e+03 2.038696689563319978e+03 2.038696690586224122e+03 2.038696691603709951e+03 2.038696692614839549e+03 2.038696693618707513e+03 2.038696694614441412e+03 2.038696695601201554e+03 2.038696696578182355e+03 2.038696697544613016e+03 2.038696698499754575e+03 2.038696699442901945e+03 2.038696700373380963e+03 2.038696701290548617e+03 2.038696702193790998e+03 2.038696703082521481e+03 2.038696703956179363e+03 2.038696704814228724e+03 2.038696705656155018e+03 2.038696706481465753e+03 2.038696707289686856e+03 2.038696708080361304e+03 2.038696708853049813e+03 2.038696709607326966e+03 2.038696710342783035e+03 2.038696711059021027e+03 2.038696711755658498e+03 2.038696712432327331e+03 2.038696713088672595e+03 2.038696713724355732e+03
2.004680466423168582e+03 2.004680467456018960e+03 2.004680468491666034e+03 2.004680469528965205e+03 2.004680470566785516e+03 2.004680471604012610e+03 2.004680472639553045e+03 2.004680473672336348e+03 2.004680474701318417e+03 2.004680475725485394e+03 2.004680476743853887e+03 2.004680477755473703e+03 2.004680478759429661e+03 2.004680479754841599e+03 2.004680480740865960e+03 2.004680481716695112e+03 2.004680482681558260e+03 2.004680483634720076e+03 2.004680484575479340e+03 2.004680485503168939e+03 2.004680486417154043e+03 2.004680487316829613e+03 2.004680488201619937e+03 2.004680489070975909e+03 2.004680489924372523e+03 2.004680490761307510e+03 2.004680491581299293e+03 2.004680492383884939e+03 2.004680493168618113e+03 2.004680493935067943e+03 2.004680494682817880e+03 2.004680495411463653e+03 2.004680496120614180e+03 2.004680496809889974e+03 2.004680497478923598e+03 2.004680498127360352e+03 2.004680498754859173e+03
1.970450066744775540e+03 1.970450067781608823e+03 1.970450068821041441e+03 1.970450069861896736e+03 1.970450070903012374e+03 1.970450071943245575e+03 1.970450072981475614e+03 1.970450074016608369e+03 1.970450075047578594e+03 1.970450076073353557e+03 1.970450077092933952e+03 1.970450078105357079e+03 1.970450079109697526e+03 1.970450080105068537e+03 1.970450081090622007e+03 1.970450082065549623e+03 1.970450083029081270e+03 1.970450083980485033e+03 1.970450084919066512e+03 1.970450085844165642e+03 1.970450086755157599e+03 1.970450087651448484e+03 1.970450088532474183e+03 1.970450089397698093e+03 1.970450090246609079e+03 1.970450091078718060e+03 1.970450091893555964e+03 1.970450092690672363e+03 1.970450093469632520e+03 1.970450094230015793e+03 1.970450094971414273e+03 1.970450095693430967e+03 1.970450096395680021e+03 1.970450097077785131e+03 1.970450097739380226e+03 1.970450098380110148e+03 1.970450098999630882e+03
1.936053678104595747e+03 1.936053679145868273e+03 1.936053680189536408e+03 1.936053681234388250e+03 1.936053682279229179e+03 1.936053683322885490e+03 1.936053684364209175e+03 1.936053685402080873e+03 1.936053686435413056e+03 1.936053687463153210e+03 1.936053688484286113e+03 1.936053689497835649e+03 1.936053690502866857e+03 1.936053691498485705e+03 1.936053692483841132e+03 1.936053693458123689e+03 1.936053694420565080e+03 1.936053695370439300e+03 1.936053696307057407e+03 1.936053697229770478e+03 1.936053698137963465e+03 1.936053699031055658e+03 1.936053699908497038e+03 1.936053700769765101e+03 1.936053701614363717e+03 1.936053702441818587e+03 1.936053703251675643e+03 1.936053704043498101e+03 1.936053704816863728e+03 1.936053705571364162e+03 1.936053706306600361e+03 1.936053707022183744e+03 1.936053707717734142e+03 1.936053708392878889e+03 1.936053709047253051e+03 1.936053709680499878e+03 1.936053710292271944e+03
1.901536279365106111e+03 1.901536280411293092e+03 1.901536281459663087e+03 1.901536282508968270e+03 1.901536283557979914e+03 1.901536284605492483e+03 1.901536285650328182e+03 1.901536286691341047e+03 1.901536287727420813e+03 1.901536288757494276e+03 1.901536289780529842e+03 1.901536290795537752e+03 1.901536291801573270e+03 1.901536292797735769e+03 1.901536293783170777e+03 1.901536294757069072e+03 1.901536295718666224e+03 1.901536296667240777e+03 1.901536297602113791e+03 1.901536298522646348e+03 1.901536299428237044e+03 1.901536300318319036e+03 1.901536301192358451e+03 1.901536302049849155e+03 1.901536302890311845e+03 1.901536303713288817e+03 1.901536304518343059e+03 1.901536305305053020e+03 1.901536306073011019e+03 1.901536306821820972e+03 1.901536307551095661e+03 1.901536308260454462e+03 1.901536308949523800e+03 1.901536309617934876e+03 1.901536310265323891e+03 1.901536310891332050e+03 1.901536311495608288e+03
1.866939720008243967e+03 1.866939721059836529e+03 1.866939722113392008e+03 1.866939723167623924e+03 1.866939724221266943e+03 1.866939725273082104e+03 1.866939726321861144e+03 1.866939727366429906e+03 1.866939728405653568e+03 1.866939729438438462e+03 1.866939730463735032e+03 1.866939731480540331e+03 1.866939732487899391e+03 1.866939733484905446e+03 1.866939734470701751e+03 1.866939735444479538e+03 1.866939736405478698e+03 1.866939737352985503e+03 1.866939738286331021e+03 1.866939739204889065e+03 1.866939740108072783e+03 1.866939740995332613e+03 1.866939741866151508e+03 1.866939742720042887e+03 1.866939743556546546e+03 1.866939744375223654e+03 1.866939745175655389e+03 1.866939745957438163e+03 1.866939746720180437e+03 1.866939747463499998e+03 1.866939748187021678e+03 1.866939748890375313e+03 1.866939749573194149e+03 1.866939750235112797e+03 1.866939750875769050e+03 1.866939751494802749e+03 1.866939752091856235e+03
1.832302816991140844e+03 1.832302818048647850e+03 1.832302819107888354e+03 1.832302820167535401e+03 1.832302821226285232e+03 1.832302822282863417e+03 1.832302823336029178e+03 1.832302824384579480e+03 1.832302825427353582e+03 1.832302826463235988e+03 1.832302827491159178e+03 1.832302828510106565e+03 1.832302829519112493e+03 1.832302830517265420e+03 1.832302831503705647e+03 1.832302832477626680e+03 1.832302833438273865e+03 1.832302834384942571e+03 1.832302835316975688e+03 1.832302836233761582e+03 1.832302837134731135e+03 1.832302838019352521e+03 1.832302838887130065e+03 1.832302839737597651e+03 1.832302840570316221e+03 1.832302841384869680e+03 1.832302842180859216e+03 1.832302842957901021e+03 1.832302843715621520e+03 1.832302844453654643e+03 1.832302845171639319e+03 1.832302845869215389e+03 1.832302846546024057e+03 1.832302847201704935e+03 1.832302847835896273e+03 1.832302848448235864e+03 1.832302849038360137e+03
