BlockUplift_2Ma_1kryTimeStep_5mmyr_k_1e-05_m_0.5_n_1.0_LinDiffusion_1.0_6x3km_30mRes_topographic__steepest_slope.txt
nrows 100
cellsize 30.0
xllcorner 0.0
ncols 200
yllcorner 0.0
[rows 51 to 67 of 100, columns 111 to 147 of 200]
2.539460133396005403e+00 2.539460132837211948e+00 2.539460132291090577e+00 2.539460131761309913e+00 2.539460131251234820e+00 2.539460130764155110e+00 2.539460130303132335e+00 2.539460129870940275e+00 2.539460129470050287e+00 2.539460129102493191e+00 2.539460128769966740e+00 2.539460128473729039e+00 2.539460128214462653e+00 2.539460127992424709e+00 2.539460127807281697e+00 2.539460127658230704e+00 2.539460127543891943e+00 2.539460127462401129e+00 2.539460127411439228e+00 2.539460127388216915e+00 2.539460127389566058e+00 2.539460127412076051e+00 2.539460127452048077e+00 2.539460127505662967e+00 2.539460127569009185e+00 2.539460127638221820e+00 2.539460127709571857e+00 2.539460127779451071e+00 2.539460127844646919e+00 2.539460127902141817e+00 2.539460127949511481e+00 2.539460127984633164e+00 2.539460128005991191e+00 2.539460128012600126e+00 2.539460128004066064e+00 2.539460127980510240e+00 2.539460127942660073e+00
2.525501049374740070e+00 2.525501048785508740e+00 2.525501048209859434e+00 2.525501047651611319e+00 2.525501047114539599e+00 2.525501046602160571e+00 2.525501046117809345e+00 2.525501045664562572e+00 2.525501045245027942e+00 2.525501044861584887e+00 2.525501044516037741e+00 2.525501044209749857e+00 2.525501043943556123e+00 2.525501043717698124e+00 2.525501043531873435e+00 2.525501043385141475e+00 2.525501043275987012e+00 2.525501043202363238e+00 2.525501043161648251e+00 2.525501043150734315e+00 2.525501043166074489e+00 2.525501043203833618e+00 2.525501043259858580e+00 2.525501043329859474e+00 2.525501043409440260e+00 2.525501043494265740e+00 2.525501043580076654e+00 2.525501043662901068e+00 2.525501043739056151e+00 2.525501043805221890e+00 2.525501043858578765e+00 2.525501043896808184e+00 2.525501043918166211e+00 2.525501043921546174e+00 2.525501043906403176e+00 2.525501043872933948e+00 2.525501043821926306e+00
2.510950137883158462e+00 2.510950137261898085e+00 2.510950136655098142e+00 2.510950136066867344e+00 2.510950135501297975e+00 2.510950134962240732e+00 2.510950134453317606e+00 2.510950133977833953e+00 2.510950133538805584e+00 2.510950133138718954e+00 2.510950132779695920e+00 2.510950132463206863e+00 2.510950132190176376e+00 2.510950131960968612e+00 2.510950131775219418e+00 2.510950131631928706e+00 2.510950131529459117e+00 2.510950131465445434e+00 2.510950131436993527e+00 2.510950131440646604e+00 2.510950131472478919e+00 2.510950131528109974e+00 2.510950131602915913e+00 2.510950131692031295e+00 2.510950131790574691e+00 2.510950131893635806e+00 2.510950131996438905e+00 2.510950132094543097e+00 2.510950132183764616e+00 2.510950132260419743e+00 2.510950132321279948e+00 2.510950132363783727e+00 2.510950132385975753e+00 2.510950132386566835e+00 2.510950132364966336e+00 2.510950132321295492e+00 2.510950132256387857e+00
2.495873458843683057e+00 2.495873458188649696e+00 2.495873457548911212e+00 2.495873456928999534e+00 2.495873456333280505e+00 2.495873455765968085e+00 2.495873455231018667e+00 2.495873454732099983e+00 2.495873454272471648e+00 2.495873453854968282e+00 2.495873453481863180e+00 2.495873453154914934e+00 2.495873452875215115e+00 2.495873452643096790e+00 2.495873452458257091e+00 2.495873452319619989e+00 2.495873452225305211e+00 2.495873452172812090e+00 2.495873452158881900e+00 2.495873452179633301e+00 2.495873452230656042e+00 2.495873452307053597e+00 2.495873452403627013e+00 2.495873452514964175e+00 2.495873452635502421e+00 2.495873452759739486e+00 2.495873452882384935e+00 2.495873452998330411e+00 2.495873453102937400e+00 2.495873453192082980e+00 2.495873453262174912e+00 2.495873453310287093e+00 2.495873453334221725e+00 2.495873453332523972e+00 2.495873453304526812e+00 2.495873453250351481e+00 2.495873453170937228e+00
2.480333255428498251e+00 2.480333254737812965e+00 2.480333254063270765e+00 2.480333253409783723e+00 2.480333252782080944e+00 2.480333252184785398e+00 2.480333251622217627e+00 2.480333251098393976e+00 2.480333250616937768e+00 2.480333250181032234e+00 2.480333249793223782e+00 2.480333249455497935e+00 2.480333249169098142e+00 2.480333248934524004e+00 2.480333248751427799e+00 2.480333248618686870e+00 2.480333248534301038e+00 2.480333248495389942e+00 2.480333248498406196e+00 2.480333248538999946e+00 2.480333248612229813e+00 2.480333248712653038e+00 2.480333248834388993e+00 2.480333248971328342e+00 2.480333249117241845e+00 2.480333249265974427e+00 2.480333249411508678e+00 2.480333249548221097e+00 2.480333249670835905e+00 2.480333249774715476e+00 2.480333249855857680e+00 2.480333249911018445e+00 2.480333249937727302e+00 2.480333249934331796e+00 2.480333249900104509e+00 2.480333249835120935e+00 2.480333249740351853e+00
2.464388065463799737e+00 2.464388064735339778e+00 2.464388064023948388e+00 2.464388063334824075e+00 2.464388062673166679e+00 2.464388062043947780e+00 2.464388061451957768e+00 2.464388060901622435e+00 2.464388060396959013e+00 2.464388059941469145e+00 2.464388059538108244e+00 2.464388059189150049e+00 2.464388058896050282e+00 2.464388058659384928e+00 2.464388058478940824e+00 2.464388058353415456e+00 2.464388058280701621e+00 2.464388058257691139e+00 2.464388058280337468e+00 2.464388058343865762e+00 2.464388058442682272e+00 2.464388058570678552e+00 2.464388058721290964e+00 2.464388058887652555e+00 2.464388059062730285e+00 2.464388059239596807e+00 2.464388059411537046e+00 2.464388059572153455e+00 2.464388059715641344e+00 2.464388059836756018e+00 2.464388059931040154e+00 2.464388059994856217e+00 2.464388060025430427e+00 2.464388060020973992e+00 2.464388059980622714e+00 2.464388059904483175e+00 2.464388059793600316e+00
2.448092838166045837e+00 2.448092837397659149e+00 2.448092836647113746e+00 2.448092835920124166e+00 2.448092835222269059e+00 2.448092834559004949e+00 2.448092833935561430e+00 2.448092833356804388e+00 2.448092832827251097e+00 2.448092832350873049e+00 2.448092831931004909e+00 2.448092831570162886e+00 2.448092831270165970e+00 2.448092831031817518e+00 2.448092830854830204e+00 2.448092830738020531e+00 2.448092830678979315e+00 2.448092830674310605e+00 2.448092830719557966e+00 2.448092830809339926e+00 2.448092830937503184e+00 2.448092831097089306e+00 2.448092831280746395e+00 2.448092831480713993e+00 2.448092831689170357e+00 2.448092831898278199e+00 2.448092832100458693e+00 2.448092832288587761e+00 2.448092832456101764e+00 2.448092832597179136e+00 2.448092832706849187e+00 2.448092832781033845e+00 2.448092832816731512e+00 2.448092832811910924e+00 2.448092832765617732e+00 2.448092832677942532e+00 2.448092832550037290e+00
2.431499055125641462e+00 2.431499054314887776e+00 2.431499053522778286e+00 2.431499052755422330e+00 2.431499052018928797e+00 2.431499051319239602e+00 2.431499050662023542e+00 2.431499050052783328e+00 2.431499049496475440e+00 2.431499048997602497e+00 2.431499048559908172e+00 2.431499048186485101e+00 2.431499047879318365e+00 2.431499047639469335e+00 2.431499047466877617e+00 2.431499047360193622e+00 2.431499047316917128e+00 2.431499047333318231e+00 2.431499047404425351e+00 2.431499047524266821e+00 2.431499047685868664e+00 2.431499047881531261e+00 2.431499048102871985e+00 2.431499048341250635e+00 2.431499048587738798e+00 2.431499048833590582e+00 2.431499049070301677e+00 2.431499049289853609e+00 2.431499049484894481e+00 2.431499049648982780e+00 2.431499049776524313e+00 2.431499049863047546e+00 2.431499049905187171e+00 2.431499049900730736e+00 2.431499049848616867e+00 2.431499049748996999e+00 2.431499049603113694e+00
2.414654854541534501e+00 2.414654853685836766e+00 2.414654852849480449e+00 2.414654852039120669e+00 2.414654851261305524e+00 2.414654850522477414e+00 2.414654849828972605e+00 2.414654849186793850e+00 2.414654848601534010e+00 2.414654848078225946e+00 2.414654847621295453e+00 2.414654847234169122e+00 2.414654846919377817e+00 2.414654846678270683e+00 2.414654846510863262e+00 2.414654846415912104e+00 2.414654846390658527e+00 2.414654846431040003e+00 2.414654846531599564e+00 2.414654846685622580e+00 2.414654846885317507e+00 2.414654847121998404e+00 2.414654847386282110e+00 2.414654847668301407e+00 2.414654847958126904e+00 2.414654848245815444e+00 2.414654848521801345e+00 2.414654848777157081e+00 2.414654849003636805e+00 2.414654849193993869e+00 2.414654849342120269e+00 2.414654849443043982e+00 2.414654849493035549e+00 2.414654849489685784e+00 2.414654849431917771e+00 2.414654849319882945e+00 2.414654849154991734e+00
2.397605157796685038e+00 2.397605156893238831e+00 2.397605156009816163e+00 2.397605155153511802e+00 2.397605154331388988e+00 2.397605153550542489e+00 2.397605152817838370e+00 2.397605152139931306e+00 2.397605151523157563e+00 2.397605150973231680e+00 2.397605150495140336e+00 2.397605150093068183e+00 2.397605149769954647e+00 2.397605149527559210e+00 2.397605149366169641e+00 2.397605149284496751e+00 2.397605149279737002e+00 2.397605149347327824e+00 2.397605149481296216e+00 2.397605149674154834e+00 2.397605149917141354e+00 2.397605150200433854e+00 2.397605150513421268e+00 2.397605150845053323e+00 2.397605151184022176e+00 2.397605151519186073e+00 2.397605151839813153e+00 2.397605152135777740e+00 2.397605152397970230e+00 2.397605152618280222e+00 2.397605152789916705e+00 2.397605152907453796e+00 2.397605152966798325e+00 2.397605152965418984e+00 2.397605152902087866e+00 2.397605152777093185e+00 2.397605152591950173e+00
2.380391797546508315e+00 2.380391796592403075e+00 2.380391795658867160e+00 2.380391794753450085e+00 2.380391793883836815e+00 2.380391793057636374e+00 2.380391792282474217e+00 2.380391791565747095e+00 2.380391790914457850e+00 2.380391790335215862e+00 2.380391789833826710e+00 2.380391789415079895e+00 2.380391789082689780e+00 2.380391788838823963e+00 2.380391788684119270e+00 2.380391788617392645e+00 2.380391788635658035e+00 2.380391788734020242e+00 2.380391788905823702e+00 2.380391789142640935e+00 2.380391789434664229e+00 2.380391789770813560e+00 2.380391790139113617e+00 2.380391790526998008e+00 2.380391790921748907e+00 2.380391791310724425e+00 2.380391791681859104e+00 2.380391792023829112e+00 2.380391792326402634e+00 2.380391792580621946e+00 2.380391792778997928e+00 2.380391792915497629e+00 2.380391792985832033e+00 2.380391792987166077e+00 2.380391792918362448e+00 2.380391792779695148e+00 2.380391792573027576e+00
2.363053646571628086e+00 2.363053645563695682e+00 2.363053644576742496e+00 2.363053643618847399e+00 2.363053642698211387e+00 2.363053641823095408e+00 2.363053641001821692e+00 2.363053640242575693e+00 2.363053639553375884e+00 2.363053638941664758e+00 2.363053638414218671e+00 2.363053637976751720e+00 2.363053637633705240e+00 2.363053637387944494e+00 2.363053637240485116e+00 2.363053637190356771e+00 2.363053637234406867e+00 2.363053637367390269e+00 2.363053637581833843e+00 2.363053637868430812e+00 2.363053638216009222e+00 2.363053638612094165e+00 2.363053639043073417e+00 2.363053639494728575e+00 2.363053639952613416e+00 2.363053640402510425e+00 2.363053640830730551e+00 2.363053641224632795e+00 2.363053641572772090e+00 2.363053641865250576e+00 2.363053642093746021e+00 2.363053642251785824e+00 2.363053642334671078e+00 2.363053642339521865e+00 2.363053642265140475e+00 2.363053642112102448e+00 2.363053641882409739e+00
2.345626746717547118e+00 2.345626745652543921e+00 2.345626744608777514e+00 2.345626743594797059e+00 2.345626742619288052e+00 2.345626741691269945e+00 2.345626740819776845e+00 2.345626740013949441e+00 2.345626739282791640e+00 2.345626738634837061e+00 2.345626738078014473e+00 2.345626737619158853e+00 2.345626737263652561e+00 2.345626737015209073e+00 2.345626736875404461e+00 2.345626736843511750e+00 2.345626736916331723e+00 2.345626737088120084e+00 2.345626737350691382e+00 2.345626737693479846e+00 2.345626738103965270e+00 2.345626738567928804e+00 2.345626739069939681e+00 2.345626739593838828e+00 2.345626740123210041e+00 2.345626740641925334e+00 2.345626741134613891e+00 2.345626741587026665e+00 2.345626741986400976e+00 2.345626742321777147e+00 2.345626742584060231e+00 2.345626742766277584e+00 2.345626742863396341e+00 2.345626742872430892e+00 2.345626742792380259e+00 2.345626742623926564e+00 2.345626742369570916e+00
2.328144437310493142e+00 2.328144436185008548e+00 2.328144435080881980e+00 2.328144434006996111e+00 2.328144432972597766e+00 2.328144431987266394e+00 2.328144431060946040e+00 2.328144430203792581e+00 2.328144429425947237e+00 2.328144428737293214e+00 2.328144428147076450e+00 2.328144427663482841e+00 2.328144427293167062e+00 2.328144427040797382e+00 2.328144426908754117e+00 2.328144426896687769e+00 2.328144427001370698e+00 2.328144427216602530e+00 2.328144427533288763e+00 2.328144427939590422e+00 2.328144428421289103e+00 2.328144428962211077e+00 2.328144429544757532e+00 2.328144430150481003e+00 2.328144430760736849e+00 2.328144431357259236e+00 2.328144431922586133e+00 2.328144432440755640e+00 2.328144432897609750e+00 2.328144433280946668e+00 2.328144433580912942e+00 2.328144433789960388e+00 2.328144433902858967e+00 2.328144433916683465e+00 2.328144433830554139e+00 2.328144433645547906e+00 2.328144433364529142e+00
2.310637482487042593e+00 2.310637481297726392e+00 2.310637480129571486e+00 2.310637478991793614e+00 2.310637477894124547e+00 2.310637476846750360e+00 2.310637475860509493e+00 2.310637474946618752e+00 2.310637474116583601e+00 2.310637473381863760e+00 2.310637472753326982e+00 2.310637472240780976e+00 2.310637471852487579e+00 2.310637471594418457e+00 2.310637471469908721e+00 2.310637471479155103e+00 2.310637471619005012e+00 2.310637471882789118e+00 2.310637472260380854e+00 2.310637472738426457e+00 2.310637473300797051e+00 2.310637473928955021e+00 2.310637474602829755e+00 2.310637475301336785e+00 2.310637476003163826e+00 2.310637476687437353e+00 2.310637477334618328e+00 2.310637477926623884e+00 2.310637478447673310e+00 2.310637478884397300e+00 2.310637479226094637e+00 2.310637479464730859e+00 2.310637479594955135e+00 2.310637479613903089e+00 2.310637479521043591e+00 2.310637479317983800e+00 2.310637479008164519e+00
2.293134196913274359e+00 2.293134195656747032e+00 2.293134194420933358e+00 2.293134193215284444e+00 2.293134192049766984e+00 2.293134190935203875e+00 2.293134189883228924e+00 2.293134188906386317e+00 2.293134188017726505e+00 2.293134187230513543e+00 2.293134186557623799e+00 2.293134186010949538e+00 2.293134185600600450e+00 2.293134185334277486e+00 2.293134185216581411e+00 2.293134185248489665e+00 2.293134185427000649e+00 2.293134185744944986e+00 2.293134186191044588e+00 2.293134186750231951e+00 2.293134187404007207e+00 2.293134188131254358e+00 2.293134188908819038e+00 2.293134189712539683e+00 2.293134190518003379e+00 2.293134191301510416e+00 2.293134192040709785e+00 2.293134192715448716e+00 2.293134193308090651e+00 2.293134193803969989e+00 2.293134194191558617e+00 2.293134194462405961e+00 2.293134194611176735e+00 2.293134194635293444e+00 2.293134194534756531e+00 2.293134194311778451e+00 2.293134193970506107e+00
2.275660569387180754e+00 2.275660568060258626e+00 2.275660566753390235e+00 2.275660565475868591e+00 2.275660564237788730e+00 2.275660563050435847e+00 2.275660561926383885e+00 2.275660560879464445e+00 2.275660559924570503e+00 2.275660559077156808e+00 2.275660558352547103e+00 2.275660557765119663e+00 2.275660557327470634e+00 2.275660557049407728e+00 2.275660556937191270e+00 2.275660556992860073e+00 2.275660557213670110e+00 2.275660557591974609e+00 2.275660558115206733e+00 2.275660558766215313e+00 2.275660559523855042e+00 2.275660560363735208e+00 2.275660561259223780e+00 2.275660562182436841e+00 2.275660563105369238e+00 2.275660564000888009e+00 2.275660564843648537e+00 2.275660565610936104e+00 2.275660566283143726e+00 2.275660566844264210e+00 2.275660567281950986e+00 2.275660567587518113e+00 2.275660567755767083e+00 2.275660567784659083e+00 2.275660567674913093e+00 2.275660567429645287e+00 2.275660567053917838e+00
