BlockUplift_2Ma_1kryTimeStep_5mmyr_k_0.0001_m_0.5_n_1.0_LinDiffusion_1.0_6x3km_30mRes_topographic__elevation.txt
nrows 100
cellsize 30.0
xllcorner 0.0
ncols 200
yllcorner 0.0
[rows 17 to 33 of 100, columns 0 to 36 of 200]
6.924341743565641440e-04 5.877703969212161610e+02 5.857398916652211938e+02 5.817276013392809091e+02 5.758298093105868247e+02 5.681876385287554285e+02 5.589823112864045243e+02 5.484284047973710585e+02 5.367658807713364695e+02 5.242522992527434553e+02 5.111566909584748259e+02 4.977558803095883491e+02 4.843328368497774363e+02 4.711754307901222205e+02 4.585734156116109261e+02 4.468119642682767108e+02 4.361615698930831968e+02 4.268659835231779880e+02 4.191311982510843563e+02 4.131185367342600330e+02 4.089434690340713701e+02 4.066794567965004603e+02 4.063640086566272771e+02 4.080033430048410992e+02 4.115730589496079119e+02 4.170145525902978534e+02 4.242294031658659605e+02 4.330753212617763666e+02 4.433668195292790983e+02 4.548817902917883771e+02 4.673726667513922735e+02 4.805790118749878275e+02 4.942380113066867011e+02 5.080904850887502562e+02 5.218820444140277459e+02 5.353609718238620871e+02 5.482755097249561231e+02
5.356827692263182745e-04 5.772732265771821858e+02 5.752293498251401616e+02 5.711936128980348713e+02 5.652682062482718948e+02 5.576015476414411296e+02 5.483820357925833378e+02 5.378298089336881276e+02 5.261875514270057010e+02 5.137119547664443644e+02 5.006674234848637184e+02 4.873228635440465268e+02 4.739511137141575432e+02 4.608293074226159547e+02 4.482378034430892058e+02 4.364557092964700473e+02 4.257524004530143316e+02 4.163762666089397158e+02 4.085433473483087710e+02 4.024288064033560772e+02 3.981631031026867049e+02 3.958327232448460222e+02 3.954834227351446998e+02 3.971231236633991557e+02 4.007223413576999178e+02 4.062119317601457169e+02 4.134799971213892036e+02 4.223708536967841383e+02 4.326884601951662717e+02 4.442048853611717618e+02 4.566721881053611014e+02 4.698345803688465594e+02 4.834376260230856133e+02 4.972324866848937290e+02 5.109752304300993728e+02 5.244230859182717950e+02 5.373305209596506984e+02
5.482227227599064051e-04 5.670184039285024937e+02 5.649522958823898762e+02 5.608768495877161513e+02 5.549028406419944304e+02 5.471894590017468545e+02 5.379360324288850279e+02 5.273717577458839969e+02 5.157448323663617202e+02 5.033128456839316414e+02 4.903361622645168154e+02 4.770751776392339707e+02 4.637909698259198876e+02 4.507475159013192183e+02 4.382128918661047692e+02 4.264571357330880801e+02 4.157457213840096415e+02 4.063293819458991720e+02 3.984325522632378238e+02 3.922432460027687853e+02 3.879064645056496374e+02 3.855216103056873749e+02 3.851426999283179384e+02 3.867793380153106568e+02 3.903968659977952029e+02 3.959155403180279791e+02 4.032101557050827978e+02 4.121122564519164371e+02 4.224164903981600787e+02 4.338910137684351298e+02 4.462899900362744461e+02 4.593650937242244936e+02 4.728730960089138193e+02 4.865780005765807346e+02 5.002481947301336618e+02 5.136508480006688160e+02 5.265466595335301463e+02
3.143421457138997205e-04 5.570859231134675156e+02 5.549873735094648737e+02 5.508531384992322728e+02 5.448050667829254508e+02 5.370164051545521033e+02 5.277010519239040605e+02 5.171008061880488640e+02 5.054724206922686562e+02 4.930766164473383810e+02 4.801709544947508448e+02 4.670074919710029349e+02 4.538346997591781928e+02 4.409016784553195976e+02 4.284618518172611630e+02 4.167734481395672788e+02 4.060952269545825857e+02 3.966776548059726224e+02 3.887513638179024724e+02 3.825155434450225016e+02 3.781285937225827638e+02 3.757021465320393077e+02 3.752981385914605994e+02 3.769277765966242555e+02 3.805513846062578409e+02 3.860790649645118151e+02 3.933731398426728560e+02 4.022537034073144468e+02 4.125079378271094015e+02 4.239023907622544698e+02 4.361959186330387297e+02 4.491502719406017263e+02 4.625357708740121438e+02 4.761310520049624984e+02 4.897178466289290100e+02 5.030734018859157572e+02 5.159638785479082799e+02
9.669470460564095647e-04 5.475718168150027623e+02 5.454303294079892339e+02 5.412174006880611614e+02 5.350679920864140513e+02 5.271721540089381506e+02 5.177614978250246622e+02 5.070936331655782965e+02 4.954368341719537625e+02 4.830574184153978763e+02 4.702119109475252685e+02 4.571449723380580963e+02 4.440925251231710149e+02 4.312879863906870810e+02 4.189685492023129427e+02 4.073784502749400644e+02 3.967671760489462258e+02 3.873822473355941725e+02 3.794579427835785737e+02 3.732024097506958924e+02 3.687856983925491932e+02 3.663304564097231264e+02 3.659058751644015501e+02 3.675246346275122278e+02 3.711424385108771276e+02 3.766601544751744655e+02 3.839290643319079663e+02 3.927597136482113456e+02 4.029340856080808067e+02 4.142195751823346654e+02 4.263821418405951817e+02 4.391957169496816960e+02 4.524457307242055890e+02 4.659262934828192897e+02 4.794325134662850019e+02 4.927509470521636104e+02 5.056517363896440997e+02
1.633467127134527941e-04 5.385869649039191245e+02 5.363929496316442282e+02 5.320828537848321957e+02 5.258061017389137533e+02 5.177714264155024466e+02 5.082304115234662731e+02 4.974589523988391875e+02 4.857393659516444018e+02 4.733459626440492229e+02 4.605363303294928414e+02 4.475493639528920653e+02 4.346094445719453461e+02 4.219345677922752316e+02 4.097451542129153381e+02 3.982701290620458394e+02 3.877477277454875093e+02 3.784200948581545845e+02 3.705225356085173871e+02 3.642696268742658390e+02 3.598408909198334413e+02 3.573683695997224845e+02 3.569275812293910235e+02 3.585325123718629357e+02 3.621348414254042609e+02 3.676274962246852169e+02 3.748525888808097193e+02 3.836133772458761086e+02 3.936890573017530528e+02 4.048501619938276122e+02 4.168716534379362315e+02 4.295409263424558048e+02 4.426590416208824763e+02 4.560353006140868501e+02 4.694771633058762745e+02 4.827788693977782373e+02 4.957125041230629563e+02
8.022111499963737683e-04 5.302515252963905823e+02 5.279974735446990053e+02 5.235754226770226296e+02 5.171497339468642167e+02 5.089485694132668527e+02 4.992445384455838280e+02 4.883332085458191045e+02 4.765126580658588864e+02 4.640671910738686279e+02 4.512576251636100437e+02 4.383192386743609745e+02 4.254667663899456898e+02 4.129041720066434777e+02 4.008357685311720502e+02 3.894749735497100573e+02 3.790476986982921517e+02 3.697888832799340548e+02 3.619325167408401853e+02 3.556970775936711107e+02 3.512692047649617848e+02 3.487884817944713518e+02 3.483356576785035372e+02 3.499258267023025155e+02 3.535073526488431526e+02 3.589667269594601180e+02 3.661389581412103098e+02 3.748223322676907401e+02 3.847954720066884420e+02 3.958338220169164856e+02 4.077224104720651212e+02 4.202622907440696736e+02 4.332694602665579282e+02 4.465669391742932248e+02 4.599725026272968194e+02 4.732857392358895368e+02 4.862783099798612056e+02
2.197557368705388425e-04 5.226847704168787914e+02 5.203662445695241558e+02 5.158230678323066059e+02 5.092340389412905211e+02 5.008462144504676985e+02 4.909528752074027125e+02 4.798693086227416416e+02 4.679099834011401526e+02 4.553704982283659319e+02 4.425168423230722965e+02 4.295830949041825306e+02 4.167769544372404766e+02 4.042907984810122457e+02 3.923147494182359765e+02 3.810478065191318819e+02 3.707036517837483984e+02 3.615091233659784962e+02 3.536951935659092783e+02 3.474820681179602957e+02 3.430612729978940934e+02 3.405780712069749256e+02 3.401172936390503310e+02 3.416949108202576895e+02 3.452566815861935652e+02 3.506841519075876477e+02 3.578071856682192333e+02 3.664211166416554306e+02 3.763056490375078624e+02 3.872420670865863030e+02 3.990254341382652115e+02 4.114694126861519408e+02 4.244029858942587339e+02 4.376603043022591351e+02 4.510665824468425171e+02 4.644239582350636510e+02 4.775012537878912440e+02
2.949558962358035186e-04 5.159913086937984872e+02 5.136075834386081169e+02 5.089410238046193058e+02 5.021834113015904677e+02 4.935988845999156638e+02 4.834996013101072663e+02 4.722191880787691503e+02 4.600878846331146974e+02 4.474129592023051032e+02 4.344670115826099845e+02 4.214853094475225248e+02 4.086715617321342506e+02 3.962098477480483893e+02 3.842791550852928708e+02 3.730664497548356735e+02 3.627745818576539136e+02 3.536225709786882589e+02 3.458376293327384587e+02 3.396402105019377018e+02 3.352249372130472125e+02 3.327411176731842488e+02 3.322765894157239472e+02 3.338479304522989537e+02 3.373988684635241952e+02 3.428072372806040562e+02 3.498992893224478848e+02 3.584687847962296701e+02 3.682972876577126158e+02 3.791717608520179965e+02 3.908960455937530014e+02 4.032941152487322256e+02 4.162048523369628583e+02 4.294700563544893726e+02 4.429189549090186233e+02 4.563532830368828854e+02 4.695368605019640995e+02
5.808582483371648114e-04 5.102459431805881991e+02 5.078001806025374663e+02 5.030153236177221174e+02 4.960938660809684961e+02 4.873141070948872766e+02 4.770040017440726956e+02 4.655128074913837395e+02 4.531846771581085136e+02 4.403378953607880248e+02 4.272523950484106763e+02 4.141666878589816179e+02 4.012836282123759020e+02 3.887827863329195566e+02 3.768359320871917930e+02 3.656215098545719115e+02 3.553342038314961542e+02 3.461867743906354349e+02 3.384030953664249637e+02 3.322033515667818051e+02 3.277841832031666627e+02 3.252977559464450792e+02 3.248340320268005144e+02 3.264098868050022588e+02 3.299673268579000478e+02 3.353812234048668870e+02 3.424750460268941197e+02 3.510414455992747662e+02 3.608635364017866323e+02 3.717326090590347007e+02 3.834588333094283712e+02 3.958731176051289253e+02 4.088203057811687131e+02 4.221458254384629640e+02 4.356793118244873995e+02 4.492193318726546067e+02 4.625230608266253398e+02
7.547076044186197237e-04 5.054802953432252934e+02 5.029792153049629064e+02 4.980879629919170384e+02 4.910169025152379163e+02 4.820547760469468699e+02 4.715413009890783087e+02 4.598376139525822168e+02 4.472988702621059360e+02 4.342527373053078463e+02 4.209863793790590307e+02 4.077430212700264178e+02 3.947275209671328184e+02 3.821188093670819512e+02 3.700858057126392282e+02 3.588027308569404568e+02 3.484598141048078901e+02 3.392663068374081377e+02 3.314443736487930892e+02 3.252145131993639779e+02 3.207751925079938360e+02 3.182808545359025061e+02 3.178229934187266963e+02 3.194184326788141561e+02 3.230074117781797440e+02 3.284619443559512320e+02 3.356026596661154144e+02 3.442205039024406119e+02 3.540986896278096765e+02 3.650303659563233509e+02 3.768286001265299774e+02 3.893271138948394992e+02 4.023723337467001215e+02 4.158091889717518370e+02 4.294643354266823962e+02 4.431309057438650711e+02 4.565585064091594631e+02
1.204712727439141159e-04 5.016743779519089799e+02 4.991274835801388576e+02 4.941471715913978642e+02 4.869485715219632311e+02 4.778267633024930205e+02 4.671286834273819295e+02 4.552229748697997138e+02 4.424721651222295122e+02 4.292108820670230784e+02 4.157326139370621831e+02 4.022860211147155951e+02 3.890802280907778368e+02 3.762970465818746106e+02 3.641068824427709956e+02 3.526843551551497740e+02 3.422196091053514238e+02 3.329220571783840228e+02 3.250148483335632363e+02 3.187204460840980573e+02 3.142398862744922781e+02 3.117299884160619285e+02 3.112835310765446479e+02 3.129169110121758877e+02 3.165681658137775116e+02 3.221058550314252784e+02 3.293467825546072163e+02 3.380785556557583504e+02 3.480820125533248870e+02 3.591488167644861278e+02 3.710908784684323791e+02 3.837403054136083256e+02 3.969407581474195581e+02 4.105328763863819290e+02 4.243375232272961739e+02 4.381408598632363578e+02 4.516848049186449998e+02
6.218721346455920781e-04 4.987553696322121368e+02 4.961738795818727112e+02 4.911253119772995319e+02 4.838265137317613949e+02 4.745748386766111366e+02 4.637198772541207177e+02 4.516332671826003207e+02 4.386809754889640658e+02 4.252016782546061222e+02 4.114936145138173060e+02 3.978108169870745314e+02 3.843681300369936480e+02 3.713530541381719559e+02 3.589413257003621993e+02 3.473124043763535269e+02 3.366608937212968726e+02 3.272005449006763911e+02 3.191589379659618544e+02 3.127630201537666608e+02 3.082179677017963968e+02 3.056837221954766051e+02 3.052544513031247675e+02 3.069457497927651843e+02 3.106926686815352809e+02 3.163590796624172867e+02 3.237561626757500903e+02 3.326657029788150339e+02 3.428629543309136807e+02 3.541342506755887598e+02 3.662861110536722435e+02 3.791447675881436794e+02 3.925472423031992548e+02 4.063267976145677380e+02 4.202965135041037001e+02 4.342348786033881538e+02 4.478767717425760679e+02
5.314536837983571118e-04 4.966041319237008338e+02 4.939998298573345892e+02 4.889051228349733265e+02 4.815358579965136414e+02 4.721880152127854444e+02 4.612096877339799903e+02 4.489713096760289091e+02 4.358384736322910271e+02 4.221508459429673508e+02 4.082094059018687631e+02 3.942727927973411397e+02 3.805621385033517754e+02 3.672724965002873319e+02 3.545879210536598407e+02 3.426965181463482963e+02 3.318015737689829621e+02 3.221253784477896147e+02 3.139037196680531565e+02 3.073710807689561193e+02 3.027389473395227810e+02 3.001716427384030794e+02 2.997651376601340303e+02 3.015338838850817638e+02 3.054089163306309729e+02 3.112477234778379511e+02 3.188534990693865439e+02 3.279991995698075584e+02 3.384509389042596581e+02 3.499858151934239459e+02 3.624009910369391037e+02 3.755131432341187860e+02 3.891496000519988456e+02 4.031340943164391888e+02 4.172708577494431097e+02 4.313308101848148226e+02 4.450430531034581350e+02
6.515203423721194209e-04 4.950680525344340595e+02 4.924522715374490645e+02 4.873329188510453491e+02 4.799226406120378101e+02 4.705130693041366499e+02 4.594473756933089135e+02 4.470912470304888870e+02 4.338065518192601075e+02 4.199310638178731097e+02 4.057663196121781084e+02 3.915742749356411423e+02 3.775820951089939399e+02 3.639932389639303665e+02 3.510020053501633015e+02 3.388079921733032620e+02 3.276266558441915322e+02 3.176925927306509152e+02 3.092534502991445606e+02 3.025544324124658147e+02 2.978157869737878514e+02 2.952077902434739940e+02 2.948288565347361327e+02 2.966920249323517282e+02 3.007231895178932746e+02 3.067715489478975428e+02 3.146297191331765362e+02 3.240586922975758171e+02 3.348119669658727844e+02 3.466538550661921931e+02 3.593688382144350157e+02 3.727612304398686547e+02 3.866466114746129392e+02 4.008380319847105966e+02 4.151306839499080183e+02 4.292886744486612542e+02 4.430369724644573353e+02
8.249939969138183086e-04 4.939772537621269066e+02 4.913601661779039205e+02 4.862356569252081044e+02 4.788115612175942601e+02 4.693729767869446050e+02 4.582555996979983775e+02 4.458176642495565147e+02 4.324146435441669496e+02 4.183799486573912532e+02 4.040135625969214175e+02 3.895791684283174732e+02 3.753090624357477054e+02 3.614150366044902967e+02 3.481024752724294444e+02 3.355842037480432509e+02 3.240903360070394683e+02 3.138707531199855794e+02 3.051880950281765195e+02 2.983012148772260730e+02 2.934415308770506954e+02 2.907869251998285449e+02 2.904390191573843367e+02 2.924092724159950194e+02 2.966173795534548390e+02 3.029024022271092917e+02 3.110439056331991878e+02 3.207880385429839407e+02 3.318726649536955051e+02 3.440464407706324437e+02 3.570787196829965637e+02 3.707596445390009308e+02 3.848920035525735557e+02 3.992779191284143394e+02 4.137040504785612711e+02 4.279288705844280685e+02 4.416749845010639319e+02
6.897919654654949414e-05 4.931605831796405823e+02 4.905508784280786472e+02 4.854380364124884295e+02 4.780240351377401566e+02 4.685860071379979104e+02 4.574504786646023717e+02 4.449663768965307327e+02 4.314808486907514862e+02 4.173210050686490717e+02 4.027834135190600477e+02 3.881318141225499403e+02 3.736023116364146972e+02 3.594142336490888852e+02 3.457839342830808960e+02 3.329381192979669208e+02 3.211229589668616313e+02 3.106056162098801678e+02 3.016660655959415180e+02 2.945791821047475310e+02 2.895896386377818317e+02 2.868844496177316046e+02 2.865692265021928051e+02 2.886538053069055536e+02 2.930508268941562164e+02 2.995876623645788186e+02 3.080287635854490418e+02 3.181031143543269764e+02 3.295306445121686920e+02 3.420423485209949490e+02 3.553909615523931507e+02 3.693516128476160816e+02 3.837141356862051111e+02 3.982701805832207924e+02 4.127988378765192579e+02 4.270543006477130916e+02 4.407584722219352216e+02
