BlockUplift_2Ma_1kryTimeStep_5mmyr_k_1e-05_m_0.5_n_1.0_LinDiffusion_1.0_6x3km_30mRes_topographic__elevation.txt
nrows 100
cellsize 30.0
xllcorner 0.0
ncols 200
yllcorner 0.0
[rows 0 to 16 of 100, columns 37 to 73 of 200]
1.907513908333616768e-04 8.819139351240336657e-04 8.034041618007290320e-04 6.180216792878841453e-04 2.047194547157748970e-04 4.217089598766510179e-05 9.762496389264479872e-04 7.539852022287316840e-04 6.893541521503061213e-04 5.336965088671842376e-04 9.714817468186890889e-04 7.795458920113432395e-04 6.276441287676735089e-04 5.811797301233708607e-04 3.198080982872607476e-04 6.078830672387339294e-04 9.459372204049883073e-04 9.806859067520055321e-04 4.874598128458590180e-04 8.566526960001070046e-04 8.618272346261133653e-04 7.164990176554802666e-04 9.073310937083039649e-04 9.549077875598973534e-04 6.265590963644059866e-04 6.096026721667289561e-04 1.994131826601280811e-04 7.919128853035386790e-04 5.976356776053190836e-04 6.551299000006429764e-04 8.168474499172953627e-04 4.951255282319989544e-04 8.516900867602474230e-04 1.600158822483086483e-04 4.483738224278388420e-04 7.049303990783895718e-04 5.192697503353314566e-04
6.148988463457882972e+03 6.148988463785089152e+03 6.148988464118890079e+03 6.148988464459245733e+03 6.148988464806133379e+03 6.148988465159541192e+03 6.148988465519470083e+03 6.148988465885933692e+03 6.148988466258958397e+03 6.148988466638582395e+03 6.148988467024860256e+03 6.148988467417852007e+03 6.148988467817635865e+03 6.148988468224298231e+03 6.148988468637936421e+03 6.148988469058661394e+03 6.148988469486590475e+03 6.148988469921850083e+03 6.148988470364576642e+03 6.148988470814913853e+03 6.148988471273010873e+03 6.148988471739022316e+03 6.148988472213109162e+03 6.148988472695436030e+03 6.148988473186168449e+03 6.148988473685474673e+03 6.148988474193521142e+03 6.148988474710478840e+03 6.148988475236509657e+03 6.148988475771776393e+03 6.148988476316439119e+03 6.148988476870647901e+03 6.148988477434550077e+03 6.148988478008282982e+03 6.148988478591974854e+03 6.148988479185745746e+03 6.148988479789702069e+03
6.144763054275316790e+03 6.144763054602449301e+03 6.144763054936160188e+03 6.144763055276410341e+03 6.144763055623176115e+03 6.144763055976446594e+03 6.144763056336220870e+03 6.144763056702513495e+03 6.144763057075349934e+03 6.144763057454771115e+03 6.144763057840827969e+03 6.144763058233584161e+03 6.144763058633116088e+03 6.144763059039511063e+03 6.144763059452868220e+03 6.144763059873297607e+03 6.144763060300916550e+03 6.144763060735854197e+03 6.144763061178246062e+03 6.144763061628236755e+03 6.144763062085977253e+03 6.144763062551622170e+03 6.144763063025334304e+03 6.144763063507277366e+03 6.144763063997620520e+03 6.144763064496531115e+03 6.144763065004177406e+03 6.144763065520729469e+03 6.144763066046352833e+03 6.144763066581212115e+03 6.144763067125465568e+03 6.144763067679266896e+03 6.144763068242762529e+03 6.144763068816090708e+03 6.144763069399383312e+03 6.144763069992758574e+03 6.144763070596325633e+03
6.136338491427336521e+03 6.136338491754322604e+03 6.136338492087856139e+03 6.136338492427896199e+03 6.136338492774420956e+03 6.136338493127415859e+03 6.136338493486881816e+03 6.136338493852833381e+03 6.136338494225296927e+03 6.136338494604310654e+03 6.136338494989928222e+03 6.136338495382213296e+03 6.136338495781243182e+03 6.136338496187106102e+03 6.136338496599902101e+03 6.136338497019740316e+03 6.136338497446742622e+03 6.136338497881037256e+03 6.136338498322761552e+03 6.136338498772061030e+03 6.136338499229090303e+03 6.136338499694004895e+03 6.136338500166967606e+03 6.136338500648147601e+03 6.136338501137711319e+03 6.136338501635831562e+03 6.136338502142680227e+03 6.136338502658425568e+03 6.136338503183237663e+03 6.136338503717282038e+03 6.136338504260718764e+03 6.136338504813705185e+03 6.136338505376389548e+03 6.136338505948911916e+03 6.136338506531405983e+03 6.136338507123993622e+03 6.136338507726782154e+03
6.123766016732961361e+03 6.123766017059730984e+03 6.123766017392998947e+03 6.123766017732727960e+03 6.123766018078891648e+03 6.123766018431477278e+03 6.123766018790483940e+03 6.123766019155927097e+03 6.123766019527833123e+03 6.123766019906240217e+03 6.123766020291202949e+03 6.123766020682784983e+03 6.123766021081064537e+03 6.123766021486132558e+03 6.123766021898089093e+03 6.123766022317046918e+03 6.123766022743126086e+03 6.123766023176459385e+03 6.123766023617186875e+03 6.123766024065455895e+03 6.123766024521421059e+03 6.123766024985242439e+03 6.123766025457087380e+03 6.123766025937124141e+03 6.123766026425526434e+03 6.123766026922466153e+03 6.123766027428119742e+03 6.123766027942660003e+03 6.123766028466258831e+03 6.123766028999084483e+03 6.123766029541302487e+03 6.123766030093071095e+03 6.123766030654543101e+03 6.123766031225862207e+03 6.123766031807163927e+03 6.123766032398571951e+03 6.123766033000200878e+03
6.107119510152158000e+03 6.107119510478641132e+03 6.107119510811562577e+03 6.107119511150879589e+03 6.107119511496567611e+03 6.107119511848612092e+03 6.107119512207012122e+03 6.107119512571783162e+03 6.107119512942949768e+03 6.107119513320553779e+03 6.107119513704649762e+03 6.107119514095300474e+03 6.107119514492587768e+03 6.107119514896601686e+03 6.107119515307445909e+03 6.107119515725235942e+03 6.107119516150092750e+03 6.107119516582150936e+03 6.107119517021555112e+03 6.107119517468454433e+03 6.107119517923009880e+03 6.107119518385382435e+03 6.107119518855743081e+03 6.107119519334264623e+03 6.107119519821124413e+03 6.107119520316499802e+03 6.107119520820568141e+03 6.107119521333508601e+03 6.107119521855498533e+03 6.107119522386708013e+03 6.107119522927308026e+03 6.107119523477461371e+03 6.107119524037325391e+03 6.107119524607047424e+03 6.107119525186766623e+03 6.107119525776613045e+03 6.107119526376702197e+03
6.086492395007031519e+03 6.086492395333165405e+03 6.086492395665657568e+03 6.086492396004468901e+03 6.086492396349569390e+03 6.086492396700946301e+03 6.086492397058595998e+03 6.086492397422535760e+03 6.086492397792788324e+03 6.086492398169398257e+03 6.086492398552417399e+03 6.086492398941913962e+03 6.086492399337969800e+03 6.086492399740676774e+03 6.086492400150141293e+03 6.086492400566478864e+03 6.086492400989817725e+03 6.086492401420294300e+03 6.086492401858055928e+03 6.086492402303257222e+03 6.086492402756059164e+03 6.086492403216631828e+03 6.086492403685149839e+03 6.086492404161789636e+03 6.086492404646733121e+03 6.086492405140163100e+03 6.086492405642262383e+03 6.086492406153216507e+03 6.086492406673205551e+03 6.086492407202409595e+03 6.086492407740999624e+03 6.086492408289147534e+03 6.086492408847014303e+03 6.086492409414751819e+03 6.086492409992507419e+03 6.086492410580412979e+03 6.086492411178591283e+03
6.061994191189203775e+03 6.061994191514926570e+03 6.061994191846917602e+03 6.061994192185130487e+03 6.061994192529538850e+03 6.061994192880124501e+03 6.061994193236886531e+03 6.061994193599838582e+03 6.061994193969007938e+03 6.061994194344435527e+03 6.061994194726177739e+03 6.061994195114302784e+03 6.061994195508894336e+03 6.061994195910046074e+03 6.061994196317868955e+03 6.061994196732480304e+03 6.061994197154011090e+03 6.061994197582604102e+03 6.061994198018410316e+03 6.061994198461587985e+03 6.061994198912303546e+03 6.061994199370732531e+03 6.061994199837053202e+03 6.061994200311450186e+03 6.061994200794110839e+03 6.061994201285223426e+03 6.061994201784978031e+03 6.061994202293563831e+03 6.061994202811170908e+03 6.061994203337982981e+03 6.061994203874180130e+03 6.061994204419938796e+03 6.061994204975425419e+03 6.061994205540800976e+03 6.061994206116217356e+03 6.061994206701812800e+03 6.061994207297716457e+03
6.033747088015048575e+03 6.033747088340307528e+03 6.033747088671725578e+03 6.033747089009256342e+03 6.033747089352869807e+03 6.033747089702548692e+03 6.033747090058289359e+03 6.033747090420107270e+03 6.033747090788026981e+03 6.033747091162093966e+03 6.033747091542362796e+03 6.033747091928904410e+03 6.033747092321805212e+03 6.033747092721161607e+03 6.033747093127086373e+03 6.033747093539702291e+03 6.033747093959143967e+03 6.033747094385559649e+03 6.033747094819102131e+03 6.033747095259938760e+03 6.033747095708240522e+03 6.033747096164188406e+03 6.033747096627967949e+03 6.033747097099769235e+03 6.033747097579787805e+03 6.033747098068218293e+03 6.033747098565258057e+03 6.033747099071105367e+03 6.033747099585953947e+03 6.033747100109998428e+03 6.033747100643426165e+03 6.033747101186419059e+03 6.033747101739152640e+03 6.033747102301796076e+03 6.033747102874505799e+03 6.033747103457429148e+03 6.033747104050701637e+03
6.001882819759379345e+03 6.001882820084124432e+03 6.001882820414904927e+03 6.001882820751674444e+03 6.001882821094399333e+03 6.001882821443059584e+03 6.001882821797654287e+03 6.001882822158194358e+03 6.001882822524707990e+03 6.001882822897239748e+03 6.001882823275845112e+03 6.001882823660599570e+03 6.001882824051589523e+03 6.001882824448915926e+03 6.001882824852695194e+03 6.001882825263052837e+03 6.001882825680131646e+03 6.001882826104081687e+03 6.001882826535063032e+03 6.001882826973248484e+03 6.001882827418815396e+03 6.001882827871952941e+03 6.001882828332853933e+03 6.001882828801714822e+03 6.001882829278739337e+03 6.001882829764131202e+03 6.001882830258095055e+03 6.001882830760837351e+03 6.001882831272562726e+03 6.001882831793471269e+03 6.001882832323761249e+03 6.001882832863621843e+03 6.001882833413238586e+03 6.001882833972787012e+03 6.001882834542432647e+03 6.001882835122331926e+03 6.001882835712625820e+03
5.966540006894349972e+03 5.966540007218537539e+03 5.966540007548624089e+03 5.966540007884558690e+03 5.966540008226304963e+03 5.966540008573844716e+03 5.966540008927171584e+03 5.966540009286300119e+03 5.966540009651254877e+03 5.966540010022084061e+03 5.966540010398845880e+03 5.966540010781614910e+03 5.966540011170481193e+03 5.966540011565551140e+03 5.966540011966942984e+03 5.966540012374790422e+03 5.966540012789236243e+03 5.966540013210439611e+03 5.966540013638568780e+03 5.966540014073800194e+03 5.966540014516321207e+03 5.966540014966327362e+03 5.966540015424018748e+03 5.966540015889603637e+03 5.966540016363291215e+03 5.966540016845294303e+03 5.966540017335829361e+03 5.966540017835112849e+03 5.966540018343354859e+03 5.966540018860768214e+03 5.966540019387560278e+03 5.966540019923931141e+03 5.966540020470072704e+03 5.966540021026172326e+03 5.966540021592405537e+03 5.966540022168936048e+03 5.966540022755914833e+03
5.927862010032961734e+03 5.927862010356554492e+03 5.927862010685896166e+03 5.927862011020929458e+03 5.927862011361617078e+03 5.927862011707937199e+03 5.927862012059884364e+03 5.927862012417471306e+03 5.927862012780725308e+03 5.927862013149692757e+03 5.927862013524433678e+03 5.927862013905027197e+03 5.927862014291565174e+03 5.927862014684158567e+03 5.927862015082930156e+03 5.927862015488017278e+03 5.927862015899571816e+03 5.927862016317758389e+03 5.927862016742749802e+03 5.927862017174733410e+03 5.927862017613903845e+03 5.927862018060463924e+03 5.927862018514624651e+03 5.927862018976601576e+03 5.927862019446616614e+03 5.927862019924892593e+03 5.927862020411654157e+03 5.927862020907128681e+03 5.927862021411538080e+03 5.927862021925105182e+03 5.927862022448047355e+03 5.927862022980578331e+03 5.927862023522898198e+03 5.927862024075205227e+03 5.927862024637684954e+03 5.927862025210512002e+03 5.927862025793846442e+03
5.885995256673581935e+03 5.885995256996552598e+03 5.885995257325102102e+03 5.885995257659175877e+03 5.885995257998729357e+03 5.885995258343741625e+03 5.885995258694203585e+03 5.885995259050127970e+03 5.885995259411543884e+03 5.885995259778495893e+03 5.885995260151048569e+03 5.885995260529282859e+03 5.885995260913295169e+03 5.885995261303199186e+03 5.885995261699124057e+03 5.885995262101212575e+03 5.885995262509622989e+03 5.885995262924526287e+03 5.885995263346105276e+03 5.885995263774552768e+03 5.885995264210074311e+03 5.885995264652882724e+03 5.885995265103198108e+03 5.885995265561246924e+03 5.885995266027262005e+03 5.885995266501476181e+03 5.885995266984126829e+03 5.885995267475451328e+03 5.885995267975687057e+03 5.885995268485065026e+03 5.885995269003815338e+03 5.885995269532162638e+03 5.885995270070321567e+03 5.885995270618500399e+03 5.885995271176895585e+03 5.885995271745691753e+03 5.885995272325063524e+03
5.841087953069634750e+03 5.841087953391958763e+03 5.841087953719682446e+03 5.841087954052743953e+03 5.841087954391096901e+03 5.841087954734717641e+03 5.841087955083596171e+03 5.841087955437744313e+03 5.841087955797191171e+03 5.841087956161983129e+03 5.841087956532188400e+03 5.841087956907887929e+03 5.841087957289183578e+03 5.841087957676193582e+03 5.841087958069051638e+03 5.841087958467909630e+03 5.841087958872929448e+03 5.841087959284291173e+03 5.841087959702186708e+03 5.841087960126818871e+03 5.841087960558402301e+03 5.841087960997158916e+03 5.841087961443322456e+03 5.841087961897129389e+03 5.841087962358822551e+03 5.841087962828649324e+03 5.841087963306859820e+03 5.841087963793703238e+03 5.841087964289428783e+03 5.841087964794282016e+03 5.841087965308505773e+03 5.841087965832336522e+03 5.841087966366002547e+03 5.841087966909724855e+03 5.841087967463711720e+03 5.841087968028160503e+03 5.841087968603256741e+03
5.793289081363503101e+03 5.793289081685168640e+03 5.793289082012035578e+03 5.793289082344040253e+03 5.793289082681132641e+03 5.793289083023286366e+03 5.793289083370490516e+03 5.793289083722756004e+03 5.793289084080111934e+03 5.793289084442607418e+03 5.793289084810309760e+03 5.793289085183306270e+03 5.793289085561701540e+03 5.793289085945619263e+03 5.793289086335199499e+03 5.793289086730599593e+03 5.793289087131990527e+03 5.793289087539560569e+03 5.793289087953510716e+03 5.793289088374053790e+03 5.793289088801416256e+03 5.793289089235829124e+03 5.793289089677539778e+03 5.793289090126795600e+03 5.793289090583854886e+03 5.793289091048975934e+03 5.793289091522422495e+03 5.793289092004459235e+03 5.793289092495347177e+03 5.793289092995347346e+03 5.793289093504716220e+03 5.793289094023703910e+03 5.793289094552554161e+03 5.793289095091499803e+03 5.793289095640763662e+03 5.793289096200556742e+03 5.793289096771074583e+03
5.742747594051790657e+03 5.742747594372788626e+03 5.742747594698778812e+03 5.742747595029689364e+03 5.742747595365470261e+03 5.742747595706089669e+03 5.742747596051536675e+03 5.742747596401819465e+03 5.742747596756970779e+03 5.742747597117037913e+03 5.742747597482091805e+03 5.742747597852223407e+03 5.742747598227541857e+03 5.742747598608177213e+03 5.742747598994273176e+03 5.742747599385997091e+03 5.742747599783528131e+03 5.742747600187060925e+03 5.742747600596810116e+03 5.742747601012997620e+03 5.742747601435860815e+03 5.742747601865645265e+03 5.742747602302608357e+03 5.742747602747013843e+03 5.742747603199130026e+03 5.742747603659233391e+03 5.742747604127601335e+03 5.742747604604510343e+03 5.742747605090240540e+03 5.742747605585066594e+03 5.742747606089259534e+03 5.742747606603085842e+03 5.742747607126802905e+03 5.742747607660659014e+03 5.742747608204892458e+03 5.742747608759726063e+03 5.742747609325371741e+03
5.689611740771289988e+03 5.689611741091623117e+03 5.689611741416721998e+03 5.689611741746511143e+03 5.689611742080935983e+03 5.689611742419961956e+03 5.689611742763575421e+03 5.689611743111785472e+03 5.689611743464623032e+03 5.689611743822138124e+03 5.689611744184406234e+03 5.689611744551518314e+03 5.689611744923590777e+03 5.689611745300757320e+03 5.689611745683170739e+03 5.689611746071005655e+03 5.689611746464449425e+03 5.689611746863710323e+03 5.689611747269007537e+03 5.689611747680578446e+03 5.689611748098671342e+03 5.689611748523547249e+03 5.689611748955475377e+03 5.689611749394733124e+03 5.689611749841606070e+03 5.689611750296385253e+03 5.689611750759362621e+03 5.689611751230832851e+03 5.689611751711090619e+03 5.689611752200426963e+03 5.689611752699130193e+03 5.689611753207481343e+03 5.689611753725755989e+03 5.689611754254217885e+03 5.689611754793118052e+03 5.689611755342699325e+03 5.689611755903184530e+03
