BlockUplift_2Ma_1kryTimeStep_2mmyr_k_0.0001_m_0.5_n_1.0_LinDiffusion_1_6x3km_30mRes_topographic__elevation.txt
nrows 100
cellsize 30.0
xllcorner 0.0
ncols 200
yllcorner 0.0
[rows 0 to 16 of 100, columns 74 to 110 of 200]
7.353361833837700375e-04 3.761687603459769021e-04 2.291581329237571830e-04 7.822966214655896347e-04 2.979662903608617510e-04 1.011275410111333087e-04 9.119739107085286138e-04 1.518974180972018108e-04 2.650756924204379140e-04 1.590497619496876718e-04 2.312823739202923791e-04 4.989613521338454342e-04 5.343643334480577484e-04 5.993865769341883950e-04 6.741250764764960624e-04 3.385116315896010927e-04 4.537676491840200114e-04 3.054125780124543831e-04 6.282444574790835030e-04 1.764507206116772018e-05 6.375831361618818430e-04 6.796196463696348037e-04 5.679306641868801016e-04 1.165695919674093512e-04 1.580088759215255605e-04 4.465210398405848949e-04 7.570997077942202705e-04 9.464847769624988279e-04 4.237792989824906438e-05 6.458952867771541699e-04 1.487227683841576555e-04 2.027200527148387168e-04 4.420625476323408526e-04 1.595088439819218845e-04 6.084126654866881239e-04 4.173157947861290255e-04 2.412035870975510771e-04
1.376847387024802742e+02 1.359806633366870869e+02 1.341373308443098722e+02 1.321832187639316203e+02 1.301441718741724003e+02 1.280430772482254440e+02 1.259000321220242142e+02 1.237328856626487692e+02 1.215580306604477840e+02 1.193913320113771448e+02 1.172490882968448886e+02 1.151489166836680340e+02 1.131104261813902951e+02 1.111555112080528431e+02 1.093080814369850202e+02 1.075930763547645483e+02 1.060347180013876596e+02 1.046541341466364230e+02 1.034667037321632961e+02 1.024796711107938876e+02 1.016906650551911611e+02 1.010876784258889529e+02 1.006507983848220107e+02 1.003555738747414949e+02 1.001774728647900616e+02 1.000965475480652600e+02 1.001013019981942449e+02 1.001908945332262277e+02 1.003751779449922026e+02 1.006725853922974494e+02 1.011063684918271264e+02 1.017000503345431355e+02 1.024730777995317794e+02 1.034375244448948479e+02 1.045963629990597639e+02 1.059434053045866051e+02 1.074646233952945380e+02
1.373487217644884879e+02 1.356400921392387602e+02 1.337920642542327982e+02 1.318334107144007987e+02 1.297901510510969274e+02 1.276852010504227906e+02 1.255385333119560443e+02 1.233677329888568721e+02 1.211888245873934551e+02 1.190172541271308830e+02 1.168689182704513314e+02 1.147611235607044762e+02 1.127133309210710763e+02 1.107475048788742811e+02 1.088878699680416275e+02 1.071599113354207162e+02 1.055885678277511772e+02 1.041957544493924672e+02 1.029975819191520827e+02 1.020018450198364519e+02 1.012064446263944859e+02 1.005993242846851814e+02 1.001602248085750091e+02 9.986414108379973698e+01 9.968591466840413773e+01 9.960504947003327914e+01 9.960970983789381705e+01 9.969900272259356200e+01 9.988302859710756820e+01 1.001807070126638308e+02 1.006158982280229282e+02 1.012127115526844392e+02 1.019910187137396917e+02 1.029630550705096113e+02 1.041316491771879242e+02 1.054901851050000801e+02 1.070240021391525005e+02
1.366874007366581338e+02 1.349695128099816941e+02 1.331119054365875343e+02 1.311439417936354346e+02 1.290920073424505290e+02 1.269791061476265668e+02 1.248250035146076300e+02 1.226468049513737810e+02 1.204598474576458074e+02 1.182787827671932490e+02 1.161187352656427834e+02 1.139964041891871318e+02 1.119309462866253710e+02 1.099444343549351686e+02 1.080616679094007395e+02 1.063091506878392636e+02 1.047131726928377589e+02 1.032971419108615976e+02 1.020785634420970354e+02 1.010662858413954694e+02 1.002587352793620141e+02 9.964376693780236849e+01 9.920046394172689475e+01 9.890276383236808044e+01 9.872431022720805061e+01 9.864355755197968278e+01 9.864802024176476891e+01 9.873670875196089014e+01 9.892020115850405659e+01 9.921835238358193010e+01 9.965619134790547662e+01 1.002589508136590695e+02 1.010473139698870710e+02 1.020338215112007134e+02 1.032210208934490367e+02 1.046014742745957875e+02 1.061593115537386041e+02
1.357213910127931342e+02 1.339893374407699014e+02 1.321169952259632794e+02 1.301346106898533890e+02 1.280691527898873119e+02 1.259438268032728558e+02 1.237781827838765736e+02 1.215887185667832142e+02 1.193898544527255439e+02 1.171951532550535546e+02 1.150186563343240636e+02 1.128761864628096561e+02 1.107864271920709456e+02 1.087715402815237553e+02 1.068570602278769144e+02 1.050708483025061781e+02 1.034410275406539057e+02 1.019930537746338359e+02 1.007463611730316302e+02 9.971126892496761229e+01 9.888694819688308257e+01 9.826114815423194671e+01 9.781205079413706471e+01 9.751213041801563008e+01 9.733336597329602569e+01 9.725275084784031776e+01 9.725689534949380288e+01 9.734467974350569364e+01 9.752735519715072599e+01 9.782608895181283515e+01 9.826754506094434305e+01 9.887852256343467161e+01 9.968082862067463168e+01 1.006874165342049565e+02 1.019004278187320836e+02 1.033112705190481222e+02 1.049023927388562640e+02
1.344796534443408405e+02 1.327284255719237933e+02 1.308360128416816508e+02 1.288338250011817365e+02 1.267496576258925245e+02 1.246070916952964467e+02 1.224255452681493495e+02 1.202208910165687996e+02 1.180065197510821378e+02 1.157947175108269988e+02 1.135982128822183341e+02 1.114317231125900634e+02 1.093132768178874272e+02 1.072650336864333696e+02 1.053132943008206723e+02 1.034874416330001736e+02 1.018177133879480749e+02 1.003319694126822128e+02 9.905193948311162444e+01 9.798971788827402918e+01 9.714539969246537510e+01 9.650664387524616927e+01 9.605058420909004724e+01 9.574796178555023118e+01 9.556876940808841425e+01 9.548825152152936369e+01 9.549193676724171098e+01 9.557855630895952004e+01 9.576018100280536771e+01 9.605956621252242655e+01 9.650534639434023632e+01 9.712619696615456633e+01 9.794525655697822231e+01 9.897594518044816425e+01 1.002198865577565527e+02 1.016670833416995094e+02 1.032979674578622564e+02
1.329973263289133172e+02 1.312220715594830835e+02 1.293043413131801174e+02 1.272769618933570825e+02 1.251688117235274973e+02 1.230040753574813834e+02 1.208022106350324236e+02 1.185785611739487422e+02 1.163454999765197471e+02 1.141139666281855227e+02 1.118952404912738103e+02 1.097027547337032161e+02 1.075536943854647234e+02 1.054700533980881829e+02 1.034787920904404501e+02 1.016107889477511890e+02 9.989845748221733857e+01 9.837219785500843727e+01 9.705621623365870221e+01 9.596456422142777853e+01 9.509839960621668808e+01 9.444535246415307483e+01 9.398147903738174591e+01 9.367568020270847740e+01 9.349581385105274478e+01 9.341523372570142669e+01 9.341829905089424813e+01 9.350358889627592873e+01 9.368408041112004980e+01 9.398427053793784580e+01 9.443494102966856474e+01 9.506679320738363970e+01 9.590437646899709989e+01 9.696156423972091432e+01 9.823936050537668052e+01 9.972619995721453279e+01 1.014003179975647697e+02
1.313131607021891512e+02 1.295095361586892011e+02 1.275617181706327159e+02 1.255041583322762762e+02 1.233670661232071382e+02 1.211754887449710338e+02 1.189491637194592215e+02 1.167030990657350884e+02 1.144487755827118889e+02 1.121958306676125545e+02 1.099540530977110677e+02 1.077354706377391835e+02 1.055562391907822217e+02 1.034379621093667367e+02 1.014080267262788198e+02 9.949859993520807677e+01 9.774411895822630925e+01 9.617744613468680370e+01 9.482526372731655329e+01 9.370364595490492832e+01 9.281491934984146042e+01 9.214680165634399600e+01 9.167437218249773423e+01 9.136476071485806472e+01 9.118372650872285590e+01 9.110274642920583688e+01 9.110501707098256929e+01 9.118897735269082716e+01 9.136853057308726989e+01 9.166993486726168783e+01 9.212612348381212257e+01 9.276979783913158428e+01 9.362685629114943708e+01 9.471153543787292506e+01 9.602412172110810218e+01 9.755140507581197085e+01 9.926939608851292007e+01
1.294668400561868395e+02 1.276313661279965288e+02 1.256495728770653670e+02 1.235576866999711143e+02 1.213874642318415482e+02 1.191650753233875122e+02 1.169108125127160491e+02 1.146396077984214941e+02 1.123622630559633819e+02 1.100872532129353232e+02 1.078229212857094126e+02 1.055798269969804863e+02 1.033729261727685298e+02 1.012231656245385807e+02 9.915802705274954576e+01 9.721060759301704479e+01 9.541703297854832044e+01 9.381236271225321843e+01 9.242559660416509359e+01 9.127479679785587052e+01 9.036354262934028725e+01 8.967981680719115900e+01 8.919795343461278492e+01 8.888355488388135939e+01 8.870050001776547788e+01 8.861855469153816500e+01 8.861985091806857895e+01 8.870271173435286016e+01 8.888191792011305381e+01 8.918537359875938364e+01 8.964799461922720525e+01 9.030428104953560364e+01 9.118127625400143188e+01 9.229340984813424598e+01 9.364015063192269395e+01 9.520664140322392655e+01 9.696677436383315296e+01
1.274964968543774546e+02 1.256268100351191634e+02 1.236083504804959148e+02 1.214792021636983037e+02 1.192728325900058763e+02 1.170167645770200409e+02 1.147321192543994073e+02 1.124340390733596280e+02 1.101329114409639374e+02 1.078362546744474599e+02 1.055510786207947120e+02 1.032864660538382964e+02 1.010560259790573241e+02 9.887976522375375055e+01 9.678486243363688857e+01 9.480487847697872894e+01 9.297715449149998790e+01 9.133853751029809587e+01 8.992006262183203091e+01 8.874166866837643397e+01 8.780826091568707170e+01 8.710832439965581386e+01 8.661580104381945944e+01 8.629516865083174082e+01 8.610880896371337201e+01 8.602507989698777635e+01 8.602522821395166375e+01 8.610749416205399598e+01 8.628742209792763163e+01 8.659432125730351970e+01 8.706476103274999900e+01 8.773467679313553447e+01 8.863192176120693944e+01 8.977087300240224010e+01 9.115007421588187242e+01 9.275307654246091715e+01 9.455186682978866486e+01
1.254367166575423909e+02 1.235316487201395006e+02 1.214751645265153996e+02 1.193072248860194691e+02 1.170631088886946287e+02 1.147718695352140799e+02 1.124556949448615057e+02 1.101302121875069702e+02 1.078056699552088133e+02 1.054888667985509727e+02 1.031856343730634791e+02 1.009036118102788464e+02 9.865494361655252931e+01 9.645841734801953749e+01 9.434048286913333925e+01 9.233463687158455002e+01 9.047887611116938444e+01 8.881132937351998180e+01 8.736470015224989538e+01 8.616064110137655518e+01 8.520545401709178179e+01 8.448841640690565669e+01 8.398353279844559438e+01 8.365469188912518916e+01 8.346329895631683371e+01 8.337672098621126793e+01 8.337556546466285567e+01 8.345802816287408632e+01 8.364024572358229648e+01 8.395258362418076103e+01 8.443279962293287610e+01 8.511776463018351535e+01 8.603569666600151322e+01 8.720061081434273831e+01 8.861000839617501867e+01 9.024594375131660229e+01 9.207878437522902004e+01
1.233172465355975049e+02 1.213767050695710310e+02 1.192820909907295288e+02 1.170752124596102561e+02 1.147932002576767871e+02 1.124667509412826121e+02 1.101193001226067736e+02 1.077671896645620109e+02 1.054207804477184567e+02 1.030863839037971417e+02 1.007688223031892392e+02 9.847434980705996566e+01 9.621355637135566496e+01 9.400375067809046925e+01 9.187023114342535735e+01 8.984588423070204044e+01 8.796876469180597269e+01 8.627772795012087670e+01 8.480673173864332171e+01 8.357895006552904249e+01 8.260215342712491804e+01 8.186674153213589022e+01 8.134731145744341063e+01 8.100779697256251666e+01 8.080925066248421729e+01 8.071855141787067112e+01 8.071596307533110348e+01 8.079967747474940154e+01 8.098620627716196907e+01 8.130653806401311101e+01 8.179904935212829287e+01 8.250094397927050238e+01 8.344027825334467252e+01 8.463034880437400886e+01 8.606748789950088963e+01 8.773236955434776974e+01 8.959406679503535997e+01
1.211625157808568076e+02 1.191871937893227198e+02 1.170553181871205339e+02 1.148104903908984937e+02 1.124916877602491070e+02 1.101313041115410982e+02 1.077541373697692535e+02 1.053774118383189773e+02 1.030118004461473618e+02 1.006633266613142297e+02 9.833595898056539397e+01 9.603463125456434568e+01 9.376830917162051549e+01 9.155258999592251712e+01 8.941122312868488109e+01 8.737595440553724302e+01 8.548430113061928637e+01 8.377527994660654542e+01 8.228367204856533590e+01 8.103396721832586991e+01 8.003547758802554313e+01 7.928007684555464607e+01 7.874352929712620153e+01 7.839050955686707312e+01 7.818240776016914140e+01 7.808617389080256999e+01 7.808205630459815438e+01 7.816828382408532150e+01 7.836149357823884998e+01 7.869280675115919621e+01 7.920057992808933989e+01 7.992168161265247761e+01 8.088343015358044852e+01 8.209801971398766796e+01 8.356048018036599956e+01 8.525022817556762789e+01 8.713537564254691858e+01
1.189919603861409456e+02 1.169829462650371852e+02 1.148152352331120198e+02 1.125341719501050477e+02 1.101805550304972172e+02 1.077884872939741712e+02 1.053841860849251901e+02 1.029858607683447218e+02 1.006046333307864558e+02 9.824638673855677951e+01 9.591435775720836432e+01 9.361221284804653919e+01 9.134723349582968410e+01 8.913309994529878111e+01 8.699165157104344814e+01 8.495300035603767697e+01 8.305356039056643169e+01 8.133196135122275905e+01 7.982338160950818917e+01 7.855341727217098935e+01 7.753299024858539212e+01 7.675580191268974772e+01 7.619937193918855201e+01 7.582983642442297878e+01 7.560964427465158622e+01 7.550640417662428661e+01 7.550069417746742317e+01 7.559082087378450865e+01 7.579327968851917774e+01 7.613880387556868357e+01 7.666505753343710694e+01 7.740787659052929826e+01 7.839324659125182393e+01 7.963186721295723203e+01 8.111733021133888144e+01 8.282791284440170898e+01 8.473108428551634574e+01
1.168210406960684651e+02 1.147794260774019079e+02 1.125774063684010287e+02 1.102620503386444000e+02 1.078759609646032942e+02 1.054549464626807378e+02 1.030266641197778199e+02 1.006103592251302814e+02 9.821768151628040755e+01 9.585446583273375154e+01 9.352329670382759730e+01 9.122660326581292622e+01 8.896992322885422766e+01 8.676483680091726569e+01 8.463095155692238336e+01 8.259629924287108338e+01 8.069566899043002195e+01 7.896678744073663836e+01 7.744481880417200159e+01 7.615625378439830229e+01 7.511367751645906310e+01 7.431295332974133316e+01 7.373392777961863942e+01 7.334490997416261848e+01 7.311012772382498781e+01 7.299843981239953905e+01 7.299110314228774143e+01 7.308654354634488470e+01 7.330084437303652578e+01 7.366382593017880254e+01 7.421178555172618019e+01 7.497883329368949035e+01 7.598903616203070044e+01 7.725121697946383392e+01 7.875739635961360818e+01 8.048481867752357743e+01 8.240059884721800643e+01
1.146627637463368643e+02 1.125893524037519597e+02 1.103542605890453814e+02 1.080063110855904682e+02 1.055899277215305432e+02 1.031426338042286091e+02 1.006935393255569124e+02 9.826295025977059083e+01 9.586308439340423604e+01 9.349977855185692022e+01 9.117500777349401631e+01 8.888997127442246438e+01 8.664840078477354268e+01 8.445961257719073956e+01 8.234069822336854827e+01 8.031721087498499401e+01 7.842184044276656607e+01 7.669093015113143963e+01 7.515923419959041496e+01 7.385391827203494586e+01 7.278925572941925282e+01 7.196356471702067381e+01 7.135954546102145457e+01 7.094835213944145380e+01 7.069668261912993046e+01 7.057522008845195671e+01 7.056624302796623738e+01 7.066834026131448354e+01 7.089692270261652141e+01 7.128039050919873887e+01 7.185302555993530405e+01 7.264655012481804874e+01 7.368255896982569197e+01 7.496764045971654866e+01 7.649212005760539057e+01 7.823230311401374593e+01 8.015520419508730754e+01
1.125294655140458673e+02 1.104246723038043996e+02 1.081572300066080032e+02 1.057777983351797104e+02 1.033326860628070705e+02 1.008611776130300939e+02 9.839386990772798924e+01 9.595216030999556267e+01 9.354886787319867381e+01 9.118986673065798243e+01 8.887654990422029755e+01 8.660888605222287140e+01 8.438874426412706953e+01 8.222303524692397048e+01 8.012608787217975248e+01 7.812062463382285671e+01 7.623680672564199767e+01 7.450914513704425701e+01 7.297159681192873393e+01 7.165176360318197624e+01 7.056558675568925310e+01 6.971406825683317265e+01 6.908321773718928682e+01 6.864763980040946478e+01 6.837714018195083554e+01 6.824476585647839499e+01 6.823414451668938341e+01 6.834407565656395889e+01 6.858905858568307679e+01 6.899560225720578899e+01 6.959537197238124406e+01 7.041709347798276042e+01 7.147938603296702809e+01 7.278628396999918948e+01 7.432631088345793557e+01 7.607491959298160111e+01 7.799924886295274007e+01
