BlockUplift_2Ma_1kryTimeStep_2mmyr_k_1e-05_m_0.5_n_1.0_LinDiffusion_0.5_3x6km_30mRes_topographic__steepest_slope.txt
nrows 200
cellsize 30.0
xllcorner 0.0
ncols 100
yllcorner 0.0
[rows 153 to 169 of 200, columns 37 to 73 of 100]
5.475642383231881238e-01 5.475642379647713831e-01 5.475642376709970449e-01 5.475642374382648780e-01 5.475642372621450926e-01 5.475642371378171003e-01 5.475642370605593445e-01 5.475642370260971337e-01 5.475642370309932172e-01 5.475642370728602826e-01 5.475642371505539119e-01 5.475642372641762456e-01 5.475642374150652136e-01 5.475642376056423233e-01 5.475642378391664122e-01 5.475642381194802955e-01 5.475642384506727023e-01 5.475642388367418789e-01 5.475642392812611892e-01 5.475642397869970868e-01 5.475642403556283400e-01 5.475642409874619254e-01 5.475642416811752344e-01 5.475642424336304437e-01 5.475642432397914705e-01 5.475642440925980736e-01 5.475642449830615544e-01 5.475642459003211560e-01 5.475642468318558942e-01 5.475642477637279182e-01 5.475642486809875198e-01 5.475642495680290711e-01 5.475642504091221552e-01 5.475642511888698660e-01 5.475642518927770208e-01 5.475642525077470957e-01 5.475642530225476312e-01
5.456935137205202180e-01 5.456935133669769122e-01 5.456935130815168122e-01 5.456935128595357121e-01 5.456935126955159143e-01 5.456935125835609135e-01 5.456935125179295243e-01 5.456935124935019532e-01 5.456935125061704861e-01 5.456935125531459096e-01 5.456935126331093899e-01 5.456935127462921864e-01 5.456935128943692925e-01 5.456935130802890166e-01 5.456935133080453859e-01 5.456935135823148819e-01 5.456935139081072750e-01 5.456935142903679425e-01 5.456935147335723046e-01 5.456935152413658896e-01 5.456935158162006250e-01 5.456935164589974407e-01 5.456935171689072384e-01 5.456935179430957294e-01 5.456935187765755702e-01 5.456935196621581774e-01 5.456935205904377417e-01 5.456935215499546521e-01 5.456935225273051859e-01 5.456935235075245361e-01 5.456935244743855717e-01 5.456935254109264166e-01 5.456935262999460523e-01 5.456935271245810792e-01 5.456935278688812563e-01 5.456935285184120188e-01 5.456935290607968225e-01
5.438422214561796642e-01 5.438422211092074354e-01 5.438422208341801012e-01 5.438422206252880864e-01 5.438422204757330514e-01 5.438422203783450648e-01 5.438422203262007759e-01 5.438422203131684229e-01 5.438422203344013273e-01 5.438422203866404292e-01 5.438422204684040251e-01 5.438422205800407250e-01 5.438422207236309758e-01 5.438422209027901078e-01 5.438422211223269409e-01 5.438422213878918443e-01 5.438422217055404184e-01 5.438422220812754171e-01 5.438422225206333005e-01 5.438422230282223824e-01 5.438422236073620075e-01 5.438422242597085177e-01 5.438422249849622636e-01 5.438422257806223570e-01 5.438422266418114770e-01 5.438422275612121437e-01 5.438422285290432923e-01 5.438422295331444278e-01 5.438422305592249817e-01 5.438422315911300986e-01 5.438422326112951621e-01 5.438422336012308511e-01 5.438422345420993453e-01 5.438422354153885641e-01 5.438422362035453261e-01 5.438422368906344895e-01 5.438422374629643397e-01
5.420100209005265235e-01 5.420100205622361278e-01 5.420100203002220507e-01 5.420100201072689527e-01 5.420100199750473857e-01 5.420100198948792913e-01 5.420100198584502094e-01 5.420100198584918427e-01 5.420100198892744414e-01 5.420100199470160307e-01 5.420100200300567161e-01 5.420100201389269623e-01 5.420100202762000441e-01 5.420100204462339200e-01 5.420100206548151833e-01 5.420100209087005405e-01 5.420100212151283126e-01 5.420100215813249411e-01 5.420100220139942859e-01 5.420100225188586585e-01 5.420100231002038527e-01 5.420100237605122162e-01 5.420100245001170380e-01 5.420100253169114479e-01 5.420100262062191865e-01 5.420100271605747810e-01 5.420100281697993738e-01 5.420100292210576765e-01 5.420100302990552565e-01 5.420100313863827068e-01 5.420100324639786082e-01 5.420100335116520007e-01 5.420100345087879301e-01 5.420100354349945970e-01 5.420100362709224795e-01 5.420100369989578892e-01 5.420100376039310719e-01
5.401965798957500953e-01 5.401965795687487804e-01 5.401965793229124291e-01 5.401965791493352764e-01 5.401965790378805421e-01 5.401965789781002503e-01 5.401965789600656764e-01 5.401965789751709268e-01 5.401965790166892711e-01 5.401965790802439882e-01 5.401965791640123138e-01 5.401965792687482004e-01 5.401965793976197805e-01 5.401965795558756334e-01 5.401965797504241218e-01 5.401965799892916031e-01 5.401965802810801964e-01 5.401965806343695942e-01 5.401965810571937032e-01 5.401965815565100693e-01 5.401965821377037180e-01 5.401965828041700446e-01 5.401965835569778607e-01 5.401965843945201184e-01 5.401965853122949746e-01 5.401965863027953230e-01 5.401965873554445130e-01 5.401965884566607423e-01 5.401965895900995296e-01 5.401965907369798980e-01 5.401965918765919694e-01 5.401965929868879357e-01 5.401965940452139181e-01 5.401965950291430785e-01 5.401965959172723153e-01 5.401965966900851290e-01 5.401965973307558677e-01
5.384015744806485149e-01 5.384015741681082989e-01 5.384015739422541857e-01 5.384015737921610256e-01 5.384015737055809492e-01 5.384015736699591104e-01 5.384015736735022761e-01 5.384015737060167117e-01 5.384015737596693496e-01 5.384015738294124498e-01 5.384015739132753664e-01 5.384015740123193616e-01 5.384015741304211122e-01 5.384015742738900157e-01 5.384015744509346169e-01 5.384015746710436590e-01 5.384015749443430421e-01 5.384015752809735433e-01 5.384015756904432237e-01 5.384015761810625467e-01 5.384015767594518831e-01 5.384015774300602297e-01 5.384015781947520951e-01 5.384015790525040757e-01 5.384015799991023199e-01 5.384015810269980884e-01 5.384015821252243761e-01 5.384015832794488698e-01 5.384015844721943278e-01 5.384015856832017333e-01 5.384015868899268975e-01 5.384015880682719857e-01 5.384015891933510156e-01 5.384015902403916920e-01 5.384015911857090719e-01 5.384015920076498096e-01 5.384015926875084235e-01
5.366246886264093297e-01 5.366246883321689198e-01 5.366246881308673888e-01 5.366246880091883886e-01 5.366246879523487445e-01 5.366246879453532292e-01 5.366246879741803921e-01 5.366246880268552566e-01 5.366246880942526776e-01 5.366246881706236982e-01 5.366246882538462382e-01 5.366246883453792416e-01 5.366246884500014414e-01 5.366246885752578022e-01 5.366246887308686597e-01 5.366246889280091859e-01 5.366246891785408923e-01 5.366246894943249579e-01 5.366246898865066894e-01 5.366246903649349864e-01 5.366246909375680385e-01 5.366246916100104736e-01 5.366246923850629402e-01 5.366246932623652821e-01 5.366246942380712426e-01 5.366246953046508450e-01 5.366246964507581652e-01 5.366246976612918385e-01 5.366246989175768034e-01 5.366247001977361153e-01 5.366247014772587143e-01 5.366247027297390559e-01 5.366247039277747266e-01 5.366247050440051680e-01 5.366247060521497358e-01 5.366247069281371296e-01 5.366247076511058145e-01
5.348656139830230138e-01 5.348656137117208109e-01 5.348656135404515899e-01 5.348656134530415107e-01 5.348656134317176791e-01 5.348656134585780819e-01 5.348656135170586357e-01 5.348656135930923705e-01 5.348656136760875368e-01 5.348656137595299009e-01 5.348656138412024585e-01 5.348656139231252604e-01 5.348656140111188728e-01 5.348656141142366094e-01 5.348656142439683903e-01 5.348656144133883128e-01 5.348656146363585107e-01 5.348656149266352022e-01 5.348656152971936750e-01 5.348656157595390592e-01 5.348656163231150229e-01 5.348656169948071692e-01 5.348656177784618659e-01 5.348656186744885632e-01 5.348656196794990825e-01 5.348656207860433831e-01 5.348656219824685643e-01 5.348656232528848919e-01 5.348656245773326656e-01 5.348656259322107642e-01 5.348656272908177689e-01 5.348656286242089442e-01 5.348656299021816718e-01 5.348656310944306380e-01 5.348656321717613071e-01 5.348656331073509129e-01 5.348656338779278485e-01
5.331240496358152781e-01 5.331240493930370361e-01 5.331240492583333435e-01 5.331240492121537278e-01 5.331240492331592584e-01 5.331240493000601877e-01 5.331240493932644098e-01 5.331240494963177534e-01 5.331240495969988835e-01 5.331240496879483537e-01 5.331240497669644807e-01 5.331240498367529890e-01 5.331240499044724857e-01 5.331240499809496436e-01 5.331240500797359561e-01 5.331240502161184169e-01 5.331240504061535157e-01 5.331240506657611844e-01 5.331240510098836927e-01 5.331240514518374995e-01 5.331240520026995222e-01 5.331240526707309302e-01 5.331240534609568149e-01 5.331240543746654792e-01 5.331240554090527217e-01 5.331240565568691192e-01 5.331240578061662294e-01 5.331240591402699458e-01 5.331240605379282682e-01 5.331240619736339337e-01 5.331240634183094240e-01 5.331240648401831539e-01 5.331240662059220092e-01 5.331240674818862324e-01 5.331240686356030212e-01 5.331240696371082333e-01 5.331240704603714686e-01
5.313997018715250764e-01 5.313997016639632198e-01 5.313997015736428020e-01 5.313997015769473808e-01 5.313997016483312796e-01 5.313997017624880748e-01 5.313997018963050323e-01 5.313997020305881724e-01 5.313997021512629759e-01 5.313997022501287804e-01 5.313997023250484064e-01 5.313997023797014663e-01 5.313997024228759303e-01 5.313997024675245484e-01 5.313997025296013366e-01 5.313997026269475787e-01 5.313997027780904547e-01 5.313997030012918010e-01 5.313997033136919068e-01 5.313997037305322468e-01 5.313997042646064761e-01 5.313997049257219718e-01 5.313997057201731433e-01 5.313997066502982314e-01 5.313997077139902547e-01 5.313997089042952204e-01 5.313997102090979308e-01 5.313997116109930863e-01 5.313997130873265862e-01 5.313997146105899905e-01 5.313997161490874310e-01 5.313997176679094991e-01 5.313997191301836898e-01 5.313997204985639877e-01 5.313997217367879555e-01 5.313997228113672699e-01 5.313997236930882995e-01
5.296922839535302963e-01 5.296922837892300562e-01 5.296922837526077954e-01 5.296922838151810753e-01 5.296922839464248689e-01 5.296922841162767792e-01 5.296922842975428924e-01 5.296922844678420006e-01 5.296922846110418970e-01 5.296922847180780547e-01 5.296922847870821904e-01 5.296922848229693725e-01 5.296922848365739345e-01 5.296922848433799347e-01 5.296922848622064306e-01 5.296922849137596367e-01 5.296922850193823695e-01 5.296922851999056325e-01 5.296922854747776466e-01 5.296922858613205554e-01 5.296922863741618803e-01 5.296922870247195991e-01 5.296922878207169783e-01 5.296922887656629886e-01 5.296922898583489303e-01 5.296922910922793326e-01 5.296922924553049139e-01 5.296922939293078336e-01 5.296922954902432146e-01 5.296922971084578879e-01 5.296922987493758450e-01 5.296923003746049075e-01 5.296923019433127378e-01 5.296923034138937281e-01 5.296923047458562683e-01 5.296923059016194202e-01 5.296923068483881947e-01
5.280015159057901419e-01 5.280015157943921400e-01 5.280015158225523919e-01 5.280015159560094151e-01 5.280015161582771732e-01 5.280015163937037403e-01 5.280015166302973739e-01 5.280015168420277849e-01 5.280015170104926936e-01 5.280015171257598228e-01 5.280015171864647083e-01 5.280015171991825351e-01 5.280015171772522997e-01 5.280015171392620221e-01 5.280015171073576541e-01 5.280015171055576495e-01 5.280015171583196665e-01 5.280015172892944531e-01 5.280015175203554012e-01 5.280015178709959178e-01 5.280015183577195792e-01 5.280015189936724251e-01 5.280015197881235967e-01 5.280015207459692883e-01 5.280015218670428556e-01 5.280015231455763569e-01 5.280015245695153236e-01 5.280015261201811416e-01 5.280015277721228362e-01 5.280015294933794179e-01 5.280015312462751353e-01 5.280015329884956143e-01 5.280015346747443106e-01 5.280015362586406580e-01 5.280015376947820860e-01 5.280015389409792315e-01 5.280015399602991932e-01
5.263271243049909565e-01 5.263271242580496168e-01 5.263271243642293484e-01 5.263271245823413214e-01 5.263271248688018433e-01 5.263271251813345097e-01 5.263271254823393974e-01 5.263271257416022308e-01 5.263271259382046319e-01 5.263271260614336144e-01 5.263271261107471677e-01 5.263271260948878538e-01 5.263271260303554744e-01 5.263271259394741719e-01 5.263271258483048776e-01 5.263271257846933171e-01 5.263271257765381739e-01 5.263271258504725880e-01 5.263271260309730915e-01 5.263271263396593902e-01 5.263271267950054844e-01 5.263271274118930254e-01 5.263271282012851326e-01 5.263271291696127729e-01 5.263271303181075167e-01 5.263271316419301238e-01 5.263271331294314681e-01 5.263271347615046114e-01 5.263271365113116884e-01 5.263271383445233820e-01 5.263271402199886095e-01 5.263271420910616838e-01 5.263271439074136415e-01 5.263271456171650931e-01 5.263271471693770076e-01 5.263271485165432750e-01 5.263271496169598107e-01
5.246688420806606690e-01 5.246688421120438983e-01 5.246688423120284828e-01 5.246688426311171272e-01 5.246688430172734563e-01 5.246688434203861107e-01 5.246688437962518936e-01 5.246688441098759093e-01 5.246688443375793209e-01 5.246688444680027708e-01 5.246688445018795610e-01 5.246688444508076365e-01 5.246688443352335307e-01 5.246688441820120952e-01 5.246688440218538751e-01 5.246688438869550053e-01 5.246688438090435502e-01 5.246688438179470948e-01 5.246688439406891336e-01 5.246688442010604136e-01 5.246688446193540356e-01 5.246688452122744151e-01 5.246688459925545889e-01 5.246688469684480660e-01 5.246688481428558593e-01 5.246688495122953100e-01 5.246688510658278348e-01 5.246688527841721905e-01 5.246688546392230812e-01 5.246688565941098892e-01 5.246688586039264246e-01 5.246688606171839853e-01 5.246688625777987669e-01 5.246688644276805702e-01 5.246688661094992545e-01 5.246688675696286053e-01 5.246688687609473156e-01
5.230264083226718874e-01 5.230264084489760767e-01 5.230264087616073310e-01 5.230264092010770138e-01 5.230264097052421679e-01 5.230264102146520155e-01 5.230264106774105137e-01 5.230264110529920796e-01 5.230264113147427008e-01 5.230264114508826889e-01 5.230264114640325035e-01 5.230264113695284323e-01 5.230264111927719339e-01 5.230264109661599825e-01 5.230264107259074979e-01 5.230264105092032878e-01 5.230264103519611796e-01 5.230264102873112275e-01 5.230264103448026836e-01 5.230264105501760685e-01 5.230264109254563198e-01 5.230264114890473826e-01 5.230264122556055328e-01 5.230264132354591755e-01 5.230264144336179699e-01 5.230264158484316805e-01 5.230264174701574342e-01 5.230264192797032807e-01 5.230264212478270558e-01 5.230264233350377934e-01 5.230264254923289169e-01 5.230264276627337727e-01 5.230264297836810794e-01 5.230264317899070425e-01 5.230264336167654848e-01 5.230264352035988162e-01 5.230264364970006463e-01
5.213995680959461199e-01 5.213995683371156487e-01 5.213995687848996807e-01 5.213995693678213916e-01 5.213995700115996446e-01 5.213995706456994172e-01 5.213995712091445967e-01 5.213995716550793302e-01 5.213995719536569373e-01 5.213995720930294508e-01 5.213995720785419286e-01 5.213995719303985421e-01 5.213995716802609648e-01 5.213995713673019727e-01 5.213995710342639311e-01 5.213995707240712818e-01 5.213995704772022011e-01 5.213995703301311790e-01 5.213995703147020766e-01 5.213995704582979895e-01 5.213995707843424032e-01 5.213995713128194431e-01 5.213995720603634698e-01 5.213995730397300576e-01 5.213995742585798565e-01 5.213995757177618540e-01 5.213995774093632685e-01 5.213995793149668323e-01 5.213995814044475319e-01 5.213995836356369873e-01 5.213995859550114575e-01 5.213995882994557629e-01 5.213995905989557977e-01 5.213995927800302299e-01 5.213995947695688749e-01 5.213995964988176191e-01 5.213995979071455178e-01
5.197880722622169047e-01 5.197880726421828523e-01 5.197880732520616665e-01 5.197880740058982152e-01 5.197880748148615560e-01 5.197880755951624909e-01 5.197880762751196926e-01 5.197880768006200025e-01 5.197880771384291165e-01 5.197880772771630298e-01 5.197880772260001780e-01 5.197880770115109739e-01 5.197880766732357882e-01 5.197880762586672976e-01 5.197880758183638372e-01 5.197880754018001648e-01 5.197880750543788508e-01 5.197880748158278941e-01 5.197880747198931894e-01 5.197880747950098801e-01 5.197880750655088367e-01 5.197880755526550489e-01 5.197880762751196926e-01 5.197880772484911871e-01 5.197880784838067036e-01 5.197880799852764300e-01 5.197880817476933091e-01 5.197880837539951004e-01 5.197880859735410919e-01 5.197880883614421910e-01 5.197880908592272808e-01 5.197880933968027639e-01 5.197880958956129227e-01 5.197880982726720278e-01 5.197881004451024856e-01 5.197881023347785678e-01 5.197881038727397707e-01
