BlockUplift_2Ma_1kryTimeStep_2mmyr_k_0.0001_m_0.5_n_1.0_LinDiffusion_0.5_6x3km_30mRes_flow__link_to_receiver_node.txt
nrows 100
cellsize 30.0
xllcorner 0.0
ncols 200
yllcorner 0.0
[rows 34 to 50 of 100, columns 0 to 36 of 200]
-1.000000000000000000e+00 2.593600000000000000e+04 2.593700000000000000e+04 2.593800000000000000e+04 2.593900000000000000e+04 2.594000000000000000e+04 2.594100000000000000e+04 2.594200000000000000e+04 2.594300000000000000e+04 2.594400000000000000e+04 2.574500000000000000e+04 6.519200000000000000e+04 2.594600000000000000e+04 2.594700000000000000e+04 2.594800000000000000e+04 2.594900000000000000e+04 2.595000000000000000e+04 2.595100000000000000e+04 2.595200000000000000e+04 2.595300000000000000e+04 2.595400000000000000e+04 2.595500000000000000e+04 2.595600000000000000e+04 6.521600000000000000e+04 6.522100000000000000e+04 6.522300000000000000e+04 2.596100000000000000e+04 2.596200000000000000e+04 2.596300000000000000e+04 2.596400000000000000e+04 2.596500000000000000e+04 2.596600000000000000e+04 2.596700000000000000e+04 2.596800000000000000e+04 2.596900000000000000e+04 2.597000000000000000e+04 2.597100000000000000e+04
-1.000000000000000000e+00 2.553700000000000000e+04 2.553800000000000000e+04 2.553900000000000000e+04 2.554000000000000000e+04 2.554100000000000000e+04 2.554200000000000000e+04 2.554300000000000000e+04 2.554400000000000000e+04 6.479300000000000000e+04 2.534600000000000000e+04 6.479400000000000000e+04 2.554700000000000000e+04 2.554800000000000000e+04 2.554900000000000000e+04 2.555000000000000000e+04 2.555100000000000000e+04 2.555200000000000000e+04 2.555300000000000000e+04 2.555400000000000000e+04 2.555500000000000000e+04 2.555600000000000000e+04 6.481600000000000000e+04 6.481800000000000000e+04 6.482300000000000000e+04 6.482500000000000000e+04 6.482700000000000000e+04 2.556300000000000000e+04 2.556400000000000000e+04 2.556500000000000000e+04 2.556600000000000000e+04 2.556700000000000000e+04 2.556800000000000000e+04 2.556900000000000000e+04 2.557000000000000000e+04 2.557100000000000000e+04 2.557200000000000000e+04
-1.000000000000000000e+00 6.437900000000000000e+04 2.513900000000000000e+04 2.514000000000000000e+04 2.514100000000000000e+04 2.514200000000000000e+04 2.514300000000000000e+04 2.514400000000000000e+04 2.514500000000000000e+04 6.439500000000000000e+04 2.494700000000000000e+04 6.439600000000000000e+04 2.514800000000000000e+04 2.514900000000000000e+04 2.515000000000000000e+04 2.515100000000000000e+04 2.515200000000000000e+04 2.515300000000000000e+04 2.515400000000000000e+04 2.515500000000000000e+04 2.515600000000000000e+04 6.441600000000000000e+04 6.441800000000000000e+04 6.442000000000000000e+04 6.442500000000000000e+04 6.442700000000000000e+04 6.442900000000000000e+04 6.443100000000000000e+04 2.516500000000000000e+04 2.516600000000000000e+04 2.516700000000000000e+04 2.516800000000000000e+04 2.516900000000000000e+04 2.517000000000000000e+04 2.517100000000000000e+04 2.517200000000000000e+04 6.444900000000000000e+04
-1.000000000000000000e+00 6.398100000000000000e+04 2.474000000000000000e+04 2.474100000000000000e+04 2.474200000000000000e+04 2.474300000000000000e+04 2.474400000000000000e+04 2.474500000000000000e+04 2.474600000000000000e+04 6.399700000000000000e+04 2.454800000000000000e+04 6.399800000000000000e+04 6.400000000000000000e+04 2.475000000000000000e+04 2.475100000000000000e+04 2.475200000000000000e+04 2.475300000000000000e+04 2.475400000000000000e+04 2.475500000000000000e+04 2.475600000000000000e+04 6.401600000000000000e+04 6.401800000000000000e+04 6.402000000000000000e+04 6.402200000000000000e+04 6.402700000000000000e+04 6.402900000000000000e+04 6.403100000000000000e+04 6.403300000000000000e+04 6.403500000000000000e+04 6.403700000000000000e+04 2.476800000000000000e+04 2.476900000000000000e+04 2.477000000000000000e+04 6.404500000000000000e+04 6.404700000000000000e+04 6.404900000000000000e+04 6.405100000000000000e+04
-1.000000000000000000e+00 6.358300000000000000e+04 2.434100000000000000e+04 2.434200000000000000e+04 2.434300000000000000e+04 2.434400000000000000e+04 2.434500000000000000e+04 2.434600000000000000e+04 6.359700000000000000e+04 6.359900000000000000e+04 2.414900000000000000e+04 2.415000000000000000e+04 6.360200000000000000e+04 6.360400000000000000e+04 6.360600000000000000e+04 2.435300000000000000e+04 2.435400000000000000e+04 6.361200000000000000e+04 6.361400000000000000e+04 6.361600000000000000e+04 6.361800000000000000e+04 6.362000000000000000e+04 6.362200000000000000e+04 6.362400000000000000e+04 6.362900000000000000e+04 6.363100000000000000e+04 6.363300000000000000e+04 6.363500000000000000e+04 6.363700000000000000e+04 6.363900000000000000e+04 6.364100000000000000e+04 6.364300000000000000e+04 6.364500000000000000e+04 6.364700000000000000e+04 6.364900000000000000e+04 6.365100000000000000e+04 6.365300000000000000e+04
-1.000000000000000000e+00 6.318500000000000000e+04 2.394200000000000000e+04 2.394300000000000000e+04 2.394400000000000000e+04 2.394500000000000000e+04 2.394600000000000000e+04 2.394700000000000000e+04 6.319900000000000000e+04 6.320100000000000000e+04 2.375000000000000000e+04 2.375100000000000000e+04 6.320400000000000000e+04 6.320600000000000000e+04 6.320800000000000000e+04 6.321000000000000000e+04 6.321200000000000000e+04 6.321400000000000000e+04 6.321600000000000000e+04 6.321800000000000000e+04 6.322000000000000000e+04 6.322200000000000000e+04 6.322400000000000000e+04 6.322600000000000000e+04 6.323100000000000000e+04 6.323300000000000000e+04 6.323500000000000000e+04 6.323700000000000000e+04 6.323900000000000000e+04 6.324100000000000000e+04 6.324300000000000000e+04 6.324500000000000000e+04 6.324700000000000000e+04 6.324900000000000000e+04 6.325100000000000000e+04 6.325300000000000000e+04 6.325500000000000000e+04
-1.000000000000000000e+00 6.278700000000000000e+04 2.354300000000000000e+04 2.354400000000000000e+04 2.354500000000000000e+04 2.354600000000000000e+04 2.354700000000000000e+04 2.354800000000000000e+04 6.280100000000000000e+04 6.280300000000000000e+04 2.335100000000000000e+04 2.335200000000000000e+04 6.280600000000000000e+04 6.280800000000000000e+04 6.281000000000000000e+04 6.281200000000000000e+04 6.281400000000000000e+04 6.281600000000000000e+04 6.281800000000000000e+04 6.282000000000000000e+04 6.282200000000000000e+04 6.282400000000000000e+04 6.282600000000000000e+04 6.282800000000000000e+04 6.283300000000000000e+04 6.283500000000000000e+04 6.283700000000000000e+04 6.283900000000000000e+04 6.284100000000000000e+04 6.284300000000000000e+04 6.284500000000000000e+04 6.284700000000000000e+04 6.284900000000000000e+04 6.285100000000000000e+04 6.285300000000000000e+04 6.285500000000000000e+04 6.285700000000000000e+04
-1.000000000000000000e+00 6.238900000000000000e+04 2.314400000000000000e+04 2.314500000000000000e+04 2.314600000000000000e+04 2.314700000000000000e+04 2.314800000000000000e+04 2.314900000000000000e+04 6.240300000000000000e+04 6.240500000000000000e+04 2.295200000000000000e+04 2.295300000000000000e+04 6.240800000000000000e+04 6.241000000000000000e+04 6.241200000000000000e+04 6.241400000000000000e+04 6.241600000000000000e+04 6.241800000000000000e+04 6.242000000000000000e+04 6.242200000000000000e+04 6.242400000000000000e+04 6.242600000000000000e+04 6.242800000000000000e+04 2.296500000000000000e+04 6.243500000000000000e+04 6.243700000000000000e+04 6.243900000000000000e+04 6.244100000000000000e+04 6.244300000000000000e+04 6.244500000000000000e+04 6.244700000000000000e+04 6.244900000000000000e+04 6.245100000000000000e+04 6.245300000000000000e+04 6.245500000000000000e+04 6.245700000000000000e+04 6.245900000000000000e+04
-1.000000000000000000e+00 6.199100000000000000e+04 2.274500000000000000e+04 2.274600000000000000e+04 2.274700000000000000e+04 2.274800000000000000e+04 2.274900000000000000e+04 2.275000000000000000e+04 6.200500000000000000e+04 6.200700000000000000e+04 2.255300000000000000e+04 2.255400000000000000e+04 6.201000000000000000e+04 6.201200000000000000e+04 6.201400000000000000e+04 6.201600000000000000e+04 6.201800000000000000e+04 6.202000000000000000e+04 6.202200000000000000e+04 6.202400000000000000e+04 6.202600000000000000e+04 6.202800000000000000e+04 6.203000000000000000e+04 2.256600000000000000e+04 6.203700000000000000e+04 6.203900000000000000e+04 6.204100000000000000e+04 6.204300000000000000e+04 6.204500000000000000e+04 6.204700000000000000e+04 6.204900000000000000e+04 6.205100000000000000e+04 6.205300000000000000e+04 6.205500000000000000e+04 6.205700000000000000e+04 6.205900000000000000e+04 6.206100000000000000e+04
-1.000000000000000000e+00 6.159300000000000000e+04 2.234600000000000000e+04 2.234700000000000000e+04 2.234800000000000000e+04 2.234900000000000000e+04 2.235000000000000000e+04 2.235100000000000000e+04 2.235200000000000000e+04 6.160900000000000000e+04 6.161100000000000000e+04 2.215500000000000000e+04 6.161200000000000000e+04 6.161400000000000000e+04 6.161600000000000000e+04 2.235800000000000000e+04 2.235900000000000000e+04 2.236000000000000000e+04 2.236100000000000000e+04 2.236200000000000000e+04 2.236300000000000000e+04 6.163000000000000000e+04 6.163200000000000000e+04 2.216700000000000000e+04 6.163900000000000000e+04 6.164100000000000000e+04 6.164300000000000000e+04 6.164500000000000000e+04 6.164700000000000000e+04 6.164900000000000000e+04 6.165100000000000000e+04 6.165300000000000000e+04 6.165500000000000000e+04 6.165700000000000000e+04 6.165900000000000000e+04 6.166100000000000000e+04 6.166300000000000000e+04
-1.000000000000000000e+00 6.119500000000000000e+04 2.194700000000000000e+04 2.194800000000000000e+04 2.194900000000000000e+04 2.195000000000000000e+04 2.195100000000000000e+04 2.195200000000000000e+04 2.195300000000000000e+04 2.195400000000000000e+04 6.121300000000000000e+04 2.175600000000000000e+04 6.121400000000000000e+04 6.121600000000000000e+04 2.195800000000000000e+04 2.195900000000000000e+04 2.196000000000000000e+04 2.196100000000000000e+04 2.196200000000000000e+04 2.196300000000000000e+04 2.196400000000000000e+04 6.123200000000000000e+04 6.123400000000000000e+04 6.123900000000000000e+04 6.124100000000000000e+04 6.124300000000000000e+04 6.124500000000000000e+04 6.124700000000000000e+04 6.124900000000000000e+04 6.125100000000000000e+04 6.125300000000000000e+04 6.125500000000000000e+04 6.125700000000000000e+04 6.125900000000000000e+04 6.126100000000000000e+04 6.126300000000000000e+04 6.126500000000000000e+04
-1.000000000000000000e+00 6.079700000000000000e+04 2.154800000000000000e+04 2.154900000000000000e+04 2.155000000000000000e+04 2.155100000000000000e+04 2.155200000000000000e+04 2.155300000000000000e+04 2.155400000000000000e+04 2.155500000000000000e+04 6.081500000000000000e+04 2.135700000000000000e+04 6.081600000000000000e+04 2.155800000000000000e+04 2.155900000000000000e+04 2.156000000000000000e+04 2.156100000000000000e+04 2.156200000000000000e+04 2.156300000000000000e+04 2.156400000000000000e+04 2.156500000000000000e+04 2.156600000000000000e+04 6.083600000000000000e+04 6.084100000000000000e+04 6.084300000000000000e+04 6.084500000000000000e+04 6.084700000000000000e+04 6.084900000000000000e+04 6.085100000000000000e+04 6.085300000000000000e+04 6.085500000000000000e+04 6.085700000000000000e+04 6.085900000000000000e+04 6.086100000000000000e+04 6.086300000000000000e+04 6.086500000000000000e+04 6.086700000000000000e+04
-1.000000000000000000e+00 6.039900000000000000e+04 2.114900000000000000e+04 2.115000000000000000e+04 2.115100000000000000e+04 2.115200000000000000e+04 2.115300000000000000e+04 2.115400000000000000e+04 2.115500000000000000e+04 2.115600000000000000e+04 2.115700000000000000e+04 2.095800000000000000e+04 2.115800000000000000e+04 2.115900000000000000e+04 2.116000000000000000e+04 2.116100000000000000e+04 2.116200000000000000e+04 2.116300000000000000e+04 2.116400000000000000e+04 2.116500000000000000e+04 2.116600000000000000e+04 2.116700000000000000e+04 6.043800000000000000e+04 6.044300000000000000e+04 6.044500000000000000e+04 6.044700000000000000e+04 6.044900000000000000e+04 6.045100000000000000e+04 6.045300000000000000e+04 6.045500000000000000e+04 6.045700000000000000e+04 6.045900000000000000e+04 6.046100000000000000e+04 6.046300000000000000e+04 6.046500000000000000e+04 6.046700000000000000e+04 6.046900000000000000e+04
-1.000000000000000000e+00 6.000100000000000000e+04 2.075000000000000000e+04 2.075100000000000000e+04 2.075200000000000000e+04 2.075300000000000000e+04 2.075400000000000000e+04 2.075500000000000000e+04 2.075600000000000000e+04 2.075700000000000000e+04 2.075800000000000000e+04 2.055900000000000000e+04 2.075900000000000000e+04 2.076000000000000000e+04 2.076100000000000000e+04 2.076200000000000000e+04 2.076300000000000000e+04 2.076400000000000000e+04 2.076500000000000000e+04 2.076600000000000000e+04 2.076700000000000000e+04 2.076800000000000000e+04 6.004300000000000000e+04 6.004500000000000000e+04 6.004700000000000000e+04 6.004900000000000000e+04 6.005100000000000000e+04 6.005300000000000000e+04 6.005500000000000000e+04 6.005700000000000000e+04 6.005900000000000000e+04 6.006100000000000000e+04 6.006300000000000000e+04 6.006500000000000000e+04 6.006700000000000000e+04 6.006900000000000000e+04 6.007100000000000000e+04
-1.000000000000000000e+00 5.960300000000000000e+04 2.035100000000000000e+04 2.035200000000000000e+04 2.035300000000000000e+04 2.035400000000000000e+04 2.035500000000000000e+04 2.035600000000000000e+04 2.035700000000000000e+04 2.035800000000000000e+04 2.035900000000000000e+04 2.016000000000000000e+04 2.036000000000000000e+04 2.036100000000000000e+04 2.036200000000000000e+04 2.036300000000000000e+04 2.036400000000000000e+04 2.036500000000000000e+04 2.036600000000000000e+04 2.036700000000000000e+04 2.036800000000000000e+04 5.964000000000000000e+04 5.964500000000000000e+04 5.964700000000000000e+04 5.964900000000000000e+04 5.965100000000000000e+04 5.965300000000000000e+04 5.965500000000000000e+04 5.965700000000000000e+04 5.965900000000000000e+04 5.966100000000000000e+04 5.966300000000000000e+04 5.966500000000000000e+04 5.966700000000000000e+04 5.966900000000000000e+04 5.967100000000000000e+04 5.967300000000000000e+04
-1.000000000000000000e+00 5.920500000000000000e+04 5.920700000000000000e+04 1.995300000000000000e+04 1.995400000000000000e+04 1.995500000000000000e+04 1.995600000000000000e+04 1.995700000000000000e+04 1.995800000000000000e+04 1.995900000000000000e+04 5.922300000000000000e+04 1.976100000000000000e+04 1.996100000000000000e+04 1.996200000000000000e+04 1.996300000000000000e+04 1.996400000000000000e+04 1.996500000000000000e+04 1.996600000000000000e+04 1.996700000000000000e+04 1.996800000000000000e+04 1.996900000000000000e+04 5.924200000000000000e+04 5.924700000000000000e+04 5.924900000000000000e+04 5.925100000000000000e+04 1.997500000000000000e+04 1.997600000000000000e+04 1.997700000000000000e+04 1.997800000000000000e+04 1.997900000000000000e+04 1.998000000000000000e+04 5.926500000000000000e+04 5.926700000000000000e+04 5.926900000000000000e+04 5.927100000000000000e+04 5.927300000000000000e+04 5.927500000000000000e+04
-1.000000000000000000e+00 5.880700000000000000e+04 5.880900000000000000e+04 5.881100000000000000e+04 1.955500000000000000e+04 1.955600000000000000e+04 1.955700000000000000e+04 1.955800000000000000e+04 1.955900000000000000e+04 1.956000000000000000e+04 5.882500000000000000e+04 1.936200000000000000e+04 5.882600000000000000e+04 1.956300000000000000e+04 1.956400000000000000e+04 1.956500000000000000e+04 1.956600000000000000e+04 1.956700000000000000e+04 1.956800000000000000e+04 1.956900000000000000e+04 5.884200000000000000e+04 5.884400000000000000e+04 5.884900000000000000e+04 5.885100000000000000e+04 1.957500000000000000e+04 1.957600000000000000e+04 1.957700000000000000e+04 1.957800000000000000e+04 1.957900000000000000e+04 1.958000000000000000e+04 1.958100000000000000e+04 1.958200000000000000e+04 1.958300000000000000e+04 5.887100000000000000e+04 5.887300000000000000e+04 5.887500000000000000e+04 5.887700000000000000e+04
