BlockUplift_2Ma_1kryTimeStep_2mmyr_k_0.0001_m_0.5_n_1.0_LinDiffusion_0.5_3x6km_30mRes_drainage_area.txt
nrows 200
cellsize 30.0
xllcorner 0.0
ncols 100
yllcorner 0.0
[rows 119 to 135 of 200, columns 37 to 73 of 100]
1.080000000000000000e+04 1.170000000000000000e+04 1.260000000000000000e+04 2.880000000000000000e+04 2.970000000000000000e+04 3.060000000000000000e+04 5.245200000000000000e+06 1.530000000000000000e+04 1.260000000000000000e+04 1.530000000000000000e+04 1.620000000000000000e+04 1.890000000000000000e+04 9.900000000000000000e+03 1.080000000000000000e+04 1.260000000000000000e+04 1.350000000000000000e+04 1.260000000000000000e+04 1.170000000000000000e+04 1.080000000000000000e+04 9.900000000000000000e+03 9.000000000000000000e+03 1.170000000000000000e+04 8.100000000000000000e+03 7.200000000000000000e+03 8.100000000000000000e+03 6.300000000000000000e+03 5.400000000000000000e+03 4.500000000000000000e+03 6.300000000000000000e+03 3.600000000000000000e+03 2.700000000000000000e+03 1.800000000000000000e+03 9.000000000000000000e+02 3.600000000000000000e+03 9.000000000000000000e+02 1.800000000000000000e+03 2.700000000000000000e+03
1.260000000000000000e+04 1.350000000000000000e+04 1.440000000000000000e+04 1.530000000000000000e+04 4.500000000000000000e+04 3.060000000000000000e+04 3.150000000000000000e+04 5.261400000000000000e+06 1.350000000000000000e+04 1.620000000000000000e+04 1.710000000000000000e+04 2.970000000000000000e+04 1.170000000000000000e+04 1.350000000000000000e+04 1.440000000000000000e+04 1.350000000000000000e+04 1.260000000000000000e+04 1.170000000000000000e+04 1.080000000000000000e+04 9.900000000000000000e+03 1.260000000000000000e+04 9.000000000000000000e+03 8.100000000000000000e+03 9.000000000000000000e+03 7.200000000000000000e+03 6.300000000000000000e+03 5.400000000000000000e+03 7.200000000000000000e+03 4.500000000000000000e+03 3.600000000000000000e+03 2.700000000000000000e+03 1.800000000000000000e+03 9.000000000000000000e+02 4.500000000000000000e+03 9.000000000000000000e+02 1.800000000000000000e+03 2.700000000000000000e+03
9.900000000000000000e+03 1.080000000000000000e+04 1.170000000000000000e+04 1.260000000000000000e+04 1.350000000000000000e+04 4.590000000000000000e+04 3.150000000000000000e+04 5.293800000000000000e+06 1.440000000000000000e+04 1.710000000000000000e+04 1.800000000000000000e+04 4.230000000000000000e+04 1.440000000000000000e+04 1.530000000000000000e+04 1.440000000000000000e+04 1.350000000000000000e+04 1.260000000000000000e+04 1.170000000000000000e+04 1.080000000000000000e+04 1.350000000000000000e+04 9.900000000000000000e+03 9.000000000000000000e+03 9.900000000000000000e+03 8.100000000000000000e+03 7.200000000000000000e+03 2.790000000000000000e+04 2.160000000000000000e+04 1.350000000000000000e+04 8.100000000000000000e+03 3.600000000000000000e+03 2.700000000000000000e+03 1.800000000000000000e+03 9.000000000000000000e+02 5.400000000000000000e+03 9.000000000000000000e+02 1.800000000000000000e+03 2.700000000000000000e+03
1.170000000000000000e+04 1.260000000000000000e+04 1.350000000000000000e+04 1.440000000000000000e+04 1.530000000000000000e+04 2.970000000000000000e+04 4.680000000000000000e+04 3.240000000000000000e+04 5.309100000000000000e+06 1.800000000000000000e+04 1.890000000000000000e+04 5.760000000000000000e+04 1.620000000000000000e+04 1.530000000000000000e+04 1.440000000000000000e+04 1.350000000000000000e+04 1.260000000000000000e+04 1.170000000000000000e+04 1.440000000000000000e+04 1.080000000000000000e+04 9.900000000000000000e+03 1.080000000000000000e+04 5.580000000000000000e+04 4.680000000000000000e+04 3.870000000000000000e+04 9.900000000000000000e+03 9.000000000000000000e+03 8.100000000000000000e+03 7.200000000000000000e+03 6.300000000000000000e+03 2.700000000000000000e+03 1.800000000000000000e+03 9.000000000000000000e+02 6.300000000000000000e+03 9.000000000000000000e+02 1.800000000000000000e+03 2.700000000000000000e+03
1.080000000000000000e+04 1.170000000000000000e+04 1.260000000000000000e+04 1.350000000000000000e+04 1.440000000000000000e+04 1.530000000000000000e+04 4.590000000000000000e+04 4.770000000000000000e+04 5.342400000000000000e+06 1.890000000000000000e+04 1.980000000000000000e+04 7.470000000000000000e+04 1.620000000000000000e+04 1.530000000000000000e+04 1.440000000000000000e+04 1.350000000000000000e+04 1.260000000000000000e+04 1.530000000000000000e+04 1.170000000000000000e+04 8.910000000000000000e+04 7.830000000000000000e+04 6.660000000000000000e+04 9.900000000000000000e+03 9.000000000000000000e+03 8.100000000000000000e+03 7.200000000000000000e+03 6.300000000000000000e+03 5.400000000000000000e+03 4.500000000000000000e+03 3.600000000000000000e+03 2.700000000000000000e+03 1.800000000000000000e+03 9.000000000000000000e+02 9.000000000000000000e+02 7.200000000000000000e+03 1.800000000000000000e+03 2.700000000000000000e+03
9.000000000000000000e+03 9.900000000000000000e+03 1.080000000000000000e+04 1.170000000000000000e+04 1.260000000000000000e+04 1.350000000000000000e+04 1.440000000000000000e+04 4.680000000000000000e+04 4.860000000000000000e+04 5.362200000000000000e+06 2.070000000000000000e+04 9.180000000000000000e+04 1.620000000000000000e+04 1.530000000000000000e+04 1.440000000000000000e+04 1.350000000000000000e+04 1.620000000000000000e+04 1.152000000000000000e+05 1.026000000000000000e+05 1.260000000000000000e+04 1.170000000000000000e+04 1.080000000000000000e+04 9.900000000000000000e+03 9.000000000000000000e+03 8.100000000000000000e+03 7.200000000000000000e+03 6.300000000000000000e+03 5.400000000000000000e+03 4.500000000000000000e+03 3.600000000000000000e+03 2.700000000000000000e+03 1.800000000000000000e+03 9.000000000000000000e+02 9.000000000000000000e+02 1.800000000000000000e+03 8.100000000000000000e+03 2.700000000000000000e+03
9.900000000000000000e+03 1.080000000000000000e+04 1.170000000000000000e+04 1.260000000000000000e+04 1.350000000000000000e+04 1.440000000000000000e+04 1.530000000000000000e+04 3.060000000000000000e+04 4.770000000000000000e+04 5.411700000000000000e+06 2.160000000000000000e+04 1.089000000000000000e+05 1.620000000000000000e+04 1.530000000000000000e+04 1.440000000000000000e+04 1.476000000000000000e+05 1.305000000000000000e+05 1.440000000000000000e+04 1.350000000000000000e+04 1.260000000000000000e+04 1.170000000000000000e+04 1.080000000000000000e+04 9.900000000000000000e+03 9.000000000000000000e+03 8.100000000000000000e+03 7.200000000000000000e+03 6.300000000000000000e+03 5.400000000000000000e+03 4.500000000000000000e+03 3.600000000000000000e+03 2.700000000000000000e+03 9.000000000000000000e+02 9.000000000000000000e+02 1.800000000000000000e+03 1.800000000000000000e+03 2.700000000000000000e+03 9.000000000000000000e+03
9.900000000000000000e+03 1.080000000000000000e+04 1.170000000000000000e+04 1.260000000000000000e+04 1.350000000000000000e+04 1.440000000000000000e+04 1.530000000000000000e+04 1.620000000000000000e+04 4.770000000000000000e+04 4.860000000000000000e+04 5.434200000000000000e+06 1.260000000000000000e+05 1.620000000000000000e+04 1.791000000000000000e+05 1.638000000000000000e+05 1.530000000000000000e+04 1.440000000000000000e+04 1.350000000000000000e+04 1.260000000000000000e+04 1.170000000000000000e+04 1.080000000000000000e+04 9.900000000000000000e+03 9.000000000000000000e+03 8.100000000000000000e+03 7.200000000000000000e+03 6.300000000000000000e+03 5.400000000000000000e+03 4.500000000000000000e+03 3.600000000000000000e+03 2.700000000000000000e+03 1.800000000000000000e+03 9.000000000000000000e+02 9.000000000000000000e+02 1.800000000000000000e+03 2.700000000000000000e+03 2.700000000000000000e+03 3.600000000000000000e+03
9.000000000000000000e+03 9.900000000000000000e+03 1.080000000000000000e+04 1.170000000000000000e+04 1.260000000000000000e+04 1.350000000000000000e+04 1.440000000000000000e+04 1.530000000000000000e+04 1.620000000000000000e+04 4.860000000000000000e+04 5.483700000000000000e+06 1.431000000000000000e+05 1.971000000000000000e+05 1.710000000000000000e+04 1.620000000000000000e+04 1.530000000000000000e+04 1.440000000000000000e+04 1.350000000000000000e+04 1.260000000000000000e+04 1.170000000000000000e+04 1.080000000000000000e+04 9.900000000000000000e+03 9.000000000000000000e+03 8.100000000000000000e+03 7.200000000000000000e+03 6.300000000000000000e+03 5.400000000000000000e+03 4.500000000000000000e+03 3.600000000000000000e+03 2.700000000000000000e+03 1.800000000000000000e+03 9.000000000000000000e+02 9.000000000000000000e+02 1.800000000000000000e+03 2.700000000000000000e+03 3.600000000000000000e+03 3.600000000000000000e+03
9.000000000000000000e+03 9.900000000000000000e+03 1.080000000000000000e+04 1.170000000000000000e+04 1.260000000000000000e+04 1.350000000000000000e+04 1.440000000000000000e+04 1.530000000000000000e+04 1.620000000000000000e+04 3.330000000000000000e+04 5.533200000000000000e+06 3.411000000000000000e+05 1.710000000000000000e+04 1.620000000000000000e+04 1.530000000000000000e+04 1.440000000000000000e+04 1.350000000000000000e+04 1.260000000000000000e+04 1.170000000000000000e+04 1.080000000000000000e+04 9.900000000000000000e+03 9.000000000000000000e+03 8.100000000000000000e+03 7.200000000000000000e+03 6.300000000000000000e+03 5.400000000000000000e+03 4.500000000000000000e+03 3.600000000000000000e+03 2.700000000000000000e+03 1.800000000000000000e+03 9.000000000000000000e+02 9.000000000000000000e+02 1.800000000000000000e+03 1.800000000000000000e+03 2.700000000000000000e+03 3.600000000000000000e+03 4.500000000000000000e+03
9.000000000000000000e+03 9.900000000000000000e+03 1.080000000000000000e+04 1.170000000000000000e+04 1.260000000000000000e+04 1.350000000000000000e+04 1.440000000000000000e+04 1.530000000000000000e+04 1.620000000000000000e+04 1.710000000000000000e+04 5.908500000000000000e+06 3.420000000000000000e+04 1.620000000000000000e+04 1.530000000000000000e+04 1.440000000000000000e+04 1.350000000000000000e+04 1.260000000000000000e+04 1.170000000000000000e+04 1.080000000000000000e+04 9.900000000000000000e+03 9.000000000000000000e+03 8.100000000000000000e+03 7.200000000000000000e+03 6.300000000000000000e+03 5.400000000000000000e+03 4.500000000000000000e+03 3.600000000000000000e+03 2.700000000000000000e+03 1.800000000000000000e+03 9.000000000000000000e+02 9.000000000000000000e+02 9.000000000000000000e+02 1.800000000000000000e+03 2.700000000000000000e+03 2.700000000000000000e+03 3.600000000000000000e+03 4.500000000000000000e+03
9.000000000000000000e+03 9.900000000000000000e+03 1.080000000000000000e+04 1.170000000000000000e+04 1.260000000000000000e+04 1.350000000000000000e+04 1.440000000000000000e+04 1.530000000000000000e+04 1.620000000000000000e+04 1.710000000000000000e+04 5.977800000000000000e+06 1.710000000000000000e+04 1.620000000000000000e+04 1.530000000000000000e+04 1.440000000000000000e+04 1.350000000000000000e+04 1.260000000000000000e+04 1.170000000000000000e+04 1.080000000000000000e+04 9.900000000000000000e+03 9.000000000000000000e+03 8.100000000000000000e+03 7.200000000000000000e+03 6.300000000000000000e+03 5.400000000000000000e+03 4.500000000000000000e+03 3.600000000000000000e+03 2.700000000000000000e+03 1.800000000000000000e+03 9.000000000000000000e+02 9.000000000000000000e+02 1.800000000000000000e+03 1.800000000000000000e+03 2.700000000000000000e+03 3.600000000000000000e+03 3.600000000000000000e+03 4.500000000000000000e+03
9.000000000000000000e+03 9.900000000000000000e+03 1.080000000000000000e+04 1.170000000000000000e+04 1.260000000000000000e+04 1.350000000000000000e+04 1.440000000000000000e+04 1.530000000000000000e+04 1.620000000000000000e+04 1.710000000000000000e+04 6.012900000000000000e+06 1.710000000000000000e+04 1.620000000000000000e+04 1.530000000000000000e+04 1.440000000000000000e+04 1.350000000000000000e+04 1.260000000000000000e+04 1.170000000000000000e+04 1.080000000000000000e+04 9.900000000000000000e+03 9.000000000000000000e+03 8.100000000000000000e+03 7.200000000000000000e+03 6.300000000000000000e+03 5.400000000000000000e+03 4.500000000000000000e+03 3.600000000000000000e+03 2.700000000000000000e+03 1.800000000000000000e+03 9.000000000000000000e+02 9.000000000000000000e+02 1.800000000000000000e+03 2.700000000000000000e+03 2.700000000000000000e+03 6.300000000000000000e+03 1.080000000000000000e+04 1.530000000000000000e+04
9.000000000000000000e+03 9.900000000000000000e+03 1.080000000000000000e+04 1.170000000000000000e+04 1.260000000000000000e+04 1.350000000000000000e+04 1.440000000000000000e+04 1.530000000000000000e+04 1.620000000000000000e+04 1.710000000000000000e+04 6.048000000000000000e+06 1.710000000000000000e+04 1.620000000000000000e+04 1.530000000000000000e+04 1.440000000000000000e+04 1.350000000000000000e+04 1.260000000000000000e+04 1.170000000000000000e+04 1.080000000000000000e+04 9.900000000000000000e+03 9.000000000000000000e+03 8.100000000000000000e+03 7.200000000000000000e+03 6.300000000000000000e+03 5.400000000000000000e+03 4.500000000000000000e+03 3.600000000000000000e+03 2.700000000000000000e+03 1.800000000000000000e+03 9.000000000000000000e+02 9.000000000000000000e+02 1.800000000000000000e+03 4.500000000000000000e+03 8.100000000000000000e+03 9.000000000000000000e+03 9.900000000000000000e+03 1.080000000000000000e+04
9.000000000000000000e+03 9.900000000000000000e+03 1.080000000000000000e+04 1.170000000000000000e+04 1.260000000000000000e+04 1.350000000000000000e+04 1.440000000000000000e+04 1.530000000000000000e+04 1.620000000000000000e+04 1.710000000000000000e+04 6.083100000000000000e+06 1.710000000000000000e+04 1.620000000000000000e+04 1.530000000000000000e+04 1.440000000000000000e+04 1.350000000000000000e+04 1.260000000000000000e+04 1.170000000000000000e+04 1.080000000000000000e+04 9.900000000000000000e+03 9.000000000000000000e+03 8.100000000000000000e+03 7.200000000000000000e+03 6.300000000000000000e+03 5.400000000000000000e+03 4.500000000000000000e+03 3.600000000000000000e+03 2.700000000000000000e+03 1.800000000000000000e+03 9.000000000000000000e+02 9.000000000000000000e+02 2.700000000000000000e+03 3.600000000000000000e+03 4.500000000000000000e+03 5.400000000000000000e+03 6.300000000000000000e+03 7.200000000000000000e+03
9.000000000000000000e+03 9.900000000000000000e+03 1.080000000000000000e+04 1.170000000000000000e+04 1.260000000000000000e+04 1.350000000000000000e+04 1.440000000000000000e+04 1.530000000000000000e+04 1.620000000000000000e+04 1.710000000000000000e+04 6.101100000000000000e+06 1.710000000000000000e+04 1.620000000000000000e+04 1.530000000000000000e+04 1.440000000000000000e+04 1.350000000000000000e+04 1.260000000000000000e+04 1.170000000000000000e+04 1.080000000000000000e+04 9.900000000000000000e+03 9.000000000000000000e+03 8.100000000000000000e+03 7.200000000000000000e+03 6.300000000000000000e+03 5.400000000000000000e+03 4.500000000000000000e+03 3.600000000000000000e+03 2.700000000000000000e+03 1.800000000000000000e+03 9.000000000000000000e+02 9.000000000000000000e+02 1.800000000000000000e+03 2.700000000000000000e+03 3.600000000000000000e+03 4.500000000000000000e+03 5.400000000000000000e+03 6.300000000000000000e+03
9.000000000000000000e+03 9.900000000000000000e+03 1.080000000000000000e+04 1.170000000000000000e+04 1.260000000000000000e+04 1.350000000000000000e+04 1.440000000000000000e+04 1.530000000000000000e+04 1.620000000000000000e+04 1.710000000000000000e+04 6.136200000000000000e+06 1.710000000000000000e+04 1.620000000000000000e+04 1.530000000000000000e+04 1.440000000000000000e+04 1.350000000000000000e+04 1.260000000000000000e+04 1.170000000000000000e+04 1.080000000000000000e+04 9.900000000000000000e+03 9.000000000000000000e+03 8.100000000000000000e+03 7.200000000000000000e+03 6.300000000000000000e+03 5.400000000000000000e+03 4.500000000000000000e+03 3.600000000000000000e+03 2.700000000000000000e+03 1.800000000000000000e+03 9.000000000000000000e+02 9.000000000000000000e+02 1.800000000000000000e+03 2.700000000000000000e+03 3.600000000000000000e+03 4.500000000000000000e+03 5.400000000000000000e+03 6.300000000000000000e+03
