BlockUplift_2Ma_1kryTimeStep_5mmyr_k_0.0001_m_0.5_n_1.0_LinDiffusion_1.0_6x3km_30mRes_topographic__steepest_slope.txt
nrows 100
cellsize 30.0
xllcorner 0.0
ncols 200
yllcorner 0.0
[rows 34 to 50 of 100, columns 0 to 36 of 200]
0.000000000000000000e+00 8.724115173307608884e-02 1.710097614273195232e-01 2.482005972274691774e-01 3.163747320283277764e-01 3.739390116131422470e-01 4.201829574842633752e-01 4.551800531985842890e-01 4.795838293976032451e-01 4.943619576834407670e-01 5.005145505002853712e-01 4.988200968485803632e-01 4.896479133426282493e-01 4.728707335144368695e-01 4.479025559615100183e-01 4.138708791246642482e-01 3.699066850163395537e-01 3.155031054809077085e-01 2.508640663110933700e-01 1.936656663971189629e-01 1.377721146826877685e-01 9.829602016012586874e-02 9.714971725151523574e-02 1.200826222891871881e-01 1.749991256511937154e-01 2.292671972573884775e-01 2.957063549740155395e-01 3.522005923080390177e-01 3.984320834552837476e-01 4.348157210214178003e-01 4.621647649338209707e-01 4.813405926115403299e-01 4.929638473111898067e-01 4.972351044175070678e-01 4.938813402185872059e-01 4.822198336516938522e-01 4.613169725491521600e-01
0.000000000000000000e+00 8.656197523776351654e-02 1.697678009173614611e-01 2.466154517735124896e-01 3.147447430157058190e-01 3.726089143749599653e-01 4.195078086246667448e-01 4.554895338014015582e-01 4.811502456484485490e-01 4.973740375407355030e-01 5.050578423718320442e-01 5.048638081749250439e-01 4.970377063022643482e-01 4.813274605846705190e-01 4.570280076625825583e-01 4.231628077953056843e-01 3.787858702698428948e-01 3.233542708828736068e-01 2.570897275268710924e-01 1.880814228087807072e-01 1.302276295174649434e-01 8.606474185670359711e-02 8.484735418864677858e-02 1.140883260456258402e-01 1.708042185091258047e-01 2.375272735292393578e-01 3.053967900365080479e-01 3.626718737625101996e-01 4.090146145094365471e-01 4.448689042753736778e-01 4.711123381702672641e-01 4.886924339873890966e-01 4.983275779957769824e-01 5.003220391825474733e-01 4.945108573514005457e-01 4.803246384565283966e-01 4.569496342064401917e-01
0.000000000000000000e+00 9.004029788547875113e-02 1.681897566647497511e-01 2.445284568787390866e-01 3.124498712428893099e-01 3.704550166150833435e-01 4.178564913746413145e-01 4.546810660515063773e-01 4.814733879875518485e-01 4.990413424723499358e-01 5.081866251937811052e-01 5.094621699411069349e-01 5.029949977163179486e-01 4.884094560533658869e-01 4.648785256689355605e-01 4.313149250958834835e-01 3.866863634328694954e-01 3.304037012965712616e-01 2.626974138541224302e-01 1.848812856514750191e-01 1.236184100652236578e-01 7.540777600786062462e-02 7.421957703306247822e-02 1.091996764757786342e-01 1.676935687912974593e-01 2.452956963754199249e-01 3.143965419332573896e-01 3.722536583840110325e-01 4.185183151569409343e-01 4.536749275916709956e-01 4.786769601306464783e-01 4.945671989880168207e-01 5.021665894591668122e-01 5.018827442358239077e-01 4.936536849831933416e-01 4.770151080820899669e-01 4.512639745635794730e-01
0.000000000000000000e+00 9.781790130599296584e-02 1.662767701426749456e-01 2.419357416541477734e-01 3.094758907529164271e-01 3.674474266117727095e-01 4.151790174449710435e-01 4.526815331015294763e-01 4.804555635188932916e-01 4.992417198489799146e-01 5.097559175673135323e-01 5.124505721598002772e-01 5.073404949335459380e-01 4.939296299685660419e-01 4.712680827659388449e-01 4.381528179805513901e-01 3.934569400049080512e-01 3.365349634224211739e-01 2.676159520472765618e-01 1.880784743020342265e-01 1.178346350989122049e-01 6.612908460896278762e-02 6.505367939768309793e-02 1.051554501203543213e-01 1.718385829654588692e-01 2.523284188720841259e-01 3.224373343018631655e-01 3.806690425619668194e-01 4.266734490830932369e-01 4.609856969927629278e-01 4.846440732915596183e-01 4.987923934032399420e-01 5.043553757655084846e-01 5.018402288107457476e-01 4.912798554129002016e-01 4.723040391121779979e-01 4.443084528012605228e-01
0.000000000000000000e+00 1.071343472343109088e-01 1.640265583467453436e-01 2.388289504716226419e-01 3.058037294789490712e-01 3.635519008202758307e-01 4.114225668251644263e-01 4.494177407480492437e-01 4.780032116357328387e-01 4.978629599950939455e-01 5.096380343287364445e-01 5.136902127269422635e-01 5.099296145728563490e-01 4.977437841883689540e-01 4.760597116063138290e-01 4.435540328928122000e-01 3.989969991511335135e-01 3.416761938837358792e-01 2.718080724090858324e-01 1.908258379852516839e-01 1.128221929591006756e-01 5.810945659421994092e-02 5.719961618080257604e-02 1.017634428033945410e-01 1.766373031172084607e-01 2.584457377003445688e-01 3.293239507492671803e-01 3.877180038518417970e-01 4.332860582537345073e-01 4.666233860867332051e-01 4.888604596795517176e-01 5.012458312473673239e-01 5.048070376908716517e-01 5.001450773691373808e-01 4.873776948628005812e-01 4.662157264334912954e-01 4.361391132038515139e-01
0.000000000000000000e+00 1.177751629668887384e-01 1.718096773366170060e-01 2.352206633637554944e-01 3.014401565804140093e-01 3.587632304663259109e-01 4.065646435619100774e-01 4.448462872862630202e-01 4.740505976707974356e-01 4.948178956452333188e-01 5.077274230919424092e-01 5.130619484846874467e-01 5.106356509117839781e-01 4.997243731027954938e-01 4.791319318197736488e-01 4.474097849435660357e-01 4.032164193046545164e-01 3.457609344263289364e-01 2.752347957448837978e-01 1.931143729214189475e-01 1.086560320733460094e-01 5.143281753056878208e-02 5.070298825305409596e-02 9.899821602232662665e-02 1.806707024103313131e-01 2.635204890594669558e-01 3.349154407169805947e-01 3.932533751640960307e-01 4.382109266181051788e-01 4.704529214672864557e-01 4.912088661918971866e-01 5.018348302849783282e-01 5.034590155157824265e-01 4.967690061965981951e-01 4.819557033318024875e-01 4.587959118875649667e-01 4.268367624290116402e-01
0.000000000000000000e+00 1.295546068486931324e-01 1.824724439330882020e-01 2.311672578315665250e-01 2.964465403892896922e-01 3.531383448080286369e-01 4.006485605060637334e-01 4.389891224412830750e-01 4.685929366159617415e-01 4.900725905079847400e-01 5.039616879635635538e-01 5.104784669063785474e-01 5.093521877241224960e-01 4.997531835043484416e-01 4.803627043883655912e-01 4.496020876237897257e-01 4.060084548395100912e-01 3.486997820686194016e-01 2.778288710340158785e-01 1.949024302697315025e-01 1.055904091658392413e-01 4.647269922404764775e-02 4.589948739392184229e-02 9.706734867332914019e-02 1.838712224446434618e-01 2.674635682579681317e-01 3.391066540489513503e-01 3.971609215055877939e-01 4.413328203529488514e-01 4.723668049534922031e-01 4.915983595668668160e-01 5.004933824181061475e-01 5.002775816419349209e-01 4.917164104814067405e-01 4.750602234129076007e-01 4.501341743129652628e-01 4.165324599499058422e-01
0.000000000000000000e+00 1.422680861580880030e-01 1.940818404643642747e-01 2.412500651047669031e-01 2.909584081820033585e-01 3.468207727839038856e-01 3.938123178112107325e-01 4.319658933177815130e-01 4.617207500157841649e-01 4.836808026193618049e-01 4.983539788889496669e-01 5.059124138956292427e-01 5.060150931060225510e-01 4.977359570995588678e-01 4.796363162747733777e-01 4.500035176687541827e-01 4.072439267068110325e-01 3.503712536874976080e-01 2.794849039206780961e-01 1.961076057507568637e-01 1.040667794044159572e-01 4.390777025461337080e-02 4.343796526583408590e-02 9.642391815809830957e-02 1.862012543788675034e-01 2.702123781827879268e-01 3.418168586841526801e-01 3.993505710289544930e-01 4.425624846253716216e-01 4.722874025725427027e-01 4.899735979676620445e-01 4.971982021379517391e-01 4.952796520888929077e-01 4.850503239776211561e-01 4.668036091224735395e-01 4.403923328228226408e-01 4.054343908509887573e-01
0.000000000000000000e+00 1.556577841969117026e-01 2.064459622075876799e-01 2.526692733050634465e-01 2.931041217239290786e-01 3.400501406205042598e-01 3.863032233155763717e-01 4.240143184532731424e-01 4.536459774662489619e-01 4.758150590635712995e-01 4.910275283533641066e-01 4.994323488084167484e-01 5.006376195624701042e-01 4.936345138703548963e-01 4.768709240442944863e-01 4.484993634958053810e-01 4.067880516845662209e-01 3.506341721379612753e-01 2.800687046995961049e-01 1.966145926118921805e-01 1.046668366652046406e-01 4.464780461533639916e-02 4.421192536295090458e-02 9.771222686972261262e-02 1.876456491093847490e-01 2.717256610992175303e-01 3.429886840290540251e-01 3.997610646391744349e-01 4.418480170960019104e-01 4.701852236943807606e-01 4.863392772798741936e-01 4.919977811123601441e-01 4.885643216320886273e-01 4.769240774263645566e-01 4.573937691519593951e-01 4.298300382866178659e-01 3.938482362439780782e-01
0.000000000000000000e+00 1.693975686552348370e-01 2.193060491798572709e-01 2.647584592087934285e-01 3.045133636975434488e-01 3.378124357518036969e-01 3.784734818543029067e-01 4.154919071814371367e-01 4.447112826129550056e-01 4.667841834898449060e-01 4.822410839961908668e-01 4.912348506464184195e-01 4.933472403642857329e-01 4.875059928029562006e-01 4.720578728761078424e-01 4.450250425988656611e-01 4.045345561579703486e-01 3.493577205174157596e-01 2.794430732221239166e-01 1.962968060885827981e-01 1.080103456335344408e-01 4.967158193681295297e-02 4.919980919289249077e-02 1.016484370027237322e-01 1.882077681907749767e-01 2.719855176369264660e-01 3.425967851076374138e-01 3.983754991443542171e-01 4.391968494099084408e-01 4.661061297633731781e-01 4.807906577237702206e-01 4.850438535714848287e-01 4.803427518280386499e-01 4.676073154512266905e-01 4.471545454131463093e-01 4.188184568427497090e-01 3.821838469517539472e-01
0.000000000000000000e+00 1.855242269334098637e-01 2.323320164737434912e-01 2.772472451127747095e-01 3.165666055701521486e-01 3.494912782427773146e-01 3.757270060604594453e-01 4.068560471560109248e-01 4.353771108476621743e-01 4.570293234171950991e-01 4.723950234041713880e-01 4.816608152590144409e-01 4.844112188049772838e-01 4.795359462664218198e-01 4.653000086107605404e-01 4.396070811482749030e-01 4.004468220885201157e-01 3.464605159039895743e-01 2.775029373404208632e-01 1.950461204424792927e-01 1.146125868972316802e-01 5.980205382280890519e-02 5.923899739079842991e-02 1.088550119041785114e-01 1.879093166186673047e-01 2.710049814565783088e-01 3.406624390797143298e-01 3.952416684758929821e-01 4.347000066369635651e-01 4.601972449619817218e-01 4.735386297788238830e-01 4.766131776758906202e-01 4.709545887145168419e-01 4.574955913417644293e-01 4.365278018347093503e-01 4.078349654873136276e-01 3.709433363240767223e-01
0.000000000000000000e+00 2.050820132478728963e-01 2.451315151935338499e-01 2.897856103108467640e-01 3.289520554924159623e-01 3.617796226715686014e-01 3.879251514197975537e-01 4.075096705163823163e-01 4.261858605156779167e-01 4.470951550223787874e-01 4.620120488110141532e-01 4.711872590563928043e-01 4.742401064000451583e-01 4.700530220623837518e-01 4.568360095738323023e-01 4.323947243802080953e-01 3.945938332842975904e-01 3.419476851897210734e-01 2.742104047876390838e-01 1.928030932021765065e-01 1.247302150061156273e-01 7.546515706419351655e-02 7.478034132793709432e-02 1.196830105679370093e-01 1.867929743056587766e-01 2.688378087882199452e-01 3.372684504599969268e-01 3.904895395194803998e-01 4.285493787609293004e-01 4.527213167423458917e-01 4.649188172176290101e-01 4.671096438502748693e-01 4.608621196161701850e-01 4.470964605411173465e-01 4.260521339871350954e-01 3.974357861638206368e-01 3.727135977366278774e-01
0.000000000000000000e+00 2.229269486508637099e-01 2.572652951177579750e-01 3.019552880388344240e-01 3.412652505405590064e-01 3.742822010251148357e-01 4.006074766525705710e-01 4.203201384576408794e-01 4.338676974412517540e-01 4.418992599902645813e-01 4.516926698014496200e-01 4.603921113382682395e-01 4.633639817114082460e-01 4.595176939163063135e-01 4.470413887720648405e-01 4.236717113028116155e-01 3.871701036081901526e-01 3.359355329504353227e-01 2.696204187869947755e-01 2.040227082250181956e-01 1.382322069125386521e-01 9.648965653576245527e-02 9.568182159669050280e-02 1.340641005833910770e-01 1.990235426914591099e-01 2.655864722279470125e-01 3.325686007806439304e-01 3.843389280358868176e-01 4.210405885841889129e-01 4.440523545600816302e-01 4.553784660935207285e-01 4.570419223438970113e-01 4.506191848643046338e-01 4.369909908193184145e-01 4.168294731129355002e-01 4.028970429748512383e-01 3.825916702969038852e-01
0.000000000000000000e+00 2.383413192797528835e-01 2.682621271540081564e-01 3.132835040128883475e-01 3.530222720587071761e-01 3.864972598988782315e-01 4.132505902729332603e-01 4.333179854723619440e-01 4.471240818309032972e-01 4.553165813911364546e-01 4.585603137462690437e-01 4.573201424749415711e-01 4.523837987400061711e-01 4.484847327443598486e-01 4.364033335136506819e-01 4.138432909129410864e-01 3.784932430723434438e-01 3.288021726169993442e-01 2.783248623465246485e-01 2.194643105204489297e-01 1.545307324610848410e-01 1.220012305885025683e-01 1.210962127788870191e-01 1.514309394137673126e-01 2.153828947357571411e-01 2.734086779071973061e-01 3.267874359231863202e-01 3.770932466277523987e-01 4.125581665283505339e-01 4.346507276804137399e-01 4.454411901468839918e-01 4.469787663910627651e-01 4.408462421008751964e-01 4.378381889726327136e-01 4.292905651505297682e-01 4.147022498669626356e-01 3.934730734543062103e-01
0.000000000000000000e+00 2.506326789466091776e-01 2.776300226258696657e-01 3.232551771618564218e-01 3.636739824745036653e-01 3.978336831875679547e-01 4.252165770446835191e-01 4.458165762660613596e-01 4.600382794807991171e-01 4.685313793931658033e-01 4.719814141360395010e-01 4.708867458304839548e-01 4.653614919521203985e-01 4.550123340155853846e-01 4.389377558656294420e-01 4.158840886282990645e-01 3.845596092807652688e-01 3.440596537863379600e-01 2.943061861063647755e-01 2.363753009676639039e-01 1.725946198407225796e-01 1.504442272872741626e-01 1.494877951537432748e-01 1.707300593921257659e-01 2.334342327104377557e-01 2.904271370164574484e-01 3.393021059319222821e-01 3.788734925031441159e-01 4.090863502870148438e-01 4.306950152316077474e-01 4.448283434878019249e-01 4.525693214072870063e-01 4.546480476203108023e-01 4.512980426202002904e-01 4.422769002283854500e-01 4.270172968416279247e-01 4.048573580606973366e-01
0.000000000000000000e+00 2.591465918866257545e-01 2.848658121132145449e-01 3.313247353174236798e-01 3.726214150947072534e-01 4.076313384868233691e-01 4.357796695584216784e-01 4.570231212643602325e-01 4.717516648272316870e-01 4.806222701513063189e-01 4.843459522982114240e-01 4.834591098700435907e-01 4.781204430837315833e-01 4.679828491330556561e-01 4.521896970389992498e-01 4.295297520281562420e-01 3.987509368907630747e-01 3.589842686179374187e-01 3.101799163205898879e-01 2.534282575014188410e-01 1.910487161953531576e-01 1.797342505194706175e-01 1.787823276289998431e-01 1.905293849695332553e-01 2.518090889164019130e-01 3.075845763779095909e-01 3.554619532845266772e-01 3.942453079085003753e-01 4.238541725514486380e-01 4.450080134986286740e-01 4.587946708765734960e-01 4.662508355747306266e-01 4.680546862179296164e-01 4.643819386426667473e-01 4.549273444355292906e-01 4.390582056214711870e-01 4.160490095478820982e-01
0.000000000000000000e+00 2.632849288608895000e-01 2.894701854067178171e-01 3.369339230738571112e-01 3.792378353277218728e-01 4.151890974659410150e-01 4.441620391700279447e-01 4.660840067666338626e-01 4.813382657240456997e-01 4.905959782870420449e-01 4.945991640460282723e-01 4.939268404609146179e-01 4.887869709770603643e-01 4.788845647649467852e-01 4.634154884699980270e-01 4.412195355330541524e-01 4.110916233042288814e-01 3.722011639679035366e-01 3.245210230408590024e-01 2.691397115312290644e-01 2.107966556767034150e-01 2.075131692965991592e-01 2.066220835709828008e-01 2.091997251713568207e-01 2.689492536944427248e-01 3.233856847111087340e-01 3.701535422491413763e-01 4.080625472389922681e-01 4.370131050305387510e-01 4.576893673934284701e-01 4.711346119782314212e-01 4.783359924989765699e-01 4.799189033853643593e-01 4.760031289235272522e-01 4.662240422438000964e-01 4.498865598945318012e-01 4.262017767189676953e-01
