BlockUplift_2Ma_1kryTimeStep_2mmyr_k_0.0001_m_0.5_n_1.0_LinDiffusion_0.5_3x6km_30mRes_flow__link_to_receiver_node.txt
nrows 200
cellsize 30.0
xllcorner 0.0
ncols 100
yllcorner 0.0
[rows 85 to 101 of 200, columns 0 to 36 of 100]
-1.000000000000000000e+00 2.258700000000000000e+04 6.207600000000000000e+04 2.268800000000000000e+04 2.268900000000000000e+04 2.269000000000000000e+04 2.269100000000000000e+04 2.269200000000000000e+04 2.269300000000000000e+04 2.269400000000000000e+04 2.269500000000000000e+04 2.269600000000000000e+04 2.269700000000000000e+04 2.269800000000000000e+04 2.269900000000000000e+04 2.270000000000000000e+04 2.270100000000000000e+04 2.270300000000000000e+04 2.270400000000000000e+04 2.270500000000000000e+04 2.270600000000000000e+04 2.270700000000000000e+04 2.270800000000000000e+04 2.270900000000000000e+04 2.271000000000000000e+04 2.271100000000000000e+04 2.271200000000000000e+04 2.271300000000000000e+04 2.271400000000000000e+04 2.271500000000000000e+04 2.271600000000000000e+04 6.213700000000000000e+04 2.261800000000000000e+04 6.213800000000000000e+04 2.271900000000000000e+04 2.272000000000000000e+04 2.272100000000000000e+04
-1.000000000000000000e+00 2.238800000000000000e+04 6.187800000000000000e+04 2.248900000000000000e+04 2.249000000000000000e+04 2.249100000000000000e+04 2.249200000000000000e+04 2.249300000000000000e+04 2.249400000000000000e+04 2.249500000000000000e+04 2.249600000000000000e+04 2.249700000000000000e+04 2.249800000000000000e+04 2.249900000000000000e+04 2.250000000000000000e+04 2.250100000000000000e+04 2.250200000000000000e+04 2.250400000000000000e+04 2.250500000000000000e+04 2.250600000000000000e+04 2.250700000000000000e+04 2.250800000000000000e+04 2.250900000000000000e+04 2.251000000000000000e+04 2.251100000000000000e+04 2.251200000000000000e+04 2.251300000000000000e+04 2.251400000000000000e+04 2.251500000000000000e+04 2.251600000000000000e+04 2.251700000000000000e+04 6.193900000000000000e+04 2.241900000000000000e+04 6.194000000000000000e+04 2.252000000000000000e+04 2.252100000000000000e+04 2.252200000000000000e+04
-1.000000000000000000e+00 2.218900000000000000e+04 6.168000000000000000e+04 2.229000000000000000e+04 2.229100000000000000e+04 2.229200000000000000e+04 2.229300000000000000e+04 2.229400000000000000e+04 2.229500000000000000e+04 2.229600000000000000e+04 2.229700000000000000e+04 2.229800000000000000e+04 2.229900000000000000e+04 2.230000000000000000e+04 2.230100000000000000e+04 2.230200000000000000e+04 2.230300000000000000e+04 2.230500000000000000e+04 2.230600000000000000e+04 2.230700000000000000e+04 2.230800000000000000e+04 2.230900000000000000e+04 2.231000000000000000e+04 2.231100000000000000e+04 2.231200000000000000e+04 2.231300000000000000e+04 2.231400000000000000e+04 2.231500000000000000e+04 2.231600000000000000e+04 2.231700000000000000e+04 2.231800000000000000e+04 6.174100000000000000e+04 2.222000000000000000e+04 6.174200000000000000e+04 6.174400000000000000e+04 2.232200000000000000e+04 2.232300000000000000e+04
-1.000000000000000000e+00 2.199000000000000000e+04 6.148200000000000000e+04 2.209100000000000000e+04 2.209200000000000000e+04 2.209300000000000000e+04 2.209400000000000000e+04 2.209500000000000000e+04 2.209600000000000000e+04 2.209700000000000000e+04 2.209800000000000000e+04 2.209900000000000000e+04 2.210000000000000000e+04 2.210100000000000000e+04 2.210200000000000000e+04 2.210300000000000000e+04 2.210400000000000000e+04 2.210600000000000000e+04 2.210700000000000000e+04 2.210800000000000000e+04 2.210900000000000000e+04 2.211000000000000000e+04 2.211100000000000000e+04 2.211200000000000000e+04 2.211300000000000000e+04 2.211400000000000000e+04 2.211500000000000000e+04 2.211600000000000000e+04 2.211700000000000000e+04 2.211800000000000000e+04 2.211900000000000000e+04 6.154300000000000000e+04 2.202100000000000000e+04 2.202200000000000000e+04 6.154600000000000000e+04 6.154800000000000000e+04 6.155000000000000000e+04
-1.000000000000000000e+00 2.179100000000000000e+04 6.128400000000000000e+04 2.189200000000000000e+04 2.189300000000000000e+04 2.189400000000000000e+04 2.189500000000000000e+04 2.189600000000000000e+04 2.189700000000000000e+04 2.189800000000000000e+04 2.189900000000000000e+04 2.190000000000000000e+04 2.190100000000000000e+04 2.190200000000000000e+04 2.190300000000000000e+04 2.190400000000000000e+04 2.190500000000000000e+04 2.190700000000000000e+04 2.190800000000000000e+04 2.190900000000000000e+04 2.191000000000000000e+04 2.191100000000000000e+04 2.191200000000000000e+04 2.191300000000000000e+04 2.191400000000000000e+04 2.191500000000000000e+04 2.191600000000000000e+04 2.191700000000000000e+04 2.191800000000000000e+04 2.191900000000000000e+04 2.192000000000000000e+04 6.134500000000000000e+04 2.182200000000000000e+04 2.182300000000000000e+04 6.134800000000000000e+04 6.135000000000000000e+04 6.135200000000000000e+04
-1.000000000000000000e+00 2.159200000000000000e+04 2.169200000000000000e+04 2.169300000000000000e+04 2.169400000000000000e+04 2.169500000000000000e+04 2.169600000000000000e+04 2.169700000000000000e+04 2.169800000000000000e+04 2.169900000000000000e+04 2.170000000000000000e+04 2.170100000000000000e+04 2.170200000000000000e+04 2.170300000000000000e+04 2.170400000000000000e+04 2.170500000000000000e+04 2.170600000000000000e+04 2.170700000000000000e+04 2.170900000000000000e+04 2.171000000000000000e+04 2.171100000000000000e+04 2.171200000000000000e+04 2.171300000000000000e+04 2.171400000000000000e+04 2.171500000000000000e+04 2.171600000000000000e+04 2.171700000000000000e+04 2.171800000000000000e+04 2.171900000000000000e+04 2.172000000000000000e+04 2.172100000000000000e+04 6.114700000000000000e+04 6.114900000000000000e+04 2.162400000000000000e+04 2.162500000000000000e+04 6.115200000000000000e+04 6.115400000000000000e+04
-1.000000000000000000e+00 2.139300000000000000e+04 2.149300000000000000e+04 2.149400000000000000e+04 2.149500000000000000e+04 2.149600000000000000e+04 2.149700000000000000e+04 2.149800000000000000e+04 2.149900000000000000e+04 2.150000000000000000e+04 2.150100000000000000e+04 2.150200000000000000e+04 2.150300000000000000e+04 2.150400000000000000e+04 2.150500000000000000e+04 2.150600000000000000e+04 2.150700000000000000e+04 2.150800000000000000e+04 2.151000000000000000e+04 2.151100000000000000e+04 2.151200000000000000e+04 2.151300000000000000e+04 2.151400000000000000e+04 2.151500000000000000e+04 2.151600000000000000e+04 2.151700000000000000e+04 2.151800000000000000e+04 2.151900000000000000e+04 2.152000000000000000e+04 2.152100000000000000e+04 2.152200000000000000e+04 2.152300000000000000e+04 6.095100000000000000e+04 2.142500000000000000e+04 2.142600000000000000e+04 6.095400000000000000e+04 6.095600000000000000e+04
-1.000000000000000000e+00 2.119400000000000000e+04 2.129400000000000000e+04 2.129500000000000000e+04 2.129600000000000000e+04 2.129700000000000000e+04 2.129800000000000000e+04 2.129900000000000000e+04 2.130000000000000000e+04 2.130100000000000000e+04 2.130200000000000000e+04 2.130300000000000000e+04 2.130400000000000000e+04 2.130500000000000000e+04 2.130600000000000000e+04 2.130700000000000000e+04 2.130800000000000000e+04 2.130900000000000000e+04 2.131100000000000000e+04 2.131200000000000000e+04 2.131300000000000000e+04 2.131400000000000000e+04 2.131500000000000000e+04 2.131600000000000000e+04 2.131700000000000000e+04 2.131800000000000000e+04 2.131900000000000000e+04 2.132000000000000000e+04 2.132100000000000000e+04 2.132200000000000000e+04 2.132300000000000000e+04 2.132400000000000000e+04 6.075300000000000000e+04 6.075500000000000000e+04 2.122700000000000000e+04 2.122800000000000000e+04 6.075800000000000000e+04
-1.000000000000000000e+00 2.099500000000000000e+04 2.109500000000000000e+04 2.109600000000000000e+04 2.109700000000000000e+04 2.109800000000000000e+04 2.109900000000000000e+04 2.110000000000000000e+04 2.110100000000000000e+04 2.110200000000000000e+04 2.110300000000000000e+04 2.110400000000000000e+04 2.110500000000000000e+04 2.110600000000000000e+04 2.110700000000000000e+04 2.110800000000000000e+04 2.110900000000000000e+04 2.111000000000000000e+04 2.111200000000000000e+04 2.111300000000000000e+04 2.111400000000000000e+04 2.111500000000000000e+04 2.111600000000000000e+04 2.111700000000000000e+04 2.111800000000000000e+04 2.111900000000000000e+04 2.112000000000000000e+04 2.112100000000000000e+04 2.112200000000000000e+04 2.112300000000000000e+04 2.112400000000000000e+04 2.112500000000000000e+04 6.055500000000000000e+04 6.055700000000000000e+04 2.102800000000000000e+04 2.102900000000000000e+04 6.056000000000000000e+04
-1.000000000000000000e+00 -1.000000000000000000e+00 2.089600000000000000e+04 2.089700000000000000e+04 2.089800000000000000e+04 2.089900000000000000e+04 2.090000000000000000e+04 2.090100000000000000e+04 2.090200000000000000e+04 2.090300000000000000e+04 2.090400000000000000e+04 2.090500000000000000e+04 2.090600000000000000e+04 2.090700000000000000e+04 2.090800000000000000e+04 2.090900000000000000e+04 2.091000000000000000e+04 2.091100000000000000e+04 2.091300000000000000e+04 2.091400000000000000e+04 2.091500000000000000e+04 2.091600000000000000e+04 2.091700000000000000e+04 2.091800000000000000e+04 2.091900000000000000e+04 2.092000000000000000e+04 2.092100000000000000e+04 2.092200000000000000e+04 2.092300000000000000e+04 2.092400000000000000e+04 2.092500000000000000e+04 2.092600000000000000e+04 2.092700000000000000e+04 6.035900000000000000e+04 2.082900000000000000e+04 2.083000000000000000e+04 2.083100000000000000e+04
-1.000000000000000000e+00 2.079600000000000000e+04 2.069700000000000000e+04 2.069800000000000000e+04 2.069900000000000000e+04 2.070000000000000000e+04 2.070100000000000000e+04 2.070200000000000000e+04 2.070300000000000000e+04 2.070400000000000000e+04 2.070500000000000000e+04 2.070600000000000000e+04 2.070700000000000000e+04 2.070800000000000000e+04 2.070900000000000000e+04 2.071000000000000000e+04 2.071100000000000000e+04 6.012600000000000000e+04 2.071400000000000000e+04 2.071500000000000000e+04 2.071600000000000000e+04 2.071700000000000000e+04 2.071800000000000000e+04 2.071900000000000000e+04 2.072000000000000000e+04 2.072100000000000000e+04 2.072200000000000000e+04 2.072300000000000000e+04 2.072400000000000000e+04 2.072500000000000000e+04 2.072600000000000000e+04 2.072700000000000000e+04 2.072800000000000000e+04 6.016100000000000000e+04 6.016300000000000000e+04 2.063100000000000000e+04 2.063200000000000000e+04
-1.000000000000000000e+00 2.059700000000000000e+04 2.049800000000000000e+04 2.049900000000000000e+04 2.050000000000000000e+04 2.050100000000000000e+04 2.050200000000000000e+04 2.050300000000000000e+04 2.050400000000000000e+04 2.050500000000000000e+04 2.050600000000000000e+04 2.050700000000000000e+04 2.050800000000000000e+04 2.050900000000000000e+04 2.051000000000000000e+04 2.051100000000000000e+04 2.051200000000000000e+04 5.992800000000000000e+04 2.051500000000000000e+04 2.051600000000000000e+04 2.051700000000000000e+04 2.051800000000000000e+04 2.051900000000000000e+04 2.052000000000000000e+04 2.052100000000000000e+04 2.052200000000000000e+04 2.052300000000000000e+04 2.052400000000000000e+04 2.052500000000000000e+04 2.052600000000000000e+04 2.052700000000000000e+04 2.052800000000000000e+04 2.052900000000000000e+04 2.053000000000000000e+04 5.996500000000000000e+04 2.043200000000000000e+04 2.043300000000000000e+04
-1.000000000000000000e+00 2.039800000000000000e+04 2.029900000000000000e+04 2.030000000000000000e+04 2.030100000000000000e+04 2.030200000000000000e+04 2.030300000000000000e+04 2.030400000000000000e+04 2.030500000000000000e+04 2.030600000000000000e+04 2.030700000000000000e+04 2.030800000000000000e+04 2.030900000000000000e+04 2.031000000000000000e+04 2.031100000000000000e+04 5.972600000000000000e+04 5.972800000000000000e+04 5.973000000000000000e+04 5.973200000000000000e+04 2.031700000000000000e+04 2.031800000000000000e+04 2.031900000000000000e+04 2.032000000000000000e+04 2.032100000000000000e+04 2.032200000000000000e+04 2.032300000000000000e+04 2.032400000000000000e+04 2.032500000000000000e+04 2.032600000000000000e+04 2.032700000000000000e+04 2.032800000000000000e+04 2.032900000000000000e+04 2.033000000000000000e+04 2.033100000000000000e+04 5.976700000000000000e+04 5.976900000000000000e+04 2.023400000000000000e+04
-1.000000000000000000e+00 2.019900000000000000e+04 2.010000000000000000e+04 2.010100000000000000e+04 2.010200000000000000e+04 2.010300000000000000e+04 2.010400000000000000e+04 2.010500000000000000e+04 2.010600000000000000e+04 2.010700000000000000e+04 2.010800000000000000e+04 2.010900000000000000e+04 2.011000000000000000e+04 2.011100000000000000e+04 5.952600000000000000e+04 5.952800000000000000e+04 5.953000000000000000e+04 5.953200000000000000e+04 5.953400000000000000e+04 2.011800000000000000e+04 2.011900000000000000e+04 2.012000000000000000e+04 2.012100000000000000e+04 2.012200000000000000e+04 2.012300000000000000e+04 2.012400000000000000e+04 2.012500000000000000e+04 2.012600000000000000e+04 2.012700000000000000e+04 2.012800000000000000e+04 2.012900000000000000e+04 2.013000000000000000e+04 2.013100000000000000e+04 2.013200000000000000e+04 2.013300000000000000e+04 5.957100000000000000e+04 2.003500000000000000e+04
-1.000000000000000000e+00 1.980100000000000000e+04 1.990100000000000000e+04 1.990200000000000000e+04 1.990300000000000000e+04 1.990400000000000000e+04 1.990500000000000000e+04 1.990600000000000000e+04 1.990700000000000000e+04 1.990800000000000000e+04 1.990900000000000000e+04 5.932200000000000000e+04 5.932400000000000000e+04 5.932600000000000000e+04 5.932800000000000000e+04 5.933000000000000000e+04 5.933200000000000000e+04 5.933400000000000000e+04 5.933600000000000000e+04 5.934100000000000000e+04 1.992000000000000000e+04 1.992100000000000000e+04 1.992200000000000000e+04 1.992300000000000000e+04 1.992400000000000000e+04 1.992500000000000000e+04 1.992600000000000000e+04 1.992700000000000000e+04 1.992800000000000000e+04 1.992900000000000000e+04 1.993000000000000000e+04 1.993100000000000000e+04 1.993200000000000000e+04 1.993300000000000000e+04 1.993400000000000000e+04 5.937300000000000000e+04 5.937500000000000000e+04
-1.000000000000000000e+00 1.960200000000000000e+04 5.910600000000000000e+04 1.970300000000000000e+04 1.970400000000000000e+04 1.970500000000000000e+04 1.970600000000000000e+04 1.970700000000000000e+04 1.970800000000000000e+04 5.912000000000000000e+04 5.912200000000000000e+04 5.912400000000000000e+04 5.912600000000000000e+04 5.912800000000000000e+04 5.913000000000000000e+04 5.913200000000000000e+04 5.913400000000000000e+04 5.913600000000000000e+04 5.913800000000000000e+04 5.914000000000000000e+04 1.972100000000000000e+04 1.972200000000000000e+04 1.972300000000000000e+04 1.972400000000000000e+04 1.972500000000000000e+04 1.972600000000000000e+04 1.972700000000000000e+04 1.972800000000000000e+04 1.972900000000000000e+04 1.973000000000000000e+04 1.973100000000000000e+04 1.973200000000000000e+04 1.973300000000000000e+04 1.973400000000000000e+04 1.973500000000000000e+04 5.917500000000000000e+04 5.917700000000000000e+04
-1.000000000000000000e+00 1.940300000000000000e+04 5.890800000000000000e+04 5.891000000000000000e+04 5.891200000000000000e+04 5.891400000000000000e+04 5.891600000000000000e+04 5.891800000000000000e+04 5.892000000000000000e+04 5.892200000000000000e+04 5.892400000000000000e+04 5.892600000000000000e+04 5.892800000000000000e+04 5.893000000000000000e+04 5.893200000000000000e+04 5.893400000000000000e+04 5.893600000000000000e+04 5.893800000000000000e+04 5.894000000000000000e+04 5.894200000000000000e+04 1.952200000000000000e+04 1.952300000000000000e+04 1.952400000000000000e+04 1.952500000000000000e+04 1.952600000000000000e+04 1.952700000000000000e+04 1.952800000000000000e+04 1.952900000000000000e+04 1.953000000000000000e+04 1.953100000000000000e+04 1.953200000000000000e+04 1.953300000000000000e+04 1.953400000000000000e+04 1.953500000000000000e+04 1.953600000000000000e+04 1.953700000000000000e+04 5.897900000000000000e+04
