BlockUplift_2Ma_1kryTimeStep_2mmyr_k_5e-06_m_0.5_n_1.0_LinDiffusion_0.5_6x3km_30mRes_topographic__steepest_slope.txt
nrows 100
cellsize 30.0
xllcorner 0.0
ncols 200
yllcorner 0.0
[rows 17 to 33 of 100, columns 111 to 147 of 200]
1.558108709296629923e+00 1.558108709233723355e+00 1.558108709170816564e+00 1.558108709108394940e+00 1.558108709046822193e+00 1.558108708986674085e+00 1.558108708928284569e+00 1.558108708872108172e+00 1.558108708818539023e+00 1.558108708767910411e+00 1.558108708720586266e+00 1.558108708676900322e+00 1.558108708637125028e+00 1.558108708601654735e+00 1.558108708570580259e+00 1.558108708544265530e+00 1.558108708522771169e+00 1.558108708506521500e+00 1.558108708495456129e+00 1.558108708489817307e+00 1.558108708489847505e+00 1.558108708495456129e+00 1.558108708506885431e+00 1.558108708524165831e+00 1.558108708547448762e+00 1.558108708576734669e+00 1.558108708612113924e+00 1.558108708653617169e+00 1.558108708701365641e+00 1.558108708755298721e+00 1.558108708815477028e+00 1.558108708881991378e+00 1.558108708954872190e+00 1.558108709034180084e+00 1.558108709119824242e+00 1.558108709211986298e+00 1.558108709310605855e+00
1.615725810486856151e+00 1.615725810417401043e+00 1.615725810347945934e+00 1.615725810279036612e+00 1.615725810211188218e+00 1.615725810144734487e+00 1.615725810080312019e+00 1.615725810018254105e+00 1.615725809958955095e+00 1.615725809902869514e+00 1.615725809850331096e+00 1.615725809801612511e+00 1.615725809757168507e+00 1.615725809717150740e+00 1.615725809681953340e+00 1.615725809651667122e+00 1.615725809626686216e+00 1.615725809607041263e+00 1.615725809593004714e+00 1.615725809584758643e+00 1.615725809582272632e+00 1.615725809585819572e+00 1.615725809595460305e+00 1.615725809611255226e+00 1.615725809633295373e+00 1.615725809661671564e+00 1.615725809696383797e+00 1.615725809737523333e+00 1.615725809785150568e+00 1.615725809839204885e+00 1.615725809899928755e+00 1.615725809967201165e+00 1.615725810041082289e+00 1.615725810121633410e+00 1.615725810208884061e+00 1.615725810302865328e+00 1.615725810403637386e+00
1.669565333478173264e+00 1.669565333401684892e+00 1.669565333325317535e+00 1.669565333249556804e+00 1.669565333174856780e+00 1.669565333101885152e+00 1.669565333030974763e+00 1.669565332962671844e+00 1.669565332897309462e+00 1.669565332835372784e+00 1.669565332777225741e+00 1.669565332723262463e+00 1.669565332673725200e+00 1.669565332628978105e+00 1.669565332589263651e+00 1.669565332554884707e+00 1.669565332525962731e+00 1.669565332502770616e+00 1.669565332485490217e+00 1.669565332474182151e+00 1.669565332469119312e+00 1.669565332470301700e+00 1.669565332477850550e+00 1.669565332491856680e+00 1.669565332512380929e+00 1.669565332539483915e+00 1.669565332573256455e+00 1.669565332613698549e+00 1.669565332660840840e+00 1.669565332714864736e+00 1.669565332775588606e+00 1.669565332843224725e+00 1.669565332917712475e+00 1.669565332999142449e+00 1.669565333087545289e+00 1.669565333182951417e+00 1.669565333285421227e+00
1.719709936477071599e+00 1.719709936393216232e+00 1.719709936309482101e+00 1.719709936226384572e+00 1.719709936144621087e+00 1.719709936064615752e+00 1.719709935986884375e+00 1.719709935911851062e+00 1.719709935840152637e+00 1.719709935772061771e+00 1.719709935707972592e+00 1.719709935648370491e+00 1.719709935593527916e+00 1.719709935543687562e+00 1.719709935499243558e+00 1.719709935460377981e+00 1.719709935427332859e+00 1.719709935400320910e+00 1.719709935379493571e+00 1.719709935364971853e+00 1.719709935356938058e+00 1.719709935355513197e+00 1.719709935360727693e+00 1.719709935372641940e+00 1.719709935391377620e+00 1.719709935416964708e+00 1.719709935449494242e+00 1.719709935488966446e+00 1.719709935535411294e+00 1.719709935588828786e+00 1.719709935649370802e+00 1.719709935716946303e+00 1.719709935791737143e+00 1.719709935873621864e+00 1.719709935962752345e+00 1.719709936059128585e+00 1.719709936162841180e+00
1.766250409262799304e+00 1.766250409171061575e+00 1.766250409079475503e+00 1.766250408988768505e+00 1.766250408899425972e+00 1.766250408811962824e+00 1.766250408727015886e+00 1.766250408645131165e+00 1.766250408566581109e+00 1.766250408491972346e+00 1.766250408421759177e+00 1.766250408356154322e+00 1.766250408295612306e+00 1.766250408240466641e+00 1.766250408190959797e+00 1.766250408147364670e+00 1.766250408109923731e+00 1.766250408078819056e+00 1.766250408054202081e+00 1.766250408036285080e+00 1.766250408025068053e+00 1.766250408020702434e+00 1.766250408023279261e+00 1.766250408032919994e+00 1.766250408049654608e+00 1.766250408073453126e+00 1.766250408104406144e+00 1.766250408142574724e+00 1.766250408187958421e+00 1.766250408240618297e+00 1.766250408300523711e+00 1.766250408367765479e+00 1.766250408442344044e+00 1.766250408524380644e+00 1.766250408613844636e+00 1.766250408710827058e+00 1.766250408815327910e+00
1.809284487620758775e+00 1.809284487520653739e+00 1.809284487420851795e+00 1.809284487322020185e+00 1.809284487224704252e+00 1.809284487129540819e+00 1.809284487037014832e+00 1.809284486947641879e+00 1.809284486862088759e+00 1.809284486780628365e+00 1.809284486703776063e+00 1.809284486631956179e+00 1.809284486565472028e+00 1.809284486504717959e+00 1.809284486449936002e+00 1.809284486401369074e+00 1.809284486359259425e+00 1.809284486323819330e+00 1.809284486295200667e+00 1.809284486273494030e+00 1.809284486258881497e+00 1.809284486251423685e+00 1.809284486251241608e+00 1.809284486258335711e+00 1.809284486272705772e+00 1.809284486294533645e+00 1.809284486323698093e+00 1.809284486360290156e+00 1.809284486404340031e+00 1.809284486455817298e+00 1.809284486514843637e+00 1.809284486581357987e+00 1.809284486655481805e+00 1.809284486737215092e+00 1.809284486826588045e+00 1.809284486923722124e+00 1.809284487028647526e+00
1.848915758691873634e+00 1.848915758583067781e+00 1.848915758474656057e+00 1.848915758367244644e+00 1.848915758261500786e+00 1.848915758158121481e+00 1.848915758057652736e+00 1.848915757960639894e+00 1.848915757867568344e+00 1.848915757778953228e+00 1.848915757695279716e+00 1.848915757616911515e+00 1.848915757544212557e+00 1.848915757477546551e+00 1.848915757417186390e+00 1.848915757363435386e+00 1.848915757316444752e+00 1.848915757276426985e+00 1.848915757243594360e+00 1.848915757218007050e+00 1.848915757199786958e+00 1.848915757189054876e+00 1.848915757185811026e+00 1.848915757190116027e+00 1.848915757202030274e+00 1.848915757221493594e+00 1.848915757248626779e+00 1.848915757283399852e+00 1.848915757325812592e+00 1.848915757375956037e+00 1.848915757433678753e+00 1.848915757499192569e+00 1.848915757572467511e+00 1.848915757653503578e+00 1.848915757742452204e+00 1.848915757839313390e+00 1.848915757944208371e+00
1.885252650433752342e+00 1.885252650315669687e+00 1.885252650198071978e+00 1.885252650081717274e+00 1.885252649967272598e+00 1.885252649855313711e+00 1.885252649746447240e+00 1.885252649641339984e+00 1.885252649540507308e+00 1.885252649444434381e+00 1.885252649353545529e+00 1.885252649268356118e+00 1.885252649189169460e+00 1.885252649116379464e+00 1.885252649050229046e+00 1.885252648990990654e+00 1.885252648938937181e+00 1.885252648894190086e+00 1.885252648856900803e+00 1.885252648827251187e+00 1.885252648805241460e+00 1.885252648790992636e+00 1.885252648784504936e+00 1.885252648785869178e+00 1.885252648795024744e+00 1.885252648812092868e+00 1.885252648836982736e+00 1.885252648869663927e+00 1.885252648910227480e+00 1.885252648958582133e+00 1.885252649014910187e+00 1.885252649079059983e+00 1.885252649151122339e+00 1.885252649231188071e+00 1.885252649319287821e+00 1.885252649415512405e+00 1.885252649519922441e+00
1.918407499775715452e+00 1.918407499647992065e+00 1.918407499520920600e+00 1.918407499395122340e+00 1.918407499271431060e+00 1.918407499150483364e+00 1.918407499032961594e+00 1.918407498919411092e+00 1.918407498810408063e+00 1.918407498706543812e+00 1.918407498608227568e+00 1.918407498515898535e+00 1.918407498430011904e+00 1.918407498350825247e+00 1.918407498278672074e+00 1.918407498213825058e+00 1.918407498156496693e+00 1.918407498106807996e+00 1.918407498064940819e+00 1.918407498030971103e+00 1.918407498005035405e+00 1.918407497987118404e+00 1.918407497977295817e+00 1.918407497975507248e+00 1.918407497981843290e+00 1.918407497996198252e+00 1.918407498018587010e+00 1.918407498049039761e+00 1.918407498087496332e+00 1.918407498133986699e+00 1.918407498188435145e+00 1.918407498250978005e+00 1.918407498321554661e+00 1.918407498400256372e+00 1.918407498487143537e+00 1.918407498582306969e+00 1.918407498685837709e+00
1.948495694806782419e+00 1.948495694668918032e+00 1.948495694531796607e+00 1.948495694396236377e+00 1.948495694262919686e+00 1.948495694132619471e+00 1.948495694005957013e+00 1.948495693883645297e+00 1.948495693766229442e+00 1.948495693654209937e+00 1.948495693548178087e+00 1.948495693448482280e+00 1.948495693355592584e+00 1.948495693269796991e+00 1.948495693191458988e+00 1.948495693120791294e+00 1.948495693057975542e+00 1.948495693003239104e+00 1.948495692956627501e+00 1.948495692918322586e+00 1.948495692888294162e+00 1.948495692866587525e+00 1.948495692853217998e+00 1.948495692848200678e+00 1.948495692851490046e+00 1.948495692863025486e+00 1.948495692882806996e+00 1.948495692910789057e+00 1.948495692946926372e+00 1.948495692991233819e+00 1.948495693043681420e+00 1.948495693104284054e+00 1.948495693173072141e+00 1.948495693250091199e+00 1.948495693335432044e+00 1.948495693429155518e+00 1.948495693531397954e+00
1.975634886807195789e+00 1.975634886658720779e+00 1.975634886511155264e+00 1.975634886365302600e+00 1.975634886221981468e+00 1.975634886081903963e+00 1.975634885945813268e+00 1.975634885814345987e+00 1.975634885688138276e+00 1.975634885567766785e+00 1.975634885453655398e+00 1.975634885346395642e+00 1.975634885246275507e+00 1.975634885153719322e+00 1.975634885068969560e+00 1.975634884992314211e+00 1.975634884923950674e+00 1.975634884863969321e+00 1.975634884812567771e+00 1.975634884769700284e+00 1.975634884735488095e+00 1.975634884709916106e+00 1.975634884692969218e+00 1.975634884684586812e+00 1.975634884684708048e+00 1.975634884693317828e+00 1.975634884710340655e+00 1.975634884735700370e+00 1.975634884769351673e+00 1.975634884811279246e+00 1.975634884861468210e+00 1.975634884919873047e+00 1.975634884986599671e+00 1.975634885061602564e+00 1.975634885145033603e+00 1.975634885236953187e+00 1.975634885337497870e+00
1.999944268297197958e+00 1.999944268137627157e+00 1.999944267979132384e+00 1.999944267822608479e+00 1.999944267668843256e+00 1.999944267518624974e+00 1.999944267372711693e+00 1.999944267231770434e+00 1.999944267096467776e+00 1.999944266967380146e+00 1.999944266845068430e+00 1.999944266729911213e+00 1.999944266622408984e+00 1.999944266522879932e+00 1.999944266431612050e+00 1.999944266348848032e+00 1.999944266274754634e+00 1.999944266209483068e+00 1.999944266153124817e+00 1.999944266105709856e+00 1.999944266067268384e+00 1.999944266037755325e+00 1.999944266017109840e+00 1.999944266005286408e+00 1.999944266002224413e+00 1.999944266007787519e+00 1.999944266021915107e+00 1.999944266044531016e+00 1.999944266075559973e+00 1.999944266114941138e+00 1.999944266162628992e+00 1.999944266218653954e+00 1.999944266282985383e+00 1.999944266355729861e+00 1.999944266436887164e+00 1.999944266526639147e+00 1.999944266625091949e+00
2.021543913556403727e+00 2.021543913385297042e+00 2.021543913215464450e+00 2.021543913047768815e+00 2.021543912883150274e+00 2.021543912722397085e+00 2.021543912566281964e+00 2.021543912415563859e+00 2.021543912270863164e+00 2.021543912132801601e+00 2.021543912001940502e+00 2.021543911878779909e+00 2.021543911763652890e+00 2.021543911656999537e+00 2.021543911559062323e+00 2.021543911470068178e+00 2.021543911390184078e+00 2.021543911319577003e+00 2.021543911258216308e+00 2.021543911206223676e+00 2.021543911163477425e+00 2.021543911129977555e+00 2.021543911105633473e+00 2.021543911090369239e+00 2.021543911084017875e+00 2.021543911086488787e+00 2.021543911097675394e+00 2.021543911117456904e+00 2.021543911145727179e+00 2.021543911182395181e+00 2.021543911227460466e+00 2.021543911280847983e+00 2.021543911342571942e+00 2.021543911412709171e+00 2.021543911491320067e+00 2.021543911578540520e+00 2.021543911674492211e+00
2.040554178292556475e+00 2.040554178109383887e+00 2.040554177927697221e+00 2.040554177748466369e+00 2.040554177572554639e+00 2.040554177400872415e+00 2.040554177234237709e+00 2.040554177073363284e+00 2.040554176918961460e+00 2.040554176771699257e+00 2.040554176632091821e+00 2.040554176500639638e+00 2.040554176377812112e+00 2.040554176263852604e+00 2.040554176159139477e+00 2.040554176063854808e+00 2.040554175978165130e+00 2.040554175902131284e+00 2.040554175835799011e+00 2.040554175779152324e+00 2.040554175732146813e+00 2.040554175694706096e+00 2.040554175666678294e+00 2.040554175647927515e+00 2.040554175638332524e+00 2.040554175637725898e+00 2.040554175645911350e+00 2.040554175662767644e+00 2.040554175688172656e+00 2.040554175722051333e+00 2.040554175764282441e+00 2.040554175814849991e+00 2.040554175873755316e+00 2.040554175941027282e+00 2.040554176016773358e+00 2.040554176101083250e+00 2.040554176194170122e+00
2.057095155312405499e+00 2.057095155116727803e+00 2.057095154922717661e+00 2.057095154731450659e+00 2.057095154543867377e+00 2.057095154360861766e+00 2.057095154183298469e+00 2.057095154011979954e+00 2.057095153847634084e+00 2.057095153690867484e+00 2.057095153542301436e+00 2.057095153402421328e+00 2.057095153271651267e+00 2.057095153150354960e+00 2.057095153038789981e+00 2.057095152937169491e+00 2.057095152845613395e+00 2.057095152764168322e+00 2.057095152692879125e+00 2.057095152631654766e+00 2.057095152580450392e+00 2.057095152539083482e+00 2.057095152507433244e+00 2.057095152485286960e+00 2.057095152472462996e+00 2.057095152468733978e+00 2.057095152473933375e+00 2.057095152487863565e+00 2.057095152510404201e+00 2.057095152541357219e+00 2.057095152580647568e+00 2.057095152628244161e+00 2.057095152684102590e+00 2.057095152748282363e+00 2.057095152820829664e+00 2.057095152901941670e+00 2.057095152991754272e+00
2.071286183184777752e+00 2.071286182976048718e+00 2.071286182769305650e+00 2.071286182565548639e+00 2.071286182365838613e+00 2.071286182171115708e+00 2.071286181982304520e+00 2.071286181800208848e+00 2.071286181625585865e+00 2.071286181459117692e+00 2.071286181301381202e+00 2.071286181152891093e+00 2.071286181014117211e+00 2.071286180885378414e+00 2.071286180766916729e+00 2.071286180658914233e+00 2.071286180561507262e+00 2.071286180474710914e+00 2.071286180398510535e+00 2.071286180332799542e+00 2.071286180277456701e+00 2.071286180232300378e+00 2.071286180197118298e+00 2.071286180171652447e+00 2.071286180155660350e+00 2.071286180148930178e+00 2.071286180151203915e+00 2.071286180162254187e+00 2.071286180181838521e+00 2.071286180209851224e+00 2.071286180246124875e+00 2.071286180290583978e+00 2.071286180343213434e+00 2.071286180404013244e+00 2.071286180473149940e+00 2.071286180550653722e+00 2.071286180636828345e+00
2.083245404994219729e+00 2.083245404771969511e+00 2.083245404551917090e+00 2.083245404335245077e+00 2.083245404122984201e+00 2.083245403916180294e+00 2.083245403715742849e+00 2.083245403522551165e+00 2.083245403337393054e+00 2.083245403160966180e+00 2.083245402993876727e+00 2.083245402836686022e+00 2.083245402689771986e+00 2.083245402553499659e+00 2.083245402428110626e+00 2.083245402313786965e+00 2.083245402210589514e+00 2.083245402118533818e+00 2.083245402037512850e+00 2.083245401967451560e+00 2.083245401908122130e+00 2.083245401859297186e+00 2.083245401820719600e+00 2.083245401792100715e+00 2.083245401773138106e+00 2.083245401763512472e+00 2.083245401762921389e+00 2.083245401771106842e+00 2.083245401787811257e+00 2.083245401812807263e+00 2.083245401846003819e+00 2.083245401887218851e+00 2.083245401936452801e+00 2.083245401993735868e+00 2.083245402059098250e+00 2.083245402132737123e+00 2.083245402214879416e+00
