BlockUplift_2Ma_1kryTimeStep_2mmyr_k_1e-05_m_0.5_n_1.0_LinDiffusion_0.25_3x6km_30mRes_topographic__steepest_slope.txt
nrows 200
cellsize 30.0
xllcorner 0.0
ncols 100
yllcorner 0.0
[rows 34 to 50 of 200, columns 0 to 36 of 100]
0.000000000000000000e+00 5.686069975221774708e-01 5.673919845738358836e-01 5.648444957503367947e-01 5.607662235995424238e-01 5.549822344971896415e-01 5.475053456777762007e-01 5.638284653054665974e-01 6.121529767218912843e-01 6.589859071963504178e-01 7.016000820444439068e-01 7.388471108557606026e-01 7.706281021675951415e-01 7.972724805087653133e-01 8.191885491923568408e-01 8.367625476311034705e-01 8.503598885601857393e-01 8.603384614973403899e-01 8.670521897568154168e-01 8.708486131815360576e-01 8.720651551575687721e-01 8.710256313485797985e-01 8.680373426683648530e-01 8.633889584151458463e-01 8.573493000600401759e-01 8.501669364642806537e-01 8.420703644087960127e-01 8.332685432804520786e-01 8.239515994154147371e-01 8.142915091219794510e-01 8.044425098814053099e-01 7.945409945642619709e-01 7.847048167945904762e-01 7.750321848349079890e-01 7.656003584074547730e-01 7.564642102047651750e-01 7.476557470110425374e-01
0.000000000000000000e+00 5.649592362560421632e-01 5.637870921867337293e-01 5.613294265327719579e-01 5.573931327891084031e-01 5.518013826220794504e-01 5.445474233312931345e-01 5.552101103149610362e-01 6.035321215531841421e-01 6.506796993168624255e-01 6.937646625914096754e-01 7.315095860771402281e-01 7.637486579839160017e-01 7.907895599536937103e-01 8.130382529905538780e-01 8.308835078287239995e-01 8.446937403838834513e-01 8.548296659713497947e-01 8.616478010856525316e-01 8.654981288718170962e-01 8.667206420784780985e-01 8.656421336239518149e-01 8.625733315855240724e-01 8.578065259747713611e-01 8.516139455403631819e-01 8.442470053425252807e-01 8.359363203621551497e-01 8.268922491139331088e-01 8.173057344181339223e-01 8.073492593975718501e-01 7.971777371043531346e-01 7.869291053624484222e-01 7.767244077912512923e-01 7.666672670757044283e-01 7.568427667300500206e-01 7.473157166005381935e-01 7.381287781978862483e-01
0.000000000000000000e+00 5.612822473277143676e-01 5.601617989187616109e-01 5.578094093886647453e-01 5.540321209399280411e-01 5.486442539713001221e-01 5.416152679535570780e-01 5.467241345297059185e-01 5.950014631834683598e-01 6.424343092078308448e-01 6.859812676521838126e-01 7.242317402434892415e-01 7.569449086183288600e-01 7.844006416869168108e-01 8.069996161756055608e-01 8.251322617433548556e-01 8.391702819930801915e-01 8.494781707818984673e-01 8.564162069823861856e-01 8.603377238181519893e-01 8.615856296342466747e-01 8.604895096875539995e-01 8.573630964642739993e-01 8.525019856849799238e-01 8.461818033427632724e-01 8.386570918781706130e-01 8.301610147741612655e-01 8.209057611291787904e-01 8.110834133673840984e-01 8.008670499065437820e-01 7.904119082249599915e-01 7.798564420124489693e-01 7.693230695057633461e-01 7.589184016453831561e-01 7.487327645143450061e-01 7.388387953197961266e-01 7.292890836926362308e-01
0.000000000000000000e+00 5.575848660959157321e-01 5.565281701378808066e-01 5.543033328539119786e-01 5.507121162860585395e-01 5.455502874715117967e-01 5.387534322895135563e-01 5.383864552437168660e-01 5.865735753568237509e-01 6.342654978416973899e-01 6.782723916033214229e-01 7.170422896541182034e-01 7.502491912413075115e-01 7.781393400583048736e-01 8.011063287481114958e-01 8.195420753745547016e-01 8.338218240930999059e-01 8.443144570022366180e-01 8.513850345869183878e-01 8.553914012968358849e-01 8.566802582866064331e-01 8.555843017031762310e-01 8.524200652363360664e-01 8.474860128074159782e-01 8.410608311734693032e-01 8.334021460684458704e-01 8.247459056096145824e-01 8.153065100158684020e-01 8.052775647735661568e-01 7.948330257114728514e-01 7.841285162475938320e-01 7.733026542233749634e-01 7.624782423982866542e-01 7.517631384130318839e-01 7.412505520557641780e-01 7.310183978474493749e-01 7.211272832599062710e-01
0.000000000000000000e+00 5.538637443659202297e-01 5.528832025026076957e-01 5.508098497543717498e-01 5.474365987544236312e-01 5.425327201457548210e-01 5.359890737359062074e-01 5.302157223689364374e-01 5.782686419828958480e-01 6.261986456612427254e-01 6.706694698939360544e-01 7.099766058444516581e-01 7.436975698774200838e-01 7.720400009913069850e-01 7.953901728206519417e-01 8.141424229069813556e-01 8.286759967261563276e-01 8.393643398951484702e-01 8.465777558348354104e-01 8.506795036016271405e-01 8.520211361649704385e-01 8.509392486044644599e-01 8.477534277567079224e-01 8.427647584857597129e-01 8.362545186716945356e-01 8.284830477624750555e-01 8.196889928779552692e-01 8.100891517926117613e-01 7.998789809480209012e-01 7.892336472593209917e-01 7.783094005626327583e-01 7.672450587234106445e-01 7.561634599042430516e-01 7.451727568581646421e-01 7.343673594439806829e-01 7.238281486307298618e-01 7.136213443015493318e-01
0.000000000000000000e+00 5.501049345451519690e-01 5.492103374342149902e-01 5.473083223310671874e-01 5.441826367420010691e-01 5.395735907350627247e-01 5.333212398522998443e-01 5.255416788154586571e-01 5.701240567167902284e-01 6.182776384160069139e-01 6.632193859114347001e-01 7.030808505587706758e-01 7.373325561272241480e-01 7.661398858896959485e-01 7.898829535007368952e-01 8.089604785795742048e-01 8.237565562964258570e-01 8.346491048404084401e-01 8.420134779969085104e-01 8.462186121260821814e-01 8.476216731465113785e-01 8.465640874872393251e-01 8.433691768564918201e-01 8.383408211915756025e-01 8.317625900966324481e-01 8.238970288506136663e-01 8.149850765397912422e-01 8.052457984487650933e-01 7.948766368267301541e-01 7.840542434681536665e-01 7.729357772780739433e-01 7.616604544350559225e-01 7.503511593443640271e-01 7.391159921224511598e-01 7.280496354824596006e-01 7.172342754623396432e-01 7.067394796291492920e-01
0.000000000000000000e+00 5.462882369912525071e-01 5.454851317213978978e-01 5.437666085654352388e-01 5.409100757676393867e-01 5.366311137132016018e-01 5.307210985913267676e-01 5.232364344601440065e-01 5.621956377290183715e-01 6.105645891617440535e-01 6.559829333695594844e-01 6.964099622350962138e-01 7.312015331296114473e-01 7.604786140003756412e-01 7.846169786982735150e-01 8.040221801509772614e-01 8.190844125120697594e-01 8.301860491124664065e-01 8.377069235291324523e-01 8.420212395879881351e-01 8.434919033160033219e-01 8.424658066671110168e-01 8.392708163538553645e-01 8.342141854161884140e-01 8.275818726031058947e-01 8.196382772472846634e-01 8.106260835413823251e-01 8.007661791459601552e-01 7.902578171618223069e-01 7.792792168620443771e-01 7.679886647298355129e-01 7.565260052264655144e-01 7.450143232416477357e-01 7.335616481745087514e-01 7.222625740658749072e-01 7.111996460731940806e-01 7.004440777959883846e-01
0.000000000000000000e+00 5.423927760472603277e-01 5.416830398458993834e-01 5.401528313719609065e-01 5.375775148957321337e-01 5.336568917530863931e-01 5.281436245919091110e-01 5.210358749432392189e-01 5.545492992276974675e-01 6.031298968096229229e-01 6.490254904258501156e-01 6.900202115156369720e-01 7.253515867287214647e-01 7.550951924988552610e-01 7.796239685459032120e-01 7.993524910459032240e-01 8.146785560772582535e-01 8.259893942389954224e-01 8.336688778695611202e-01 8.380957392964641928e-01 8.396381207962175797e-01 8.386484097995701159e-01 8.354595410634149122e-01 8.303828390912100232e-01 8.237071332783739708e-01 8.156987020643893249e-01 8.066015731931320820e-01 7.966378726274697675e-01 7.860081823463966888e-01 7.748920698348989999e-01 7.634489790587891678e-01 7.518195442172671550e-01 7.401272247782811897e-01 7.284800837590441613e-01 7.169725643063289411e-01 7.056871547886667262e-01 6.946956751666946150e-01
0.000000000000000000e+00 5.384006941663755930e-01 5.377848336283477249e-01 5.364442829424660442e-01 5.341558842573400634e-01 5.306133561359881456e-01 5.255446288759079154e-01 5.188983137926849176e-01 5.472492235350551182e-01 5.960397364984224566e-01 6.424064913887568284e-01 6.839615021884555279e-01 7.198242764063927934e-01 7.500246768122496022e-01 7.749332603891017079e-01 7.949749350524724090e-01 8.105565893019743839e-01 8.220712864308069578e-01 8.299070865572089062e-01 8.344467112691460464e-01 8.360627465427248328e-01 8.351125096316468488e-01 8.319339491603463532e-01 8.268428831624661246e-01 8.201316067699644385e-01 8.120686690632612503e-01 8.028993990577952822e-01 7.928467137404124898e-01 7.821119059723968814e-01 7.708753750025018059e-01 7.592974597268741244e-01 7.475195605230803286e-01 7.356656129265261024e-01 7.238438258369959133e-01 7.121485324912397719e-01 7.006620245020004356e-01 6.894561896064016482e-01
0.000000000000000000e+00 5.342973245727989928e-01 5.337770185851240523e-01 5.326288311578082357e-01 5.306323769494610820e-01 5.274821129094865446e-01 5.228941809486059578e-01 5.167804245993768975e-01 5.403500776479128742e-01 5.893489168796888222e-01 6.361743647516011624e-01 6.782742435870322550e-01 7.146535390424183509e-01 7.452964407579631967e-01 7.705703800351964006e-01 7.909107579686006639e-01 8.067347041098424931e-01 8.184425015181934215e-01 8.264272926862835655e-01 8.310758759775058735e-01 8.327646946136002537e-01 8.318551562682786615e-01 8.286895971688261753e-01 8.235881943598643007e-01 8.168470356217868433e-01 8.087374389848119849e-01 7.995063427481505780e-01 7.893773514082732534e-01 7.785519812115407889e-01 7.672108158080327422e-01 7.555145412415711359e-01 7.436050194636056876e-01 7.316065839671037629e-01 7.196276270098217465e-01 7.077624124820688367e-01 6.960929876019099627e-01 6.846910327944821795e-01
0.000000000000000000e+00 5.300689693630222799e-01 5.296486123903377807e-01 5.287002423304481002e-01 5.270052514862224591e-01 5.242612452610956320e-01 5.201808142589167128e-01 5.146512783172663141e-01 5.338959607012734310e-01 5.831011492362464521e-01 6.303680330709423574e-01 6.729912584475112869e-01 7.098670624184880706e-01 7.409345333121289956e-01 7.665565279992689884e-01 7.871781036118288277e-01 8.032271571537071830e-01 8.151125731402395491e-01 8.232339860199002768e-01 8.279830926295564941e-01 8.297402005805836200e-01 8.288701572284031815e-01 8.257187897403155397e-01 8.206099434891013233e-01 8.138432856518671432e-01 8.056931402576519297e-01 7.964084637009269940e-01 7.862137804851416778e-01 7.753106733510820581e-01 7.638793896914787274e-01 7.520802916818929429e-01 7.400551276580403792e-01 7.279282842615996119e-01 7.158082038977464645e-01 7.037890499451748827e-01 6.919525784608159258e-01 6.803700833707312379e-01
0.000000000000000000e+00 5.257004021428050011e-01 5.253874314585421645e-01 5.246522189824494031e-01 5.232755153585154639e-01 5.209566723161515034e-01 5.174072582361077810e-01 5.124981618714172793e-01 5.279237167833389366e-01 5.773333917425094164e-01 6.250214951769612615e-01 6.681418682339201887e-01 7.054893195727639510e-01 7.369593746049935001e-01 7.629089917037333857e-01 7.837915380480545702e-01 8.000455089490641214e-01 8.120893229989578632e-01 8.203305483869766102e-01 8.251670833178688103e-01 8.269837880773140970e-01 8.261488485853083485e-01 8.230108519143009005e-01 8.178963493837060339e-01 8.111078312471594609e-01 8.029223402346923333e-01 7.935910064296584077e-01 7.833396037766368059e-01 7.723699488958483128e-01 7.608617524065741655e-01 7.489745072900120260e-01 7.368491604964394481e-01 7.246095544840186475e-01 7.123638005964432196e-01 7.002057752646447808e-01 6.882168394398415767e-01 6.764677436409839428e-01
0.000000000000000000e+00 5.211732007589185978e-01 5.209777616813122680e-01 5.204745702307870259e-01 5.194408269738687300e-01 5.175739970008937929e-01 5.145826185150023102e-01 5.103238843758693966e-01 5.224672027432303301e-01 5.720803807132203156e-01 6.201679544398867039e-01 6.637554197022648150e-01 7.015444507023125276e-01 7.333898483006410229e-01 7.596422549725999618e-01 7.807621574582503943e-01 7.971980161984613122e-01 8.093780502922039988e-01 8.177187566181326472e-01 8.226255419928779622e-01 8.244889394590416698e-01 8.236809989300780677e-01 8.205528423114600844e-01 8.154329073602918365e-01 8.086254788257550841e-01 8.004095024546697967e-01 7.910379314310288512e-01 7.807378761632161046e-01 7.697116504691526861e-01 7.581385430129453651e-01 7.461769446688180096e-01 7.339664407208500441e-01 7.216296333754277370e-01 7.092736914220002520e-01 6.969917951613888718e-01 6.848646788586644218e-01 6.729623743364236965e-01
0.000000000000000000e+00 5.164648282343933250e-01 5.163993955124926982e-01 5.161519003009289452e-01 5.154931013672466866e-01 5.141141032475843309e-01 5.117158019861866025e-01 5.081399524485277208e-01 5.175608237313534810e-01 5.673778082607724427e-01 6.158423175911383884e-01 6.598633470703284543e-01 6.980582211711516827e-01 7.302451728072353321e-01 7.567694737713884789e-01 7.780983157477305845e-01 7.946895037477760271e-01 8.069807867350459185e-01 8.153978953478898672e-01 8.203545866862903546e-01 8.222481555068038572e-01 8.214554232745957529e-01 8.183303974978592965e-01 8.132030505007571408e-01 8.063785583053701966e-01 7.981366859046771234e-01 7.887313495519000517e-01 7.783905989327064567e-01 7.673172800986951536e-01 7.556904723598121265e-01 7.436675404481901674e-01 7.313864546627582008e-01 7.189680124934543226e-01 7.065177466498925307e-01 6.941275287384879311e-01 6.818770468899817416e-01 6.698353605109218512e-01
0.000000000000000000e+00 5.115480373584735396e-01 5.116272733330636813e-01 5.116635936077121860e-01 5.114185360378390444e-01 5.105722425705607748e-01 5.088122782480392070e-01 5.059604168477562780e-01 5.132423017822385081e-01 5.632645013538931655e-01 6.120826146753663988e-01 6.565001720301650856e-01 6.950590783641612536e-01 7.275462330745046113e-01 7.543039098487676064e-01 7.758067491724260911e-01 7.925218131839265601e-01 8.048959723982563874e-01 8.133638940568708176e-01 8.183478081016344330e-01 8.202523668460905970e-01 8.194600027525243968e-01 8.163282983298749684e-01 8.111889433208812061e-01 8.043475406150755180e-01 7.960837065350744313e-01 7.866512028538306112e-01 7.762781358718007230e-01 7.651674605503024917e-01 7.534980482030796400e-01 7.414264151482011789e-01 7.290889673250975367e-01 7.166044355924995335e-01 7.040761594982918314e-01 6.915940250795057365e-01 6.792360816505131904e-01 6.670700197469736636e-01
0.000000000000000000e+00 5.063903602319896891e-01 5.066311910561277498e-01 5.069839813635098613e-01 5.071983248877738326e-01 5.069388419158713521e-01 5.058737273520212963e-01 5.037987647986937878e-01 5.095551827143003365e-01 5.597843885423168242e-01 6.089312010591567681e-01 6.537041198464669245e-01 6.925786045616241227e-01 7.253162502633111464e-01 7.522599268718037635e-01 7.738936889768733840e-01 7.906946413695826736e-01 8.031186847123314987e-01 8.116088628050968090e-01 8.165953347955828834e-01 8.184899525258576558e-01 8.176810795285417433e-01 8.145304669999350322e-01 8.093720132654602661e-01 8.025117902158732663e-01 7.942287183278491369e-01 7.847754019334267639e-01 7.743788804266653614e-01 7.632413372118236339e-01 7.515410074126310791e-01 7.394335442500962197e-01 7.270539464611620595e-01 7.145189151446683651e-01 7.019293362631906508e-01 6.893725716162286687e-01 6.769243877398634091e-01 6.646505613291046055e-01
0.000000000000000000e+00 5.009536462108977739e-01 5.013754306402309346e-01 5.020822489511829190e-01 5.028090863984895353e-01 5.032005065471669703e-01 5.028990844927647696e-01 5.016677083445150176e-01 5.065515086749482476e-01 5.569887493846253923e-01 6.064362398941970378e-01 6.515177963015174045e-01 6.906516604352593847e-01 7.235808249561174188e-01 7.506532968157551000e-01 7.723655336920458581e-01 7.892063776916961038e-01 8.016412655152476141e-01 8.101211832871545448e-01 8.150833005424279465e-01 8.169457884567735695e-01 8.161024843202476786e-01 8.129193716411765580e-01 8.077329422898272826e-01 8.008500729648474481e-01 7.925489321296460554e-01 7.830803757896166450e-01 7.726693729118532250e-01 7.615162352443122229e-01 7.497977076307397182e-01 7.376681663061736005e-01 7.252611866760237946e-01 7.126915871988753759e-01 7.000578305380750210e-01 6.874445004569162965e-01 6.749245661083854708e-01 6.625612892399562748e-01
