BlockTilt_5Ma_1mmyr_m1_n5_k1Minus4_10kyrTimeStep_wLinDiff_30mRes_7p5kmBy15km.txt
nrows 250
cellsize 30.0
xllcorner 0.0
ncols 500
yllcorner 0.0
[rows 0 to 16 of 250, columns 370 to 406 of 500]
1.597496512882836577e-04 4.896162560435845916e-05 8.275836882516457872e-04 5.227389369312804117e-04 7.061144622636779476e-04 3.203623156224877605e-05 7.505344632180999154e-06 8.096406988155707652e-04 2.783876130083305688e-04 5.818120885495174557e-04 3.051823834450230000e-04 1.319714247520686824e-04 4.978907306016166047e-04 7.797722919993113145e-04 9.896467455659955018e-04 9.943325439231321273e-04 9.403620215916720605e-04 5.752726013966364196e-04 4.051098961124255154e-05 1.960592704441214171e-04 9.889599430340360355e-04 3.092632280363594182e-05 5.903667125410211325e-04 9.806930777621597050e-04 8.725364031233805249e-04 2.352729374850510622e-04 5.199272755547800547e-04 2.022756012040116609e-05 1.689301705147794173e-05 3.553814794245705637e-04 5.938703363510698576e-04 2.512649411249157021e-05 4.142620976437131415e-04 3.121983572718124169e-04 4.756213732856564734e-04 7.439115484395141670e-04 7.424462565068410628e-04
2.231542651807081370e+02 2.249892205738758548e+02 2.268713238035714994e+02 2.287906292832374220e+02 2.307394228619552621e+02 2.327114768067495163e+02 2.347012549158696970e+02 2.367031127888302535e+02 2.387105017843242365e+02 2.407151691463998020e+02 2.427063531555590430e+02 2.446699996428415034e+02 2.465880695479991118e+02 2.484380557494397976e+02 2.501928648394105039e+02 2.518212267639396202e+02 2.532887565705723887e+02 2.545597031696833596e+02 2.555992918927853452e+02 2.563764294806983344e+02 2.568664309770796308e+02 2.570533850363959800e+02 2.569318192039330597e+02 2.565074562402268157e+02 2.557970352272608352e+02 2.548273548341394701e+02 2.536338228047141854e+02 2.522588213550477576e+02 2.507501107255093871e+02 2.491593227316980688e+02 2.475404106811356542e+02 2.459478060556215553e+02 2.444340538731501056e+02 2.430468754268368627e+02 2.418258890447263809e+02 2.407994993701869646e+02 2.399826190258048655e+02
2.227858408431846158e+02 2.246238832794461473e+02 2.265069885751131267e+02 2.284255681153840953e+02 2.303724006013625285e+02 2.323418306251257945e+02 2.343289213402961479e+02 2.363286084283305399e+02 2.383348631516989258e+02 2.403398552988788879e+02 2.423331142720861351e+02 2.443007164058865044e+02 2.462245723896623701e+02 2.480819384630725892e+02 2.498453116565023606e+02 2.514828735178976160e+02 2.529596035509298417e+02 2.542390897350722128e+02 2.552859325444558181e+02 2.560685007288621478e+02 2.565616908757162946e+02 2.567493045927069488e+02 2.566257071628058384e+02 2.561965646188280630e+02 2.554786403057772191e+02 2.544988152228440867e+02 2.532926216644718522e+02 2.519026035232394634e+02 2.503767271804827033e+02 2.487668938988559262e+02 2.471274156107318163e+02 2.455131960286620654e+02 2.439773775517887771e+02 2.425683912652193612e+02 2.413266336636909557e+02 2.402812819717184425e+02 2.394479233029205147e+02
2.220572439388475061e+02 2.239005769361201601e+02 2.257850746564505471e+02 2.277018691180339260e+02 2.296447120742471384e+02 2.316090649093175671e+02 2.335911506138112372e+02 2.355870187873974544e+02 2.375916298653421848e+02 2.395979462915281033e+02 2.415960281068939537e+02 2.435721648770643526e+02 2.455081262623222926e+02 2.473806654703764991e+02 2.491614444690350751e+02 2.508175477646872764e+02 2.523126994042437445e+02 2.536091953078690153e+02 2.546704268379867528e+02 2.554637337048406494e+02 2.559632240772298815e+02 2.561521711404029134e+02 2.560246550791006825e+02 2.555862594079687824e+02 2.548538172707783360e+02 2.538543854454447057e+02 2.526237459621819710e+02 2.512047555718707770e+02 2.496457701537060245e+02 2.479991933849303507e+02 2.463200034131486973e+02 2.446639836568350859e+02 2.430853964171414248e+02 2.416340142869647991e+02 2.403517184052261086e+02 2.392691764581249174e+02 2.384032959253883348e+02
2.209847856641138435e+02 2.228340147851763504e+02 2.247192053650057630e+02 2.266325824879846209e+02 2.285693238698100060e+02 2.305264968386694306e+02 2.325019694043305662e+02 2.344933505969803207e+02 2.364969636463720235e+02 2.385068357490616506e+02 2.405137017124148144e+02 2.425040598971711461e+02 2.444593754658494902e+02 2.463555802722962937e+02 2.481630497985983084e+02 2.498472259580320269e+02 2.513699894230549887e+02 2.526917703479768988e+02 2.537742432298562392e+02 2.545833151434637784e+02 2.550920257423566966e+02 2.552829630090988076e+02 2.551498725544894057e+02 2.546982877661505142e+02 2.539451979423325554e+02 2.529179514258152324e+02 2.516527080619951562e+02 2.501927705116094387e+02 2.485870258736820517e+02 2.468885452397396421e+02 2.451531845669081235e+02 2.434378919801355607e+02 2.417984300511126889e+02 2.402863957303168831e+02 2.389457238094679781e+02 2.378091843331425537e+02 2.368955939198891087e+02
2.195923691422167678e+02 2.214460950781024167e+02 2.233299541744764838e+02 2.252376396027177066e+02 2.271661625737555994e+02 2.291146036351698001e+02 2.310828538629822901e+02 2.330704044935680201e+02 2.350751847608574110e+02 2.370924275281247162e+02 2.391135614037092409e+02 2.411251775751456989e+02 2.431081832758863186e+02 2.450373099741408396e+02 2.468811697538062333e+02 2.486030289476292410e+02 2.501623863309981175e+02 2.515173134709565943e+02 2.526273640098694671e+02 2.534567250532435878e+02 2.539772059453257498e+02 2.541706639162560464e+02 2.540305577443531888e+02 2.535624816409434743e+02 2.527837244786722977e+02 2.517220755874036513e+02 2.504142088578714436e+02 2.489039855936902654e+02 2.472409129753214359e+02 2.454788047945665141e+02 2.436744772787740203e+02 2.418861616492196447e+02 2.401713061121487272e+02 2.385836088848326995e+02 2.371694351012189941e+02 2.359641178828400996e+02 2.349888859945108663e+02
2.179106589170156667e+02 2.197654634477421212e+02 2.216447189037311318e+02 2.235439477358781346e+02 2.254623347572110674e+02 2.274012741586122957e+02 2.293629253821293617e+02 2.313488375245424891e+02 2.333586370291997980e+02 2.353887547421454371e+02 2.374311949936939925e+02 2.394724085949356152e+02 2.414924024899412416e+02 2.434642755040742088e+02 2.453543867927353972e+02 2.471233232250152128e+02 2.487277307131778059e+02 2.501229281568284080e+02 2.512660642978509316e+02 2.521194491561179518e+02 2.526536302862024854e+02 2.528498107492026179e+02 2.527013181866497007e+02 2.522140083017274037e+02 2.514056815127067352e+02 2.503047621534958296e+02 2.489485914840687144e+02 2.473816869541208803e+02 2.456542111890463218e+02 2.438206982797863986e+02 2.419388616709377686e+02 2.400681424254410103e+02 2.382676319325720442e+02 2.365931622972487958e+02 2.350936731213335520e+02 2.338073327218790212e+02 2.327581697191698140e+02
2.159759023558775084e+02 2.178267497654993861e+02 2.196972884111532096e+02 2.215851908987500565e+02 2.234920630157386654e+02 2.254217837812194318e+02 2.273788752826966686e+02 2.293669597571875158e+02 2.313872926451736305e+02 2.334373456716863018e+02 2.355094499592518957e+02 2.375895787707694922e+02 2.396564267904633994e+02 2.416809981485022831e+02 2.436269216957095693e+02 2.454516530274341335e+02 2.471086000791430877e+02 2.485500454437858480e+02 2.497305734713894765e+02 2.506105887868374680e+02 2.511594708963858125e+02 2.513579616116246882e+02 2.511995174065288552e+02 2.506905462591346065e+02 2.498496458282687058e+02 2.487061234309301199e+02 2.472981701467658411e+02 2.456710545562299330e+02 2.438755879864914391e+02 2.419669130533048360e+02 2.400034356127040382e+02 2.380455396296577248e+02 2.361536805692939538e+02 2.343855965907437735e+02 2.327926901837157629e+02 2.314160198951633731e+02 2.302826558574214459e+02
2.138285893806595936e+02 2.156696047163543142e+02 2.175271753438881035e+02 2.194013704031564771e+02 2.212963447575969553e+02 2.232184858650987849e+02 2.251746115802880581e+02 2.271702701640791133e+02 2.292081245874267097e+02 2.312863953980060785e+02 2.333973833003365428e+02 2.355261725580826067e+02 2.376496987184089562e+02 2.397364158296896903e+02 2.417467913811926223e+02 2.436347776684115445e+02 2.453502632442450988e+02 2.468423273425392495e+02 2.480629495973958853e+02 2.489707150425371651e+02 2.495340339007163379e+02 2.497334748224951682e+02 2.495629695140482909e+02 2.490298478275994114e+02 2.481538610137180285e+02 2.469655066293570655e+02 2.455040498485381875e+02 2.438156213190124504e+02 2.419516546877257213e+02 2.399677246169586624e+02 2.379226076946000887e+02 2.358771927465997749e+02 2.338928006619608482e+02 2.320285954353820728e+02 2.303380710294635492e+02 2.288649962311552883e+02 2.276395474885019041e+02
2.115122852881179654e+02 2.133378171837600803e+02 2.151789472952850417e+02 2.170382757473596484e+02 2.189224908883316800e+02 2.208403524554616126e+02 2.228007448560612431e+02 2.248108416850104447e+02 2.268743569246191214e+02 2.289898600660964689e+02 2.311491911787786080e+02 2.333361015580269680e+02 2.355253312223532021e+02 2.376823804339487651e+02 2.397642105366067824e+02 2.417210086024048792e+02 2.434989832393513041e+02 2.450439620671910177e+02 2.463053866277377040e+02 2.472401983177164482e+02 2.478161105261283979e+02 2.480138684901089334e+02 2.478282813889394447e+02 2.472680258686694970e+02 2.463544201620023557e+02 2.451195162052869136e+02 2.436039283739613950e+02 2.418547961159956117e+02 2.399241590299385223e+02 2.378678205812208546e+02 2.357445333779143368e+02 2.336151279697777738e+02 2.315411153021647408e+02 2.295823856965067193e+02 2.277939100950415821e+02 2.262217480400331056e+02 2.248990431648262813e+02
2.090729970494726899e+02 2.108788270488268211e+02 2.127018263315002571e+02 2.145471139588985920e+02 2.164237346518830236e+02 2.183425212250361938e+02 2.203140420377601458e+02 2.223466610939507007e+02 2.244446803273667399e+02 2.266065472261206253e+02 2.288231817886242254e+02 2.310765746509053997e+02 2.333388950867589244e+02 2.355723860429635295e+02 2.377302859238168367e+02 2.397588953710893804e+02 2.416007195618697949e+02 2.431984053075453573e+02 2.444990143545353760e+02 2.454580821541065347e+02 2.460429338065354727e+02 2.462348606575619101e+02 2.460299663449185061e+02 2.454387188956749810e+02 2.444844475617514945e+02 2.432011653763728134e+02 2.416311615419106431e+02 2.398227816207696605e+02 2.378286950116007858e+02 2.357047488576110936e+02 2.335092612687943756e+02 2.313023813067479182e+02 2.291450236680423700e+02 2.270969436640765480e+02 2.252137711101611899e+02 2.235432107173910197e+02 2.221210134960450091e+02
2.065592803326661624e+02 2.083438015123884099e+02 2.101496860322843645e+02 2.119843887955498190e+02 2.138589662177675450e+02 2.157858708901328839e+02 2.177768397835086489e+02 2.198408880063184370e+02 2.219823732052005596e+02 2.241991224029762577e+02 2.264806951334673784e+02 2.288069608357818083e+02 2.311472546032191531e+02 2.334604055149183068e+02 2.356958794642200417e+02 2.377961383874404930e+02 2.397001122263839648e+02 2.413474565082593983e+02 2.426830879684850117e+02 2.436614070333491782e+02 2.442496560670819008e+02 2.444300158247129957e+02 2.442002674938545965e+02 2.435730879931580262e+02 2.425742519520839835e+02 2.412401531699524071e+02 2.396151167312712005e+02 2.377489448319672078e+02 2.356950232474889333e+02 2.335091188391557466e+02 2.312487508936236793e+02 2.289727801320469496e+02 2.267407108374630411e+02 2.246112192335234283e+02 2.226396353786898601e+02 2.208744735956154841e+02 2.193535138433772147e+02
2.040229832430237877e+02 2.057881412438544544e+02 2.075812852283526411e+02 2.094118445110010498e+02 2.112923857934628700e+02 2.132363983931500115e+02 2.152561737001032611e+02 2.173607747088192355e+02 2.195540583158055483e+02 2.218327529066304749e+02 2.241846852206112999e+02 2.265873584284930189e+02 2.290071671237660667e+02 2.313995568477547522e+02 2.337103707348248349e+02 2.358784709464267735e+02 2.378395030272348265e+02 2.395304382400657062e+02 2.408943459263625186e+02 2.418847699239966857e+02 2.424691356979887473e+02 2.426307845914376458e+02 2.423694722104864638e+02 2.417004197696165875e+02 2.406522188534958957e+02 2.392640307517129941e+02 2.375825797365617120e+02 2.356594131059427752e+02 2.335487892347240972e+02 2.313063635321374250e+02 2.289885946323701944e+02 2.266525420248825071e+02 2.243555492501307072e+02 2.221542816223223440e+02 2.201027554582083496e+02 2.182493313293398103e+02 2.166330499680108232e+02
2.015201520029174844e+02 2.032719316146412325e+02 2.050602507298634123e+02 2.068959891981428143e+02 2.087925973285419161e+02 2.107639301119032211e+02 2.128221680370265858e+02 2.149758053404111422e+02 2.172276683598261968e+02 2.195729783177513070e+02 2.219975709989695076e+02 2.244764949410176769e+02 2.269732900006300440e+02 2.294402630424153529e+02 2.318200032706201910e+02 2.340482148971295828e+02 2.360577162096499535e+02 2.377832143098714539e+02 2.391662787738741827e+02 2.401598609222275513e+02 2.407317637864389894e+02 2.408666466397845625e+02 2.405663991042725627e+02 2.398489818211429565e+02 2.387460507417704605e+02 2.372998292327862941e+02 2.355597557241534616e+02 2.335794137282142913e+02 2.314141461451434623e+02 2.291195705571147698e+02 2.267509657321492398e+02 2.243632380890577451e+02 2.220109728767549484e+02 2.197480064945362130e+02 2.176260737382976913e+02 2.156923776410017410e+02 2.139863219508545455e+02
1.991113385426180002e+02 2.008596046614941883e+02 2.026541110006535860e+02 2.045065435917204013e+02 2.064305373716861993e+02 2.084396125400611481e+02 2.105451822339244075e+02 2.127546000627191347e+02 2.150692125120880007e+02 2.174824421368721517e+02 2.199780288751673538e+02 2.225286645309858216e+02 2.250953316168060780e+02 2.276276677461207214e+02 2.300655980222787491e+02 2.323423091976578689e+02 2.343884072829117429e+02 2.361368569472297452e+02 2.375281112540923800e+02 2.385147601754896129e+02 2.390650825611656671e+02 2.391650656388452205e+02 2.388187117036347615e+02 2.380467219250209041e+02 2.368838782806287497e+02 2.353756036745883193e+02 2.335742550770974049e+02 2.315356935467327446e+02 2.293165786870218881e+02 2.269726564946762153e+02 2.245580649132777182e+02 2.221254118274345046e+02 2.197261527161305708e+02 2.174106861940847750e+02 2.152276511401322239e+02 2.132221544543056382e+02 2.114330250624672942e+02
1.968604887513939445e+02 1.986180656597151426e+02 2.004317201291723904e+02 2.023132458750475564e+02 2.042757623465249992e+02 2.063317962813066231e+02 2.084914134865010453e+02 2.107603609329698315e+02 2.131381884818695767e+02 2.156163861637488708e+02 2.181766738614970791e+02 2.207896840844277619e+02 2.234143505636546934e+02 2.259983234200122979e+02 2.284796538282431868e+02 2.307898252942312922e+02 2.328579791712786573e+02 2.346159385105251260e+02 2.360034398919979139e+02 2.369728938942868410e+02 2.374930404265931827e+02 2.375510360911779060e+02 2.371527640175540341e+02 2.363214327722605788e+02 2.350947752559110882e+02 2.335213347512586495e+02 2.316564171351620871e+02 2.295582913473911049e+02 2.272851341234566576e+02 2.248930430620283119e+02 2.224351997290413010e+02 2.199619893599604836e+02 2.175216375094577756e+02 2.151607795648273225e+02 2.129243949777412297e+02 2.108547313244818326e+02 2.089891736394642408e+02
1.948318282875836189e+02 1.966128270709967865e+02 1.984587449244311870e+02 2.003808141231923514e+02 2.023910187361455542e+02 2.045003508251846540e+02 2.067170926816265251e+02 2.090450811102948592e+02 2.114819286438111305e+02 2.140172447162491665e+02 2.166309965435704612e+02 2.192922473720306584e+02 2.219585782127871312e+02 2.245765085691038792e+02 2.270831604597667308e+02 2.294092539306406593e+02 2.314833014663180393e+02 2.332366283873345481e+02 2.346086464504947742e+02 2.355517048086321097e+02 2.360348690332706099e+02 2.360461323436537100e+02 2.355928071956285521e+02 2.347001245667795502e+02 2.334083273625881532e+02 2.317687424023530696e+02 2.298394295601799797e+02 2.276810274012337914e+02 2.253533399912737707e+02 2.229130439105323092e+02 2.204126545367321910e+02 2.179006126084826462e+02 2.154220929863778338e+02 2.130199651239750551e+02 2.107353069306078339e+02 2.086070150937133860e+02 2.066703413132642879e+02
