BlockUplift_7Myr_200yrTimeStep_halfmmyr_to_mmyrk_1e-05_m_0.5_n_1.0_LinDiffusion_0.05_15x7km_30mRes0.txt
nrows 250
cellsize 30.0
xllcorner 0.0
ncols 500
yllcorner 0.0
[rows 221 to 237 of 250, columns 74 to 110 of 500]
1.007191512453388116e-01 1.009201380676852389e-01 1.002687135450537753e-01 1.001514257056922708e-01 1.005732015330180612e-01 1.006259639758958213e-01 1.003528094520698827e-01 1.009816305936787617e-01 1.009089962718287548e-01 1.001167827786823561e-01 1.009212763694609383e-01 1.003504938944184272e-01 1.000286861222939028e-01 1.000182545039048493e-01 1.006237060622515028e-01 1.002381251269593293e-01 1.004459052693518761e-01 1.006637960618236294e-01 1.008010431057766304e-01 1.006540413668983863e-01 1.003648672087002341e-01 1.006490604552468665e-01 1.004513480933861280e-01 1.004152537484034879e-01 1.000698225524675467e-01 1.006218476333393952e-01 1.005094081922297961e-01 1.006743504917562287e-01 1.005279507871599670e-01 1.005181461442736374e-01 1.005547051951796306e-01 1.002861941533269990e-01 1.002055592653208760e-01 1.001639025618276668e-01 1.004590435889198968e-01 1.002317643926772389e-01 1.009505445011507213e-01
1.005736486905408067e-01 1.007027137228535818e-01 1.005941175583832531e-01 1.003353738209907531e-01 1.004300159251072522e-01 1.000939124158921473e-01 1.007172300384882591e-01 1.008180906445996783e-01 1.009621388422735772e-01 1.006391644756852999e-01 1.002580763733308677e-01 1.007947571102876527e-01 1.006465068564090654e-01 1.003182058909682234e-01 1.003606313256300286e-01 1.006737920536727171e-01 1.006724749484474019e-01 1.009046580799705106e-01 1.003555348607402115e-01 1.008141627678021540e-01 1.007727620541329361e-01 1.003129847763965798e-01 1.001745913175096647e-01 1.000816538107406617e-01 1.002082179306577753e-01 1.007103746697604468e-01 1.006378491389341295e-01 1.000832450589776296e-01 1.000998242549056838e-01 1.000540098155261320e-01 1.003591332617920218e-01 1.008515526763304332e-01 1.008999666524265371e-01 1.007984440676777532e-01 1.005614377968973572e-01 1.008435022626619354e-01 1.000562094789052558e-01
1.003884575304189175e-01 1.001898282980232952e-01 1.008141919306727030e-01 1.003362853331234983e-01 1.000672280072101988e-01 1.001587615411470705e-01 1.006156975869070130e-01 1.006964759458111036e-01 1.005971889935243502e-01 1.007662362205729162e-01 1.002606706797895680e-01 1.001233127248782329e-01 1.004323433166408042e-01 1.005293357705712431e-01 1.009164198752039721e-01 1.006454682878888396e-01 1.001655457812573730e-01 1.005485693268931835e-01 1.007242430714828524e-01 1.004517594079600701e-01 1.002290319485670683e-01 1.002909049382343515e-01 1.008237091782225453e-01 1.004782671434323177e-01 1.009602091963141685e-01 1.004004595193009608e-01 1.001963369622788647e-01 1.003180645068747212e-01 1.009314300481437554e-01 1.004863196156663835e-01 1.002550329415158314e-01 1.000935552348106994e-01 1.003542614450062959e-01 1.005256287650342500e-01 1.008236855493483547e-01 1.007624365865635307e-01 1.008307736525479864e-01
1.007861867702617015e-01 1.002884443719710833e-01 1.007899898394310351e-01 1.005362387664463925e-01 1.009288001747801339e-01 1.007815752317239716e-01 1.005129639974332023e-01 1.001527141791043879e-01 1.007226432834787411e-01 1.002364171399922205e-01 1.006094066604865112e-01 1.007660770541409234e-01 1.002833911755074275e-01 1.006411053959704455e-01 1.009449308663082634e-01 1.002133697635171766e-01 1.009525765207195530e-01 1.009341017926570078e-01 1.000965515783043824e-01 1.001659728454747100e-01 1.000573276036132442e-01 1.008091565445241033e-01 1.004235294884645024e-01 1.000533036500411144e-01 1.007632937580980464e-01 1.003634734481730212e-01 1.005178482324272926e-01 1.008592512248424750e-01 1.009790016206110613e-01 1.003927446250297423e-01 1.003117412827783383e-01 1.005455719197401038e-01 1.006766365714519135e-01 1.008031951115227198e-01 1.006152912006415129e-01 1.005473950849533199e-01 1.003665382879680573e-01
1.007089560460064648e-01 1.002464587561094078e-01 1.005236096838501292e-01 1.002973954992211481e-01 1.004635206271753123e-01 1.009339188363229251e-01 1.004675683915188383e-01 1.007862805315558469e-01 1.007569289755130271e-01 1.007947449715653754e-01 1.003451201299302709e-01 1.006917173516270608e-01 1.006714324920377351e-01 1.005438027272655133e-01 1.007834328315834055e-01 1.004356699932574259e-01 1.008164141788597812e-01 1.003646851909616999e-01 1.009021460824521682e-01 1.001401697469773283e-01 1.007873284046514051e-01 1.005649421262783116e-01 1.008769816103950862e-01 1.003501033015677529e-01 1.008436358487175416e-01 1.002914710773008117e-01 1.004633197459775529e-01 1.008846951129337421e-01 1.003777952227864617e-01 1.000933511439173057e-01 1.003501604877104353e-01 1.000689994846421654e-01 1.005567560766148505e-01 1.009561520904189991e-01 1.005856632247325994e-01 1.003671838803108229e-01 1.004852313766416982e-01
1.008786619502912429e-01 1.008292866513389868e-01 1.001429477101542231e-01 1.002453918624457568e-01 1.000882387964514841e-01 1.008805036520936116e-01 1.006947431162235479e-01 1.004151128555803019e-01 1.007043452091306163e-01 1.008813280416463454e-01 1.008701996509908660e-01 1.005263617528482922e-01 1.002487350820490813e-01 1.002926284547080993e-01 1.005606227004623571e-01 1.003892008551641873e-01 1.008475891519812345e-01 1.000821223459182480e-01 1.007046672880487631e-01 1.004213208218435044e-01 1.006726406588416833e-01 1.002059712906126776e-01 1.003011632768704559e-01 1.009172599391885833e-01 1.008533530561229047e-01 1.009034603668764740e-01 1.001342023819750404e-01 1.003459044000796913e-01 1.004455308135655950e-01 1.005660292187535582e-01 1.009173124221560414e-01 1.001701474207791209e-01 1.004082529651000172e-01 1.008115469567545108e-01 1.005835993428921132e-01 1.005211200298431196e-01 1.001139347532040424e-01
1.002919928603541039e-01 1.008141488898940535e-01 1.004011345426445434e-01 1.009207710220726417e-01 1.009440825293928534e-01 1.002003972995392372e-01 1.000793617373426508e-01 1.009494600661750702e-01 1.000636294619655781e-01 1.008451140100605076e-01 1.004668565692732191e-01 1.009502766672881052e-01 1.003143617128413739e-01 1.001820177690856406e-01 1.002120603879101401e-01 1.000392770407415727e-01 1.002417264822682563e-01 1.008703014315055074e-01 1.002648266667188620e-01 1.009573333026187320e-01 1.002242650755186815e-01 1.001327440224427379e-01 1.003686473790341149e-01 1.009338972136916562e-01 1.003687459383284103e-01 1.001011137321900502e-01 1.004495370334202720e-01 1.000628158507206045e-01 1.001618760757330001e-01 1.000745092555301446e-01 1.000985265261436497e-01 1.002451403366802357e-01 1.008034204396862088e-01 1.009751691493904202e-01 1.004686597005897686e-01 1.009628656190013629e-01 1.004533071049981824e-01
1.003468339468027160e-01 1.001435136709595414e-01 1.000297212413321646e-01 1.001066181170393171e-01 1.003011906745930326e-01 1.009685261324509836e-01 1.000802646315460259e-01 1.003703497512617449e-01 1.002498724862794233e-01 1.005291505285072912e-01 1.006728426740857579e-01 1.009460016879684535e-01 1.000452481163438406e-01 1.004391928161784547e-01 1.000538529093952800e-01 1.000174340962146219e-01 1.008698451344626490e-01 1.008657522029580700e-01 1.005001284508349468e-01 1.009105691083218154e-01 1.004569104845669109e-01 1.005716525429058289e-01 1.005123978401098600e-01 1.002900173769407655e-01 1.003111865882564541e-01 1.003007796840204163e-01 1.003418780559345719e-01 1.009195304754446632e-01 1.000750398470411778e-01 1.008127131025393503e-01 1.005188940392736652e-01 1.009231802503310904e-01 1.000609596803309631e-01 1.002887003418351797e-01 1.008599421554966374e-01 1.004636390163666376e-01 1.004399522191726374e-01
1.005662765320694124e-01 1.004453919159955244e-01 1.005439721106230339e-01 1.008799459603217097e-01 1.002699716968082078e-01 1.009739015046733634e-01 1.003982490229170521e-01 1.008165981979354670e-01 1.005234860309987960e-01 1.004351128074265909e-01 1.003352280752070197e-01 1.009435143424293607e-01 1.000353913737608291e-01 1.003529578986585846e-01 1.007584369534447050e-01 1.000947494183523079e-01 1.003269099374749507e-01 1.000343716780643516e-01 1.001662386516333908e-01 1.004691763394458953e-01 1.008366399627401988e-01 1.005183996571620275e-01 1.003956345133221323e-01 1.002840005531888123e-01 1.006146079486324035e-01 1.000456022908871312e-01 1.003899917648783391e-01 1.009637886021724912e-01 1.008976626857363834e-01 1.008870971205854117e-01 1.008366038735810793e-01 1.008043737946273666e-01 1.001797464460486842e-01 1.001416245387406617e-01 1.009048996781882757e-01 1.000347021984602791e-01 1.000695738765041004e-01
1.008806145420718531e-01 1.007461962025301555e-01 1.009319479981203721e-01 1.004464325382551926e-01 1.006459235664061980e-01 1.009416005594586524e-01 1.008403343655856904e-01 1.008751053869791359e-01 1.001615197117931289e-01 1.008365450517840906e-01 1.006129809478645970e-01 1.000515377316641558e-01 1.007284341556859003e-01 1.002767558697344602e-01 1.001433651510986594e-01 1.005778653984000792e-01 1.008662033544587694e-01 1.006559788965114971e-01 1.005774062574603112e-01 1.008910845108345750e-01 1.001857685359585359e-01 1.004937007210216920e-01 1.000855430607627550e-01 1.009090476189235114e-01 1.006451176491841709e-01 1.008021479250538616e-01 1.007947263809515076e-01 1.004888317633049616e-01 1.003233515614508492e-01 1.005102915911409434e-01 1.006389358740255313e-01 1.005998065734956537e-01 1.006118253397925433e-01 1.008276471884783781e-01 1.008140732041288845e-01 1.000987442130605032e-01 1.005405995444841466e-01
1.005789034549057215e-01 1.009580408387148465e-01 1.009047712206650876e-01 1.007535897552323395e-01 1.005728334482224873e-01 1.008987043123029115e-01 1.001087834605983162e-01 1.006620600360520895e-01 1.004261896044352231e-01 1.009387163587659314e-01 1.006009021050114915e-01 1.001163324942859756e-01 1.000423335021903143e-01 1.004052239885402237e-01 1.008853458007663989e-01 1.002296736539666638e-01 1.001132399671785939e-01 1.003205358973757177e-01 1.007209572733666070e-01 1.001386470420111419e-01 1.007563851501484947e-01 1.006814738143868432e-01 1.003454047667618754e-01 1.003899852760352929e-01 1.008060981905131714e-01 1.008151914195938581e-01 1.007863509201490648e-01 1.002882069920786601e-01 1.008122599315842416e-01 1.002638290883903632e-01 1.004191751171936708e-01 1.003349474116827234e-01 1.005997112266342891e-01 1.002607965551048780e-01 1.006742119270100932e-01 1.003717004252643319e-01 1.001867044175909494e-01
1.001820507937966342e-01 1.004491861371474976e-01 1.003364593650919595e-01 1.004292739915383509e-01 1.005657409499006033e-01 1.005397610383334667e-01 1.001708928526319903e-01 1.006469443318202678e-01 1.000218508205918122e-01 1.006431005961737762e-01 1.007570961146309479e-01 1.007121649043811878e-01 1.006453340710275063e-01 1.005428163945746023e-01 1.003975898743648398e-01 1.003762633880929678e-01 1.003352404896562938e-01 1.004265351876271334e-01 1.002631175055803264e-01 1.003869688355901041e-01 1.005225617600629395e-01 1.004250834282434113e-01 1.007648646654726449e-01 1.007449648016050248e-01 1.004129149669422544e-01 1.002362933754286922e-01 1.004293290182551868e-01 1.001815341364214323e-01 1.004159622145404385e-01 1.001938477296124008e-01 1.000913157389648200e-01 1.000425156208921834e-01 1.000895359758954273e-01 1.009535193194838615e-01 1.004174825232492518e-01 1.006725081476575606e-01 1.001495576376133928e-01
1.005876812883589877e-01 1.007539325153980064e-01 1.009653282631065990e-01 1.002224361533755465e-01 1.000264891242266252e-01 1.003551631385073833e-01 1.004497340110839937e-01 1.009194971499571963e-01 1.002092872017136121e-01 1.005779330316961956e-01 1.008212790156203797e-01 1.004225270671254278e-01 1.004528901985824174e-01 1.003799044140172431e-01 1.006774772974327048e-01 1.000356936242327993e-01 1.009357532880197222e-01 1.005178141312157575e-01 1.002112504609143223e-01 1.001454921968656375e-01 1.003661399063463383e-01 1.006126651306031156e-01 1.007832585867981523e-01 1.008665653412333107e-01 1.005095678665472725e-01 1.002539624235884996e-01 1.007681618691762260e-01 1.001121644816673623e-01 1.006260965017136411e-01 1.006150465295459207e-01 1.002805896995781626e-01 1.000691429524518811e-01 1.001192517915887037e-01 1.000296689846539161e-01 1.006862060285426408e-01 1.002637169992463551e-01 1.000933028596738966e-01
1.002005796137574178e-01 1.001736944734968604e-01 1.005672858641241674e-01 1.006337157455029219e-01 1.009147795945312814e-01 1.003114673221024294e-01 1.009004129047710585e-01 1.001218957371936696e-01 1.005523188636309878e-01 1.004186369783609117e-01 1.006562800641043476e-01 1.006736971741743480e-01 1.005701197546541026e-01 1.004956144318301520e-01 1.003108168198883071e-01 1.000995935255453995e-01 1.005611021287554918e-01 1.002098774844552426e-01 1.005492216893464769e-01 1.002570454663865851e-01 1.007179787625653994e-01 1.008329668573062637e-01 1.006044127959458689e-01 1.007191250572457841e-01 1.009425880076451620e-01 1.001332400178017445e-01 1.007079300570574570e-01 1.006642140891082920e-01 1.004822360627489891e-01 1.004922000045227887e-01 1.009402697385528430e-01 1.005075657410546275e-01 1.003618915148003360e-01 1.004266200363024553e-01 1.004015974336087552e-01 1.006458995878360546e-01 1.006837148641266805e-01
1.004131291434028905e-01 1.009125145447728050e-01 1.003295139150598286e-01 1.009629087248205270e-01 1.002634175679769923e-01 1.000310060929494038e-01 1.005207024344789285e-01 1.001432873614462871e-01 1.003568398092906794e-01 1.006486319311675481e-01 1.007532468437937756e-01 1.004267566353095192e-01 1.006096323711263979e-01 1.002549982730440437e-01 1.003995455684519728e-01 1.002303064399438642e-01 1.001021534053639361e-01 1.007254531477944776e-01 1.006189927331367223e-01 1.007944009562856541e-01 1.003686898730599131e-01 1.005142890091934582e-01 1.002228259147683737e-01 1.002185139699934419e-01 1.001106618194188141e-01 1.009442732059194631e-01 1.003887218816230109e-01 1.003286787996074264e-01 1.009117869566389242e-01 1.001791258324038481e-01 1.003281639461937741e-01 1.001439645023674968e-01 1.007518973724464001e-01 1.005843108643573180e-01 1.003840608249027683e-01 1.002772528137395869e-01 1.005796066993640409e-01
1.009577649692276480e-01 1.003309135262182988e-01 1.003160409272527143e-01 1.000610033991303632e-01 1.003637271474786541e-01 1.007961007267963033e-01 1.005180670281067695e-01 1.004980080436197187e-01 1.007687149407077432e-01 1.008085329042616718e-01 1.002615619831963428e-01 1.006941627051313320e-01 1.005614568011133220e-01 1.002099879369754282e-01 1.005905048991070916e-01 1.004283798169387093e-01 1.002515975173060986e-01 1.004803775261401272e-01 1.000680910207603774e-01 1.005921050075529871e-01 1.004379778695731196e-01 1.000929710837804854e-01 1.007138985097240369e-01 1.003192600384349153e-01 1.005898739861029595e-01 1.006042564898699671e-01 1.001534357637597489e-01 1.008638362092770246e-01 1.003580044438045077e-01 1.000538143026865334e-01 1.006776328767436252e-01 1.008143682284836362e-01 1.004518099381805085e-01 1.000545234948584244e-01 1.001031854263214199e-01 1.002789361123793549e-01 1.006703113285735696e-01
1.008995559285636168e-01 1.000888529103268337e-01 1.009102448155808351e-01 1.001473481945968497e-01 1.005986236817132118e-01 1.006807566723385422e-01 1.007064041817921640e-01 1.006437418280620305e-01 1.008827114017143978e-01 1.006181107666121316e-01 1.008554222199019995e-01 1.005500955366376847e-01 1.008359362855174440e-01 1.005902528459712564e-01 1.008780881901979037e-01 1.002241741604908559e-01 1.002130013301134881e-01 1.008627000864530526e-01 1.006028124141772201e-01 1.003934556692102215e-01 1.009301410562782192e-01 1.007068961659716433e-01 1.001949144756897475e-01 1.001135548650740198e-01 1.002030463568686636e-01 1.006326724886107554e-01 1.001916759531027989e-01 1.009254824659555488e-01 1.001361953450454340e-01 1.001529748683033239e-01 1.002002104732543641e-01 1.001167774140517414e-01 1.008695489923812499e-01 1.002329131155129810e-01 1.007290801333815544e-01 1.004980758188152440e-01 1.008472809079152821e-01
