BlockUplift_7Myr_200yrTimeStep_halfmmyr_to_mmyrk_1e-05_m_0.5_n_1.0_LinDiffusion_0.05_15x7km_30mRes0.txt
nrows 250
cellsize 30.0
xllcorner 0.0
ncols 500
yllcorner 0.0
[rows 187 to 203 of 250, columns 333 to 369 of 500]
1.000477634682355316e-01 1.002279155514213121e-01 1.009527372205660661e-01 1.004141648777942125e-01 1.006547389419938654e-01 1.002599019294111299e-01 1.009482988141780085e-01 1.007289510301386110e-01 1.007663438392005645e-01 1.008203169967943486e-01 1.008073884291991740e-01 1.001433406057768427e-01 1.009659846199917610e-01 1.004826739159509347e-01 1.002673834969173006e-01 1.001898370185761028e-01 1.004387040828945560e-01 1.007337060203090107e-01 1.002918050388622029e-01 1.000309355661325589e-01 1.008847285222530948e-01 1.007436941681248421e-01 1.006972633049668803e-01 1.000254331155797372e-01 1.001190483119563379e-01 1.002458103360366337e-01 1.009418570447316171e-01 1.007858207993176519e-01 1.000500636168569768e-01 1.005236968358936833e-01 1.005072746389463062e-01 1.001687182361442885e-01 1.007679303955233974e-01 1.009068775619608588e-01 1.004208498453647153e-01 1.007276937606818995e-01 1.001756672077256938e-01
1.002447206321363804e-01 1.007712165148673122e-01 1.004002091952732878e-01 1.002943358322270911e-01 1.009581760789684118e-01 1.008296499321350570e-01 1.008286144790932065e-01 1.008223184364912678e-01 1.002467222506744360e-01 1.000978049990763896e-01 1.005954938991259762e-01 1.005054810960803457e-01 1.009329139473522652e-01 1.004082245073097679e-01 1.002699986802393223e-01 1.009151317764698380e-01 1.000963732912308474e-01 1.003468438147097630e-01 1.001582395294907391e-01 1.002069117444501084e-01 1.009294854230992633e-01 1.001346576054235743e-01 1.005562305160319636e-01 1.002559372970415336e-01 1.005180574743837763e-01 1.003494207623997492e-01 1.006786992609760567e-01 1.009723086866708697e-01 1.000740379678225350e-01 1.009323035837450810e-01 1.004380645692070917e-01 1.007124742660325672e-01 1.009495706758045119e-01 1.005134868261808867e-01 1.003450405851393362e-01 1.005002614668421973e-01 1.004376289867054267e-01
1.006349160616628186e-01 1.003962504906149578e-01 1.003742394907729263e-01 1.009673001160664996e-01 1.005187300414898954e-01 1.006353518994809321e-01 1.003446538712744474e-01 1.009617499482243497e-01 1.005723043843464587e-01 1.006468246304167979e-01 1.006115843290817380e-01 1.004591978816236075e-01 1.001957016169542219e-01 1.004732269743812689e-01 1.005209799833210599e-01 1.007967448704924079e-01 1.000644697853202286e-01 1.003146194218967613e-01 1.002395489124155992e-01 1.003454212697861558e-01 1.003958132828973310e-01 1.007232413037462693e-01 1.009626909129386074e-01 1.008826712199665937e-01 1.006295643235354115e-01 1.003780824219804441e-01 1.003330832774351061e-01 1.006243741518082491e-01 1.003562021208860289e-01 1.003017381801248192e-01 1.002199374845209739e-01 1.008370251842785892e-01 1.004639719202612969e-01 1.004852420377614908e-01 1.009116996220520424e-01 1.005599799381718534e-01 1.005588596846422322e-01
1.000951417830210771e-01 1.002305947024887400e-01 1.002349688507743336e-01 1.005229873000893920e-01 1.009526749331819684e-01 1.006754541356266047e-01 1.000536735494012702e-01 1.000711110400351878e-01 1.002559759614940899e-01 1.004175463416489278e-01 1.004788370740615361e-01 1.006945611260047918e-01 1.003891068019412275e-01 1.000879311906203301e-01 1.004512144858301370e-01 1.008961514895459072e-01 1.000627472515451671e-01 1.000988314990055028e-01 1.003090891096152515e-01 1.009669886536466166e-01 1.004034954009373620e-01 1.003205610462194891e-01 1.004332672772044882e-01 1.009319788043155780e-01 1.003386755906881395e-01 1.008103269577265287e-01 1.004450321594748674e-01 1.008733101130137311e-01 1.004823474945017725e-01 1.002727707724735545e-01 1.007539054748705365e-01 1.004958968222054161e-01 1.004093301249550235e-01 1.000832200192122157e-01 1.008316365454319241e-01 1.008180228535657946e-01 1.005287238173508818e-01
1.009320167615628538e-01 1.003152148708607028e-01 1.008277598702071454e-01 1.003692675095354397e-01 1.007161332790146024e-01 1.004464045767803348e-01 1.005952339597532691e-01 1.003570108298325186e-01 1.006665807370930310e-01 1.008604977105459627e-01 1.008569743368347704e-01 1.006183355709434901e-01 1.004506148714347236e-01 1.006190586403622328e-01 1.006666783474071680e-01 1.001509591135892052e-01 1.003281858456789438e-01 1.006196219036496753e-01 1.003931034683036572e-01 1.004587264163516597e-01 1.006492839518089710e-01 1.001202932509126231e-01 1.006179082665773078e-01 1.006701655084956126e-01 1.003981263305322585e-01 1.000710802931431276e-01 1.004250555762925545e-01 1.009449769844012329e-01 1.003480575091802024e-01 1.007496876508944816e-01 1.006944431670461215e-01 1.004280772303177416e-01 1.006203457241244409e-01 1.007731396024969667e-01 1.003477858929877342e-01 1.006889898082492796e-01 1.003664167931982987e-01
1.007997140035988004e-01 1.004633996769449394e-01 1.009204365674871567e-01 1.004720592820461805e-01 1.007147060379640358e-01 1.005010879182565986e-01 1.001929781020532706e-01 1.004827507602873427e-01 1.004570005639750102e-01 1.008501878770264870e-01 1.000575389750248401e-01 1.001243003248165619e-01 1.004133061195009863e-01 1.007782152542813225e-01 1.004309659333917082e-01 1.002725516989604604e-01 1.003541083450345262e-01 1.000570689328135199e-01 1.006330099430119696e-01 1.005947300001552996e-01 1.004351005308141420e-01 1.008741741213508430e-01 1.008291918923664154e-01 1.008666409997457103e-01 1.009555305424849475e-01 1.004149548745185555e-01 1.005719316275576203e-01 1.002412793338394587e-01 1.000175137080251825e-01 1.001227387193331375e-01 1.005565194090460163e-01 1.000360789260774652e-01 1.007725285137189564e-01 1.005094188255574311e-01 1.008903233335119998e-01 1.007114927164514534e-01 1.005731712042623044e-01
1.003676438610297261e-01 1.006290009342844100e-01 1.001282715072876750e-01 1.001432702295650401e-01 1.008218799402809396e-01 1.009202790445443976e-01 1.004951316040868375e-01 1.003773811032730723e-01 1.007804994697753531e-01 1.002437271859866613e-01 1.002591807914317845e-01 1.007023934767604656e-01 1.002473023500020516e-01 1.000559483135720212e-01 1.009522699470198487e-01 1.004220242383406514e-01 1.004654761472888042e-01 1.004408970666642170e-01 1.005084655618495582e-01 1.002479654842936968e-01 1.001128877456194388e-01 1.002479652237657504e-01 1.006010098819838661e-01 1.005710085532476594e-01 1.001774379122267744e-01 1.003608113075108582e-01 1.004521519524224082e-01 1.003997502840595357e-01 1.004894205726098999e-01 1.001566656309533093e-01 1.001089618088445571e-01 1.002818537702095392e-01 1.001495519265065554e-01 1.009611575036313963e-01 1.005101012188908544e-01 1.006382595834273974e-01 1.005278792140246458e-01
1.003361326896955175e-01 1.009156017819583528e-01 1.001542088613025794e-01 1.008806724580102593e-01 1.000924672386167419e-01 1.006309870965818309e-01 1.000882940281293265e-01 1.008090824023162302e-01 1.008083392878470763e-01 1.002031591139786598e-01 1.002361820585416924e-01 1.000655825685395350e-01 1.000174822248194595e-01 1.006961460474778414e-01 1.002176671201264330e-01 1.007071882982819577e-01 1.007851462678637372e-01 1.005876614185207824e-01 1.000671994295299627e-01 1.007342020982223696e-01 1.006751718688015801e-01 1.003506866329944430e-01 1.002322283320625923e-01 1.005567433275452172e-01 1.000582046128824371e-01 1.003745558084934847e-01 1.008464383079452215e-01 1.002874823870120446e-01 1.002929273937657323e-01 1.002016803869272277e-01 1.005203076085581793e-01 1.007649766093078048e-01 1.001751427542065254e-01 1.005012318509436453e-01 1.005484608240413275e-01 1.001544689422733531e-01 1.005043531374341798e-01
1.002745621630777434e-01 1.004806820373930071e-01 1.004557430573057297e-01 1.005503806158491026e-01 1.003502019673267881e-01 1.002266712239836266e-01 1.007704225491045658e-01 1.008390007464083776e-01 1.004935091844003786e-01 1.006654558418038636e-01 1.004681247667611049e-01 1.005715290226454200e-01 1.003064777440582228e-01 1.003578550851760703e-01 1.005072867527951469e-01 1.007367620827331750e-01 1.009594453833460997e-01 1.004782285523832669e-01 1.001705457050903192e-01 1.001520354248524453e-01 1.008979078490135906e-01 1.009280083020950847e-01 1.008002573686144210e-01 1.004831085511615346e-01 1.009259157480965619e-01 1.009322906599190162e-01 1.003057187024555402e-01 1.004517229711878318e-01 1.004410065453162082e-01 1.001581507188103182e-01 1.009526041338373870e-01 1.003314461432659732e-01 1.001332318563440682e-01 1.008668376192897176e-01 1.007047718279930754e-01 1.008636077903498629e-01 1.007747173250259365e-01
1.007255877275233941e-01 1.007596002885128433e-01 1.004449381715122880e-01 1.002433894462452374e-01 1.001027430377972177e-01 1.003797907663445677e-01 1.006322016052902113e-01 1.001061299945546906e-01 1.005391339490604163e-01 1.003220373272198790e-01 1.000356436252808207e-01 1.005383677888471716e-01 1.006553142501030590e-01 1.003327482806852522e-01 1.008410382455970644e-01 1.003593739319102174e-01 1.004623836880298854e-01 1.003274925375920723e-01 1.002045060474029692e-01 1.006374417203922816e-01 1.006345025863141091e-01 1.001500095327126638e-01 1.009561483272503613e-01 1.002510042651188205e-01 1.007423739453766065e-01 1.009671447647167153e-01 1.002171352758282757e-01 1.004446063756709445e-01 1.002386043351968237e-01 1.009700073931429493e-01 1.009832200864633905e-01 1.007160669496093425e-01 1.007117943997526965e-01 1.003628872953811063e-01 1.007403891294237630e-01 1.002833118060518780e-01 1.008745506116014712e-01
1.003410989195807484e-01 1.008364378832637964e-01 1.001906961272035629e-01 1.000242744951350127e-01 1.007320648409916336e-01 1.000372707523612958e-01 1.007153842288942142e-01 1.006230250042776109e-01 1.007238343700846139e-01 1.000984072668487934e-01 1.006650139781666842e-01 1.008881951596369148e-01 1.002969363888090021e-01 1.001301366047306490e-01 1.004387797092870793e-01 1.005557282102281097e-01 1.007293324787135180e-01 1.002565679178591684e-01 1.005488598212346679e-01 1.001502529017240378e-01 1.001157698277371916e-01 1.007270561609217713e-01 1.003847606676259857e-01 1.005046690209126237e-01 1.003684107242701212e-01 1.002335272533474708e-01 1.009648625778875458e-01 1.008122683328688124e-01 1.005861379671708355e-01 1.004373216973327709e-01 1.001545761727050121e-01 1.008293968334864066e-01 1.003978224618007065e-01 1.001152892507223002e-01 1.000933342898820827e-01 1.004203259326925529e-01 1.006856872437726647e-01
1.005848853468970516e-01 1.007175885706026591e-01 1.008578856200788715e-01 1.005319913788660507e-01 1.006209128966685101e-01 1.000906164817487176e-01 1.001771432910996545e-01 1.006538821966662112e-01 1.009642302934153912e-01 1.007982535085001630e-01 1.006275816751785041e-01 1.000540716751701226e-01 1.006965374330233143e-01 1.005564978515293695e-01 1.009362729352000915e-01 1.006102886119058515e-01 1.004792108230150582e-01 1.007579111712685604e-01 1.008269236482708386e-01 1.000288371176012159e-01 1.004554845978253980e-01 1.001442702613855457e-01 1.007674508718276740e-01 1.000353685829345057e-01 1.001452538710390222e-01 1.007636632865761273e-01 1.003489259545879836e-01 1.008149769038642340e-01 1.000887803030609396e-01 1.006071725225847757e-01 1.007306674297857724e-01 1.007594117578494014e-01 1.005286815101060216e-01 1.007468029766004636e-01 1.003360748582509260e-01 1.008036099294608162e-01 1.006935138320074891e-01
1.001537911252115137e-01 1.000676661356779407e-01 1.008573675349684479e-01 1.001423852542637771e-01 1.004180642536486451e-01 1.001222415693297646e-01 1.001481502142717722e-01 1.008560652130906510e-01 1.001988971322531202e-01 1.003285791541186078e-01 1.008086735088334213e-01 1.003899450956494133e-01 1.002198601962923097e-01 1.000674573806748929e-01 1.003809585456868908e-01 1.003533239362082163e-01 1.009705069311327419e-01 1.000514073769730866e-01 1.009424618865963769e-01 1.004031452970143151e-01 1.006777866820174477e-01 1.005448088538549167e-01 1.000466633146986778e-01 1.009552135053482097e-01 1.008386753481202991e-01 1.004160009718696039e-01 1.003896977846647498e-01 1.003252070391937728e-01 1.007893765575956502e-01 1.007293745245014943e-01 1.003302037278389208e-01 1.002724360304672047e-01 1.001367972471573636e-01 1.007487954653812218e-01 1.005630484282024062e-01 1.007870654343606814e-01 1.004377786685492630e-01
1.000832485216786444e-01 1.005945835363082769e-01 1.008777213354385416e-01 1.002784066596386775e-01 1.004900587122857930e-01 1.000786550277910358e-01 1.009045888266736080e-01 1.002922345311046959e-01 1.005675516818773235e-01 1.007556287787179788e-01 1.004481609615261312e-01 1.007633251568626626e-01 1.009274259082001968e-01 1.003252902783033224e-01 1.001210387329672657e-01 1.006344223884792222e-01 1.008135062722965714e-01 1.009589463125603048e-01 1.002279876543170772e-01 1.000956613595717498e-01 1.002676554598384701e-01 1.008526248296102018e-01 1.004302810893033804e-01 1.009438025667179079e-01 1.009648810982971684e-01 1.004592756663235248e-01 1.006336413230137228e-01 1.002027186443733009e-01 1.009591526895807917e-01 1.000802838376170234e-01 1.004910276498909710e-01 1.001942313777026416e-01 1.004024588133397011e-01 1.000905538422841162e-01 1.000334338588378807e-01 1.000775083581765951e-01 1.008207401596266373e-01
1.000922568610063818e-01 1.003476478775660874e-01 1.007031810755072143e-01 1.001874230574195807e-01 1.008776881148707588e-01 1.004217537909602026e-01 1.001696815748204794e-01 1.006701136428370391e-01 1.008917026242055898e-01 1.002352120790737100e-01 1.006744661291880949e-01 1.000725139518637563e-01 1.000300739727293803e-01 1.001585821300204765e-01 1.004325274010317570e-01 1.004179188613652518e-01 1.004803463780365030e-01 1.002590763967493581e-01 1.006553091213427259e-01 1.009414935318057177e-01 1.008086356693782687e-01 1.005868345718321788e-01 1.009402543511972589e-01 1.006022803770554863e-01 1.005985605166789393e-01 1.001152208449983955e-01 1.006538717236552527e-01 1.003613603812674310e-01 1.005431726855072067e-01 1.009296650999044059e-01 1.005352585773604812e-01 1.002362549477241044e-01 1.000482690184887336e-01 1.006316366037387777e-01 1.006155761296607110e-01 1.008825065254843195e-01 1.001977822574898064e-01
1.004627063599418529e-01 1.006032413521921187e-01 1.006095771389532989e-01 1.007249681747414971e-01 1.002809603717669668e-01 1.009770669038502766e-01 1.007311030916685918e-01 1.008181810688084656e-01 1.009435822208444300e-01 1.006986680086972008e-01 1.000929913124205123e-01 1.007331177769003466e-01 1.001060342436707884e-01 1.009500871445398740e-01 1.000889973916220255e-01 1.003765601421618137e-01 1.002383793402204237e-01 1.000378478342953820e-01 1.005171909751702147e-01 1.009553423373071995e-01 1.003503974161449736e-01 1.002493328614496582e-01 1.004594678544815656e-01 1.009536800145656721e-01 1.001274137222869232e-01 1.009428028428418778e-01 1.007305768282011349e-01 1.001693819282974129e-01 1.005657950998026379e-01 1.006404720614982179e-01 1.006096175941744580e-01 1.006338122101695098e-01 1.000845602258789713e-01 1.006580587434517393e-01 1.003031555364009147e-01 1.001945645188216660e-01 1.005058734572521068e-01
1.007886315140797961e-01 1.002295945171963742e-01 1.009547226465096065e-01 1.009499607184498049e-01 1.008106582494751463e-01 1.007541424588553197e-01 1.003175327287161023e-01 1.007811819679376025e-01 1.006651920851740906e-01 1.003962235505678063e-01 1.006699767323264716e-01 1.000389668432003915e-01 1.004460970580090678e-01 1.003025181981391512e-01 1.002463350434096706e-01 1.001293926002401607e-01 1.003901385105561150e-01 1.005885234266438860e-01 1.002133426813021783e-01 1.005004194583876687e-01 1.007165431760907309e-01 1.004110954124113608e-01 1.003604224144777346e-01 1.005902732684649109e-01 1.007105046766489931e-01 1.009594787844914354e-01 1.003785473283922841e-01 1.008998782006055861e-01 1.004846941087334522e-01 1.007922457122956417e-01 1.006252174145623735e-01 1.009728135762346934e-01 1.000328124882547132e-01 1.008246336127724269e-01 1.003041550322277126e-01 1.003843203731798195e-01 1.001743717868917583e-01
