BlockUplift_2Ma_1kryTimeStep_2mmyr_k_5e-05_m_0.5_n_1.0_LinDiffusion_0.5_6x3km_30mRes_topographic__elevation.txt
nrows 100
cellsize 30.0
xllcorner 0.0
ncols 200
yllcorner 0.0
[rows 0 to 16 of 100, columns 37 to 73 of 200]
1.907513908333616768e-04 8.819139351240336657e-04 8.034041618007290320e-04 6.180216792878841453e-04 2.047194547157748970e-04 4.217089598766510179e-05 9.762496389264479872e-04 7.539852022287316840e-04 6.893541521503061213e-04 5.336965088671842376e-04 9.714817468186890889e-04 7.795458920113432395e-04 6.276441287676735089e-04 5.811797301233708607e-04 3.198080982872607476e-04 6.078830672387339294e-04 9.459372204049883073e-04 9.806859067520055321e-04 4.874598128458590180e-04 8.566526960001070046e-04 8.618272346261133653e-04 7.164990176554802666e-04 9.073310937083039649e-04 9.549077875598973534e-04 6.265590963644059866e-04 6.096026721667289561e-04 1.994131826601280811e-04 7.919128853035386790e-04 5.976356776053190836e-04 6.551299000006429764e-04 8.168474499172953627e-04 4.951255282319989544e-04 8.516900867602474230e-04 1.600158822483086483e-04 4.483738224278388420e-04 7.049303990783895718e-04 5.192697503353314566e-04
5.379801941661046385e+02 5.458789350736267352e+02 5.537727783629583200e+02 5.615642231725479405e+02 5.691467474941977116e+02 5.763996754268525819e+02 5.831853810354050438e+02 5.893497864890629216e+02 5.947274272603650616e+02 5.991519084961771568e+02 6.024712228270752803e+02 6.045656575121113292e+02 6.053647357858941405e+02 6.048594374135592489e+02 6.031069230959228662e+02 6.002268450099675192e+02 5.963905836990318221e+02 5.918067252401740461e+02 5.867068336263814672e+02 5.813342986307438878e+02 5.759360051668820688e+02 5.707535468829642014e+02 5.660101950672006978e+02 5.618931516114757869e+02 5.585362262267632332e+02 5.560118896949329610e+02 5.543397552254675702e+02 5.535106246209597884e+02 5.535157387620035934e+02 5.543662933119125000e+02 5.560924389055076063e+02 5.587219086195680120e+02 5.622494264869548033e+02 5.666123396934303855e+02 5.716832381395278162e+02 5.772803353973557705e+02 5.831877130382468977e+02
5.360453259818714287e+02 5.439996722175725381e+02 5.519454114199423884e+02 5.597877596317983944e+02 5.674217072944678648e+02 5.747265255881842450e+02 5.815628974607852797e+02 5.877736929645046757e+02 5.931896587730288957e+02 5.976406789867063480e+02 6.009717705840183726e+02 6.030612632202505665e+02 6.038375577195246251e+02 6.032909415065175835e+02 6.014780429149681140e+02 5.985182322181209429e+02 5.945832686919879961e+02 5.898832902251917858e+02 5.846530039101374996e+02 5.791407729905614588e+02 5.736002790330281869e+02 5.682813061844433378e+02 5.634156388273912626e+02 5.591976274558901423e+02 5.557650948327445803e+02 5.531904607781790446e+02 5.514899005294156495e+02 5.506496219077406522e+02 5.506578450225749748e+02 5.515260275793118581e+02 5.532875427271532089e+02 5.559741427376478669e+02 5.595826466974806408e+02 5.640488246418065046e+02 5.692400517880658981e+02 5.749671969168070973e+02 5.810067961504429377e+02
5.322575623729625249e+02 5.403207794497482155e+02 5.483696151776748593e+02 5.563140701763451261e+02 5.640515084716915908e+02 5.714605269829089593e+02 5.783980362291479196e+02 5.847006759757795180e+02 5.901917934781959048e+02 5.946942810425592825e+02 5.980478259584115222e+02 6.001274984861663597e+02 6.008600130530702472e+02 6.002346377667298611e+02 5.983070604533563710e+02 5.951959690953647168e+02 5.910735563000930597e+02 5.861525931217428251e+02 5.806735117912053283e+02 5.748940003346897356e+02 5.690806572601153448e+02 5.634989402595427919e+02 5.583970089813175264e+02 5.539830766918481686e+02 5.504029422560486182e+02 5.477293216704226779e+02 5.459722346991840141e+02 5.451094445567968023e+02 5.451235527940560814e+02 5.460264363726465717e+02 5.478573322001061570e+02 5.506552690424033472e+02 5.544207011368800977e+02 5.590861702138281544e+02 5.645090541695060438e+02 5.704862603807603136e+02 5.767799584406432132e+02
5.267777021660501759e+02 5.349984213657068040e+02 5.431995594157770029e+02 5.512968273904260741e+02 5.591897078351328219e+02 5.667545744203594040e+02 5.738419094923090142e+02 5.802788518893178207e+02 5.858781644532493829e+02 5.904533329279048530e+02 5.938374575034982854e+02 5.959021572140960643e+02 5.965728219119157529e+02 5.958379832866806964e+02 5.937522092872879966e+02 5.904329418747441878e+02 5.860523400644437970e+02 5.808260765936886401e+02 5.750018600407587428e+02 5.688498569824922697e+02 5.626543738107667423e+02 5.567026407219884732e+02 5.512658072743162165e+02 5.465718610255598833e+02 5.427784870560831223e+02 5.399598424870165445e+02 5.381184725871581804e+02 5.372212791374141716e+02 5.372434768264388367e+02 5.381973577074600144e+02 5.401295997274314686e+02 5.430883341134493776e+02 5.470780973869268564e+02 5.520263047898010882e+02 5.577762206023247700e+02 5.641054046731527478e+02 5.707561207369906242e+02
5.198359495263561030e+02 5.282560236628700068e+02 5.366545427068622303e+02 5.449524802882264112e+02 5.530499105482108462e+02 5.608184849124444327e+02 5.680991586108694946e+02 5.747064643447016579e+02 5.804401378263272591e+02 5.851029923564395858e+02 5.885215890813576607e+02 5.905651275423946345e+02 5.911590159534839586e+02 5.902919934577004142e+02 5.880176337286037551e+02 5.844514863093094164e+02 5.797647104298248451e+02 5.741752281034705447e+02 5.679382613375527171e+02 5.613379553357525538e+02 5.546792088144412674e+02 5.482751355719377671e+02 5.424247364772040783e+02 5.373806047504673415e+02 5.333162113855975122e+02 5.303094621080566640e+02 5.283560792222795044e+02 5.274116935963555761e+02 5.274435522238554768e+02 5.284642079177679079e+02 5.305279723704054504e+02 5.336919705433161880e+02 5.379636949762397080e+02 5.432629971382165195e+02 5.494155383615154733e+02 5.561755545036346575e+02 5.632614609907388967e+02
5.117133994500818517e+02 5.203660752222425572e+02 5.290002323311279042e+02 5.375403420365680631e+02 5.458844511002620266e+02 5.538963577627638415e+02 5.614043620121611866e+02 5.682078650134528743e+02 5.740921739170033788e+02 5.788494102455570101e+02 5.823008331445965950e+02 5.843152209279851377e+02 5.848200586333229012e+02 5.838057548779960371e+02 5.813253681170419895e+02 5.774920387909514830e+02 5.724747271194614768e+02 5.664922108019433153e+02 5.598061342175387836e+02 5.527142292894003504e+02 5.455425560293132321e+02 5.386317682705160905e+02 5.323114328975292437e+02 5.268622884526913595e+02 5.224775054819770048e+02 5.192424507815305788e+02 5.171490197510145208e+02 5.161435476982018145e+02 5.161861774977477353e+02 5.172894790837809751e+02 5.195140656337329119e+02 5.229237260406638370e+02 5.275258619906503554e+02 5.332294625022567516e+02 5.398394982425165836e+02 5.470842409398809423e+02 5.546560228695485648e+02
5.027154377076640230e+02 5.116240139745825104e+02 5.205225820171012856e+02 5.293363380762274346e+02 5.379580414016547820e+02 5.462404222284604884e+02 5.539965126904162389e+02 5.610090447009644095e+02 5.670486899961994141e+02 5.718979537518972620e+02 5.753748081723206269e+02 5.773500387326929513e+02 5.777554967980021274e+02 5.765849662941858469e+02 5.738918410974069957e+02 5.697867539247046125e+02 5.644354768625191809e+02 5.580559456059136210e+02 5.509140971232318407e+02 5.433190380740446699e+02 5.356161164778651482e+02 5.281724865135871596e+02 5.213485956772584586e+02 5.154553889812120815e+02 5.107095779157461948e+02 5.072091152448948037e+02 5.049474801846907894e+02 5.038661691203009241e+02 5.039206221253811009e+02 5.051231634128121755e+02 5.075378799328552759e+02 5.112306410515074617e+02 5.162036755522199201e+02 5.223507571939185254e+02 5.294532588879890227e+02 5.372120271807901872e+02 5.452927827368803264e+02
4.931422782204490431e+02 5.023193531973631707e+02 5.114996012649646673e+02 5.206056504402361043e+02 5.295216681306239934e+02 5.380866193036973755e+02 5.460966452743761010e+02 5.533174846771307784e+02 5.595060739232778815e+02 5.644370884455179294e+02 5.679274248015668718e+02 5.698521007563981584e+02 5.701493219061726450e+02 5.688178856688256246e+02 5.659127175882184702e+02 5.615425188101272624e+02 5.558695656811921708e+02 5.491095213018195409e+02 5.415299907335589751e+02 5.334478412306433484e+02 5.252236392945868602e+02 5.172473816201521686e+02 5.099082492551593191e+02 5.035478043114296725e+02 4.984098103411122906e+02 4.946110311464527172e+02 4.921540399533851655e+02 4.909821820178231633e+02 4.910500133670571472e+02 4.923693732063738935e+02 4.950036835428415998e+02 4.990143048978774800e+02 5.043913813185521917e+02 5.110081485669721815e+02 5.186196139522161275e+02 5.268988224654978012e+02 5.354860112169537842e+02
4.832632550790077062e+02 4.927105763728537227e+02 5.021773006904223280e+02 5.115802441300646137e+02 5.207922257204653533e+02 5.296367367373494517e+02 5.378926261276878904e+02 5.453094636508109261e+02 5.516321190586223793e+02 5.566294179679650824e+02 5.601190149233359534e+02 5.619816594011301731e+02 5.621631929780954806e+02 5.606687420563623618e+02 5.575562206966388885e+02 5.529337585568091527e+02 5.469608315416105597e+02 5.398501876328543858e+02 5.318686421085983511e+02 5.233365099868331072e+02 5.146239428137728282e+02 5.061379596992568963e+02 4.982920629979996647e+02 4.914570815160510051e+02 4.859066007535056428e+02 4.817828869446275348e+02 4.791065055675762778e+02 4.778309605053811993e+02 4.779148129284462811e+02 4.793692023708399574e+02 4.822517641539939177e+02 4.866112855756063027e+02 4.924176378745667080e+02 4.995176415934504348e+02 5.076375107316844151e+02 5.164232059083680042e+02 5.254921590920123435e+02
4.732994650810263124e+02 4.830083492301001797e+02 4.927541186109850173e+02 5.024451274672563841e+02 5.119410785863946103e+02 5.210494716505720589e+02 5.295325852959376789e+02 5.371254311933427061e+02 5.435627394239694468e+02 5.486091476211203144e+02 5.520841249974240554e+02 5.538746728218249018e+02 5.539346909926462104e+02 5.522765005357639438e+02 5.489625849734705980e+02 5.441025443842329423e+02 5.378547921704015380e+02 5.304295981759786400e+02 5.220912845249357588e+02 5.131594307672880859e+02 5.040074960634933632e+02 4.950523489295486002e+02 4.867256320390847577e+02 4.794243676221122996e+02 4.734535354060548684e+02 4.689872124990436646e+02 4.660732251354228879e+02 4.646842647402187367e+02 4.647883211496064177e+02 4.663956120937572223e+02 4.695523327954970796e+02 4.742859261946182414e+02 4.805373645053944074e+02 4.881212955729789087e+02 4.967334225125180183e+02 5.059944768545631746e+02 5.155030974697291413e+02
4.634158334049056975e+02 4.733681540525969353e+02 4.833747795605503370e+02 4.933339487954588094e+02 5.030916461702379934e+02 5.124399230431542946e+02 5.211259229279194187e+02 5.288719276116453329e+02 5.354041599918351721e+02 5.404840340377190842e+02 5.439329803762253732e+02 5.456438623350600210e+02 5.455783350508157810e+02 5.437563701889594086e+02 5.402465844909869475e+02 5.351624900453243754e+02 5.286639548772734543e+02 5.209602471555109560e+02 5.123125817504443376e+02 5.030364818585631497e+02 4.935027968977799446e+02 4.841307504529959829e+02 4.753629459571964162e+02 4.676180696929748706e+02 4.612325269418861353e+02 4.564172596005587934e+02 4.532558528704256560e+02 4.517488789868676804e+02 4.518790714949201970e+02 4.536554486560083319e+02 4.571071074968562016e+02 4.622315677519773658e+02 4.689328098492587173e+02 4.769884343193115797e+02 4.860630089480146694e+02 4.957549998832553797e+02 5.056492315633637418e+02
4.537210389795494621e+02 4.638908863561211433e+02 4.741320746161686088e+02 4.843322268121381171e+02 4.943240332073935974e+02 5.038852716285435918e+02 5.127494849921881723e+02 5.206276433711267373e+02 5.272383362247932155e+02 5.323398408044695316e+02 5.357549100231040029e+02 5.373813034993286237e+02 5.371877696334991015e+02 5.352021855070017864e+02 5.315007763695940639e+02 5.262034661799142441e+02 5.194744108007288332e+02 5.115240406022242041e+02 5.026109193539452349e+02 4.930444862595089148e+02 4.831882598899557024e+02 4.734570396519939663e+02 4.642971416226873203e+02 4.561434479674182398e+02 4.493621945379457543e+02 4.442043127893490464e+02 4.407958415331059996e+02 4.391725691975470909e+02 4.393365333631451222e+02 4.412951641451953719e+02 4.450553185266089145e+02 4.505770828374715506e+02 4.577207972571785604e+02 4.662236808167722302e+02 4.757198794908848072e+02 4.857894896905226574e+02 4.960089719507731729e+02
4.442731489466291919e+02 4.546293836624553251e+02 4.650745151974215901e+02 4.754860506543281531e+02 4.856844077916722426e+02 4.954342847092704005e+02 5.044566117862930241e+02 5.124515354757011210e+02 5.191298534902541633e+02 5.242459407303597345e+02 5.276227410845989425e+02 5.291618292923768649e+02 5.288385026501986204e+02 5.266889273608326221e+02 5.227983836109368667e+02 5.172955168862600885e+02 5.103514410187224257e+02 5.021800705987379843e+02 4.930384928587685067e+02 4.832293442586112633e+02 4.731057422607029253e+02 4.630727996593432181e+02 4.535741368951882464e+02 4.450551295672564152e+02 4.379088650580844160e+02 4.324271525750214664e+02 4.287826573646179895e+02 4.270515488304924929e+02 4.272584200701604118e+02 4.294085438304424542e+02 4.334823271836088452e+02 4.393966761637922787e+02 4.469637626126690861e+02 4.558790390238095256e+02 4.657483110375800948e+02 4.761378173681923727e+02 4.866210418568643377e+02
4.350899171020119525e+02 4.455998814861958408e+02 4.562187624187330925e+02 4.668149968009198005e+02 4.771977415720484146e+02 4.871192139797818186e+02 4.962876914268318842e+02 5.043917943436263727e+02 5.111333239514557363e+02 5.162613349946165044e+02 5.195976913027685669e+02 5.210470177790284652e+02 5.205911686546877490e+02 5.182754670237766277e+02 5.141958524446631600e+02 5.084917562715309032e+02 5.013434400400822710e+02 4.929702716285233350e+02 4.836292101528542275e+02 4.736163095890602222e+02 4.632728466731576304e+02 4.529908891219106977e+02 4.432064829074595878e+02 4.343703101980282213e+02 4.268984757092208042e+02 4.211224392838199719e+02 4.172628644891557883e+02 4.154388180126680368e+02 4.156990003261599327e+02 4.180456838656782566e+02 4.224297776021414847e+02 4.287214220068111672e+02 4.366825524536391185e+02 4.459675273643190963e+02 4.561570918517181781e+02 4.668083765269783498e+02 4.774967494519460729e+02
4.261642187095538361e+02 4.367986983797359244e+02 4.475668689615256994e+02 4.583290319487549596e+02 4.688834810969792670e+02 4.789695500377669077e+02 4.882816560549024416e+02 4.964951142198615912e+02 5.033007599201537801e+02 5.084406028266602675e+02 5.117343449245408351e+02 5.130894978009879424e+02 5.124952898769656713e+02 5.100078014478226009e+02 5.057356163927370858e+02 4.998308963002418750e+02 4.924846920835873902e+02 4.839231226509882617e+02 4.744040122178167849e+02 4.642174046433593162e+02 4.536924992816931308e+02 4.432067815207467447e+02 4.331856939191645779e+02 4.240811662139876148e+02 4.163282989638070717e+02 4.102953403672995591e+02 4.062496922716860581e+02 4.043530960771162199e+02 4.046780331480907194e+02 4.072225550940502785e+02 4.119062066566426665e+02 4.185510076797170882e+02 4.268690416200944355e+02 4.364761433727362601e+02 4.469321794995994424e+02 4.577898103267349370e+02 4.686303166056398481e+02
4.174854776999605406e+02 4.282245103933887549e+02 4.391282293299824460e+02 4.500489563473890939e+02 4.607735225264740393e+02 4.710269591712874444e+02 4.804877725137288280e+02 4.888156494935387286e+02 4.956882995482082492e+02 5.008391181469780804e+02 5.040850239911457038e+02 5.053369441459774407e+02 5.045931056716112835e+02 5.019226964506029844e+02 4.974494182547707055e+02 4.913401665782409964e+02 4.837980151910429072e+02 4.750564156900239254e+02 4.653743750468170788e+02 4.550362906024226390e+02 4.443596195201208729e+02 4.337070859848605551e+02 4.234922488843488964e+02 4.141656636308991324e+02 4.061778156842393059e+02 3.999299053701768116e+02 3.957326977643907640e+02 3.937879256636293803e+02 3.941897140839873259e+02 3.969302343596068567e+02 4.018968475053629845e+02 4.088641215064370726e+02 4.174968357560443337e+02 4.273764192835841982e+02 4.380465978280671493e+02 4.490598249913362565e+02 4.600063630642962949e+02
