BlockUplift_2Ma_1kryTimeStep_2mmyr_k_0.0001_m_0.5_n_1.0_LinDiffusion_1_6x3km_30mRes_flow__link_to_receiver_node.txt
nrows 100
cellsize 30.0
xllcorner 0.0
ncols 200
yllcorner 0.0
[rows 34 to 50 of 100, columns 0 to 36 of 200]
-1.000000000000000000e+00 2.593600000000000000e+04 2.593700000000000000e+04 2.593800000000000000e+04 2.593900000000000000e+04 2.594000000000000000e+04 2.594100000000000000e+04 2.594200000000000000e+04 2.594300000000000000e+04 2.594400000000000000e+04 2.594500000000000000e+04 2.594600000000000000e+04 2.594700000000000000e+04 2.594800000000000000e+04 2.594900000000000000e+04 2.595000000000000000e+04 2.595100000000000000e+04 2.595200000000000000e+04 -1.000000000000000000e+00 2.595300000000000000e+04 2.595400000000000000e+04 2.595500000000000000e+04 2.595600000000000000e+04 2.595700000000000000e+04 2.595800000000000000e+04 2.595900000000000000e+04 2.596000000000000000e+04 2.596100000000000000e+04 2.596200000000000000e+04 2.596300000000000000e+04 2.596400000000000000e+04 2.596500000000000000e+04 2.596600000000000000e+04 6.523600000000000000e+04 6.524100000000000000e+04 2.597000000000000000e+04 2.597100000000000000e+04
-1.000000000000000000e+00 2.553700000000000000e+04 2.553800000000000000e+04 2.553900000000000000e+04 2.554000000000000000e+04 2.554100000000000000e+04 2.554200000000000000e+04 2.554300000000000000e+04 2.554400000000000000e+04 2.554500000000000000e+04 2.554600000000000000e+04 2.554700000000000000e+04 2.554800000000000000e+04 2.554900000000000000e+04 2.555000000000000000e+04 2.555100000000000000e+04 2.555200000000000000e+04 2.555300000000000000e+04 2.575300000000000000e+04 2.555400000000000000e+04 2.555500000000000000e+04 2.555600000000000000e+04 2.555700000000000000e+04 2.555800000000000000e+04 2.555900000000000000e+04 2.556000000000000000e+04 2.556100000000000000e+04 2.556200000000000000e+04 2.556300000000000000e+04 2.556400000000000000e+04 2.556500000000000000e+04 2.556600000000000000e+04 6.483600000000000000e+04 6.483800000000000000e+04 6.484300000000000000e+04 2.557100000000000000e+04 2.557200000000000000e+04
-1.000000000000000000e+00 6.437900000000000000e+04 2.513900000000000000e+04 2.514000000000000000e+04 2.514100000000000000e+04 2.514200000000000000e+04 2.514300000000000000e+04 2.514400000000000000e+04 2.514500000000000000e+04 2.514600000000000000e+04 2.514700000000000000e+04 2.514800000000000000e+04 2.514900000000000000e+04 2.515000000000000000e+04 2.515100000000000000e+04 2.515200000000000000e+04 2.515300000000000000e+04 6.480800000000000000e+04 2.535400000000000000e+04 2.515500000000000000e+04 2.515600000000000000e+04 2.515700000000000000e+04 2.515800000000000000e+04 2.515900000000000000e+04 2.516000000000000000e+04 2.516100000000000000e+04 2.516200000000000000e+04 2.516300000000000000e+04 2.516400000000000000e+04 2.516500000000000000e+04 2.516600000000000000e+04 2.516700000000000000e+04 6.443800000000000000e+04 6.444000000000000000e+04 6.444500000000000000e+04 2.517200000000000000e+04 2.517300000000000000e+04
-1.000000000000000000e+00 6.398100000000000000e+04 2.474000000000000000e+04 2.474100000000000000e+04 2.474200000000000000e+04 2.474300000000000000e+04 2.474400000000000000e+04 2.474500000000000000e+04 2.474600000000000000e+04 2.474700000000000000e+04 2.474800000000000000e+04 2.474900000000000000e+04 2.475000000000000000e+04 2.475100000000000000e+04 2.475200000000000000e+04 2.475300000000000000e+04 2.475400000000000000e+04 6.401300000000000000e+04 2.455600000000000000e+04 2.475600000000000000e+04 2.475700000000000000e+04 2.475800000000000000e+04 2.475900000000000000e+04 2.476000000000000000e+04 2.476100000000000000e+04 2.476200000000000000e+04 2.476300000000000000e+04 2.476400000000000000e+04 2.476500000000000000e+04 2.476600000000000000e+04 2.476700000000000000e+04 6.403800000000000000e+04 6.404000000000000000e+04 6.404200000000000000e+04 6.404700000000000000e+04 6.404900000000000000e+04 2.477400000000000000e+04
-1.000000000000000000e+00 6.358300000000000000e+04 6.358500000000000000e+04 2.434200000000000000e+04 2.434300000000000000e+04 2.434400000000000000e+04 2.434500000000000000e+04 2.434600000000000000e+04 2.434700000000000000e+04 2.434800000000000000e+04 2.434900000000000000e+04 2.435000000000000000e+04 2.435100000000000000e+04 2.435200000000000000e+04 2.435300000000000000e+04 2.435400000000000000e+04 2.435500000000000000e+04 6.361500000000000000e+04 2.415700000000000000e+04 6.361600000000000000e+04 2.435800000000000000e+04 2.435900000000000000e+04 2.436000000000000000e+04 2.436100000000000000e+04 2.436200000000000000e+04 2.436300000000000000e+04 2.436400000000000000e+04 2.436500000000000000e+04 2.436600000000000000e+04 2.436700000000000000e+04 6.363800000000000000e+04 6.364000000000000000e+04 6.364200000000000000e+04 6.364400000000000000e+04 6.364900000000000000e+04 6.365100000000000000e+04 2.437500000000000000e+04
-1.000000000000000000e+00 6.318500000000000000e+04 6.318700000000000000e+04 6.318900000000000000e+04 2.394400000000000000e+04 2.394500000000000000e+04 2.394600000000000000e+04 2.394700000000000000e+04 2.394800000000000000e+04 2.394900000000000000e+04 2.395000000000000000e+04 2.395100000000000000e+04 2.395200000000000000e+04 2.395300000000000000e+04 2.395400000000000000e+04 2.395500000000000000e+04 6.321500000000000000e+04 2.375700000000000000e+04 2.375800000000000000e+04 6.321800000000000000e+04 6.322000000000000000e+04 2.396000000000000000e+04 2.396100000000000000e+04 2.396200000000000000e+04 2.396300000000000000e+04 2.396400000000000000e+04 2.396500000000000000e+04 2.396600000000000000e+04 2.396700000000000000e+04 6.323800000000000000e+04 6.324000000000000000e+04 6.324200000000000000e+04 6.324400000000000000e+04 6.324600000000000000e+04 6.325100000000000000e+04 6.325300000000000000e+04 6.325500000000000000e+04
-1.000000000000000000e+00 6.278700000000000000e+04 6.278900000000000000e+04 6.279100000000000000e+04 2.354500000000000000e+04 2.354600000000000000e+04 2.354700000000000000e+04 2.354800000000000000e+04 2.354900000000000000e+04 2.355000000000000000e+04 2.355100000000000000e+04 2.355200000000000000e+04 2.355300000000000000e+04 2.355400000000000000e+04 2.355500000000000000e+04 6.281500000000000000e+04 6.281700000000000000e+04 2.335800000000000000e+04 2.335900000000000000e+04 6.282000000000000000e+04 6.282200000000000000e+04 6.282400000000000000e+04 6.282600000000000000e+04 6.282800000000000000e+04 2.356400000000000000e+04 2.356500000000000000e+04 6.283400000000000000e+04 6.283600000000000000e+04 6.283800000000000000e+04 6.284000000000000000e+04 6.284200000000000000e+04 6.284400000000000000e+04 6.284600000000000000e+04 6.284800000000000000e+04 6.285300000000000000e+04 6.285500000000000000e+04 6.285700000000000000e+04
-1.000000000000000000e+00 6.238900000000000000e+04 6.239100000000000000e+04 6.239300000000000000e+04 6.239500000000000000e+04 2.314700000000000000e+04 2.314800000000000000e+04 2.314900000000000000e+04 2.315000000000000000e+04 2.315100000000000000e+04 2.315200000000000000e+04 2.315300000000000000e+04 2.315400000000000000e+04 2.315500000000000000e+04 6.241500000000000000e+04 6.241700000000000000e+04 6.241900000000000000e+04 2.295900000000000000e+04 2.296000000000000000e+04 2.296100000000000000e+04 6.242400000000000000e+04 6.242600000000000000e+04 6.242800000000000000e+04 6.243000000000000000e+04 6.243200000000000000e+04 6.243400000000000000e+04 6.243600000000000000e+04 6.243800000000000000e+04 6.244000000000000000e+04 6.244200000000000000e+04 6.244400000000000000e+04 6.244600000000000000e+04 6.244800000000000000e+04 6.245000000000000000e+04 2.297600000000000000e+04 6.245700000000000000e+04 6.245900000000000000e+04
-1.000000000000000000e+00 6.199100000000000000e+04 6.199300000000000000e+04 6.199500000000000000e+04 6.199700000000000000e+04 6.199900000000000000e+04 6.200100000000000000e+04 2.275000000000000000e+04 2.275100000000000000e+04 2.275200000000000000e+04 2.275300000000000000e+04 2.275400000000000000e+04 2.275500000000000000e+04 6.201500000000000000e+04 6.201700000000000000e+04 6.201900000000000000e+04 6.202100000000000000e+04 2.256000000000000000e+04 2.256100000000000000e+04 2.256200000000000000e+04 6.202600000000000000e+04 6.202800000000000000e+04 6.203000000000000000e+04 6.203200000000000000e+04 6.203400000000000000e+04 6.203600000000000000e+04 6.203800000000000000e+04 6.204000000000000000e+04 6.204200000000000000e+04 6.204400000000000000e+04 6.204600000000000000e+04 6.204800000000000000e+04 6.205000000000000000e+04 6.205200000000000000e+04 2.257700000000000000e+04 6.205900000000000000e+04 6.206100000000000000e+04
-1.000000000000000000e+00 6.159300000000000000e+04 6.159500000000000000e+04 6.159700000000000000e+04 6.159900000000000000e+04 6.160100000000000000e+04 6.160300000000000000e+04 6.160500000000000000e+04 6.160700000000000000e+04 6.160900000000000000e+04 6.161100000000000000e+04 6.161300000000000000e+04 6.161500000000000000e+04 6.161700000000000000e+04 6.161900000000000000e+04 6.162100000000000000e+04 6.162300000000000000e+04 2.216100000000000000e+04 2.216200000000000000e+04 2.216300000000000000e+04 6.162800000000000000e+04 6.163000000000000000e+04 6.163200000000000000e+04 6.163400000000000000e+04 6.163600000000000000e+04 6.163800000000000000e+04 6.164000000000000000e+04 6.164200000000000000e+04 6.164400000000000000e+04 6.164600000000000000e+04 6.164800000000000000e+04 6.165000000000000000e+04 6.165200000000000000e+04 6.165400000000000000e+04 2.217800000000000000e+04 6.166100000000000000e+04 6.166300000000000000e+04
-1.000000000000000000e+00 2.174600000000000000e+04 6.119700000000000000e+04 6.119900000000000000e+04 6.120100000000000000e+04 6.120300000000000000e+04 6.120500000000000000e+04 6.120700000000000000e+04 6.120900000000000000e+04 6.121100000000000000e+04 6.121300000000000000e+04 6.121500000000000000e+04 6.121700000000000000e+04 6.121900000000000000e+04 6.122100000000000000e+04 6.122300000000000000e+04 6.122500000000000000e+04 2.176200000000000000e+04 2.176300000000000000e+04 2.176400000000000000e+04 6.123000000000000000e+04 6.123200000000000000e+04 6.123400000000000000e+04 6.123600000000000000e+04 6.123800000000000000e+04 6.124000000000000000e+04 6.124200000000000000e+04 6.124400000000000000e+04 6.124600000000000000e+04 6.124800000000000000e+04 6.125000000000000000e+04 6.125200000000000000e+04 6.125400000000000000e+04 6.125600000000000000e+04 2.177900000000000000e+04 6.126300000000000000e+04 6.126500000000000000e+04
-1.000000000000000000e+00 2.134700000000000000e+04 6.079900000000000000e+04 6.080100000000000000e+04 6.080300000000000000e+04 6.080500000000000000e+04 6.080700000000000000e+04 6.080900000000000000e+04 6.081100000000000000e+04 6.081300000000000000e+04 6.081500000000000000e+04 6.081700000000000000e+04 6.081900000000000000e+04 6.082100000000000000e+04 6.082300000000000000e+04 6.082500000000000000e+04 6.082700000000000000e+04 2.136300000000000000e+04 2.136400000000000000e+04 2.136500000000000000e+04 6.083200000000000000e+04 6.083400000000000000e+04 6.083600000000000000e+04 6.083800000000000000e+04 6.084000000000000000e+04 6.084200000000000000e+04 6.084400000000000000e+04 6.084600000000000000e+04 6.084800000000000000e+04 6.085000000000000000e+04 6.085200000000000000e+04 6.085400000000000000e+04 6.085600000000000000e+04 6.085800000000000000e+04 2.138000000000000000e+04 6.086500000000000000e+04 6.086700000000000000e+04
-1.000000000000000000e+00 2.094800000000000000e+04 6.040100000000000000e+04 6.040300000000000000e+04 6.040500000000000000e+04 6.040700000000000000e+04 6.040900000000000000e+04 6.041100000000000000e+04 6.041300000000000000e+04 6.041500000000000000e+04 6.041700000000000000e+04 6.041900000000000000e+04 6.042100000000000000e+04 6.042300000000000000e+04 6.042500000000000000e+04 6.042700000000000000e+04 6.042900000000000000e+04 2.096400000000000000e+04 2.096500000000000000e+04 2.096600000000000000e+04 6.043400000000000000e+04 6.043600000000000000e+04 6.043800000000000000e+04 6.044000000000000000e+04 6.044200000000000000e+04 6.044400000000000000e+04 6.044600000000000000e+04 6.044800000000000000e+04 6.045000000000000000e+04 6.045200000000000000e+04 6.045400000000000000e+04 6.045600000000000000e+04 6.045800000000000000e+04 6.046000000000000000e+04 2.098100000000000000e+04 6.046700000000000000e+04 6.046900000000000000e+04
-1.000000000000000000e+00 2.054900000000000000e+04 6.000300000000000000e+04 6.000500000000000000e+04 6.000700000000000000e+04 6.000900000000000000e+04 6.001100000000000000e+04 6.001300000000000000e+04 6.001500000000000000e+04 6.001700000000000000e+04 6.001900000000000000e+04 6.002100000000000000e+04 6.002300000000000000e+04 6.002500000000000000e+04 6.002700000000000000e+04 6.002900000000000000e+04 6.003100000000000000e+04 2.056500000000000000e+04 2.056600000000000000e+04 2.056700000000000000e+04 6.003600000000000000e+04 6.003800000000000000e+04 6.004000000000000000e+04 6.004200000000000000e+04 6.004400000000000000e+04 6.004600000000000000e+04 6.004800000000000000e+04 6.005000000000000000e+04 6.005200000000000000e+04 6.005400000000000000e+04 6.005600000000000000e+04 6.005800000000000000e+04 6.006000000000000000e+04 6.006200000000000000e+04 2.058200000000000000e+04 6.006900000000000000e+04 6.007100000000000000e+04
-1.000000000000000000e+00 2.015000000000000000e+04 5.960500000000000000e+04 5.960700000000000000e+04 5.960900000000000000e+04 5.961100000000000000e+04 5.961300000000000000e+04 5.961500000000000000e+04 5.961700000000000000e+04 5.961900000000000000e+04 5.962100000000000000e+04 5.962300000000000000e+04 5.962500000000000000e+04 5.962700000000000000e+04 5.962900000000000000e+04 5.963100000000000000e+04 5.963300000000000000e+04 2.016600000000000000e+04 2.016700000000000000e+04 2.016800000000000000e+04 5.963800000000000000e+04 5.964000000000000000e+04 5.964200000000000000e+04 5.964400000000000000e+04 5.964600000000000000e+04 5.964800000000000000e+04 5.965000000000000000e+04 5.965200000000000000e+04 5.965400000000000000e+04 5.965600000000000000e+04 5.965800000000000000e+04 5.966000000000000000e+04 5.966200000000000000e+04 5.966400000000000000e+04 2.018300000000000000e+04 5.967100000000000000e+04 5.967300000000000000e+04
-1.000000000000000000e+00 1.975100000000000000e+04 5.920700000000000000e+04 5.920900000000000000e+04 5.921100000000000000e+04 5.921300000000000000e+04 5.921500000000000000e+04 5.921700000000000000e+04 5.921900000000000000e+04 5.922100000000000000e+04 5.922300000000000000e+04 5.922500000000000000e+04 5.922700000000000000e+04 5.922900000000000000e+04 5.923100000000000000e+04 5.923300000000000000e+04 5.923500000000000000e+04 1.976700000000000000e+04 1.976800000000000000e+04 1.976900000000000000e+04 5.924000000000000000e+04 5.924200000000000000e+04 5.924400000000000000e+04 5.924600000000000000e+04 5.924800000000000000e+04 5.925000000000000000e+04 5.925200000000000000e+04 5.925400000000000000e+04 5.925600000000000000e+04 5.925800000000000000e+04 5.926000000000000000e+04 5.926200000000000000e+04 5.926400000000000000e+04 5.926600000000000000e+04 1.978400000000000000e+04 5.927300000000000000e+04 5.927500000000000000e+04
-1.000000000000000000e+00 1.935200000000000000e+04 5.880900000000000000e+04 5.881100000000000000e+04 5.881300000000000000e+04 5.881500000000000000e+04 5.881700000000000000e+04 5.881900000000000000e+04 5.882100000000000000e+04 5.882300000000000000e+04 5.882500000000000000e+04 5.882700000000000000e+04 5.882900000000000000e+04 5.883100000000000000e+04 5.883300000000000000e+04 5.883500000000000000e+04 5.883700000000000000e+04 1.936800000000000000e+04 1.936900000000000000e+04 1.937000000000000000e+04 5.884200000000000000e+04 5.884400000000000000e+04 5.884600000000000000e+04 5.884800000000000000e+04 5.885000000000000000e+04 5.885200000000000000e+04 5.885400000000000000e+04 5.885600000000000000e+04 5.885800000000000000e+04 5.886000000000000000e+04 5.886200000000000000e+04 5.886400000000000000e+04 5.886600000000000000e+04 5.886800000000000000e+04 1.938500000000000000e+04 5.887500000000000000e+04 5.887700000000000000e+04
