BlockUplift_2Ma_1kryTimeStep_2mmyr_k_1e-05_m_0.5_n_1.0_LinDiffusion_0.75_6x3km_30mRes_topographic__steepest_slope.txt
nrows 100
cellsize 30.0
xllcorner 0.0
ncols 200
yllcorner 0.0
[rows 34 to 50 of 100, columns 148 to 184 of 200]
1.153747312912226652e+00 1.153747313143048903e+00 1.153747313382200490e+00 1.153747313630462124e+00 1.153747313888713100e+00 1.153747314157938852e+00 1.153747314439154570e+00 1.153747314733451823e+00 1.153747315041944832e+00 1.153747315365709847e+00 1.153747315705822896e+00 1.153747316063299833e+00 1.153747316439087900e+00 1.153747316833982905e+00 1.153747317248674742e+00 1.153747317683708751e+00 1.153747318139433764e+00 1.153747318615993889e+00 1.153747319113328285e+00 1.153747319631133861e+00 1.153747320168842405e+00 1.153747320725672987e+00 1.153747321300549356e+00 1.153747321892145239e+00 1.153747322498891892e+00 1.153747323118932355e+00 1.153747323750212717e+00 1.153747324390390849e+00 1.153747325036965865e+00 1.153747325687224157e+00 1.153747326338278478e+00 1.153747326987096811e+00 1.153747327630526343e+00 1.153747328265346095e+00 1.153747328888258927e+00 1.153747329495922624e+00 1.153747330085047818e+00
1.151781443490714762e+00 1.151781443708659980e+00 1.151781443934464688e+00 1.151781444169000634e+00 1.151781444413253030e+00 1.151781444668313226e+00 1.151781444935378707e+00 1.151781445215654731e+00 1.151781445510406732e+00 1.151781445820885486e+00 1.151781446148333998e+00 1.151781446493911565e+00 1.151781446858709979e+00 1.151781447243706680e+00 1.151781447649735446e+00 1.151781448077463299e+00 1.151781448527359863e+00 1.151781448999668056e+00 1.151781449494418075e+00 1.151781450011367225e+00 1.151781450550030561e+00 1.151781451109627596e+00 1.151781451689074309e+00 1.151781452287059526e+00 1.151781452901946112e+00 1.151781453531831811e+00 1.151781454174549024e+00 1.151781454827695006e+00 1.151781455488617212e+00 1.151781456154458372e+00 1.151781456822178917e+00 1.151781457488588511e+00 1.151781458150352044e+00 1.151781458804043812e+00 1.151781459446162170e+00 1.151781460073205698e+00 1.151781460681650104e+00
1.148889436918049567e+00 1.148889437122443180e+00 1.148889437334097874e+00 1.148889437554006188e+00 1.148889437783297218e+00 1.148889438023191767e+00 1.148889438275000341e+00 1.148889438540140917e+00 1.148889438820007491e+00 1.148889439116063338e+00 1.148889439429672255e+00 1.148889439762206255e+00 1.148889440114930993e+00 1.148889440488983338e+00 1.148889440885356272e+00 1.148889441304853154e+00 1.148889441748072615e+00 1.148889442215409007e+00 1.148889442706960473e+00 1.148889443222575801e+00 1.148889443761800022e+00 1.148889444323898168e+00 1.148889444907831514e+00 1.148889445512213614e+00 1.148889446135376691e+00 1.148889446775372969e+00 1.148889447429943811e+00 1.148889448096557908e+00 1.148889448772448807e+00 1.148889449454600253e+00 1.148889450139805923e+00 1.148889450824662983e+00 1.148889451505685111e+00 1.148889452179226556e+00 1.148889452841596492e+00 1.148889453489058132e+00 1.148889454117860032e+00
1.145153412556449757e+00 1.145153412746579669e+00 1.145153412943303417e+00 1.145153413147712351e+00 1.145153413361072126e+00 1.145153413584747204e+00 1.145153413820230615e+00 1.145153414069083331e+00 1.145153414332905184e+00 1.145153414613309995e+00 1.145153414911919798e+00 1.145153415230258043e+00 1.145153415569764910e+00 1.145153415931781549e+00 1.145153416317467920e+00 1.145153416727794138e+00 1.145153417163517817e+00 1.145153417625131897e+00 1.145153418112863530e+00 1.145153418626644770e+00 1.145153419166081266e+00 1.145153419730475797e+00 1.145153420318774762e+00 1.145153420929614141e+00 1.145153421561281082e+00 1.145153422211736549e+00 1.145153422878631089e+00 1.145153423559319483e+00 1.145153424250876517e+00 1.145153424950141607e+00 1.145153425653711476e+00 1.145153426358031856e+00 1.145153427059358409e+00 1.145153427753840880e+00 1.145153428437561072e+00 1.145153429106555043e+00 1.145153429756881724e+00
1.140651432359482076e+00 1.140651432534673493e+00 1.140651432715678038e+00 1.140651432903693197e+00 1.140651433100121404e+00 1.140651433306523632e+00 1.140651433524544789e+00 1.140651433755927702e+00 1.140651434002491804e+00 1.140651434266048092e+00 1.140651434548393128e+00 1.140651434851300383e+00 1.140651435176429640e+00 1.140651435525289026e+00 1.140651435899243005e+00 1.140651436299435773e+00 1.140651436726784596e+00 1.140651437181926076e+00 1.140651437665216372e+00 1.140651438176670807e+00 1.140651438715978294e+00 1.140651439282464708e+00 1.140651439875114193e+00 1.140651440492516988e+00 1.140651441132937816e+00 1.140651441794254151e+00 1.140651442474017951e+00 1.140651443169455659e+00 1.140651443877489735e+00 1.140651444594770192e+00 1.140651445317735213e+00 1.140651446042579620e+00 1.140651446765347465e+00 1.140651447481976222e+00 1.140651448188289896e+00 1.140651448880089402e+00 1.140651449553153451e+00
1.135457493017884234e+00 1.135457493177470134e+00 1.135457493341929469e+00 1.135457493512649352e+00 1.135457493691167885e+00 1.135457493879190816e+00 1.135457494078574880e+00 1.135457494291275404e+00 1.135457494519308330e+00 1.135457494764712694e+00 1.135457495029549957e+00 1.135457495315775667e+00 1.135457495625284308e+00 1.135457495959804053e+00 1.135457496320918747e+00 1.135457496709977976e+00 1.135457497128065096e+00 1.135457497575960817e+00 1.135457498054165626e+00 1.135457498562800538e+00 1.135457499101630630e+00 1.135457499670042170e+00 1.135457500267011755e+00 1.135457500891152494e+00 1.135457501540645397e+00 1.135457502213292447e+00 1.135457502906547234e+00 1.135457503617491648e+00 1.135457504342897161e+00 1.135457505079223939e+00 1.135457505822682789e+00 1.135457506569241604e+00 1.135457507314739267e+00 1.135457508054810161e+00 1.135457508785051139e+00 1.135457509500990225e+00 1.135457510198178532e+00
1.129641545147114901e+00 1.129641545290398064e+00 1.129641545437539252e+00 1.129641545590031049e+00 1.129641545749579201e+00 1.129641545918093515e+00 1.129641546097627680e+00 1.129641546290357290e+00 1.129641546498540539e+00 1.129641546724474255e+00 1.129641546970424404e+00 1.129641547238634303e+00 1.129641547531226253e+00 1.129641547850193772e+00 1.129641548197332757e+00 1.129641548574189303e+00 1.129641548982052379e+00 1.129641549421914304e+00 1.129641549894373931e+00 1.129641550399689276e+00 1.129641550937716010e+00 1.129641551507885699e+00 1.129641552109213354e+00 1.129641552740266341e+00 1.129641553399187703e+00 1.129641554083726351e+00 1.129641554791176894e+00 1.129641555518492213e+00 1.129641556262254154e+00 1.129641557018741471e+00 1.129641557783906958e+00 1.129641558553513780e+00 1.129641559323090405e+00 1.129641560088051166e+00 1.129641560843689829e+00 1.129641561585253751e+00 1.129641562308006497e+00
1.123269536201860319e+00 1.123269536328166396e+00 1.123269536457147888e+00 1.123269536590434381e+00 1.123269536729943230e+00 1.123269536877751218e+00 1.123269537036170052e+00 1.123269537207602253e+00 1.123269537394548934e+00 1.123269537599564272e+00 1.123269537825225095e+00 1.123269538074009644e+00 1.123269538348335983e+00 1.123269538650439880e+00 1.123269538982375026e+00 1.123269539345930434e+00 1.123269539742606460e+00 1.123269540173563064e+00 1.123269540639595609e+00 1.123269541141076022e+00 1.123269541677965888e+00 1.123269542249750064e+00 1.123269542855465764e+00 1.123269543493665923e+00 1.123269544162462719e+00 1.123269544859484492e+00 1.123269545581918827e+00 1.123269546326560064e+00 1.123269547089777554e+00 1.123269547867630447e+00 1.123269548655851713e+00 1.123269549449931626e+00 1.123269550245110215e+00 1.123269551036499614e+00 1.123269551819119805e+00 1.123269552587907949e+00 1.123269553337809201e+00
1.116403474024916020e+00 1.116403474133547569e+00 1.116403474243505389e+00 1.116403474356608694e+00 1.116403474474933821e+00 1.116403474600815571e+00 1.116403474736769930e+00 1.116403474885464764e+00 1.116403475049704275e+00 1.116403475232330855e+00 1.116403475436171355e+00 1.116403475664045297e+00 1.116403475918642973e+00 1.116403476202503908e+00 1.116403476517931814e+00 1.116403476867003475e+00 1.116403477251439291e+00 1.116403477672611277e+00 1.116403478131481553e+00 1.116403478628603896e+00 1.116403479164000512e+00 1.116403479737262616e+00 1.116403480347435195e+00 1.116403480993077846e+00 1.116403481672220144e+00 1.116403482382399170e+00 1.116403483120696594e+00 1.116403483883686931e+00 1.116403484667572776e+00 1.116403485468147938e+00 1.116403486280895141e+00 1.116403487100994019e+00 1.116403487923412374e+00 1.116403488742935268e+00 1.116403489554242290e+00 1.116403490351967731e+00 1.116403491130737669e+00
1.109101508156186355e+00 1.109101508246423284e+00 1.109101508336478581e+00 1.109101508428337546e+00 1.109101508524304336e+00 1.109101508626940902e+00 1.109101508739005704e+00 1.109101508863492791e+00 1.109101509003448838e+00 1.109101509162057075e+00 1.109101509342493408e+00 1.109101509547864906e+00 1.109101509781180495e+00 1.109101510045312988e+00 1.109101510342861641e+00 1.109101510676176350e+00 1.109101511047250188e+00 1.109101511457682543e+00 1.109101511908655358e+00 1.109101512400820777e+00 1.109101512934391076e+00 1.109101513508987003e+00 1.109101514123714605e+00 1.109101514777110831e+00 1.109101515467136867e+00 1.109101516191246084e+00 1.109101516946331412e+00 1.109101517728837916e+00 1.109101518534703290e+00 1.109101519359470878e+00 1.109101520198328306e+00 1.109101521046151673e+00 1.109101521897575049e+00 1.109101522747058199e+00 1.109101523588909233e+00 1.109101524417428708e+00 1.109101525226894092e+00
1.101418026241473447e+00 1.101418026312588561e+00 1.101418026381808524e+00 1.101418026451339349e+00 1.101418026523682148e+00 1.101418026601663769e+00 1.101418026688353757e+00 1.101418026786995963e+00 1.101418026901031633e+00 1.101418027033931546e+00 1.101418027189212445e+00 1.101418027370361097e+00 1.101418027580749914e+00 1.101418027823562351e+00 1.101418028101754043e+00 1.101418028417962658e+00 1.101418028774477031e+00 1.101418029173153901e+00 1.101418029615365501e+00 1.101418030101990464e+00 1.101418030633347644e+00 1.101418031209148829e+00 1.101418031828544919e+00 1.101418032490035559e+00 1.101418033191559287e+00 1.101418033930417595e+00 1.101418034703381954e+00 1.101418035506632531e+00 1.101418036335902295e+00 1.101418037186461696e+00 1.101418038053164627e+00 1.101418038930561671e+00 1.101418039812923189e+00 1.101418040694322142e+00 1.101418041568740680e+00 1.101418042430039712e+00 1.101418043272163638e+00
1.093403763089228597e+00 1.093403763140425644e+00 1.093403763187848154e+00 1.093403763233883774e+00 1.093403763281283636e+00 1.093403763333132384e+00 1.093403763392817973e+00 1.093403763463932865e+00 1.093403763550221175e+00 1.093403763655578675e+00 1.093403763783878047e+00 1.093403763938984641e+00 1.093403764124642796e+00 1.093403764344422324e+00 1.093403764601650119e+00 1.093403764899289810e+00 1.093403765239948644e+00 1.093403765625771573e+00 1.093403766058357540e+00 1.093403766538798116e+00 1.093403767067532728e+00 1.093403767644410163e+00 1.093403768268581100e+00 1.093403768938575604e+00 1.093403769652233404e+00 1.093403770406757847e+00 1.093403771198715457e+00 1.093403772024104548e+00 1.093403772878362767e+00 1.093403773756441932e+00 1.093403774652877747e+00 1.093403775561841984e+00 1.093403776477217981e+00 1.093403777392685017e+00 1.093403778301785589e+00 1.093403779198032000e+00 1.093403780074936549e+00
1.085105920125359669e+00 1.085105920155842840e+00 1.085105920180429395e+00 1.085105920201719254e+00 1.085105920222751319e+00 1.085105920246905997e+00 1.085105920277874336e+00 1.085105920319604955e+00 1.085105920376258748e+00 1.085105920452087869e+00 1.085105920551397096e+00 1.085105920678476332e+00 1.085105920837478699e+00 1.085105921032391008e+00 1.085105921266911855e+00 1.085105921544413876e+00 1.085105921867807410e+00 1.085105922239563370e+00 1.085105922661576461e+00 1.085105923135105011e+00 1.085105923660800498e+00 1.085105924238594755e+00 1.085105924867699967e+00 1.085105925546622441e+00 1.085105926273141952e+00 1.085105927044325291e+00 1.085105927856542030e+00 1.085105928705547784e+00 1.085105929586491991e+00 1.085105930493993176e+00 1.085105931422208458e+00 1.085105932364899717e+00 1.085105933315541504e+00 1.085105934267373007e+00 1.085105935213497741e+00 1.085105936146980365e+00 1.085105937060908854e+00
1.076568293191235259e+00 1.076568293200148130e+00 1.076568293200800053e+00 1.076568293196055404e+00 1.076568293189196446e+00 1.076568293183943981e+00 1.076568293184345659e+00 1.076568293194744230e+00 1.076568293219687167e+00 1.076568293263865828e+00 1.076568293332047732e+00 1.076568293428961987e+00 1.076568293559216682e+00 1.076568293727245829e+00 1.076568293937179899e+00 1.076568294192808528e+00 1.076568294497436407e+00 1.076568294853836871e+00 1.076568295264208608e+00 1.076568295730074398e+00 1.076568296252253365e+00 1.076568296830790361e+00 1.076568297464981061e+00 1.076568298153316894e+00 1.076568298893479048e+00 1.076568299682389762e+00 1.076568300516237198e+00 1.076568301390488980e+00 1.076568302299976132e+00 1.076568303238953694e+00 1.076568304201161119e+00 1.076568305179929075e+00 1.076568306168269373e+00 1.076568307158944027e+00 1.076568308144593811e+00 1.076568309117783340e+00 1.076568310071153611e+00
1.067831406816943218e+00 1.067831406803368965e+00 1.067831406778949166e+00 1.067831406746752920e+00 1.067831406710396003e+00 1.067831406673917627e+00 1.067831406641766900e+00 1.067831406618696244e+00 1.067831406609707212e+00 1.067831406619954349e+00 1.067831406654681903e+00 1.067831406719096821e+00 1.067831406818345430e+00 1.067831406957331364e+00 1.067831407140647615e+00 1.067831407372515695e+00 1.067831407656687270e+00 1.067831407996315374e+00 1.067831408393908443e+00 1.067831408851270591e+00 1.067831409369409901e+00 1.067831409948515331e+00 1.067831410587958496e+00 1.067831411286192633e+00 1.067831412040845862e+00 1.067831412848689432e+00 1.067831413705645494e+00 1.067831414606916995e+00 1.067831415546978358e+00 1.067831416519652521e+00 1.067831417518262604e+00 1.067831418535653665e+00 1.067831419564322371e+00 1.067831420596530689e+00 1.067831421624373389e+00 1.067831422639937911e+00 1.067831423635334342e+00
1.058932653280657998e+00 1.058932653243649158e+00 1.058932653192884210e+00 1.058932653131736012e+00 1.058932653064130092e+00 1.058932652994493129e+00 1.058932652927660367e+00 1.058932652868846525e+00 1.058932652823515674e+00 1.058932652797345053e+00 1.058932652796094498e+00 1.058932652825531839e+00 1.058932652891303450e+00 1.058932652998851198e+00 1.058932653153313641e+00 1.058932653359397680e+00 1.058932653621301734e+00 1.058932653942595836e+00 1.058932654326152578e+00 1.058932654774071169e+00 1.058932655287587066e+00 1.058932655867071526e+00 1.058932656511933690e+00 1.058932657220627016e+00 1.058932657990703685e+00 1.058932658818730443e+00 1.058932659700432488e+00 1.058932660630641065e+00 1.058932661603451786e+00 1.058932662612270814e+00 1.058932663649898132e+00 1.058932664708671201e+00 1.058932665780510707e+00 1.058932666857132610e+00 1.058932667930071236e+00 1.058932668990830051e+00 1.058932670031034196e+00
1.049906434934897881e+00 1.049906434873408623e+00 1.049906434794972254e+00 1.049906434703264724e+00 1.049906434602553507e+00 1.049906434497643204e+00 1.049906434393832022e+00 1.049906434296796531e+00 1.049906434212547035e+00 1.049906434147267920e+00 1.049906434107333641e+00 1.049906434099042052e+00 1.049906434128661248e+00 1.049906434202201533e+00 1.049906434325384996e+00 1.049906434503433683e+00 1.049906434741069372e+00 1.049906435042316843e+00 1.049906435410449923e+00 1.049906435847894226e+00 1.049906436356157657e+00 1.049906436935763576e+00 1.049906437586203944e+00 1.049906438305977963e+00 1.049906439092471055e+00 1.049906439942105862e+00 1.049906440850289391e+00 1.049906441811534252e+00 1.049906442819504626e+00 1.049906443867090866e+00 1.049906444946585360e+00 1.049906446049711395e+00 1.049906447167821444e+00 1.049906448291979766e+00 1.049906449413113840e+00 1.049906450522144041e+00 1.049906451610066460e+00
