BlockUplift_2Ma_1kryTimeStep_2mmyr_k_1e-05_m_0.5_n_1.0_LinDiffusion_0.5_6x3km_30mRes_flow__link_to_receiver_node.txt
nrows 100
cellsize 30.0
xllcorner 0.0
ncols 200
yllcorner 0.0
[rows 51 to 67 of 100, columns 111 to 147 of 200]
1.906300000000000000e+04 1.906400000000000000e+04 1.906500000000000000e+04 1.906600000000000000e+04 1.906700000000000000e+04 1.906800000000000000e+04 1.906900000000000000e+04 1.907000000000000000e+04 1.907100000000000000e+04 1.907200000000000000e+04 1.907300000000000000e+04 1.907400000000000000e+04 1.907500000000000000e+04 1.907600000000000000e+04 1.907700000000000000e+04 1.907800000000000000e+04 1.907900000000000000e+04 1.908000000000000000e+04 1.908100000000000000e+04 1.908200000000000000e+04 1.908300000000000000e+04 1.908400000000000000e+04 1.908500000000000000e+04 1.908600000000000000e+04 1.908700000000000000e+04 1.908800000000000000e+04 1.908900000000000000e+04 1.909000000000000000e+04 1.909100000000000000e+04 1.909200000000000000e+04 1.909300000000000000e+04 1.909400000000000000e+04 1.909500000000000000e+04 1.909600000000000000e+04 1.909700000000000000e+04 1.909800000000000000e+04 1.909900000000000000e+04
1.866400000000000000e+04 1.866500000000000000e+04 1.866600000000000000e+04 1.866700000000000000e+04 1.866800000000000000e+04 1.866900000000000000e+04 1.867000000000000000e+04 1.867100000000000000e+04 1.867200000000000000e+04 1.867300000000000000e+04 1.867400000000000000e+04 1.867500000000000000e+04 1.867600000000000000e+04 1.867700000000000000e+04 1.867800000000000000e+04 1.867900000000000000e+04 1.868000000000000000e+04 1.868100000000000000e+04 1.868200000000000000e+04 1.868300000000000000e+04 1.868400000000000000e+04 1.868500000000000000e+04 1.868600000000000000e+04 1.868700000000000000e+04 1.868800000000000000e+04 1.868900000000000000e+04 1.869000000000000000e+04 1.869100000000000000e+04 1.869200000000000000e+04 1.869300000000000000e+04 1.869400000000000000e+04 1.869500000000000000e+04 1.869600000000000000e+04 1.869700000000000000e+04 1.869800000000000000e+04 1.869900000000000000e+04 1.870000000000000000e+04
1.826500000000000000e+04 1.826600000000000000e+04 1.826700000000000000e+04 1.826800000000000000e+04 1.826900000000000000e+04 1.827000000000000000e+04 1.827100000000000000e+04 1.827200000000000000e+04 1.827300000000000000e+04 1.827400000000000000e+04 1.827500000000000000e+04 1.827600000000000000e+04 1.827700000000000000e+04 1.827800000000000000e+04 1.827900000000000000e+04 1.828000000000000000e+04 1.828100000000000000e+04 1.828200000000000000e+04 1.828300000000000000e+04 1.828400000000000000e+04 1.828500000000000000e+04 1.828600000000000000e+04 1.828700000000000000e+04 1.828800000000000000e+04 1.828900000000000000e+04 1.829000000000000000e+04 1.829100000000000000e+04 1.829200000000000000e+04 1.829300000000000000e+04 1.829400000000000000e+04 1.829500000000000000e+04 1.829600000000000000e+04 1.829700000000000000e+04 1.829800000000000000e+04 1.829900000000000000e+04 1.830000000000000000e+04 1.830100000000000000e+04
1.786600000000000000e+04 1.786700000000000000e+04 1.786800000000000000e+04 1.786900000000000000e+04 1.787000000000000000e+04 1.787100000000000000e+04 1.787200000000000000e+04 1.787300000000000000e+04 1.787400000000000000e+04 1.787500000000000000e+04 1.787600000000000000e+04 1.787700000000000000e+04 1.787800000000000000e+04 1.787900000000000000e+04 1.788000000000000000e+04 1.788100000000000000e+04 1.788200000000000000e+04 1.788300000000000000e+04 1.788400000000000000e+04 1.788500000000000000e+04 1.788600000000000000e+04 1.788700000000000000e+04 1.788800000000000000e+04 1.788900000000000000e+04 1.789000000000000000e+04 1.789100000000000000e+04 1.789200000000000000e+04 1.789300000000000000e+04 1.789400000000000000e+04 1.789500000000000000e+04 1.789600000000000000e+04 1.789700000000000000e+04 1.789800000000000000e+04 1.789900000000000000e+04 1.790000000000000000e+04 1.790100000000000000e+04 1.790200000000000000e+04
1.746700000000000000e+04 1.746800000000000000e+04 1.746900000000000000e+04 1.747000000000000000e+04 1.747100000000000000e+04 1.747200000000000000e+04 1.747300000000000000e+04 1.747400000000000000e+04 1.747500000000000000e+04 1.747600000000000000e+04 1.747700000000000000e+04 1.747800000000000000e+04 1.747900000000000000e+04 1.748000000000000000e+04 1.748100000000000000e+04 1.748200000000000000e+04 1.748300000000000000e+04 1.748400000000000000e+04 1.748500000000000000e+04 1.748600000000000000e+04 1.748700000000000000e+04 1.748800000000000000e+04 1.748900000000000000e+04 1.749000000000000000e+04 1.749100000000000000e+04 1.749200000000000000e+04 1.749300000000000000e+04 1.749400000000000000e+04 1.749500000000000000e+04 1.749600000000000000e+04 1.749700000000000000e+04 1.749800000000000000e+04 1.749900000000000000e+04 1.750000000000000000e+04 1.750100000000000000e+04 1.750200000000000000e+04 1.750300000000000000e+04
1.706800000000000000e+04 1.706900000000000000e+04 1.707000000000000000e+04 1.707100000000000000e+04 1.707200000000000000e+04 1.707300000000000000e+04 1.707400000000000000e+04 1.707500000000000000e+04 1.707600000000000000e+04 1.707700000000000000e+04 1.707800000000000000e+04 1.707900000000000000e+04 1.708000000000000000e+04 1.708100000000000000e+04 1.708200000000000000e+04 1.708300000000000000e+04 1.708400000000000000e+04 1.708500000000000000e+04 1.708600000000000000e+04 1.708700000000000000e+04 1.708800000000000000e+04 1.708900000000000000e+04 1.709000000000000000e+04 1.709100000000000000e+04 1.709200000000000000e+04 1.709300000000000000e+04 1.709400000000000000e+04 1.709500000000000000e+04 1.709600000000000000e+04 1.709700000000000000e+04 1.709800000000000000e+04 1.709900000000000000e+04 1.710000000000000000e+04 1.710100000000000000e+04 1.710200000000000000e+04 1.710300000000000000e+04 1.710400000000000000e+04
1.666900000000000000e+04 1.667000000000000000e+04 1.667100000000000000e+04 1.667200000000000000e+04 1.667300000000000000e+04 1.667400000000000000e+04 1.667500000000000000e+04 1.667600000000000000e+04 1.667700000000000000e+04 1.667800000000000000e+04 1.667900000000000000e+04 1.668000000000000000e+04 1.668100000000000000e+04 1.668200000000000000e+04 1.668300000000000000e+04 1.668400000000000000e+04 1.668500000000000000e+04 1.668600000000000000e+04 1.668700000000000000e+04 1.668800000000000000e+04 1.668900000000000000e+04 1.669000000000000000e+04 1.669100000000000000e+04 1.669200000000000000e+04 1.669300000000000000e+04 1.669400000000000000e+04 1.669500000000000000e+04 1.669600000000000000e+04 1.669700000000000000e+04 1.669800000000000000e+04 1.669900000000000000e+04 1.670000000000000000e+04 1.670100000000000000e+04 1.670200000000000000e+04 1.670300000000000000e+04 1.670400000000000000e+04 1.670500000000000000e+04
1.627000000000000000e+04 1.627100000000000000e+04 1.627200000000000000e+04 1.627300000000000000e+04 1.627400000000000000e+04 1.627500000000000000e+04 1.627600000000000000e+04 1.627700000000000000e+04 1.627800000000000000e+04 1.627900000000000000e+04 1.628000000000000000e+04 1.628100000000000000e+04 1.628200000000000000e+04 1.628300000000000000e+04 1.628400000000000000e+04 1.628500000000000000e+04 1.628600000000000000e+04 1.628700000000000000e+04 1.628800000000000000e+04 1.628900000000000000e+04 1.629000000000000000e+04 1.629100000000000000e+04 1.629200000000000000e+04 1.629300000000000000e+04 1.629400000000000000e+04 1.629500000000000000e+04 1.629600000000000000e+04 1.629700000000000000e+04 1.629800000000000000e+04 1.629900000000000000e+04 1.630000000000000000e+04 1.630100000000000000e+04 1.630200000000000000e+04 1.630300000000000000e+04 1.630400000000000000e+04 1.630500000000000000e+04 1.630600000000000000e+04
1.587100000000000000e+04 1.587200000000000000e+04 1.587300000000000000e+04 1.587400000000000000e+04 1.587500000000000000e+04 1.587600000000000000e+04 1.587700000000000000e+04 1.587800000000000000e+04 1.587900000000000000e+04 1.588000000000000000e+04 1.588100000000000000e+04 1.588200000000000000e+04 1.588300000000000000e+04 1.588400000000000000e+04 1.588500000000000000e+04 1.588600000000000000e+04 1.588700000000000000e+04 1.588800000000000000e+04 1.588900000000000000e+04 1.589000000000000000e+04 1.589100000000000000e+04 1.589200000000000000e+04 1.589300000000000000e+04 1.589400000000000000e+04 1.589500000000000000e+04 1.589600000000000000e+04 1.589700000000000000e+04 1.589800000000000000e+04 1.589900000000000000e+04 1.590000000000000000e+04 1.590100000000000000e+04 1.590200000000000000e+04 1.590300000000000000e+04 1.590400000000000000e+04 1.590500000000000000e+04 1.590600000000000000e+04 1.590700000000000000e+04
1.547200000000000000e+04 1.547300000000000000e+04 1.547400000000000000e+04 1.547500000000000000e+04 1.547600000000000000e+04 1.547700000000000000e+04 1.547800000000000000e+04 1.547900000000000000e+04 1.548000000000000000e+04 1.548100000000000000e+04 1.548200000000000000e+04 1.548300000000000000e+04 1.548400000000000000e+04 1.548500000000000000e+04 1.548600000000000000e+04 1.548700000000000000e+04 1.548800000000000000e+04 1.548900000000000000e+04 1.549000000000000000e+04 1.549100000000000000e+04 1.549200000000000000e+04 1.549300000000000000e+04 1.549400000000000000e+04 1.549500000000000000e+04 1.549600000000000000e+04 1.549700000000000000e+04 1.549800000000000000e+04 1.549900000000000000e+04 1.550000000000000000e+04 1.550100000000000000e+04 1.550200000000000000e+04 1.550300000000000000e+04 1.550400000000000000e+04 1.550500000000000000e+04 1.550600000000000000e+04 1.550700000000000000e+04 1.550800000000000000e+04
1.507300000000000000e+04 1.507400000000000000e+04 1.507500000000000000e+04 1.507600000000000000e+04 1.507700000000000000e+04 1.507800000000000000e+04 1.507900000000000000e+04 1.508000000000000000e+04 1.508100000000000000e+04 1.508200000000000000e+04 1.508300000000000000e+04 1.508400000000000000e+04 1.508500000000000000e+04 1.508600000000000000e+04 1.508700000000000000e+04 1.508800000000000000e+04 1.508900000000000000e+04 1.509000000000000000e+04 1.509100000000000000e+04 1.509200000000000000e+04 1.509300000000000000e+04 1.509400000000000000e+04 1.509500000000000000e+04 1.509600000000000000e+04 1.509700000000000000e+04 1.509800000000000000e+04 1.509900000000000000e+04 1.510000000000000000e+04 1.510100000000000000e+04 1.510200000000000000e+04 1.510300000000000000e+04 1.510400000000000000e+04 1.510500000000000000e+04 1.510600000000000000e+04 1.510700000000000000e+04 1.510800000000000000e+04 1.510900000000000000e+04
1.467400000000000000e+04 1.467500000000000000e+04 1.467600000000000000e+04 1.467700000000000000e+04 1.467800000000000000e+04 1.467900000000000000e+04 1.468000000000000000e+04 1.468100000000000000e+04 1.468200000000000000e+04 1.468300000000000000e+04 1.468400000000000000e+04 1.468500000000000000e+04 1.468600000000000000e+04 1.468700000000000000e+04 1.468800000000000000e+04 1.468900000000000000e+04 1.469000000000000000e+04 1.469100000000000000e+04 1.469200000000000000e+04 1.469300000000000000e+04 1.469400000000000000e+04 1.469500000000000000e+04 1.469600000000000000e+04 1.469700000000000000e+04 1.469800000000000000e+04 1.469900000000000000e+04 1.470000000000000000e+04 1.470100000000000000e+04 1.470200000000000000e+04 1.470300000000000000e+04 1.470400000000000000e+04 1.470500000000000000e+04 1.470600000000000000e+04 1.470700000000000000e+04 1.470800000000000000e+04 1.470900000000000000e+04 1.471000000000000000e+04
1.427500000000000000e+04 1.427600000000000000e+04 1.427700000000000000e+04 1.427800000000000000e+04 1.427900000000000000e+04 1.428000000000000000e+04 1.428100000000000000e+04 1.428200000000000000e+04 1.428300000000000000e+04 1.428400000000000000e+04 1.428500000000000000e+04 1.428600000000000000e+04 1.428700000000000000e+04 1.428800000000000000e+04 1.428900000000000000e+04 1.429000000000000000e+04 1.429100000000000000e+04 1.429200000000000000e+04 1.429300000000000000e+04 1.429400000000000000e+04 1.429500000000000000e+04 1.429600000000000000e+04 1.429700000000000000e+04 1.429800000000000000e+04 1.429900000000000000e+04 1.430000000000000000e+04 1.430100000000000000e+04 1.430200000000000000e+04 1.430300000000000000e+04 1.430400000000000000e+04 1.430500000000000000e+04 1.430600000000000000e+04 1.430700000000000000e+04 1.430800000000000000e+04 1.430900000000000000e+04 1.431000000000000000e+04 1.431100000000000000e+04
1.387600000000000000e+04 1.387700000000000000e+04 1.387800000000000000e+04 1.387900000000000000e+04 1.388000000000000000e+04 1.388100000000000000e+04 1.388200000000000000e+04 1.388300000000000000e+04 1.388400000000000000e+04 1.388500000000000000e+04 1.388600000000000000e+04 1.388700000000000000e+04 1.388800000000000000e+04 1.388900000000000000e+04 1.389000000000000000e+04 1.389100000000000000e+04 1.389200000000000000e+04 1.389300000000000000e+04 1.389400000000000000e+04 1.389500000000000000e+04 1.389600000000000000e+04 1.389700000000000000e+04 1.389800000000000000e+04 1.389900000000000000e+04 1.390000000000000000e+04 1.390100000000000000e+04 1.390200000000000000e+04 1.390300000000000000e+04 1.390400000000000000e+04 1.390500000000000000e+04 1.390600000000000000e+04 1.390700000000000000e+04 1.390800000000000000e+04 1.390900000000000000e+04 1.391000000000000000e+04 1.391100000000000000e+04 1.391200000000000000e+04
1.347700000000000000e+04 1.347800000000000000e+04 1.347900000000000000e+04 1.348000000000000000e+04 1.348100000000000000e+04 1.348200000000000000e+04 1.348300000000000000e+04 1.348400000000000000e+04 1.348500000000000000e+04 1.348600000000000000e+04 1.348700000000000000e+04 1.348800000000000000e+04 1.348900000000000000e+04 1.349000000000000000e+04 1.349100000000000000e+04 1.349200000000000000e+04 1.349300000000000000e+04 1.349400000000000000e+04 1.349500000000000000e+04 1.349600000000000000e+04 1.349700000000000000e+04 1.349800000000000000e+04 1.349900000000000000e+04 1.350000000000000000e+04 1.350100000000000000e+04 1.350200000000000000e+04 1.350300000000000000e+04 1.350400000000000000e+04 1.350500000000000000e+04 1.350600000000000000e+04 1.350700000000000000e+04 1.350800000000000000e+04 1.350900000000000000e+04 1.351000000000000000e+04 1.351100000000000000e+04 1.351200000000000000e+04 1.351300000000000000e+04
1.307800000000000000e+04 1.307900000000000000e+04 1.308000000000000000e+04 1.308100000000000000e+04 1.308200000000000000e+04 1.308300000000000000e+04 1.308400000000000000e+04 1.308500000000000000e+04 1.308600000000000000e+04 1.308700000000000000e+04 1.308800000000000000e+04 1.308900000000000000e+04 1.309000000000000000e+04 1.309100000000000000e+04 1.309200000000000000e+04 1.309300000000000000e+04 1.309400000000000000e+04 1.309500000000000000e+04 1.309600000000000000e+04 1.309700000000000000e+04 1.309800000000000000e+04 1.309900000000000000e+04 1.310000000000000000e+04 1.310100000000000000e+04 1.310200000000000000e+04 1.310300000000000000e+04 1.310400000000000000e+04 1.310500000000000000e+04 1.310600000000000000e+04 1.310700000000000000e+04 1.310800000000000000e+04 1.310900000000000000e+04 1.311000000000000000e+04 1.311100000000000000e+04 1.311200000000000000e+04 1.311300000000000000e+04 1.311400000000000000e+04
1.267900000000000000e+04 1.268000000000000000e+04 1.268100000000000000e+04 1.268200000000000000e+04 1.268300000000000000e+04 1.268400000000000000e+04 1.268500000000000000e+04 1.268600000000000000e+04 1.268700000000000000e+04 1.268800000000000000e+04 1.268900000000000000e+04 1.269000000000000000e+04 1.269100000000000000e+04 1.269200000000000000e+04 1.269300000000000000e+04 1.269400000000000000e+04 1.269500000000000000e+04 1.269600000000000000e+04 1.269700000000000000e+04 1.269800000000000000e+04 1.269900000000000000e+04 1.270000000000000000e+04 1.270100000000000000e+04 1.270200000000000000e+04 1.270300000000000000e+04 1.270400000000000000e+04 1.270500000000000000e+04 1.270600000000000000e+04 1.270700000000000000e+04 1.270800000000000000e+04 1.270900000000000000e+04 1.271000000000000000e+04 1.271100000000000000e+04 1.271200000000000000e+04 1.271300000000000000e+04 1.271400000000000000e+04 1.271500000000000000e+04
