BlockUplift_2Ma_1kryTimeStep_2mmyr_k_0.0001_m_0.5_n_1.0_LinDiffusion_0.75_6x3km_30mRes_topographic__steepest_slope.txt
nrows 100
cellsize 30.0
xllcorner 0.0
ncols 200
yllcorner 0.0
[rows 51 to 67 of 100, columns 37 to 73 of 200]
1.462129645428575375e-01 1.212954880761780430e-01 9.257364757837015234e-02 6.749499688139568021e-02 3.959401224170603500e-02 5.222076735503738271e-02 8.680749251566434455e-02 1.175732361353415967e-01 1.434374692640365823e-01 1.638113830595168963e-01 1.785660624813810160e-01 1.879296568956978775e-01 1.923547729961143093e-01 1.923942314671497344e-01 1.886094622342388560e-01 1.815190336567620022e-01 1.715815503086815796e-01 1.592003993796178574e-01 1.447373118658883129e-01 1.285252773523400949e-01 1.108763781771614221e-01 9.208440905406026222e-02 7.242446841112742950e-02 5.215190094436365775e-02 3.150186105268157344e-02 1.109740203873038275e-02 5.004484768793796869e-03 1.067243908185895422e-02 3.065389098969906884e-02 5.084090091467411560e-02 7.049194679853296175e-02 8.944897158651296531e-02 1.075457516250480638e-01 1.246025216313663975e-01 1.404241778554895237e-01 1.548010060019237299e-01 1.675089015356130973e-01
1.459899335551834154e-01 1.247440466147371335e-01 1.035481946850950602e-01 7.872658780052833871e-02 5.102572232169424321e-02 5.236343647404281820e-02 8.052990724111547260e-02 1.112905326436560982e-01 1.374670712479409418e-01 1.584250135267855908e-01 1.739745063739491227e-01 1.842787925309835317e-01 1.897296384054565632e-01 1.908267406732609972e-01 1.880859623908122669e-01 1.819854925138685020e-01 1.729459265691218606e-01 1.613330952506695781e-01 1.474713653298313776e-01 1.316582181840033061e-01 1.141755803520870388e-01 9.529734673702611181e-02 7.529445115065129535e-02 5.443859746380137060e-02 3.300439276652771675e-02 1.479220215824126293e-02 9.650696684587956042e-03 1.424448376147131184e-02 3.201831071798058592e-02 5.305530232748007641e-02 7.337685482986083807e-02 9.277500272303502993e-02 1.110573664074991085e-01 1.280406589225483172e-01 1.435445310921484863e-01 1.573863768181723855e-01 1.693756996752227850e-01
1.535320996927626302e-01 1.365288318920103161e-01 1.156202046996404192e-01 9.110990889029091377e-02 6.369463989496976231e-02 5.544932371827307471e-02 7.411109439377712438e-02 1.042691985696516527e-01 1.307568500709417603e-01 1.522961011330920544e-01 1.686429610634282428e-01 1.799031927804473352e-01 1.864149904495330246e-01 1.886312023726513243e-01 1.870264084597228760e-01 1.820395426547567752e-01 1.740499456205147621e-01 1.633772749293219417e-01 1.502941486822209072e-01 1.350430914676716554e-01 1.178536079915630808e-01 9.895849885973764803e-02 7.860940425930304509e-02 5.709016627565498964e-02 3.653363522182435930e-02 2.084792183930280624e-02 1.760914934038358692e-02 2.028247287828454509e-02 3.579381271531519720e-02 5.574196133718582052e-02 7.677881340577338842e-02 9.658170451571569670e-02 1.149402231917605322e-01 1.316855850241305803e-01 1.466750902948698865e-01 1.597762188016143281e-01 1.708516760336531715e-01
1.655605969973889535e-01 1.487953748994151060e-01 1.282051109804477895e-01 1.040694424552460612e-01 7.704024847876853044e-02 5.899167078829314903e-02 7.728479209008778938e-02 9.673752023055329219e-02 1.235166283390488756e-01 1.456110226609780567e-01 1.627316074765834120e-01 1.749357385406180299e-01 1.825166989504206638e-01 1.858881610810916019e-01 1.854891359076030199e-01 1.817217031505284353e-01 1.749215456206144326e-01 1.653537225699977797e-01 1.532242026925975664e-01 1.387000000429660929e-01 1.219344765174762840e-01 1.030966182606296855e-01 8.240229812851680713e-02 6.064368132500724123e-02 4.565067300639256975e-02 2.910432937808614395e-02 2.861813760277319429e-02 2.857859925694327882e-02 4.495007468759914387e-02 5.965527743774205055e-02 8.067775807123211962e-02 1.008528494889456284e-01 1.191822093346426442e-01 1.355305015989567152e-01 1.498167503849790194e-01 1.619826482456090955e-01 1.719644961450834952e-01
1.773941555044591112e-01 1.608932616100892388e-01 1.406682088054751756e-01 1.169845973132241923e-01 9.045599238159271471e-02 7.130915396247322624e-02 8.101858997406087559e-02 9.733427780145050001e-02 1.160166439371702468e-01 1.386194566116908389e-01 1.564650122377287400e-01 1.695715136694853353e-01 1.781964262371142638e-01 1.827230817303795163e-01 1.835626256880990015e-01 1.810852075732621302e-01 1.755829895322591483e-01 1.672600509040592098e-01 1.562420275096618183e-01 1.426001822617128656e-01 1.263875526913902092e-01 1.076855886316470390e-01 8.665660923279763783e-02 7.244061564961977451e-02 5.676410274135698653e-02 4.133758193545607890e-02 4.220127743179015456e-02 4.133666577000004450e-02 5.615640649659021238e-02 7.159611625543957358e-02 8.500094302741084684e-02 1.055146771983108550e-01 1.237144307776304741e-01 1.395180462432307478e-01 1.529309278386402071e-01 1.639932658953180689e-01 1.727348249145203851e-01
1.883802067655062362e-01 1.721943917094873044e-01 1.523998134409595973e-01 1.292583435601553643e-01 1.033522153334536092e-01 8.396816704589298019e-02 8.516992225775461833e-02 1.017404175591925530e-01 1.159856244585009410e-01 1.316154258999015780e-01 1.501196823178323203e-01 1.640627039004499410e-01 1.736737208739924654e-01 1.793144132771857246e-01 1.813773459319008852e-01 1.802087859285715354e-01 1.760615849940999622e-01 1.690767385827626756e-01 1.592896975079582944e-01 1.466586941497439456e-01 1.311141511388645708e-01 1.126270125362973801e-01 9.994798430077102280e-02 8.587704240503328534e-02 6.940441033700486817e-02 5.673091355461300223e-02 5.770411487882824708e-02 5.686991785448943654e-02 6.889194872361807664e-02 8.522161600126279546e-02 9.907740176062079795e-02 1.104924953031923701e-01 1.283970078413299576e-01 1.435317582637689326e-01 1.559376747740287839e-01 1.657756670468984450e-01 1.731858218951723982e-01
1.979680216519101588e-01 1.821688967777453094e-01 1.628840128252337649e-01 1.403810933568220287e-01 1.152174302051242744e-01 9.602877945970078599e-02 8.978496034002793336e-02 1.065620118937619376e-01 1.213540389042232492e-01 1.335747187925983570e-01 1.439941281021797637e-01 1.586964168414245480e-01 1.692130436495015433e-01 1.758902180626269740e-01 1.791111414039695260e-01 1.792088103186036674e-01 1.764057664021635163e-01 1.707840419021219303e-01 1.622857930276069283e-01 1.507453492073153600e-01 1.360973643987687109e-01 1.268250602330535382e-01 1.149863390238497207e-01 1.003567201284337879e-01 8.298957628430582434e-02 7.328110009761891475e-02 7.435169803062156857e-02 7.362647516312866014e-02 8.251804054913765285e-02 9.987691533602592597e-02 1.144246700375846221e-01 1.261560694428099649e-01 1.353471649983931935e-01 1.474099374420660413e-01 1.587332464729295511e-01 1.672968633861718901e-01 1.733617684302297957e-01
2.057623016500513824e-01 1.904327121189449135e-01 1.717424493934530949e-01 1.499733018305534904e-01 1.256625345013308026e-01 1.071425958202221751e-01 1.017860028556005630e-01 1.115586176969003002e-01 1.269861209543175773e-01 1.399692972958754278e-01 1.503637952485016860e-01 1.582219853822947608e-01 1.650942048337744328e-01 1.727090592106217681e-01 1.769817687343968882e-01 1.782432881585937767e-01 1.766990081043483540e-01 1.723832598531951643e-01 1.651509116120716270e-01 1.586019343545850557e-01 1.518631081603978861e-01 1.426386104531110754e-01 1.304912805436361511e-01 1.151971628205081671e-01 9.687077035667082670e-02 9.016828682025182506e-02 9.131079141488954165e-02 9.076877079963499573e-02 9.632843066534126086e-02 1.148135716404994761e-01 1.301885564679861051e-01 1.423894391900056844e-01 1.516932934366526653e-01 1.585892665630527776e-01 1.636312116761444169e-01 1.685495231399405103e-01 1.733464781044669334e-01
2.115347163219451765e-01 1.967582161543378061e-01 1.787456715133068919e-01 1.577995238723124416e-01 1.344399277290010131e-01 1.170833919674180434e-01 1.127249589418539699e-01 1.164800903224825490e-01 1.325541787351609546e-01 1.463250264398562872e-01 1.576398818446760053e-01 1.665192460394985530e-01 1.731216091057488360e-01 1.776991278307960831e-01 1.805439680187369278e-01 1.819266638092002508e-01 1.820310742607725851e-01 1.808944730978158666e-01 1.783655978889522320e-01 1.740968797932958001e-01 1.675865854474994920e-01 1.582785697934773750e-01 1.457104858646519063e-01 1.296796929437553092e-01 1.103792286208961776e-01 1.065652543420715914e-01 1.077452790970861857e-01 1.074445722255177316e-01 1.096041819308407744e-01 1.292489439489956926e-01 1.455406335769850457e-01 1.583385552512070749e-01 1.679000114112213227e-01 1.747396539983766262e-01 1.794624488666896334e-01 1.826174258327699362e-01 1.846014392066466780e-01
2.151991731178291567e-01 2.010532417873255595e-01 1.837963944196206734e-01 1.637567065993075499e-01 1.414380588184932785e-01 1.257520876234432816e-01 1.224187464421769705e-01 1.210965383348842211e-01 1.377431300959919835e-01 1.522471566272979027e-01 1.644564616029359216e-01 1.743592990656316899e-01 1.820619067202406960e-01 1.877589971714322681e-01 1.916911108549214648e-01 1.940871383843892073e-01 1.950968372410758489e-01 1.947247060455637446e-01 1.927821558505769806e-01 1.888782178841834913e-01 1.824671521252726192e-01 1.729607843059237926e-01 1.598933968052025090e-01 1.431025991445189216e-01 1.228716469076730072e-01 1.216817726027973889e-01 1.228628717544362758e-01 1.228366440897029066e-01 1.216928872332052464e-01 1.424314814718513900e-01 1.596664786403721170e-01 1.731427651618899777e-01 1.830788104277299988e-01 1.899934701479739640e-01 1.945230036617191793e-01 1.972573954308996236e-01 1.986310349206695247e-01
2.167678638575834260e-01 2.033231036386791146e-01 1.868969067793788963e-01 1.678464800573069571e-01 1.466584999685529300e-01 1.331657378192422359e-01 1.308180072862342169e-01 1.278466993408632901e-01 1.422879053417581419e-01 1.573908556070059972e-01 1.703929506973397567e-01 1.812514450098461349e-01 1.900132817569573640e-01 1.968030200358384940e-01 2.017946319818496315e-01 2.051616868595683152e-01 2.070104433162741620e-01 2.073097128467390471e-01 2.058383387469440162e-01 2.021743444550120616e-01 1.957465330359434430e-01 1.859563924244110600e-01 1.723553317130985807e-01 1.548355560773916062e-01 1.337742871317907090e-01 1.348056279481539832e-01 1.359571175404804821e-01 1.362103307469927360e-01 1.356256974655783154e-01 1.537052504430150568e-01 1.718438983019729416e-01 1.860249669604955858e-01 1.964134835075487806e-01 2.035125053201202183e-01 2.079687238211604117e-01 2.103950486049113167e-01 2.112506138264431121e-01
2.163081058020640546e-01 2.036325470053968467e-01 1.881148278960892706e-01 1.701433705734098356e-01 1.501854982495892388e-01 1.394350757396153884e-01 1.379911801134085236e-01 1.357118603587091910e-01 1.459997553755947308e-01 1.614971524436731865e-01 1.751211283130460483e-01 1.868008848655787202e-01 1.965188710683027085e-01 2.043183801465305593e-01 2.102930720673241716e-01 2.145484512452218717e-01 2.171388627739489485e-01 2.179958331454824316e-01 2.168720730150218712e-01 2.133286623779405700e-01 2.067884072512789218e-01 1.966633311037399579e-01 1.825390776731891929e-01 1.643704964279131264e-01 1.436940690333187720e-01 1.453425942794363268e-01 1.464464483236194436e-01 1.469586592858614094e-01 1.469073029122654472e-01 1.625645135118349849e-01 1.815113756755884211e-01 1.963728602037165816e-01 2.072520572068593525e-01 2.146194746162337907e-01 2.191120863014634490e-01 2.213466544404177616e-01 2.217923919780998288e-01
2.139153018650649107e-01 2.020804540642597846e-01 1.875581565220243996e-01 1.707686487675615650e-01 1.521571042208823554e-01 1.447359302508279544e-01 1.440947981937739653e-01 1.423522983587616753e-01 1.487766021596380883e-01 1.644104379279429373e-01 1.784305702170373986e-01 1.907424681169891667e-01 2.012608930347914715e-01 2.099389071640713478e-01 2.167780618692520811e-01 2.218047130032562153e-01 2.250143483791904320e-01 2.263009981998652942e-01 2.253988918881120185e-01 2.218668927943387437e-01 2.151407449941794281e-01 2.046614950708315062e-01 1.900614787012000206e-01 1.713594861247039192e-01 1.514950062488660820e-01 1.528496198339936996e-01 1.539044986750416344e-01 1.546369345219114622e-01 1.550430327079070081e-01 1.686869134262354297e-01 1.883109391921750086e-01 2.037912347411661718e-01 2.151669772075524567e-01 2.228637676087350528e-01 2.274908287104960014e-01 2.296499443122650974e-01 2.298048090708802449e-01
2.097081712922576335e-01 1.987925317489813715e-01 1.853643994782644966e-01 1.698747616761971113e-01 1.527436240198722928e-01 1.492793986032779630e-01 1.493369308595920986e-01 1.479818575792819502e-01 1.505974114776340023e-01 1.660764359369454324e-01 1.802310445981570031e-01 1.929480670014613042e-01 2.040732678475633277e-01 2.134629262743285294e-01 2.210171004940847672e-01 2.266740000171095226e-01 2.303649416186576981e-01 2.319473552777037706e-01 2.311450715215938312e-01 2.275289098767112606e-01 2.205645566963169990e-01 2.097369818131251118e-01 1.947325003746806227e-01 1.756289893646167111e-01 1.559139926188725100e-01 1.570500372965668023e-01 1.580709500528835465e-01 1.589746091887349055e-01 1.597285305243597575e-01 1.719359029729168875e-01 1.920936375832006382e-01 2.081110050827421898e-01 2.199671834580768648e-01 2.280353522942159539e-01 2.328821741484543018e-01 2.350772095863448985e-01 2.350633558122121602e-01
2.038426236907650291e-01 1.939292620643723597e-01 1.817021572039470290e-01 1.676401099812678264e-01 1.521349346119735546e-01 1.532843929012803474e-01 1.539407999251257708e-01 1.528433389295097700e-01 1.515048326248839561e-01 1.665249949568679277e-01 1.805359016593222621e-01 1.934109130826648926e-01 2.049271454353307487e-01 2.148401150042283381e-01 2.229417688015528920e-01 2.290755613360149767e-01 2.331049655514850216e-01 2.348523647587097696e-01 2.340387567887561582e-01 2.302592299222889216e-01 2.230231393916692617e-01 2.118697566034698221e-01 1.965414537501384007e-01 1.771654088361104828e-01 1.568068643359382119e-01 1.578230002343123661e-01 1.588358867435232524e-01 1.598573284185069443e-01 1.608319343637650833e-01 1.723314550486972074e-01 1.928868542191242708e-01 2.093543130503809080e-01 2.216616221800003506e-01 2.301269207419574525e-01 2.352636739072858363e-01 2.375949631946162599e-01 2.375293703571312587e-01
1.965334562138306984e-01 1.877006303378501162e-01 1.767788791646513757e-01 1.642699876813259463e-01 1.536910747892127060e-01 1.569545925263459707e-01 1.581139802104464254e-01 1.571685515544819223e-01 1.544119048574041642e-01 1.658453082245240628e-01 1.794350567291047305e-01 1.922163843762776103e-01 2.038995821660786745e-01 2.141381831831644378e-01 2.226125508199967851e-01 2.290674953396083791e-01 2.332966527658853761e-01 2.350891477737431789e-01 2.341692836762338803e-01 2.301656296414495428e-01 2.226404345414169095e-01 2.111923811678052265e-01 1.956169518531637452e-01 1.760773216910509198e-01 1.541741796928846608e-01 1.551712274317300910e-01 1.562027762983319579e-01 1.572856017004985174e-01 1.583486458941057717e-01 1.700002435627949726e-01 1.908370850287939846e-01 2.076715746390394579e-01 2.203921137567176614e-01 2.292639947806748846e-01 2.347418847051859214e-01 2.372925007767257288e-01 2.372797949960402109e-01
1.880703692573052477e-01 1.803769810251275862e-01 1.708466701248328445e-01 1.599977381368037355e-01 1.564639989276580823e-01 1.604604587334591825e-01 1.620260870412674192e-01 1.611495809964215709e-01 1.581205979221181335e-01 1.641613827515472912e-01 1.770670833382491371e-01 1.895106414789580473e-01 2.011387544860240295e-01 2.115047542298324201e-01 2.201775044582945651e-01 2.268023735766003801e-01 2.311029616204001991e-01 2.328368555708258403e-01 2.317356337425560409e-01 2.274664338317274603e-01 2.196481387056209433e-01 2.079381634242205845e-01 1.921774619157592123e-01 1.725497897603526509e-01 1.496907684936723826e-01 1.491844481023917868e-01 1.502487352843611401e-01 1.513310471203335450e-01 1.523528482493418379e-01 1.651263065345559278e-01 1.861525643698500876e-01 2.032779941347737929e-01 2.163657621071819748e-01 2.256351583582224540e-01 2.314821915643519579e-01 2.343128885079723001e-01 2.344406899228196339e-01
