BlockUplift_2Ma_1kryTimeStep_5mmyr_k_1e-05_m_0.5_n_1.0_LinDiffusion_1.0_6x3km_30mRes_topographic__elevation.txt
nrows 100
cellsize 30.0
xllcorner 0.0
ncols 200
yllcorner 0.0
[rows 51 to 67 of 100, columns 74 to 110 of 200]
3.113186749132084060e+03 3.113186749381595746e+03 3.113186749658462759e+03 3.113186749964017508e+03 3.113186750299455980e+03 3.113186750665828640e+03 3.113186751064045438e+03 3.113186751494867167e+03 3.113186751958910008e+03 3.113186752456645991e+03 3.113186752988406170e+03 3.113186753554382449e+03 3.113186754154631672e+03 3.113186754789078805e+03 3.113186755457522395e+03 3.113186756159635479e+03 3.113186756894968767e+03 3.113186757662954278e+03 3.113186758462906710e+03 3.113186759294025705e+03 3.113186760155395405e+03 3.113186761045988533e+03 3.113186761964665038e+03 3.113186762910175275e+03 3.113186763881160914e+03 3.113186764876159032e+03 3.113186765893603479e+03 3.113186766931831244e+03 3.113186767989086093e+03 3.113186769063526754e+03 3.113186770153233738e+03 3.113186771256217526e+03 3.113186772370430390e+03 3.113186773493776400e+03 3.113186774624122791e+03 3.113186775759315424e+03 3.113186776897189702e+03
3.037002328357324586e+03 3.037002328591142032e+03 3.037002328853363906e+03 3.037002329145388558e+03 3.037002329468463358e+03 3.037002329823684704e+03 3.037002330211993467e+03 3.037002330634174996e+03 3.037002331090860935e+03 3.037002331582532406e+03 3.037002332109519557e+03 3.037002332672011562e+03 3.037002333270056170e+03 3.037002333903566978e+03 3.037002334572326163e+03 3.037002335275988571e+03 3.037002336014086723e+03 3.037002336786030355e+03 3.037002337591110972e+03 3.037002338428502298e+03 3.037002339297259368e+03 3.037002340196323530e+03 3.037002341124519262e+03 3.037002342080556900e+03 3.037002343063031731e+03 3.037002344070431263e+03 3.037002345101130231e+03 3.037002346153403323e+03 3.037002347225422909e+03 3.037002348315271320e+03 3.037002349420944938e+03 3.037002350540365114e+03 3.037002351671387714e+03 3.037002352811817218e+03 3.037002353959417178e+03 3.037002355111923862e+03 3.037002356267063988e+03
2.961236701451515728e+03 2.961236701669096874e+03 2.961236701916198854e+03 2.961236702194284135e+03 2.961236702504657387e+03 2.961236702848455025e+03 2.961236703226650206e+03 2.961236703640051019e+03 2.961236704089300474e+03 2.961236704574882424e+03 2.961236705097127469e+03 2.961236705656214326e+03 2.961236706252180284e+03 2.961236706884923024e+03 2.961236707554205623e+03 2.961236708259665647e+03 2.961236709000813789e+03 2.961236709777037504e+03 2.961236710587605103e+03 2.961236711431664389e+03 2.961236712308244023e+03 2.961236713216254429e+03 2.961236714154485526e+03 2.961236715121608086e+03 2.961236716116174648e+03 2.961236717136619973e+03 2.961236718181263313e+03 2.961236719248312056e+03 2.961236720335868995e+03 2.961236721441934151e+03 2.961236722564418869e+03 2.961236723701148549e+03 2.961236724849881284e+03 2.961236726008312871e+03 2.961236727174096814e+03 2.961236728344856147e+03 2.961236729518198899e+03
2.885907623072645947e+03 2.885907623273423724e+03 2.885907623504910589e+03 2.885907623768636768e+03 2.885907624065960135e+03 2.885907624398060761e+03 2.885907624765940454e+03 2.885907625170424581e+03 2.885907625612165248e+03 2.885907626091646762e+03 2.885907626609191084e+03 2.885907627164965561e+03 2.885907627758989292e+03 2.885907628391142680e+03 2.885907629061168336e+03 2.885907629768681090e+03 2.885907630513169352e+03 2.885907631293998293e+03 2.885907632110414397e+03 2.885907632961540003e+03 2.885907633846379213e+03 2.885907634763813803e+03 2.885907635712600040e+03 2.885907636691372772e+03 2.885907637698640883e+03 2.885907638732789110e+03 2.885907639792079408e+03 2.885907640874654589e+03 2.885907641978541960e+03 2.885907643101661051e+03 2.885907644241829985e+03 2.885907645396778662e+03 2.885907646564156948e+03 2.885907647741551045e+03 2.885907648926494858e+03 2.885907650116490004e+03 2.885907651309018092e+03
2.811030866036201132e+03 2.811030866219582549e+03 2.811030866434939071e+03 2.811030866683871864e+03 2.811030866967793372e+03 2.811030867287923229e+03 2.811030867645289618e+03 2.811030868040731548e+03 2.811030868474904764e+03 2.811030868948287207e+03 2.811030869461188104e+03 2.811030870013756612e+03 2.811030870605991367e+03 2.811030871237747306e+03 2.811030871908743848e+03 2.811030872618571721e+03 2.811030873366695687e+03 2.811030874152460001e+03 2.811030874975086590e+03 2.811030875833678238e+03 2.811030876727213581e+03 2.811030877654548931e+03 2.811030878614411904e+03 2.811030879605402333e+03 2.811030880625987720e+03 2.811030881674505508e+03 2.811030882749160355e+03 2.811030883848028679e+03 2.811030884969063209e+03 2.811030886110098891e+03 2.811030887268859260e+03 2.811030888442970536e+03 2.811030889629972535e+03 2.811030890827331405e+03 2.811030892032456904e+03 2.811030893242718776e+03 2.811030894455467660e+03
2.736620335821487060e+03 2.736620335986850023e+03 2.736620336185543238e+03 2.736620336419237447e+03 2.736620336689399664e+03 2.736620336997287723e+03 2.736620337343951633e+03 2.736620337730239498e+03 2.736620338156802518e+03 2.736620338624106807e+03 2.736620339132441131e+03 2.736620339681929636e+03 2.736620340272543217e+03 2.736620340904108161e+03 2.736620341576315241e+03 2.736620342288728807e+03 2.736620343040789521e+03 2.736620343831818445e+03 2.736620344661018862e+03 2.736620345527471272e+03 2.736620346430136578e+03 2.736620347367846534e+03 2.736620348339306020e+03 2.736620349343081216e+03 2.736620350377604609e+03 2.736620351441165440e+03 2.736620352531914250e+03 2.736620353647861066e+03 2.736620354786882672e+03 2.736620355946725340e+03 2.736620357125016199e+03 2.736620358319272782e+03 2.736620359526916218e+03 2.736620360745288508e+03 2.736620361971666171e+03 2.736620363203280704e+03 2.736620364437338139e+03
2.662688181735710714e+03 2.662688181882405388e+03 2.662688182063880049e+03 2.662688182281880927e+03 2.662688182537926423e+03 2.662688182833308474e+03 2.662688183169094373e+03 2.662688183546133132e+03 2.662688183965065946e+03 2.662688184426335738e+03 2.662688184930203988e+03 2.662688185476761191e+03 2.662688186065942318e+03 2.662688186697539095e+03 2.662688187371209096e+03 2.662688188086487571e+03 2.662688188842788804e+03 2.662688189639412940e+03 2.662688190475544161e+03 2.662688191350247962e+03 2.662688192262467965e+03 2.662688193211020916e+03 2.662688194194589414e+03 2.662688195211715538e+03 2.662688196260796303e+03 2.662688197340079569e+03 2.662688198447661762e+03 2.662688199581488789e+03 2.662688200739358308e+03 2.662688201918928371e+03 2.662688203117722423e+03 2.662688204333145677e+03 2.662688205562494659e+03 2.662688206802978129e+03 2.662688208051732090e+03 2.662688209305839337e+03 2.662688210562354016e+03
2.589244904575843520e+03 2.589244904703189604e+03 2.589244904866874549e+03 2.589244905068718253e+03 2.589244905310290505e+03 2.589244905592913256e+03 2.589244905917663345e+03 2.589244906285382967e+03 2.589244906696692397e+03 2.589244907152002725e+03 2.589244907651535414e+03 2.589244908195337302e+03 2.589244908783299252e+03 2.589244909415169786e+03 2.589244910090569192e+03 2.589244910808999066e+03 2.589244911569848227e+03 2.589244912372394538e+03 2.589244913215808083e+03 2.589244914099142534e+03 2.589244915021331963e+03 2.589244915981182658e+03 2.589244916977363118e+03 2.589244918008396326e+03 2.589244919072652465e+03 2.589244920168339377e+03 2.589244921293503921e+03 2.589244922446027431e+03 2.589244923623628893e+03 2.589244924823874044e+03 2.589244926044180829e+03 2.589244927281833952e+03 2.589244928534000337e+03 2.589244929797745954e+03 2.589244931070055827e+03 2.589244932347856775e+03 2.589244933628038325e+03
2.516299460660848126e+03 2.516299460768133031e+03 2.516299460913437997e+03 2.516299461098655229e+03 2.516299461325403627e+03 2.516299461595029697e+03 2.516299461908611192e+03 2.516299462266974388e+03 2.516299462670703178e+03 2.516299463120165456e+03 2.516299463615529021e+03 2.516299464156785689e+03 2.516299464743769931e+03 2.516299465376180251e+03 2.516299466053591459e+03 2.516299466775468318e+03 2.516299467541171907e+03 2.516299468349962353e+03 2.516299469200997464e+03 2.516299470093326363e+03 2.516299471025881303e+03 2.516299471997467208e+03 2.516299473006746666e+03 2.516299474052232199e+03 2.516299475132272164e+03 2.516299476245043934e+03 2.516299477388544801e+03 2.516299478560594707e+03 2.516299479758834877e+03 2.516299480980734188e+03 2.516299482223599625e+03 2.516299483484590837e+03 2.516299484760735595e+03 2.516299486048948893e+03 2.516299487346057049e+03 2.516299488648816350e+03 2.516299489953942611e+03
2.443859362136715845e+03 2.443859362223195603e+03 2.443859362349511230e+03 2.443859362517629961e+03 2.443859362729216173e+03 2.443859362985631833e+03 2.443859363287946053e+03 2.443859363636953276e+03 2.443859364033190104e+03 2.443859364476962128e+03 2.443859364968368482e+03 2.443859365507330494e+03 2.443859366093614881e+03 2.443859366726856933e+03 2.443859367406579622e+03 2.443859368132206328e+03 2.443859368903071299e+03 2.443859369718416929e+03 2.443859370577396930e+03 2.443859371479062247e+03 2.443859372422354681e+03 2.443859373406086434e+03 2.443859374428929186e+03 2.443859375489391823e+03 2.443859376585813152e+03 2.443859377716343261e+03 2.443859378878938969e+03 2.443859380071358828e+03 2.443859381291164937e+03 2.443859382535727946e+03 2.443859383802239336e+03 2.443859385087724604e+03 2.443859386389063729e+03 2.443859387703012089e+03 2.443859389026223198e+03 2.443859390355275991e+03 2.443859391686698018e+03
2.371930773484108158e+03 2.371930773549004243e+03 2.371930773655705252e+03 2.371930773806255274e+03 2.371930774002356429e+03 2.371930774245378416e+03 2.371930774536368517e+03 2.371930774876073428e+03 2.371930775264961994e+03 2.371930775703258860e+03 2.371930776190975848e+03 2.371930776727944703e+03 2.371930777313847102e+03 2.371930777948244213e+03 2.371930778630598070e+03 2.371930779360286124e+03 2.371930780136613976e+03 2.371930780958812193e+03 2.371930781826035854e+03 2.371930782737350910e+03 2.371930783691718261e+03 2.371930784687975120e+03 2.371930785724810903e+03 2.371930786800750411e+03 2.371930787914129724e+03 2.371930789063083466e+03 2.371930790245532080e+03 2.371930791459176817e+03 2.371930792701499286e+03 2.371930793969769184e+03 2.371930795261054755e+03 2.371930796572240524e+03 2.371930797900048674e+03 2.371930799241062687e+03 2.371930800591753268e+03 2.371930801948506996e+03 2.371930803307653150e+03
2.300518604183184380e+03 2.300518604225681884e+03 2.300518604312129355e+03 2.300518604444643643e+03 2.300518604624962336e+03 2.300518604854450132e+03 2.300518605134114750e+03 2.300518605464634675e+03 2.300518605846388709e+03 2.300518606279497362e+03 2.300518606763859680e+03 2.300518607299196447e+03 2.300518607885085657e+03 2.300518608520998441e+03 2.300518609206325436e+03 2.300518609940392707e+03 2.300518610722477661e+03 2.300518611551803588e+03 2.300518612427538756e+03 2.300518613348775943e+03 2.300518614314512433e+03 2.300518615323626818e+03 2.300518616374847170e+03 2.300518617466725573e+03 2.300518618597612658e+03 2.300518619765639414e+03 2.300518620968695814e+03 2.300518622204429448e+03 2.300518623470242346e+03 2.300518624763296884e+03 2.300518626080532158e+03 2.300518627418681262e+03 2.300518628774295848e+03 2.300518630143775681e+03 2.300518631523395925e+03 2.300518632909337612e+03 2.300518634297718108e+03
2.229626597512713033e+03 2.229626597531959305e+03 2.229626597597499313e+03 2.229626597711524482e+03 2.229626597875796506e+03 2.229626598091661890e+03 2.229626598360068328e+03 2.229626598681601081e+03 2.229626599056521172e+03 2.229626599484814051e+03 2.229626599966239155e+03 2.229626600500378572e+03 2.229626601086683422e+03 2.229626601724516604e+03 2.229626602413182809e+03 2.229626603151953987e+03 2.229626603940077530e+03 2.229626604776779004e+03 2.229626605661250778e+03 2.229626606592630196e+03 2.229626607569973203e+03 2.229626608592219327e+03 2.229626609658158486e+03 2.229626610766391877e+03 2.229626611915302874e+03 2.229626613103028376e+03 2.229626614327441075e+03 2.229626615586137632e+03 2.229626616876438220e+03 2.229626618195393803e+03 2.229626619539803869e+03 2.229626620906238713e+03 2.229626622291067633e+03 2.229626623690490305e+03 2.229626625100570891e+03 2.229626626517270779e+03 2.229626627936483601e+03
2.159257415480820328e+03 2.159257415475922244e+03 2.159257415519891310e+03 2.159257415614990350e+03 2.159257415762997880e+03 2.159257415965220844e+03 2.159257416222523261e+03 2.159257416535365792e+03 2.159257416903858484e+03 2.159257417327816711e+03 2.159257417806822559e+03 2.159257418340288041e+03 2.159257418927508297e+03 2.159257419567716170e+03 2.159257420260118579e+03 2.159257421003921536e+03 2.159257421798348787e+03 2.159257422642634083e+03 2.159257423536011629e+03 2.159257424477686527e+03 2.159257425466797486e+03 2.159257426502375893e+03 2.159257427583298977e+03 2.159257428708242969e+03 2.159257429875645357e+03 2.159257431083668962e+03 2.159257432330175106e+03 2.159257433612716341e+03 2.159257434928528255e+03 2.159257436274544489e+03 2.159257437647412644e+03 2.159257439043524755e+03 2.159257440459050031e+03 2.159257441889973506e+03 2.159257443332130606e+03 2.159257444781249433e+03 2.159257446232983057e+03
2.089412719903129982e+03 2.089412719873151218e+03 2.089412719894877227e+03 2.089412719970640865e+03 2.089412720102222465e+03 2.089412720290868947e+03 2.089412720537328823e+03 2.089412720841902683e+03 2.089412721204505942e+03 2.089412721624739788e+03 2.089412722101967574e+03 2.089412722635389855e+03 2.089412723224113051e+03 2.089412723867212208e+03 2.089412724563776464e+03 2.089412725312943621e+03 2.089412726113911049e+03 2.089412726965937054e+03 2.089412727868319053e+03 2.089412728820355824e+03 2.089412729821303401e+03 2.089412730870319137e+03 2.089412731966402134e+03 2.089412733108337306e+03 2.089412734294640813e+03 2.089412735523521860e+03 2.089412736792844953e+03 2.089412738100120350e+03 2.089412739442498605e+03 2.089412740816783298e+03 2.089412742219456504e+03 2.089412743646713807e+03 2.089412745094503862e+03 2.089412746558575236e+03 2.089412748034519154e+03 2.089412749517810425e+03 2.089412751003849280e+03
2.020093249660848869e+03 2.020093249604805578e+03 2.020093249603611866e+03 2.020093249659666299e+03 2.020093249774735796e+03 2.020093249949979736e+03 2.020093250185993384e+03 2.020093250482870872e+03 2.020093250840282508e+03 2.020093251257562542e+03 2.020093251733802617e+03 2.020093252267942944e+03 2.020093252858859387e+03 2.020093253505436905e+03 2.020093254206627080e+03 2.020093254961487673e+03 2.020093255769198322e+03 2.020093256629055986e+03 2.020093257540447212e+03 2.020093258502802200e+03 2.020093259515535237e+03 2.020093260577973069e+03 2.020093261689281462e+03 2.020093262848391532e+03 2.020093264053934035e+03 2.020093265304185252e+03 2.020093266597029697e+03 2.020093267929939429e+03 2.020093269299973144e+03 2.020093270703792541e+03 2.020093272137694157e+03 2.020093273597652569e+03 2.020093275079371551e+03 2.020093276578338418e+03 2.020093278089876321e+03 2.020093279609192450e+03 2.020093281131419417e+03
1.951298894187131054e+03 1.951298894103988914e+03 1.951298894079197225e+03 1.951298894115216171e+03 1.951298894213780841e+03 1.951298894375929194e+03 1.951298894602057544e+03 1.951298894891997861e+03 1.951298895245113272e+03 1.951298895660405378e+03 1.951298896136629537e+03 1.951298896672407409e+03 1.951298897266332233e+03 1.951298897917060231e+03 1.951298898623379955e+03 1.951298899384260267e+03 1.951298900198867841e+03 1.951298901066560120e+03 1.951298901986847795e+03 1.951298902959337966e+03 1.951298903983654327e+03 1.951298905059349636e+03 1.951298906185809983e+03 1.951298907362160890e+03 1.951298908587187725e+03 1.951298909859265677e+03 1.951298911176313140e+03 1.951298912535769205e+03 1.951298913934592520e+03 1.951298915369283577e+03 1.951298916835926548e+03 1.951298918330245215e+03 1.951298919847665957e+03 1.951298921383385505e+03 1.951298922932433697e+03 1.951298924489729416e+03 1.951298926050124919e+03
