BlockUplift_2Ma_1kryTimeStep_5mmyr_k_0.0001_m_0.5_n_1.0_LinDiffusion_1.0_6x3km_30mRes_flow__link_to_receiver_node.txt
nrows 100
cellsize 30.0
xllcorner 0.0
ncols 200
yllcorner 0.0
[rows 68 to 84 of 100, columns 148 to 184 of 200]
1.231700000000000000e+04 1.231800000000000000e+04 1.231900000000000000e+04 5.194000000000000000e+04 5.194200000000000000e+04 5.194400000000000000e+04 5.194600000000000000e+04 5.194800000000000000e+04 5.195000000000000000e+04 5.195200000000000000e+04 5.195400000000000000e+04 5.195600000000000000e+04 5.195800000000000000e+04 5.196000000000000000e+04 5.196200000000000000e+04 5.196400000000000000e+04 5.196600000000000000e+04 1.233400000000000000e+04 1.233500000000000000e+04 1.233600000000000000e+04 1.233700000000000000e+04 1.233800000000000000e+04 1.233900000000000000e+04 1.234000000000000000e+04 1.234100000000000000e+04 1.234200000000000000e+04 1.234300000000000000e+04 1.234400000000000000e+04 1.234500000000000000e+04 1.234600000000000000e+04 1.234700000000000000e+04 1.234800000000000000e+04 5.200100000000000000e+04 5.200300000000000000e+04 5.200500000000000000e+04 5.200700000000000000e+04 5.200900000000000000e+04
1.191800000000000000e+04 1.191900000000000000e+04 1.192000000000000000e+04 5.154200000000000000e+04 5.154400000000000000e+04 5.154600000000000000e+04 5.154800000000000000e+04 5.155000000000000000e+04 5.155200000000000000e+04 5.155400000000000000e+04 5.155600000000000000e+04 5.155800000000000000e+04 5.156000000000000000e+04 5.156200000000000000e+04 5.156400000000000000e+04 5.156600000000000000e+04 1.193400000000000000e+04 1.193500000000000000e+04 1.193600000000000000e+04 1.193700000000000000e+04 1.193800000000000000e+04 1.193900000000000000e+04 1.194000000000000000e+04 1.194100000000000000e+04 1.194200000000000000e+04 1.194300000000000000e+04 1.194400000000000000e+04 1.194500000000000000e+04 1.194600000000000000e+04 1.194700000000000000e+04 1.194800000000000000e+04 1.194900000000000000e+04 1.195000000000000000e+04 5.160500000000000000e+04 5.160700000000000000e+04 5.160900000000000000e+04 5.161100000000000000e+04
1.151900000000000000e+04 1.152000000000000000e+04 1.152100000000000000e+04 5.114400000000000000e+04 5.114600000000000000e+04 5.114800000000000000e+04 5.115000000000000000e+04 5.115200000000000000e+04 5.115400000000000000e+04 5.115600000000000000e+04 5.115800000000000000e+04 5.116000000000000000e+04 5.116200000000000000e+04 5.116400000000000000e+04 5.116600000000000000e+04 1.153400000000000000e+04 1.153500000000000000e+04 1.153600000000000000e+04 1.153700000000000000e+04 1.153800000000000000e+04 1.153900000000000000e+04 1.154000000000000000e+04 1.154100000000000000e+04 1.154200000000000000e+04 1.154300000000000000e+04 1.154400000000000000e+04 1.154500000000000000e+04 1.154600000000000000e+04 1.154700000000000000e+04 1.154800000000000000e+04 1.154900000000000000e+04 1.155000000000000000e+04 1.155100000000000000e+04 5.120700000000000000e+04 5.120900000000000000e+04 5.121100000000000000e+04 5.121300000000000000e+04
1.112000000000000000e+04 1.112100000000000000e+04 1.112200000000000000e+04 5.074600000000000000e+04 5.074800000000000000e+04 5.075000000000000000e+04 5.075200000000000000e+04 5.075400000000000000e+04 5.075600000000000000e+04 5.075800000000000000e+04 5.076000000000000000e+04 5.076200000000000000e+04 5.076400000000000000e+04 5.076600000000000000e+04 5.076800000000000000e+04 1.113500000000000000e+04 1.113600000000000000e+04 1.113700000000000000e+04 1.113800000000000000e+04 1.113900000000000000e+04 1.114000000000000000e+04 1.114100000000000000e+04 1.114200000000000000e+04 1.114300000000000000e+04 1.114400000000000000e+04 1.114500000000000000e+04 1.114600000000000000e+04 1.114700000000000000e+04 1.114800000000000000e+04 1.114900000000000000e+04 1.115000000000000000e+04 1.115100000000000000e+04 1.115200000000000000e+04 1.115300000000000000e+04 5.081100000000000000e+04 5.081300000000000000e+04 5.081500000000000000e+04
1.072100000000000000e+04 1.072200000000000000e+04 1.072300000000000000e+04 5.034800000000000000e+04 5.035000000000000000e+04 5.035200000000000000e+04 5.035400000000000000e+04 5.035600000000000000e+04 5.035800000000000000e+04 5.036000000000000000e+04 5.036200000000000000e+04 5.036400000000000000e+04 5.036600000000000000e+04 5.036800000000000000e+04 1.073500000000000000e+04 1.073600000000000000e+04 1.073700000000000000e+04 1.073800000000000000e+04 1.073900000000000000e+04 1.074000000000000000e+04 1.074100000000000000e+04 1.074200000000000000e+04 1.074300000000000000e+04 1.074400000000000000e+04 1.074500000000000000e+04 1.074600000000000000e+04 1.074700000000000000e+04 1.074800000000000000e+04 1.074900000000000000e+04 1.075000000000000000e+04 1.075100000000000000e+04 1.075200000000000000e+04 1.075300000000000000e+04 1.075400000000000000e+04 5.041300000000000000e+04 5.041500000000000000e+04 5.041700000000000000e+04
1.032200000000000000e+04 1.032300000000000000e+04 1.032400000000000000e+04 4.995000000000000000e+04 4.995200000000000000e+04 4.995400000000000000e+04 4.995600000000000000e+04 4.995800000000000000e+04 4.996000000000000000e+04 4.996200000000000000e+04 4.996400000000000000e+04 4.996600000000000000e+04 4.996800000000000000e+04 4.997000000000000000e+04 1.033600000000000000e+04 1.033700000000000000e+04 1.033800000000000000e+04 1.033900000000000000e+04 1.034000000000000000e+04 1.034100000000000000e+04 1.034200000000000000e+04 1.034300000000000000e+04 1.034400000000000000e+04 1.034500000000000000e+04 1.034600000000000000e+04 1.034700000000000000e+04 1.034800000000000000e+04 1.034900000000000000e+04 1.035000000000000000e+04 1.035100000000000000e+04 1.035200000000000000e+04 1.035300000000000000e+04 1.035400000000000000e+04 1.035500000000000000e+04 1.035600000000000000e+04 5.001700000000000000e+04 5.001900000000000000e+04
9.923000000000000000e+03 9.924000000000000000e+03 9.925000000000000000e+03 4.955200000000000000e+04 4.955400000000000000e+04 4.955600000000000000e+04 4.955800000000000000e+04 4.956000000000000000e+04 4.956200000000000000e+04 4.956400000000000000e+04 4.956600000000000000e+04 4.956800000000000000e+04 4.957000000000000000e+04 9.936000000000000000e+03 9.937000000000000000e+03 9.938000000000000000e+03 9.939000000000000000e+03 9.940000000000000000e+03 9.941000000000000000e+03 9.942000000000000000e+03 9.943000000000000000e+03 9.944000000000000000e+03 9.945000000000000000e+03 9.946000000000000000e+03 9.947000000000000000e+03 9.948000000000000000e+03 9.949000000000000000e+03 9.950000000000000000e+03 9.951000000000000000e+03 9.952000000000000000e+03 9.953000000000000000e+03 9.954000000000000000e+03 9.955000000000000000e+03 9.956000000000000000e+03 9.957000000000000000e+03 4.961900000000000000e+04 4.962100000000000000e+04
9.524000000000000000e+03 9.525000000000000000e+03 9.526000000000000000e+03 4.915400000000000000e+04 4.915600000000000000e+04 4.915800000000000000e+04 4.916000000000000000e+04 4.916200000000000000e+04 4.916400000000000000e+04 4.916600000000000000e+04 4.916800000000000000e+04 4.917000000000000000e+04 4.917200000000000000e+04 9.537000000000000000e+03 9.538000000000000000e+03 9.539000000000000000e+03 9.540000000000000000e+03 9.541000000000000000e+03 9.542000000000000000e+03 9.543000000000000000e+03 9.544000000000000000e+03 9.545000000000000000e+03 9.546000000000000000e+03 9.547000000000000000e+03 9.548000000000000000e+03 9.549000000000000000e+03 9.550000000000000000e+03 9.551000000000000000e+03 9.552000000000000000e+03 9.553000000000000000e+03 9.554000000000000000e+03 9.555000000000000000e+03 9.556000000000000000e+03 9.557000000000000000e+03 9.558000000000000000e+03 9.559000000000000000e+03 4.922300000000000000e+04
9.125000000000000000e+03 9.126000000000000000e+03 9.127000000000000000e+03 4.875600000000000000e+04 4.875800000000000000e+04 4.876000000000000000e+04 4.876200000000000000e+04 4.876400000000000000e+04 4.876600000000000000e+04 4.876800000000000000e+04 4.877000000000000000e+04 4.877200000000000000e+04 9.137000000000000000e+03 9.138000000000000000e+03 9.139000000000000000e+03 9.140000000000000000e+03 9.141000000000000000e+03 9.142000000000000000e+03 9.143000000000000000e+03 9.144000000000000000e+03 9.145000000000000000e+03 9.146000000000000000e+03 9.147000000000000000e+03 9.148000000000000000e+03 9.149000000000000000e+03 9.150000000000000000e+03 9.151000000000000000e+03 9.152000000000000000e+03 9.153000000000000000e+03 9.154000000000000000e+03 9.155000000000000000e+03 9.156000000000000000e+03 9.157000000000000000e+03 9.158000000000000000e+03 9.159000000000000000e+03 9.160000000000000000e+03 4.882500000000000000e+04
8.726000000000000000e+03 8.727000000000000000e+03 8.728000000000000000e+03 4.835800000000000000e+04 4.836000000000000000e+04 4.836200000000000000e+04 4.836400000000000000e+04 4.836600000000000000e+04 4.836800000000000000e+04 4.837000000000000000e+04 4.837200000000000000e+04 4.837400000000000000e+04 8.738000000000000000e+03 8.739000000000000000e+03 8.740000000000000000e+03 8.741000000000000000e+03 8.742000000000000000e+03 8.743000000000000000e+03 8.744000000000000000e+03 8.745000000000000000e+03 8.746000000000000000e+03 8.747000000000000000e+03 8.748000000000000000e+03 8.749000000000000000e+03 8.750000000000000000e+03 8.751000000000000000e+03 8.752000000000000000e+03 8.753000000000000000e+03 8.754000000000000000e+03 8.755000000000000000e+03 8.756000000000000000e+03 8.757000000000000000e+03 8.758000000000000000e+03 8.759000000000000000e+03 8.760000000000000000e+03 8.761000000000000000e+03 8.762000000000000000e+03
8.327000000000000000e+03 8.328000000000000000e+03 8.329000000000000000e+03 4.796000000000000000e+04 4.796200000000000000e+04 4.796400000000000000e+04 4.796600000000000000e+04 4.796800000000000000e+04 4.797000000000000000e+04 4.797200000000000000e+04 4.797400000000000000e+04 8.338000000000000000e+03 8.339000000000000000e+03 8.340000000000000000e+03 8.341000000000000000e+03 8.342000000000000000e+03 8.343000000000000000e+03 8.344000000000000000e+03 8.345000000000000000e+03 8.346000000000000000e+03 8.347000000000000000e+03 8.348000000000000000e+03 8.349000000000000000e+03 8.350000000000000000e+03 8.351000000000000000e+03 8.352000000000000000e+03 8.353000000000000000e+03 8.354000000000000000e+03 8.355000000000000000e+03 8.356000000000000000e+03 8.357000000000000000e+03 8.358000000000000000e+03 8.359000000000000000e+03 8.360000000000000000e+03 8.361000000000000000e+03 8.362000000000000000e+03 8.363000000000000000e+03
7.928000000000000000e+03 7.929000000000000000e+03 7.930000000000000000e+03 4.756200000000000000e+04 4.756400000000000000e+04 4.756600000000000000e+04 4.756800000000000000e+04 4.757000000000000000e+04 4.757200000000000000e+04 4.757400000000000000e+04 4.757600000000000000e+04 7.939000000000000000e+03 7.940000000000000000e+03 7.941000000000000000e+03 7.942000000000000000e+03 7.943000000000000000e+03 7.944000000000000000e+03 7.945000000000000000e+03 7.946000000000000000e+03 7.947000000000000000e+03 7.948000000000000000e+03 7.949000000000000000e+03 7.950000000000000000e+03 7.951000000000000000e+03 7.952000000000000000e+03 7.953000000000000000e+03 7.954000000000000000e+03 7.955000000000000000e+03 7.956000000000000000e+03 7.957000000000000000e+03 7.958000000000000000e+03 7.959000000000000000e+03 7.960000000000000000e+03 7.961000000000000000e+03 7.962000000000000000e+03 7.963000000000000000e+03 7.964000000000000000e+03
7.529000000000000000e+03 7.530000000000000000e+03 7.531000000000000000e+03 4.716400000000000000e+04 4.716600000000000000e+04 4.716800000000000000e+04 4.717000000000000000e+04 4.717200000000000000e+04 4.717400000000000000e+04 4.717600000000000000e+04 4.717800000000000000e+04 7.540000000000000000e+03 7.541000000000000000e+03 7.542000000000000000e+03 7.543000000000000000e+03 7.544000000000000000e+03 7.545000000000000000e+03 7.546000000000000000e+03 7.547000000000000000e+03 7.548000000000000000e+03 7.549000000000000000e+03 7.550000000000000000e+03 7.551000000000000000e+03 7.552000000000000000e+03 7.553000000000000000e+03 7.554000000000000000e+03 7.555000000000000000e+03 7.556000000000000000e+03 7.557000000000000000e+03 7.558000000000000000e+03 7.559000000000000000e+03 7.560000000000000000e+03 7.561000000000000000e+03 7.562000000000000000e+03 7.563000000000000000e+03 7.564000000000000000e+03 7.565000000000000000e+03
7.130000000000000000e+03 7.131000000000000000e+03 4.676400000000000000e+04 4.676600000000000000e+04 4.676800000000000000e+04 4.677000000000000000e+04 4.677200000000000000e+04 4.677400000000000000e+04 4.677600000000000000e+04 4.677800000000000000e+04 7.140000000000000000e+03 7.141000000000000000e+03 7.142000000000000000e+03 7.143000000000000000e+03 7.144000000000000000e+03 7.145000000000000000e+03 7.146000000000000000e+03 7.147000000000000000e+03 7.148000000000000000e+03 7.149000000000000000e+03 7.150000000000000000e+03 7.151000000000000000e+03 7.152000000000000000e+03 7.153000000000000000e+03 7.154000000000000000e+03 7.155000000000000000e+03 7.156000000000000000e+03 7.157000000000000000e+03 7.158000000000000000e+03 7.159000000000000000e+03 7.160000000000000000e+03 7.161000000000000000e+03 7.162000000000000000e+03 7.163000000000000000e+03 7.164000000000000000e+03 7.165000000000000000e+03 7.166000000000000000e+03
6.731000000000000000e+03 6.732000000000000000e+03 4.636600000000000000e+04 4.636800000000000000e+04 4.637000000000000000e+04 4.637200000000000000e+04 4.637400000000000000e+04 4.637600000000000000e+04 4.637800000000000000e+04 4.638000000000000000e+04 6.741000000000000000e+03 6.742000000000000000e+03 6.743000000000000000e+03 6.744000000000000000e+03 6.745000000000000000e+03 6.746000000000000000e+03 6.747000000000000000e+03 6.748000000000000000e+03 6.749000000000000000e+03 6.750000000000000000e+03 6.751000000000000000e+03 6.752000000000000000e+03 6.753000000000000000e+03 6.754000000000000000e+03 6.755000000000000000e+03 6.756000000000000000e+03 6.757000000000000000e+03 6.758000000000000000e+03 6.759000000000000000e+03 6.760000000000000000e+03 6.761000000000000000e+03 6.762000000000000000e+03 6.763000000000000000e+03 6.764000000000000000e+03 6.765000000000000000e+03 6.766000000000000000e+03 6.767000000000000000e+03
6.332000000000000000e+03 6.333000000000000000e+03 6.334000000000000000e+03 4.597000000000000000e+04 4.597200000000000000e+04 4.597400000000000000e+04 4.597600000000000000e+04 4.597800000000000000e+04 4.598000000000000000e+04 6.341000000000000000e+03 6.342000000000000000e+03 6.343000000000000000e+03 6.344000000000000000e+03 6.345000000000000000e+03 6.346000000000000000e+03 6.347000000000000000e+03 6.348000000000000000e+03 6.349000000000000000e+03 6.350000000000000000e+03 6.351000000000000000e+03 6.352000000000000000e+03 6.353000000000000000e+03 6.354000000000000000e+03 6.355000000000000000e+03 6.356000000000000000e+03 6.357000000000000000e+03 6.358000000000000000e+03 6.359000000000000000e+03 6.360000000000000000e+03 6.361000000000000000e+03 6.362000000000000000e+03 6.363000000000000000e+03 6.364000000000000000e+03 6.365000000000000000e+03 6.366000000000000000e+03 6.367000000000000000e+03 6.368000000000000000e+03
5.933000000000000000e+03 5.934000000000000000e+03 5.935000000000000000e+03 4.557200000000000000e+04 4.557400000000000000e+04 4.557600000000000000e+04 4.557800000000000000e+04 4.558000000000000000e+04 5.941000000000000000e+03 5.942000000000000000e+03 5.943000000000000000e+03 5.944000000000000000e+03 5.945000000000000000e+03 5.946000000000000000e+03 5.947000000000000000e+03 5.948000000000000000e+03 5.949000000000000000e+03 5.950000000000000000e+03 5.951000000000000000e+03 5.952000000000000000e+03 5.953000000000000000e+03 5.954000000000000000e+03 5.955000000000000000e+03 5.956000000000000000e+03 5.957000000000000000e+03 5.958000000000000000e+03 5.959000000000000000e+03 5.960000000000000000e+03 5.961000000000000000e+03 5.962000000000000000e+03 5.963000000000000000e+03 5.964000000000000000e+03 5.965000000000000000e+03 5.966000000000000000e+03 5.967000000000000000e+03 5.968000000000000000e+03 5.969000000000000000e+03
