BlockUplift_2Ma_1kryTimeStep_5mmyr_k_5e-05_m_0.5_n_1.0_LinDiffusion_1.0_6x3km_30mRes_drainage_area.txt
nrows 100
cellsize 30.0
xllcorner 0.0
ncols 200
yllcorner 0.0
[rows 51 to 67 of 100, columns 37 to 73 of 200]
3.240000000000000000e+04 3.690000000000000000e+04 4.050000000000000000e+04 4.230000000000000000e+04 4.500000000000000000e+04 4.410000000000000000e+04 4.230000000000000000e+04 3.870000000000000000e+04 3.150000000000000000e+04 2.520000000000000000e+04 2.160000000000000000e+04 1.890000000000000000e+04 1.620000000000000000e+04 1.350000000000000000e+04 1.080000000000000000e+04 8.100000000000000000e+03 5.400000000000000000e+03 1.800000000000000000e+03 9.000000000000000000e+02 2.700000000000000000e+03 3.600000000000000000e+03 4.500000000000000000e+03 6.300000000000000000e+03 7.200000000000000000e+03 9.000000000000000000e+03 9.900000000000000000e+03 1.170000000000000000e+04 1.260000000000000000e+04 1.440000000000000000e+04 1.530000000000000000e+04 1.710000000000000000e+04 1.800000000000000000e+04 8.739000000000000000e+05 4.590000000000000000e+04 7.434000000000000000e+05 1.620000000000000000e+04 1.530000000000000000e+04
3.330000000000000000e+04 3.780000000000000000e+04 4.140000000000000000e+04 4.320000000000000000e+04 4.590000000000000000e+04 4.500000000000000000e+04 4.320000000000000000e+04 3.960000000000000000e+04 3.240000000000000000e+04 2.610000000000000000e+04 2.250000000000000000e+04 1.980000000000000000e+04 1.710000000000000000e+04 1.440000000000000000e+04 1.170000000000000000e+04 9.000000000000000000e+03 6.300000000000000000e+03 2.700000000000000000e+03 9.000000000000000000e+02 1.800000000000000000e+03 3.600000000000000000e+03 4.500000000000000000e+03 5.400000000000000000e+03 7.200000000000000000e+03 8.100000000000000000e+03 9.900000000000000000e+03 1.080000000000000000e+04 1.260000000000000000e+04 1.350000000000000000e+04 1.530000000000000000e+04 1.620000000000000000e+04 1.800000000000000000e+04 8.928000000000000000e+05 4.680000000000000000e+04 7.605000000000000000e+05 1.620000000000000000e+04 1.530000000000000000e+04
3.420000000000000000e+04 3.870000000000000000e+04 4.230000000000000000e+04 4.410000000000000000e+04 4.680000000000000000e+04 4.590000000000000000e+04 4.410000000000000000e+04 4.050000000000000000e+04 3.330000000000000000e+04 2.700000000000000000e+04 2.340000000000000000e+04 2.070000000000000000e+04 1.800000000000000000e+04 1.530000000000000000e+04 1.260000000000000000e+04 9.900000000000000000e+03 7.200000000000000000e+03 3.600000000000000000e+03 9.000000000000000000e+02 1.800000000000000000e+03 2.700000000000000000e+03 4.500000000000000000e+03 5.400000000000000000e+03 6.300000000000000000e+03 8.100000000000000000e+03 9.000000000000000000e+03 1.080000000000000000e+04 1.170000000000000000e+04 1.350000000000000000e+04 1.440000000000000000e+04 1.620000000000000000e+04 1.710000000000000000e+04 9.117000000000000000e+05 4.770000000000000000e+04 7.776000000000000000e+05 1.620000000000000000e+04 1.530000000000000000e+04
3.510000000000000000e+04 3.960000000000000000e+04 4.320000000000000000e+04 4.500000000000000000e+04 4.770000000000000000e+04 4.680000000000000000e+04 4.500000000000000000e+04 4.140000000000000000e+04 3.420000000000000000e+04 2.790000000000000000e+04 2.430000000000000000e+04 2.160000000000000000e+04 1.890000000000000000e+04 1.620000000000000000e+04 1.350000000000000000e+04 1.080000000000000000e+04 8.100000000000000000e+03 4.500000000000000000e+03 1.800000000000000000e+03 9.000000000000000000e+02 2.700000000000000000e+03 3.600000000000000000e+03 5.400000000000000000e+03 6.300000000000000000e+03 7.200000000000000000e+03 9.000000000000000000e+03 9.900000000000000000e+03 1.170000000000000000e+04 1.260000000000000000e+04 1.440000000000000000e+04 1.530000000000000000e+04 1.710000000000000000e+04 9.297000000000000000e+05 4.860000000000000000e+04 7.947000000000000000e+05 1.620000000000000000e+04 1.440000000000000000e+04
3.600000000000000000e+04 4.050000000000000000e+04 4.410000000000000000e+04 4.590000000000000000e+04 4.860000000000000000e+04 4.770000000000000000e+04 4.590000000000000000e+04 4.230000000000000000e+04 3.510000000000000000e+04 2.880000000000000000e+04 2.520000000000000000e+04 2.250000000000000000e+04 1.980000000000000000e+04 1.710000000000000000e+04 1.440000000000000000e+04 1.170000000000000000e+04 9.000000000000000000e+03 5.400000000000000000e+03 2.700000000000000000e+03 9.000000000000000000e+02 1.800000000000000000e+03 3.600000000000000000e+03 4.500000000000000000e+03 6.300000000000000000e+03 7.200000000000000000e+03 8.100000000000000000e+03 9.900000000000000000e+03 1.080000000000000000e+04 1.260000000000000000e+04 1.350000000000000000e+04 1.530000000000000000e+04 1.620000000000000000e+04 9.477000000000000000e+05 4.950000000000000000e+04 8.118000000000000000e+05 1.530000000000000000e+04 1.440000000000000000e+04
3.690000000000000000e+04 4.140000000000000000e+04 4.500000000000000000e+04 4.680000000000000000e+04 4.950000000000000000e+04 4.860000000000000000e+04 4.680000000000000000e+04 4.320000000000000000e+04 3.600000000000000000e+04 2.970000000000000000e+04 2.610000000000000000e+04 2.340000000000000000e+04 2.070000000000000000e+04 1.800000000000000000e+04 1.530000000000000000e+04 1.260000000000000000e+04 9.900000000000000000e+03 6.300000000000000000e+03 3.600000000000000000e+03 9.000000000000000000e+02 1.800000000000000000e+03 2.700000000000000000e+03 4.500000000000000000e+03 5.400000000000000000e+03 7.200000000000000000e+03 8.100000000000000000e+03 9.000000000000000000e+03 1.080000000000000000e+04 1.170000000000000000e+04 1.350000000000000000e+04 1.440000000000000000e+04 1.620000000000000000e+04 9.648000000000000000e+05 5.040000000000000000e+04 8.280000000000000000e+05 1.530000000000000000e+04 1.440000000000000000e+04
3.780000000000000000e+04 4.230000000000000000e+04 4.590000000000000000e+04 4.770000000000000000e+04 5.040000000000000000e+04 4.950000000000000000e+04 4.770000000000000000e+04 4.410000000000000000e+04 3.690000000000000000e+04 3.060000000000000000e+04 2.700000000000000000e+04 2.430000000000000000e+04 2.160000000000000000e+04 1.890000000000000000e+04 1.620000000000000000e+04 1.350000000000000000e+04 1.080000000000000000e+04 7.200000000000000000e+03 4.500000000000000000e+03 1.800000000000000000e+03 9.000000000000000000e+02 2.700000000000000000e+03 3.600000000000000000e+03 5.400000000000000000e+03 6.300000000000000000e+03 8.100000000000000000e+03 9.000000000000000000e+03 9.900000000000000000e+03 1.170000000000000000e+04 1.260000000000000000e+04 1.440000000000000000e+04 1.530000000000000000e+04 9.819000000000000000e+05 5.130000000000000000e+04 8.442000000000000000e+05 1.530000000000000000e+04 1.440000000000000000e+04
3.870000000000000000e+04 4.320000000000000000e+04 4.680000000000000000e+04 4.860000000000000000e+04 5.130000000000000000e+04 5.040000000000000000e+04 4.860000000000000000e+04 4.500000000000000000e+04 3.780000000000000000e+04 3.150000000000000000e+04 2.790000000000000000e+04 2.520000000000000000e+04 2.250000000000000000e+04 1.980000000000000000e+04 1.710000000000000000e+04 1.440000000000000000e+04 1.170000000000000000e+04 8.100000000000000000e+03 5.400000000000000000e+03 2.700000000000000000e+03 9.000000000000000000e+02 1.800000000000000000e+03 3.600000000000000000e+03 4.500000000000000000e+03 6.300000000000000000e+03 7.200000000000000000e+03 9.000000000000000000e+03 9.900000000000000000e+03 1.080000000000000000e+04 1.260000000000000000e+04 1.350000000000000000e+04 1.530000000000000000e+04 9.981000000000000000e+05 5.220000000000000000e+04 8.604000000000000000e+05 1.530000000000000000e+04 1.440000000000000000e+04
3.960000000000000000e+04 4.410000000000000000e+04 4.770000000000000000e+04 4.950000000000000000e+04 5.220000000000000000e+04 5.130000000000000000e+04 4.950000000000000000e+04 4.590000000000000000e+04 3.870000000000000000e+04 3.240000000000000000e+04 2.880000000000000000e+04 2.610000000000000000e+04 2.340000000000000000e+04 2.070000000000000000e+04 1.800000000000000000e+04 1.530000000000000000e+04 1.260000000000000000e+04 9.000000000000000000e+03 6.300000000000000000e+03 3.600000000000000000e+03 9.000000000000000000e+02 1.800000000000000000e+03 2.700000000000000000e+03 4.500000000000000000e+03 5.400000000000000000e+03 7.200000000000000000e+03 8.100000000000000000e+03 9.900000000000000000e+03 1.080000000000000000e+04 1.170000000000000000e+04 1.350000000000000000e+04 1.440000000000000000e+04 1.014300000000000000e+06 5.310000000000000000e+04 8.766000000000000000e+05 1.530000000000000000e+04 1.350000000000000000e+04
4.050000000000000000e+04 4.500000000000000000e+04 4.860000000000000000e+04 5.040000000000000000e+04 5.310000000000000000e+04 5.220000000000000000e+04 5.040000000000000000e+04 4.680000000000000000e+04 3.960000000000000000e+04 3.330000000000000000e+04 2.970000000000000000e+04 2.700000000000000000e+04 2.430000000000000000e+04 2.160000000000000000e+04 1.890000000000000000e+04 1.620000000000000000e+04 1.350000000000000000e+04 9.900000000000000000e+03 7.200000000000000000e+03 4.500000000000000000e+03 9.000000000000000000e+02 1.800000000000000000e+03 2.700000000000000000e+03 3.600000000000000000e+03 5.400000000000000000e+03 6.300000000000000000e+03 8.100000000000000000e+03 9.000000000000000000e+03 1.080000000000000000e+04 1.170000000000000000e+04 1.260000000000000000e+04 1.440000000000000000e+04 1.029600000000000000e+06 5.400000000000000000e+04 8.928000000000000000e+05 1.440000000000000000e+04 1.350000000000000000e+04
4.140000000000000000e+04 4.590000000000000000e+04 4.950000000000000000e+04 5.130000000000000000e+04 5.400000000000000000e+04 5.310000000000000000e+04 5.130000000000000000e+04 4.770000000000000000e+04 4.050000000000000000e+04 3.420000000000000000e+04 3.060000000000000000e+04 2.790000000000000000e+04 2.520000000000000000e+04 2.250000000000000000e+04 1.980000000000000000e+04 1.710000000000000000e+04 1.440000000000000000e+04 1.080000000000000000e+04 8.100000000000000000e+03 5.400000000000000000e+03 1.800000000000000000e+03 9.000000000000000000e+02 2.700000000000000000e+03 3.600000000000000000e+03 4.500000000000000000e+03 6.300000000000000000e+03 7.200000000000000000e+03 9.000000000000000000e+03 9.900000000000000000e+03 1.170000000000000000e+04 1.260000000000000000e+04 1.350000000000000000e+04 1.044900000000000000e+06 5.490000000000000000e+04 9.081000000000000000e+05 1.440000000000000000e+04 1.350000000000000000e+04
4.230000000000000000e+04 4.680000000000000000e+04 5.040000000000000000e+04 5.220000000000000000e+04 5.490000000000000000e+04 5.400000000000000000e+04 5.220000000000000000e+04 4.860000000000000000e+04 4.140000000000000000e+04 3.510000000000000000e+04 3.150000000000000000e+04 2.880000000000000000e+04 2.610000000000000000e+04 2.340000000000000000e+04 2.070000000000000000e+04 1.800000000000000000e+04 1.530000000000000000e+04 1.170000000000000000e+04 9.000000000000000000e+03 6.300000000000000000e+03 2.700000000000000000e+03 9.000000000000000000e+02 1.800000000000000000e+03 3.600000000000000000e+03 4.500000000000000000e+03 5.400000000000000000e+03 7.200000000000000000e+03 8.100000000000000000e+03 9.900000000000000000e+03 1.080000000000000000e+04 1.260000000000000000e+04 1.350000000000000000e+04 1.059300000000000000e+06 5.580000000000000000e+04 9.234000000000000000e+05 1.440000000000000000e+04 1.350000000000000000e+04
4.320000000000000000e+04 4.770000000000000000e+04 5.130000000000000000e+04 5.310000000000000000e+04 5.580000000000000000e+04 5.490000000000000000e+04 5.310000000000000000e+04 4.950000000000000000e+04 4.230000000000000000e+04 3.600000000000000000e+04 3.240000000000000000e+04 2.970000000000000000e+04 2.700000000000000000e+04 2.430000000000000000e+04 2.160000000000000000e+04 1.890000000000000000e+04 1.620000000000000000e+04 1.260000000000000000e+04 9.900000000000000000e+03 7.200000000000000000e+03 3.600000000000000000e+03 9.000000000000000000e+02 1.800000000000000000e+03 2.700000000000000000e+03 4.500000000000000000e+03 5.400000000000000000e+03 6.300000000000000000e+03 8.100000000000000000e+03 9.000000000000000000e+03 1.080000000000000000e+04 1.170000000000000000e+04 1.350000000000000000e+04 1.073700000000000000e+06 5.670000000000000000e+04 9.387000000000000000e+05 1.440000000000000000e+04 1.260000000000000000e+04
4.410000000000000000e+04 4.860000000000000000e+04 5.220000000000000000e+04 5.400000000000000000e+04 5.670000000000000000e+04 5.580000000000000000e+04 5.400000000000000000e+04 5.040000000000000000e+04 4.320000000000000000e+04 3.690000000000000000e+04 3.330000000000000000e+04 3.060000000000000000e+04 2.790000000000000000e+04 2.520000000000000000e+04 2.250000000000000000e+04 1.980000000000000000e+04 1.710000000000000000e+04 1.350000000000000000e+04 1.080000000000000000e+04 8.100000000000000000e+03 4.500000000000000000e+03 1.800000000000000000e+03 9.000000000000000000e+02 2.700000000000000000e+03 3.600000000000000000e+03 5.400000000000000000e+03 6.300000000000000000e+03 7.200000000000000000e+03 9.000000000000000000e+03 9.900000000000000000e+03 1.170000000000000000e+04 1.260000000000000000e+04 1.088100000000000000e+06 5.760000000000000000e+04 9.540000000000000000e+05 1.350000000000000000e+04 1.260000000000000000e+04
4.500000000000000000e+04 4.950000000000000000e+04 5.310000000000000000e+04 5.490000000000000000e+04 5.760000000000000000e+04 5.670000000000000000e+04 5.490000000000000000e+04 5.130000000000000000e+04 4.410000000000000000e+04 3.780000000000000000e+04 3.420000000000000000e+04 3.150000000000000000e+04 2.880000000000000000e+04 2.610000000000000000e+04 2.340000000000000000e+04 2.070000000000000000e+04 1.800000000000000000e+04 1.440000000000000000e+04 1.170000000000000000e+04 9.000000000000000000e+03 5.400000000000000000e+03 2.700000000000000000e+03 9.000000000000000000e+02 1.800000000000000000e+03 3.600000000000000000e+03 4.500000000000000000e+03 6.300000000000000000e+03 7.200000000000000000e+03 8.100000000000000000e+03 9.900000000000000000e+03 1.080000000000000000e+04 1.260000000000000000e+04 1.101600000000000000e+06 5.850000000000000000e+04 9.684000000000000000e+05 1.350000000000000000e+04 1.170000000000000000e+04
4.590000000000000000e+04 5.040000000000000000e+04 5.400000000000000000e+04 5.580000000000000000e+04 5.850000000000000000e+04 5.760000000000000000e+04 5.580000000000000000e+04 5.220000000000000000e+04 4.500000000000000000e+04 3.870000000000000000e+04 3.510000000000000000e+04 3.240000000000000000e+04 2.970000000000000000e+04 2.700000000000000000e+04 2.430000000000000000e+04 2.160000000000000000e+04 1.890000000000000000e+04 1.530000000000000000e+04 1.260000000000000000e+04 9.900000000000000000e+03 6.300000000000000000e+03 3.600000000000000000e+03 9.000000000000000000e+02 1.800000000000000000e+03 2.700000000000000000e+03 4.500000000000000000e+03 5.400000000000000000e+03 7.200000000000000000e+03 8.100000000000000000e+03 9.000000000000000000e+03 1.080000000000000000e+04 1.170000000000000000e+04 1.115100000000000000e+06 5.940000000000000000e+04 9.828000000000000000e+05 1.260000000000000000e+04 1.170000000000000000e+04
4.680000000000000000e+04 5.130000000000000000e+04 5.490000000000000000e+04 5.670000000000000000e+04 5.940000000000000000e+04 5.850000000000000000e+04 5.670000000000000000e+04 5.310000000000000000e+04 4.590000000000000000e+04 3.960000000000000000e+04 3.600000000000000000e+04 3.330000000000000000e+04 3.060000000000000000e+04 2.790000000000000000e+04 2.520000000000000000e+04 2.250000000000000000e+04 1.980000000000000000e+04 1.620000000000000000e+04 1.350000000000000000e+04 1.080000000000000000e+04 7.200000000000000000e+03 4.500000000000000000e+03 9.000000000000000000e+02 1.800000000000000000e+03 2.700000000000000000e+03 3.600000000000000000e+03 5.400000000000000000e+03 6.300000000000000000e+03 8.100000000000000000e+03 9.000000000000000000e+03 9.900000000000000000e+03 1.170000000000000000e+04 1.127700000000000000e+06 6.030000000000000000e+04 9.963000000000000000e+05 1.260000000000000000e+04 1.170000000000000000e+04
