BlockUplift_2Ma_1kryTimeStep_2mmyr_k_0.0001_m_0.5_n_1.0_LinDiffusion_0.5_3x6km_30mRes_topographic__steepest_slope.txt
nrows 200
cellsize 30.0
xllcorner 0.0
ncols 100
yllcorner 0.0
[rows 17 to 33 of 200, columns 37 to 73 of 100]
7.132751614561622100e-02 4.814181362610270298e-02 1.029634071340391616e-01 1.483970682445374112e-01 1.820242117166022411e-01 2.034709510588906256e-01 2.140054405950309047e-01 2.158505103828834704e-01 2.115033384830193597e-01 2.064981881267911878e-01 2.027830462525175848e-01 1.973971860479255547e-01 1.907156333221077527e-01 1.828619327091857705e-01 1.738249522854949380e-01 1.635982674537714288e-01 1.523117923332628354e-01 1.402986381843254748e-01 1.280438451302305380e-01 1.160126471664879449e-01 1.198908170553901614e-01 1.234169460008066183e-01 1.250259494105535052e-01 1.238603062814623429e-01 1.193506990397073253e-01 1.112217155254218853e-01 1.100933528517061416e-01 1.092410009440396151e-01 1.055475695604001785e-01 9.909454936442921302e-02 9.007275880250023570e-02 9.229343486556255971e-02 1.003489231551839139e-01 1.082213940323905887e-01 1.161018613403617394e-01 1.244451088171912023e-01 1.466699906901387795e-01
6.171736725886300262e-02 5.875602134283326727e-02 1.134953369473710866e-01 1.586243806708466653e-01 1.918329568741777846e-01 2.128061987062646321e-01 2.228135940854069075e-01 2.240324464882993138e-01 2.188938853376290183e-01 2.096210716097800797e-01 1.979825507233575477e-01 1.851941024755944798e-01 1.762762387870886183e-01 1.693775290088008478e-01 1.615317741846026833e-01 1.526420187223786751e-01 1.426708846799915054e-01 1.317118576026239940e-01 1.199790061972514643e-01 1.077025941827998295e-01 1.037224313250229984e-01 1.065208475342331040e-01 1.071726222972870374e-01 1.048568394689198130e-01 9.905125438507980662e-02 9.941024095324027532e-02 1.031248995432329368e-01 1.038986892291252628e-01 1.018653396329085997e-01 9.713734037599232318e-02 1.081222729472358368e-01 1.183456429493295048e-01 1.272151851272212697e-01 1.348223409627299363e-01 1.425785450122220577e-01 1.645377189023977393e-01 1.845945609594526471e-01
5.518501885504223381e-02 6.740972268278255797e-02 1.216950556397591726e-01 1.663451011915204336e-01 1.992005119672815849e-01 2.200099030663447419e-01 2.300125744051967902e-01 2.312837407743681128e-01 2.261188557434043733e-01 2.166159252999041995e-01 2.044714636725719348e-01 1.909164984525205111e-01 1.767083010397073051e-01 1.621394757952524801e-01 1.494720182587660484e-01 1.416020901613520566e-01 1.326837134255334227e-01 1.225856058265138160e-01 1.112535188748550313e-01 9.867515700325932282e-02 8.697792537070843377e-02 8.934027259248863984e-02 8.936584489128260311e-02 8.635010834162812343e-02 8.361392622551692966e-02 9.257340198703062351e-02 9.851536790791105835e-02 1.015907346141196738e-01 1.032842649075007557e-01 1.184019222988335202e-01 1.318300569578639281e-01 1.432658347670288379e-01 1.525480501234255937e-01 1.597199272761201938e-01 1.731885233573371985e-01 1.926683379355243753e-01 2.101569738535359333e-01
5.552546170151611421e-02 7.445958139543336352e-02 1.278819794035257473e-01 1.717662828445024048e-01 2.041498529492779823e-01 2.248660430690714862e-01 2.351210750283087292e-01 2.368673220323993800e-01 2.322319390717211829e-01 2.231446588676609111e-01 2.111734373949786803e-01 1.974923533547401633e-01 1.828930949561898556e-01 1.677909967632009169e-01 1.522333297680688591e-01 1.359543852424659749e-01 1.229951289092076488e-01 1.134647333575845018e-01 1.023359461620191868e-01 8.937373778851810668e-02 7.441586990831733361e-02 7.228138525964405980e-02 7.216648933087034534e-02 6.909013451871715006e-02 7.597044308838066251e-02 8.751882480417427779e-02 9.616518582571541296e-02 1.027446950911439644e-01 1.214754641377093491e-01 1.383562383124588846e-01 1.530395873103088944e-01 1.652162358582870694e-01 1.747116805233152603e-01 1.815696418177537852e-01 1.912531027742765399e-01 2.080103963599196082e-01 2.230100428522326372e-01
5.335871071549534717e-02 8.045761903190964959e-02 1.325820289415730602e-01 1.753257954678739960e-01 2.069674271506149466e-01 2.274535696400694917e-01 2.379708173100520130e-01 2.403514509439806657e-01 2.365494881729337806e-01 2.283125291461620410e-01 2.170513979609040578e-01 2.038338934965319427e-01 1.894155343137394198e-01 1.742523684739201995e-01 1.584915465343309793e-01 1.419769611076712179e-01 1.243174304071999331e-01 1.050357855731609419e-01 9.388430113553081213e-02 8.045469395733834128e-02 6.449560079636602883e-02 5.594938962663794507e-02 5.618564518962140819e-02 5.369014256121431433e-02 6.950789629118453439e-02 8.390359449519989299e-02 9.548726098658458228e-02 1.167838521750335645e-01 1.370499433460774241e-01 1.549962244972978853e-01 1.703856813867976883e-01 1.830018161207135619e-01 1.927254708395044758e-01 1.996188789416540599e-01 2.039645453156651855e-01 2.121303596031178240e-01 2.250383349226242058e-01
4.848765632985173324e-02 8.592414562965965119e-02 1.362991290769571262e-01 1.774766951754088440e-01 2.080163426384236403e-01 2.280052616230174578e-01 2.386271769244122654e-01 2.416051226964858190e-01 2.387279004549081318e-01 2.315647094826222829e-01 2.213630933344764573e-01 2.090608904183720029e-01 1.953311619254445020e-01 1.806043071802586608e-01 1.650538174942103864e-01 1.485733762264165592e-01 1.307958343954283009e-01 1.111953281434599206e-01 8.927276075286272317e-02 7.264315334708984495e-02 5.578415346859566526e-02 4.104220836304080244e-02 4.197810803782052458e-02 4.418406590043200827e-02 6.393185170026804975e-02 8.116286927279260655e-02 1.042238808250260662e-01 1.279783868475628250e-01 1.491171000970553107e-01 1.675704731346399912e-01 1.832905049070518433e-01 1.962182574530610679e-01 2.063262244348493257e-01 2.136916748632074758e-01 2.185432598740438548e-01 2.212470750241815609e-01 2.222377086052877704e-01
4.087165903582662407e-02 9.122708130548744243e-02 1.393890309760422441e-01 1.785545165560260272e-01 2.075982479429759053e-01 2.267694205916484518e-01 2.372609401943350238e-01 2.406945192349837781e-01 2.387015218993515930e-01 2.326809384411414328e-01 2.237221213973574208e-01 2.126282838299725086e-01 1.999685664711137179e-01 1.861062946138777874e-01 1.711847837228901992e-01 1.550899917083351509e-01 1.374395921351795891e-01 1.176542238888221986e-01 9.513669840236313457e-02 6.952550806211282852e-02 4.888068319107119475e-02 2.826878605991324858e-02 2.993792186311452358e-02 3.670155653709066684e-02 5.893532236451586026e-02 8.379926646261613710e-02 1.113886552428653004e-01 1.359827359932315460e-01 1.575087182304457656e-01 1.761076640144949579e-01 1.919589442763822151e-01 2.051869156047397835e-01 2.158647779032605851e-01 2.240737238997345115e-01 2.299566021483031020e-01 2.337259675404235737e-01 2.356234885144848079e-01
4.453068495835168367e-02 9.659725697161244962e-02 1.420716174520862407e-01 1.787740806338869448e-01 2.059233114562005196e-01 2.239461220373508976e-01 2.340509322603509246e-01 2.377602649280750879e-01 2.365502217749849423e-01 2.316539766094914965e-01 2.240086242376833070e-01 2.142863934555388483e-01 2.029477418644432818e-01 1.902701044537839781e-01 1.763326467170259204e-01 1.609711015140931067e-01 1.437507313578502421e-01 1.240221257733348098e-01 1.011029281871098362e-01 7.456410175132646700e-02 4.452006862064952775e-02 2.263948214268714579e-02 2.023621694356165721e-02 3.003304224084536039e-02 5.583198251114632887e-02 8.744462902050524622e-02 1.160040210825570711e-01 1.410619182009384132e-01 1.626944772530426464e-01 1.812642970756579985e-01 1.971775182625757905e-01 2.107353683401242961e-01 2.221037116704963066e-01 2.313595008948197973e-01 2.385506791141400185e-01 2.437242398860973991e-01 2.469118323515507030e-01
5.309442897948315337e-02 1.022286710314081887e-01 1.445374156610493288e-01 1.783270612988057391e-01 2.031828810208423930e-01 2.197210806652719894e-01 2.291700730926228002e-01 2.329536993953107982e-01 2.323919964091184509e-01 2.285523457008707682e-01 2.222216758773166989e-01 2.139447077091612415e-01 2.040747681284756365e-01 1.927980235183857360e-01 1.801134298341518503e-01 1.657808885735846671e-01 1.492857174970993184e-01 1.298904618530571098e-01 1.068280489006876166e-01 7.962071112365455561e-02 4.841379756523452038e-02 1.908375911215694221e-02 1.283233952198467413e-02 2.427846107366729220e-02 5.659533205657491656e-02 8.934714354367846723e-02 1.185890810899650205e-01 1.439120151385225310e-01 1.655405267724499307e-01 1.840395363068921541e-01 2.000136946082875511e-01 2.139148881778169253e-01 2.259859455249682014e-01 2.362978831624104603e-01 2.448141918993030630e-01 2.514329636130904766e-01 2.559908489184086755e-01
6.709359556237085020e-02 1.083728845242035305e-01 1.470586206133058793e-01 1.775003259432878511e-01 1.996634153678049362e-01 2.143621835089087879e-01 2.228519770949674295e-01 2.264635466890808912e-01 2.263643387210076130e-01 2.234572780674038139e-01 2.183795776965287982e-01 2.115493749360799203e-01 2.032139814386312027e-01 1.934670148414681934e-01 1.822200978710744323e-01 1.691430270986510609e-01 1.536230200797641943e-01 1.348197859799578624e-01 1.118770330195275192e-01 8.427509276554777384e-02 5.220111159029177522e-02 1.718188014445871242e-02 7.553263684282759093e-03 2.022340386394603368e-02 5.650379567245901458e-02 9.014206087595273698e-02 1.198978235952305738e-01 1.454061383407918018e-01 1.670209427008330638e-01 1.854730059587779978e-01 2.015237880391888836e-01 2.157415489516987805e-01 2.284283488561546505e-01 2.396515426574448437e-01 2.493098990312394847e-01 2.571825674014273089e-01 2.629419907778829946e-01
8.964794500039897918e-02 1.250679039713784302e-01 1.522994692381267057e-01 1.767309718186463041e-01 1.958203400455128529e-01 2.083069502034201603e-01 2.154832927094977035e-01 2.186018718093426516e-01 2.186919626051936349e-01 2.165022722044113723e-01 2.125256204392674819e-01 2.070554403415940103e-01 2.002329974199938134e-01 1.920573464323676316e-01 1.823472518132670528e-01 1.706723613177359711e-01 1.563089775965124661e-01 1.383031184628710775e-01 1.157051803418407132e-01 8.795669465957303701e-02 5.529075023127916211e-02 1.893484872200019639e-02 4.189970307334078652e-03 1.904439265602112311e-02 5.624280912565306212e-02 9.056219022575835720e-02 1.207111344913736617e-01 1.463660551756068573e-01 1.679839681973968879e-01 1.864201107800454449e-01 2.025487185787862299e-01 2.170194659124016767e-01 2.301755575484378258e-01 2.420820301397896002e-01 2.525911800282812925e-01 2.613920763898212041e-01 2.680245704592683631e-01
1.137928154759038218e-01 1.472667631507441621e-01 1.723209855440929750e-01 1.890075508178143682e-01 1.982219299334868623e-01 2.021721472931839458e-01 2.076473077606124096e-01 2.098766571251454993e-01 2.097784923962819903e-01 2.079711453707375202e-01 2.048195097918248109e-01 2.005010900790504536e-01 1.950536704515135056e-01 1.883794460769289969e-01 1.801978253329498958e-01 1.699686043114941869e-01 1.568469992513769340e-01 1.397590431483952955e-01 1.176627207721026025e-01 8.996744321409172462e-02 5.695722069551720917e-02 1.998981434130845183e-02 2.540403289217844657e-03 1.869371101779696356e-02 5.652435704290231094e-02 9.129664443577022170e-02 1.216906283439660313e-01 1.474226041338340676e-01 1.690281106850325954e-01 1.874481406856659815e-01 2.036287188833929007e-01 2.182678423778630361e-01 2.317307277493284856e-01 2.440765421585600337e-01 2.551210875117798649e-01 2.644824495279484156e-01 2.715910800348486642e-01
1.383987849223816124e-01 1.697638283494976308e-01 1.926305092986612955e-01 2.073577182173818034e-01 2.150066107619031108e-01 2.169817385863294645e-01 2.147217334199954253e-01 2.094977368992498035e-01 2.023243149790698026e-01 1.983700327129781782e-01 1.956359387230046931e-01 1.921196908622145316e-01 1.877650635398121493e-01 1.823780980755050907e-01 1.755731401196423402e-01 1.666916736130398535e-01 1.547617792758274047e-01 1.385911271972626591e-01 1.170565909230655705e-01 8.955189214388496743e-02 5.642253429944996124e-02 1.914909811005903462e-02 2.363064574412495223e-03 1.988369589556100367e-02 5.798968666195113142e-02 9.290464228393678636e-02 1.233122223964585318e-01 1.489746957509339720e-01 1.704874624202640521e-01 1.888433091337958503e-01 2.050225237800854527e-01 2.197395578522048365e-01 2.333602803957110783e-01 2.459280839131774143e-01 2.572222277273245594e-01 2.667969312610314891e-01 2.739851823534593112e-01
1.622942385244758590e-01 1.912914124594883303e-01 2.118730587877663829e-01 2.246699638707919389e-01 2.308663825298301053e-01 2.318632027413130847e-01 2.290145187162071494e-01 2.234728884531450299e-01 2.161342636407482809e-01 2.076500960956370323e-01 1.984699392665963957e-01 1.888835154615072232e-01 1.790388883891132210e-01 1.742370231600091357e-01 1.684859219037889433e-01 1.606775792820561433e-01 1.497162326692716705e-01 1.343067777905029569e-01 1.132727074255740207e-01 8.602273368312390867e-02 5.298151807460840107e-02 1.574227204687872472e-02 3.276932819394081427e-03 2.320900929053664255e-02 6.113312026755769041e-02 9.577214988951823771e-02 1.258588397427937988e-01 1.512165862038671038e-01 1.724874931412197498e-01 1.906853440779703590e-01 2.067887015310949095e-01 2.214964006738000535e-01 2.351510439471951597e-01 2.477649251522810459e-01 2.590725953818188709e-01 2.685617767615288698e-01 2.754704361360135745e-01
1.844589389500178034e-01 2.107652217117641225e-01 2.288899370549823398e-01 2.396939691872021216e-01 2.444431327956379796e-01 2.445050500956955641e-01 2.411342903098315227e-01 2.353607823454325343e-01 2.279626483512382507e-01 2.194904714670616597e-01 2.103104174510113666e-01 2.006398462638494529e-01 1.905560970671859311e-01 1.799685348495196902e-01 1.685611302267804867e-01 1.557398568115556936e-01 1.416208591093019720e-01 1.266481179985741445e-01 1.059233510556490815e-01 7.891638832456919495e-02 4.615383870937914135e-02 1.422731120709765269e-02 4.698145592633788323e-03 2.904204410831615416e-02 6.623686225306830988e-02 1.000898344477150204e-01 1.294394626917759750e-01 1.541912787666471218e-01 1.750231754778099058e-01 1.929396882145681391e-01 2.088816260915166423e-01 2.234996133716852795e-01 2.370875654736740445e-01 2.496083357782178380e-01 2.607389377767939664e-01 2.698921782357009413e-01 2.762077179379086034e-01
2.041564432963152709e-01 2.274484387286932474e-01 2.429193831815406324e-01 2.516116287432230147e-01 2.548323600588021653e-01 2.538928427711208413e-01 2.499418641700466015e-01 2.438917044118187327e-01 2.364117431124107549e-01 2.279585385225187943e-01 2.188147888340374603e-01 2.091159084277218194e-01 1.988497350900056415e-01 1.878250270827896418e-01 1.756223039683690590e-01 1.615654598877103998e-01 1.447722772972674654e-01 1.243342141981621657e-01 9.962319720743682827e-02 7.063656932312906145e-02 3.822065341067625022e-02 1.823300075277719048e-02 1.303731529680414274e-02 3.744544158132043915e-02 7.332204753578822065e-02 1.058432963065229215e-01 1.340134202522430540e-01 1.578403919601764072e-01 1.780251659490280358e-01 1.955317933807331487e-01 2.112275931393090278e-01 2.256833718210373152e-01 2.391197016094129824e-01 2.514314859729116503e-01 2.622240563370496491e-01 2.708247913213540636e-01 2.762697763321227962e-01
2.209747514062392892e-01 2.409951862915079290e-01 2.536503576697899387e-01 2.601103286710604312e-01 2.616851959120786719e-01 2.596118419716293424e-01 2.549328430093419917e-01 2.484532933193222548e-01 2.407479316397289348e-01 2.321908806088933963e-01 2.229860207929705018e-01 2.131824806251953197e-01 2.026667169715915262e-01 1.911334180955506501e-01 1.780545633549842910e-01 1.626859580491095969e-01 1.441604672076109983e-01 1.216985770477213430e-01 9.491067753180552902e-02 6.408990765045287363e-02 3.666667827754774289e-02 2.063404099138968842e-02 2.346083072402206995e-02 4.813530964175546240e-02 8.213647725361473972e-02 1.128233895559674210e-01 1.394176541091440014e-01 1.620416783245824943e-01 1.814018978330807497e-01 1.983901374249683047e-01 2.137671573906535227e-01 2.279962460176724048e-01 2.412035058799934517e-01 2.531997110298372378e-01 2.635054650833069667e-01 2.713526629447225447e-01 2.756693383850404300e-01
