BlockUplift_2Ma_1kryTimeStep_2mmyr_k_5e-05_m_0.5_n_1.0_LinDiffusion_0.5_6x3km_30mRes_flow__link_to_receiver_node.txt
nrows 100
cellsize 30.0
xllcorner 0.0
ncols 200
yllcorner 0.0
[rows 17 to 33 of 100, columns 37 to 73 of 200]
7.201000000000000000e+04 7.201200000000000000e+04 7.201400000000000000e+04 7.201600000000000000e+04 7.201800000000000000e+04 7.202000000000000000e+04 7.202200000000000000e+04 7.202400000000000000e+04 7.202600000000000000e+04 7.202800000000000000e+04 7.203000000000000000e+04 3.256600000000000000e+04 3.256700000000000000e+04 7.203900000000000000e+04 7.204100000000000000e+04 7.204300000000000000e+04 7.204500000000000000e+04 7.204700000000000000e+04 7.204900000000000000e+04 7.205100000000000000e+04 7.205300000000000000e+04 7.205500000000000000e+04 7.205700000000000000e+04 7.205900000000000000e+04 7.206100000000000000e+04 7.206300000000000000e+04 3.258100000000000000e+04 3.258200000000000000e+04 3.258300000000000000e+04 3.258400000000000000e+04 7.207000000000000000e+04 7.207200000000000000e+04 7.207400000000000000e+04 7.207600000000000000e+04 7.207800000000000000e+04 7.208000000000000000e+04 7.208200000000000000e+04
7.161200000000000000e+04 7.161400000000000000e+04 7.161600000000000000e+04 7.161800000000000000e+04 7.162000000000000000e+04 7.162200000000000000e+04 7.162400000000000000e+04 7.162600000000000000e+04 7.162800000000000000e+04 7.163000000000000000e+04 7.163200000000000000e+04 3.216700000000000000e+04 7.163900000000000000e+04 7.164100000000000000e+04 7.164300000000000000e+04 7.164500000000000000e+04 7.164700000000000000e+04 7.164900000000000000e+04 7.165100000000000000e+04 7.165300000000000000e+04 7.165500000000000000e+04 7.165700000000000000e+04 7.165900000000000000e+04 7.166100000000000000e+04 7.166300000000000000e+04 7.166500000000000000e+04 3.218200000000000000e+04 3.218300000000000000e+04 3.218400000000000000e+04 3.218500000000000000e+04 7.167200000000000000e+04 7.167400000000000000e+04 7.167600000000000000e+04 7.167800000000000000e+04 7.168000000000000000e+04 7.168200000000000000e+04 7.168400000000000000e+04
7.121400000000000000e+04 7.121600000000000000e+04 7.121800000000000000e+04 7.122000000000000000e+04 7.122200000000000000e+04 7.122400000000000000e+04 7.122600000000000000e+04 7.122800000000000000e+04 7.123000000000000000e+04 7.123200000000000000e+04 7.123400000000000000e+04 3.176800000000000000e+04 7.124100000000000000e+04 7.124300000000000000e+04 7.124500000000000000e+04 7.124700000000000000e+04 7.124900000000000000e+04 7.125100000000000000e+04 7.125300000000000000e+04 7.125500000000000000e+04 7.125700000000000000e+04 7.125900000000000000e+04 7.126100000000000000e+04 7.126300000000000000e+04 7.126500000000000000e+04 7.126700000000000000e+04 3.178300000000000000e+04 3.178400000000000000e+04 3.178500000000000000e+04 3.178600000000000000e+04 7.127400000000000000e+04 7.127600000000000000e+04 7.127800000000000000e+04 7.128000000000000000e+04 7.128200000000000000e+04 7.128400000000000000e+04 7.128600000000000000e+04
7.081600000000000000e+04 7.081800000000000000e+04 7.082000000000000000e+04 7.082200000000000000e+04 7.082400000000000000e+04 7.082600000000000000e+04 7.082800000000000000e+04 7.083000000000000000e+04 7.083200000000000000e+04 7.083400000000000000e+04 7.083600000000000000e+04 3.136900000000000000e+04 7.084300000000000000e+04 7.084500000000000000e+04 7.084700000000000000e+04 7.084900000000000000e+04 7.085100000000000000e+04 7.085300000000000000e+04 7.085500000000000000e+04 7.085700000000000000e+04 7.085900000000000000e+04 7.086100000000000000e+04 7.086300000000000000e+04 7.086500000000000000e+04 7.086700000000000000e+04 7.086900000000000000e+04 3.138400000000000000e+04 3.138500000000000000e+04 3.138600000000000000e+04 7.087400000000000000e+04 7.087600000000000000e+04 7.087800000000000000e+04 7.088000000000000000e+04 7.088200000000000000e+04 7.088400000000000000e+04 7.088600000000000000e+04 7.088800000000000000e+04
7.041800000000000000e+04 7.042000000000000000e+04 7.042200000000000000e+04 3.116100000000000000e+04 3.116200000000000000e+04 3.116300000000000000e+04 7.043000000000000000e+04 7.043200000000000000e+04 7.043400000000000000e+04 7.043600000000000000e+04 7.043800000000000000e+04 3.097000000000000000e+04 7.044500000000000000e+04 7.044700000000000000e+04 7.044900000000000000e+04 7.045100000000000000e+04 7.045300000000000000e+04 7.045500000000000000e+04 7.045700000000000000e+04 7.045900000000000000e+04 7.046100000000000000e+04 7.046300000000000000e+04 7.046500000000000000e+04 7.046700000000000000e+04 7.046900000000000000e+04 7.047100000000000000e+04 3.098500000000000000e+04 3.098600000000000000e+04 3.098700000000000000e+04 7.047600000000000000e+04 7.047800000000000000e+04 7.048000000000000000e+04 7.048200000000000000e+04 7.048400000000000000e+04 7.048600000000000000e+04 7.048800000000000000e+04 7.049000000000000000e+04
3.075900000000000000e+04 3.076000000000000000e+04 3.076100000000000000e+04 3.076200000000000000e+04 3.076300000000000000e+04 3.076400000000000000e+04 3.076500000000000000e+04 7.003400000000000000e+04 7.003600000000000000e+04 7.003800000000000000e+04 3.057000000000000000e+04 7.004500000000000000e+04 7.004700000000000000e+04 7.004900000000000000e+04 7.005100000000000000e+04 7.005300000000000000e+04 7.005500000000000000e+04 7.005700000000000000e+04 7.005900000000000000e+04 7.006100000000000000e+04 7.006300000000000000e+04 7.006500000000000000e+04 7.006700000000000000e+04 7.006900000000000000e+04 7.007100000000000000e+04 7.007300000000000000e+04 3.058600000000000000e+04 3.058700000000000000e+04 3.058800000000000000e+04 7.007800000000000000e+04 7.008000000000000000e+04 7.008200000000000000e+04 7.008400000000000000e+04 7.008600000000000000e+04 7.008800000000000000e+04 7.009000000000000000e+04 7.009200000000000000e+04
3.036000000000000000e+04 3.036100000000000000e+04 3.036200000000000000e+04 3.036300000000000000e+04 3.036400000000000000e+04 3.036500000000000000e+04 3.036600000000000000e+04 3.036700000000000000e+04 6.963800000000000000e+04 6.964000000000000000e+04 3.017100000000000000e+04 6.964700000000000000e+04 6.964900000000000000e+04 6.965100000000000000e+04 6.965300000000000000e+04 6.965500000000000000e+04 6.965700000000000000e+04 6.965900000000000000e+04 6.966100000000000000e+04 6.966300000000000000e+04 6.966500000000000000e+04 6.966700000000000000e+04 6.966900000000000000e+04 6.967100000000000000e+04 6.967300000000000000e+04 6.967500000000000000e+04 3.018700000000000000e+04 3.018800000000000000e+04 3.018900000000000000e+04 6.968000000000000000e+04 6.968200000000000000e+04 6.968400000000000000e+04 6.968600000000000000e+04 6.968800000000000000e+04 6.969000000000000000e+04 6.969200000000000000e+04 6.969400000000000000e+04
2.996100000000000000e+04 2.996200000000000000e+04 2.996300000000000000e+04 2.996400000000000000e+04 2.996500000000000000e+04 2.996600000000000000e+04 2.996700000000000000e+04 2.996800000000000000e+04 6.924000000000000000e+04 6.924200000000000000e+04 2.977200000000000000e+04 6.924900000000000000e+04 6.925100000000000000e+04 6.925300000000000000e+04 6.925500000000000000e+04 6.925700000000000000e+04 6.925900000000000000e+04 6.926100000000000000e+04 6.926300000000000000e+04 6.926500000000000000e+04 6.926700000000000000e+04 6.926900000000000000e+04 6.927100000000000000e+04 6.927300000000000000e+04 6.927500000000000000e+04 6.927700000000000000e+04 2.978800000000000000e+04 2.978900000000000000e+04 2.979000000000000000e+04 6.928200000000000000e+04 6.928400000000000000e+04 6.928600000000000000e+04 6.928800000000000000e+04 6.929000000000000000e+04 6.929200000000000000e+04 6.929400000000000000e+04 6.929600000000000000e+04
2.956200000000000000e+04 2.956300000000000000e+04 2.956400000000000000e+04 2.956500000000000000e+04 2.956600000000000000e+04 2.956700000000000000e+04 2.956800000000000000e+04 2.956900000000000000e+04 6.884200000000000000e+04 6.884400000000000000e+04 6.884900000000000000e+04 6.885100000000000000e+04 6.885300000000000000e+04 6.885500000000000000e+04 6.885700000000000000e+04 6.885900000000000000e+04 6.886100000000000000e+04 6.886300000000000000e+04 6.886500000000000000e+04 6.886700000000000000e+04 6.886900000000000000e+04 6.887100000000000000e+04 6.887300000000000000e+04 6.887500000000000000e+04 6.887700000000000000e+04 6.887900000000000000e+04 2.938900000000000000e+04 2.939000000000000000e+04 2.939100000000000000e+04 6.888400000000000000e+04 6.888600000000000000e+04 6.888800000000000000e+04 6.889000000000000000e+04 6.889200000000000000e+04 6.889400000000000000e+04 6.889600000000000000e+04 6.889800000000000000e+04
2.916300000000000000e+04 2.916400000000000000e+04 2.916500000000000000e+04 2.916600000000000000e+04 2.916700000000000000e+04 2.916800000000000000e+04 2.916900000000000000e+04 2.917000000000000000e+04 6.844400000000000000e+04 6.844600000000000000e+04 6.845100000000000000e+04 6.845300000000000000e+04 6.845500000000000000e+04 6.845700000000000000e+04 6.845900000000000000e+04 6.846100000000000000e+04 6.846300000000000000e+04 6.846500000000000000e+04 6.846700000000000000e+04 6.846900000000000000e+04 6.847100000000000000e+04 6.847300000000000000e+04 6.847500000000000000e+04 6.847700000000000000e+04 6.847900000000000000e+04 6.848100000000000000e+04 2.899000000000000000e+04 2.899100000000000000e+04 2.899200000000000000e+04 6.848600000000000000e+04 6.848800000000000000e+04 6.849000000000000000e+04 6.849200000000000000e+04 6.849400000000000000e+04 6.849600000000000000e+04 6.849800000000000000e+04 6.850000000000000000e+04
2.876400000000000000e+04 2.876500000000000000e+04 2.876600000000000000e+04 2.876700000000000000e+04 2.876800000000000000e+04 2.876900000000000000e+04 2.877000000000000000e+04 2.877100000000000000e+04 6.804600000000000000e+04 6.804800000000000000e+04 6.805300000000000000e+04 6.805500000000000000e+04 6.805700000000000000e+04 6.805900000000000000e+04 6.806100000000000000e+04 6.806300000000000000e+04 6.806500000000000000e+04 6.806700000000000000e+04 6.806900000000000000e+04 6.807100000000000000e+04 6.807300000000000000e+04 6.807500000000000000e+04 6.807700000000000000e+04 6.807900000000000000e+04 6.808100000000000000e+04 6.808300000000000000e+04 2.859100000000000000e+04 2.859200000000000000e+04 2.859300000000000000e+04 6.808800000000000000e+04 6.809000000000000000e+04 6.809200000000000000e+04 6.809400000000000000e+04 6.809600000000000000e+04 6.809800000000000000e+04 6.810000000000000000e+04 6.810200000000000000e+04
2.836500000000000000e+04 2.836600000000000000e+04 2.836700000000000000e+04 2.836800000000000000e+04 2.836900000000000000e+04 2.837000000000000000e+04 2.837100000000000000e+04 2.837200000000000000e+04 6.764800000000000000e+04 6.765000000000000000e+04 6.765500000000000000e+04 6.765700000000000000e+04 6.765900000000000000e+04 6.766100000000000000e+04 6.766300000000000000e+04 6.766500000000000000e+04 6.766700000000000000e+04 6.766900000000000000e+04 6.767100000000000000e+04 6.767300000000000000e+04 6.767500000000000000e+04 6.767700000000000000e+04 6.767900000000000000e+04 6.768100000000000000e+04 6.768300000000000000e+04 6.768500000000000000e+04 2.819200000000000000e+04 2.819300000000000000e+04 2.819400000000000000e+04 6.769000000000000000e+04 6.769200000000000000e+04 6.769400000000000000e+04 6.769600000000000000e+04 6.769800000000000000e+04 6.770000000000000000e+04 6.770200000000000000e+04 6.770400000000000000e+04
2.796600000000000000e+04 2.796700000000000000e+04 2.796800000000000000e+04 2.796900000000000000e+04 2.797000000000000000e+04 2.797100000000000000e+04 2.797200000000000000e+04 2.797300000000000000e+04 6.725000000000000000e+04 6.725500000000000000e+04 6.725700000000000000e+04 6.725900000000000000e+04 6.726100000000000000e+04 6.726300000000000000e+04 6.726500000000000000e+04 6.726700000000000000e+04 6.726900000000000000e+04 6.727100000000000000e+04 6.727300000000000000e+04 6.727500000000000000e+04 6.727700000000000000e+04 6.727900000000000000e+04 6.728100000000000000e+04 6.728300000000000000e+04 6.728500000000000000e+04 6.728700000000000000e+04 2.779300000000000000e+04 2.779400000000000000e+04 2.779500000000000000e+04 6.729200000000000000e+04 6.729400000000000000e+04 6.729600000000000000e+04 6.729800000000000000e+04 6.730000000000000000e+04 6.730200000000000000e+04 6.730400000000000000e+04 6.730600000000000000e+04
2.756700000000000000e+04 2.756800000000000000e+04 2.756900000000000000e+04 2.757000000000000000e+04 2.757100000000000000e+04 2.757200000000000000e+04 2.757300000000000000e+04 2.757400000000000000e+04 6.685200000000000000e+04 6.685700000000000000e+04 6.685900000000000000e+04 6.686100000000000000e+04 6.686300000000000000e+04 6.686500000000000000e+04 6.686700000000000000e+04 6.686900000000000000e+04 6.687100000000000000e+04 6.687300000000000000e+04 6.687500000000000000e+04 6.687700000000000000e+04 6.687900000000000000e+04 6.688100000000000000e+04 6.688300000000000000e+04 6.688500000000000000e+04 6.688700000000000000e+04 6.688900000000000000e+04 2.739400000000000000e+04 2.739500000000000000e+04 2.739600000000000000e+04 6.689400000000000000e+04 6.689600000000000000e+04 6.689800000000000000e+04 6.690000000000000000e+04 6.690200000000000000e+04 6.690400000000000000e+04 6.690600000000000000e+04 6.690800000000000000e+04
2.716800000000000000e+04 2.716900000000000000e+04 2.717000000000000000e+04 2.717100000000000000e+04 2.717200000000000000e+04 2.717300000000000000e+04 2.717400000000000000e+04 2.717500000000000000e+04 6.645400000000000000e+04 6.645900000000000000e+04 6.646100000000000000e+04 6.646300000000000000e+04 6.646500000000000000e+04 6.646700000000000000e+04 6.646900000000000000e+04 6.647100000000000000e+04 6.647300000000000000e+04 6.647500000000000000e+04 6.647700000000000000e+04 6.647900000000000000e+04 6.648100000000000000e+04 6.648300000000000000e+04 6.648500000000000000e+04 6.648700000000000000e+04 6.648900000000000000e+04 6.649100000000000000e+04 2.699500000000000000e+04 2.699600000000000000e+04 2.699700000000000000e+04 6.649600000000000000e+04 6.649800000000000000e+04 6.650000000000000000e+04 6.650200000000000000e+04 6.650400000000000000e+04 6.650600000000000000e+04 2.720300000000000000e+04 2.720400000000000000e+04
2.676900000000000000e+04 2.677000000000000000e+04 2.677100000000000000e+04 2.677200000000000000e+04 2.677300000000000000e+04 2.677400000000000000e+04 2.677500000000000000e+04 6.605400000000000000e+04 6.605600000000000000e+04 6.606100000000000000e+04 6.606300000000000000e+04 6.606500000000000000e+04 6.606700000000000000e+04 6.606900000000000000e+04 6.607100000000000000e+04 6.607300000000000000e+04 6.607500000000000000e+04 6.607700000000000000e+04 6.607900000000000000e+04 6.608100000000000000e+04 6.608300000000000000e+04 6.608500000000000000e+04 6.608700000000000000e+04 6.608900000000000000e+04 6.609100000000000000e+04 6.609300000000000000e+04 2.659600000000000000e+04 2.659700000000000000e+04 2.659800000000000000e+04 6.609800000000000000e+04 6.610000000000000000e+04 6.610200000000000000e+04 6.610400000000000000e+04 2.680200000000000000e+04 2.680300000000000000e+04 2.680400000000000000e+04 2.680500000000000000e+04
2.637000000000000000e+04 2.637100000000000000e+04 2.637200000000000000e+04 2.637300000000000000e+04 2.637400000000000000e+04 2.637500000000000000e+04 2.637600000000000000e+04 6.565600000000000000e+04 2.617900000000000000e+04 6.566300000000000000e+04 6.566500000000000000e+04 6.566700000000000000e+04 6.566900000000000000e+04 6.567100000000000000e+04 6.567300000000000000e+04 6.567500000000000000e+04 6.567700000000000000e+04 6.567900000000000000e+04 6.568100000000000000e+04 6.568300000000000000e+04 6.568500000000000000e+04 6.568700000000000000e+04 6.568900000000000000e+04 6.569100000000000000e+04 6.569300000000000000e+04 6.569500000000000000e+04 2.619700000000000000e+04 2.619800000000000000e+04 2.619900000000000000e+04 6.570000000000000000e+04 6.570200000000000000e+04 6.570400000000000000e+04 2.640200000000000000e+04 2.640300000000000000e+04 2.640400000000000000e+04 2.640500000000000000e+04 2.640600000000000000e+04
