BlockUplift_2Ma_1kryTimeStep_2mmyr_k_0.0001_m_0.5_n_1.0_LinDiffusion_0.5_3x6km_30mRes_drainage_area.txt
nrows 200
cellsize 30.0
xllcorner 0.0
ncols 100
yllcorner 0.0
[rows 17 to 33 of 200, columns 0 to 36 of 100]
0.000000000000000000e+00 1.530000000000000000e+04 1.530000000000000000e+04 1.530000000000000000e+04 1.530000000000000000e+04 1.530000000000000000e+04 1.530000000000000000e+04 1.530000000000000000e+04 1.530000000000000000e+04 1.440000000000000000e+04 1.530000000000000000e+04 1.530000000000000000e+04 1.530000000000000000e+04 1.530000000000000000e+04 1.530000000000000000e+04 1.530000000000000000e+04 1.530000000000000000e+04 1.413000000000000000e+05 1.440000000000000000e+04 1.440000000000000000e+04 1.440000000000000000e+04 1.530000000000000000e+04 1.368000000000000000e+05 1.215000000000000000e+05 1.260000000000000000e+04 1.170000000000000000e+04 1.080000000000000000e+04 9.900000000000000000e+03 9.000000000000000000e+03 8.100000000000000000e+03 7.200000000000000000e+03 6.300000000000000000e+03 5.400000000000000000e+03 4.500000000000000000e+03 3.600000000000000000e+03 2.700000000000000000e+03 1.800000000000000000e+03
0.000000000000000000e+00 1.620000000000000000e+04 1.620000000000000000e+04 1.620000000000000000e+04 1.620000000000000000e+04 1.620000000000000000e+04 1.620000000000000000e+04 1.620000000000000000e+04 1.620000000000000000e+04 1.530000000000000000e+04 1.620000000000000000e+04 1.620000000000000000e+04 1.620000000000000000e+04 1.620000000000000000e+04 1.620000000000000000e+04 1.620000000000000000e+04 1.575000000000000000e+05 1.530000000000000000e+04 1.530000000000000000e+04 1.530000000000000000e+04 1.620000000000000000e+04 1.530000000000000000e+05 1.530000000000000000e+04 1.440000000000000000e+04 1.350000000000000000e+04 1.260000000000000000e+04 1.170000000000000000e+04 1.080000000000000000e+04 9.900000000000000000e+03 9.000000000000000000e+03 8.100000000000000000e+03 7.200000000000000000e+03 6.300000000000000000e+03 5.400000000000000000e+03 4.500000000000000000e+03 3.600000000000000000e+03 2.700000000000000000e+03
0.000000000000000000e+00 1.710000000000000000e+04 1.710000000000000000e+04 1.710000000000000000e+04 1.710000000000000000e+04 1.710000000000000000e+04 1.710000000000000000e+04 1.710000000000000000e+04 1.710000000000000000e+04 1.620000000000000000e+04 1.710000000000000000e+04 1.710000000000000000e+04 1.710000000000000000e+04 1.710000000000000000e+04 1.710000000000000000e+04 1.746000000000000000e+05 1.620000000000000000e+04 1.620000000000000000e+04 1.620000000000000000e+04 1.863000000000000000e+05 1.692000000000000000e+05 1.530000000000000000e+04 1.440000000000000000e+04 1.350000000000000000e+04 1.260000000000000000e+04 1.170000000000000000e+04 1.080000000000000000e+04 9.900000000000000000e+03 9.000000000000000000e+03 8.100000000000000000e+03 7.200000000000000000e+03 6.300000000000000000e+03 5.400000000000000000e+03 4.500000000000000000e+03 3.600000000000000000e+03 2.700000000000000000e+03 1.800000000000000000e+03
0.000000000000000000e+00 1.800000000000000000e+04 1.800000000000000000e+04 1.800000000000000000e+04 1.800000000000000000e+04 1.800000000000000000e+04 1.800000000000000000e+04 1.800000000000000000e+04 1.800000000000000000e+04 1.710000000000000000e+04 1.800000000000000000e+04 1.800000000000000000e+04 1.800000000000000000e+04 1.800000000000000000e+04 1.926000000000000000e+05 1.710000000000000000e+04 1.710000000000000000e+04 1.710000000000000000e+04 2.061000000000000000e+05 1.890000000000000000e+04 1.800000000000000000e+04 1.710000000000000000e+04 1.620000000000000000e+04 1.530000000000000000e+04 1.440000000000000000e+04 1.350000000000000000e+04 1.260000000000000000e+04 1.170000000000000000e+04 1.080000000000000000e+04 9.900000000000000000e+03 9.000000000000000000e+03 8.100000000000000000e+03 7.200000000000000000e+03 6.300000000000000000e+03 5.400000000000000000e+03 4.500000000000000000e+03 1.800000000000000000e+03
0.000000000000000000e+00 1.890000000000000000e+04 1.890000000000000000e+04 1.890000000000000000e+04 1.890000000000000000e+04 1.890000000000000000e+04 1.890000000000000000e+04 1.890000000000000000e+04 1.890000000000000000e+04 1.800000000000000000e+04 1.890000000000000000e+04 1.890000000000000000e+04 1.890000000000000000e+04 2.115000000000000000e+05 1.800000000000000000e+04 1.800000000000000000e+04 1.800000000000000000e+04 2.259000000000000000e+05 1.890000000000000000e+04 1.800000000000000000e+04 1.710000000000000000e+04 1.620000000000000000e+04 1.530000000000000000e+04 1.440000000000000000e+04 1.350000000000000000e+04 1.260000000000000000e+04 1.170000000000000000e+04 1.080000000000000000e+04 9.900000000000000000e+03 9.000000000000000000e+03 8.100000000000000000e+03 7.200000000000000000e+03 6.300000000000000000e+03 5.400000000000000000e+03 4.500000000000000000e+03 1.800000000000000000e+03 1.800000000000000000e+03
0.000000000000000000e+00 1.980000000000000000e+04 1.980000000000000000e+04 1.980000000000000000e+04 1.980000000000000000e+04 1.980000000000000000e+04 1.980000000000000000e+04 1.980000000000000000e+04 1.980000000000000000e+04 1.890000000000000000e+04 1.980000000000000000e+04 1.980000000000000000e+04 2.313000000000000000e+05 1.890000000000000000e+04 1.890000000000000000e+04 1.890000000000000000e+04 2.448000000000000000e+05 1.800000000000000000e+04 1.710000000000000000e+04 1.620000000000000000e+04 1.530000000000000000e+04 1.440000000000000000e+04 1.350000000000000000e+04 1.260000000000000000e+04 1.170000000000000000e+04 1.080000000000000000e+04 9.900000000000000000e+03 9.000000000000000000e+03 8.100000000000000000e+03 7.200000000000000000e+03 6.300000000000000000e+03 5.400000000000000000e+03 4.500000000000000000e+03 3.600000000000000000e+03 2.700000000000000000e+03 1.800000000000000000e+03 9.000000000000000000e+02
0.000000000000000000e+00 2.070000000000000000e+04 2.070000000000000000e+04 2.070000000000000000e+04 2.070000000000000000e+04 2.070000000000000000e+04 2.070000000000000000e+04 2.070000000000000000e+04 2.070000000000000000e+04 1.980000000000000000e+04 2.070000000000000000e+04 2.520000000000000000e+05 1.980000000000000000e+04 1.980000000000000000e+04 2.844000000000000000e+05 2.646000000000000000e+05 1.890000000000000000e+04 1.800000000000000000e+04 1.710000000000000000e+04 1.620000000000000000e+04 1.530000000000000000e+04 1.440000000000000000e+04 1.350000000000000000e+04 1.260000000000000000e+04 1.170000000000000000e+04 1.080000000000000000e+04 9.900000000000000000e+03 9.000000000000000000e+03 8.100000000000000000e+03 7.200000000000000000e+03 6.300000000000000000e+03 5.400000000000000000e+03 4.500000000000000000e+03 3.600000000000000000e+03 2.700000000000000000e+03 1.800000000000000000e+03 9.000000000000000000e+02
0.000000000000000000e+00 2.160000000000000000e+04 2.160000000000000000e+04 2.160000000000000000e+04 2.160000000000000000e+04 2.160000000000000000e+04 2.160000000000000000e+04 2.160000000000000000e+04 2.160000000000000000e+04 2.070000000000000000e+04 2.736000000000000000e+05 2.070000000000000000e+04 2.070000000000000000e+04 3.060000000000000000e+05 2.070000000000000000e+04 1.980000000000000000e+04 1.890000000000000000e+04 1.800000000000000000e+04 1.710000000000000000e+04 1.620000000000000000e+04 1.530000000000000000e+04 1.440000000000000000e+04 1.350000000000000000e+04 1.260000000000000000e+04 1.170000000000000000e+04 1.080000000000000000e+04 9.900000000000000000e+03 9.000000000000000000e+03 8.100000000000000000e+03 7.200000000000000000e+03 6.300000000000000000e+03 5.400000000000000000e+03 4.500000000000000000e+03 3.600000000000000000e+03 2.700000000000000000e+03 1.800000000000000000e+03 9.000000000000000000e+02
0.000000000000000000e+00 2.250000000000000000e+04 2.250000000000000000e+04 2.250000000000000000e+04 2.250000000000000000e+04 2.250000000000000000e+04 2.250000000000000000e+04 2.250000000000000000e+04 2.250000000000000000e+04 2.952000000000000000e+05 2.160000000000000000e+04 2.160000000000000000e+04 3.267000000000000000e+05 1.980000000000000000e+04 1.890000000000000000e+04 1.800000000000000000e+04 1.710000000000000000e+04 1.620000000000000000e+04 1.530000000000000000e+04 1.440000000000000000e+04 1.350000000000000000e+04 1.260000000000000000e+04 1.170000000000000000e+04 1.080000000000000000e+04 9.900000000000000000e+03 9.000000000000000000e+03 8.100000000000000000e+03 7.200000000000000000e+03 6.300000000000000000e+03 5.400000000000000000e+03 4.500000000000000000e+03 3.600000000000000000e+03 2.700000000000000000e+03 1.800000000000000000e+03 9.000000000000000000e+02 1.800000000000000000e+03 9.000000000000000000e+02
0.000000000000000000e+00 2.340000000000000000e+04 2.340000000000000000e+04 2.340000000000000000e+04 2.340000000000000000e+04 2.340000000000000000e+04 2.340000000000000000e+04 2.340000000000000000e+04 3.186000000000000000e+05 2.250000000000000000e+04 2.250000000000000000e+04 3.492000000000000000e+05 2.160000000000000000e+04 2.070000000000000000e+04 1.980000000000000000e+04 1.890000000000000000e+04 1.800000000000000000e+04 1.710000000000000000e+04 1.620000000000000000e+04 1.530000000000000000e+04 1.440000000000000000e+04 1.350000000000000000e+04 1.260000000000000000e+04 1.170000000000000000e+04 1.080000000000000000e+04 9.900000000000000000e+03 9.000000000000000000e+03 8.100000000000000000e+03 7.200000000000000000e+03 6.300000000000000000e+03 5.400000000000000000e+03 4.500000000000000000e+03 3.600000000000000000e+03 2.700000000000000000e+03 1.800000000000000000e+03 9.000000000000000000e+02 9.000000000000000000e+02
0.000000000000000000e+00 2.430000000000000000e+04 2.430000000000000000e+04 2.430000000000000000e+04 2.430000000000000000e+04 2.430000000000000000e+04 2.430000000000000000e+04 3.429000000000000000e+05 2.340000000000000000e+04 2.340000000000000000e+04 3.726000000000000000e+05 2.250000000000000000e+04 2.160000000000000000e+04 2.070000000000000000e+04 1.980000000000000000e+04 1.890000000000000000e+04 1.800000000000000000e+04 1.710000000000000000e+04 1.620000000000000000e+04 1.530000000000000000e+04 1.440000000000000000e+04 1.350000000000000000e+04 1.260000000000000000e+04 1.170000000000000000e+04 1.080000000000000000e+04 9.900000000000000000e+03 9.000000000000000000e+03 8.100000000000000000e+03 7.200000000000000000e+03 6.300000000000000000e+03 5.400000000000000000e+03 4.500000000000000000e+03 3.600000000000000000e+03 2.700000000000000000e+03 1.800000000000000000e+03 9.000000000000000000e+02 9.000000000000000000e+02
0.000000000000000000e+00 2.520000000000000000e+04 2.520000000000000000e+04 2.520000000000000000e+04 2.520000000000000000e+04 2.520000000000000000e+04 3.681000000000000000e+05 2.430000000000000000e+04 2.430000000000000000e+04 3.969000000000000000e+05 2.340000000000000000e+04 2.250000000000000000e+04 2.160000000000000000e+04 2.070000000000000000e+04 1.980000000000000000e+04 1.890000000000000000e+04 1.800000000000000000e+04 1.710000000000000000e+04 1.620000000000000000e+04 1.530000000000000000e+04 1.440000000000000000e+04 1.350000000000000000e+04 1.260000000000000000e+04 1.170000000000000000e+04 1.080000000000000000e+04 9.900000000000000000e+03 9.000000000000000000e+03 8.100000000000000000e+03 7.200000000000000000e+03 6.300000000000000000e+03 5.400000000000000000e+03 4.500000000000000000e+03 3.600000000000000000e+03 2.700000000000000000e+03 1.800000000000000000e+03 9.000000000000000000e+02 9.000000000000000000e+02
0.000000000000000000e+00 2.610000000000000000e+04 2.610000000000000000e+04 2.610000000000000000e+04 5.130000000000000000e+04 3.690000000000000000e+05 2.520000000000000000e+04 4.464000000000000000e+05 4.212000000000000000e+05 2.340000000000000000e+04 2.250000000000000000e+04 2.160000000000000000e+04 2.070000000000000000e+04 1.980000000000000000e+04 1.890000000000000000e+04 1.800000000000000000e+04 1.710000000000000000e+04 1.620000000000000000e+04 1.530000000000000000e+04 1.440000000000000000e+04 1.350000000000000000e+04 1.260000000000000000e+04 1.170000000000000000e+04 1.080000000000000000e+04 9.900000000000000000e+03 9.000000000000000000e+03 8.100000000000000000e+03 7.200000000000000000e+03 6.300000000000000000e+03 5.400000000000000000e+03 4.500000000000000000e+03 3.600000000000000000e+03 2.700000000000000000e+03 1.800000000000000000e+03 9.000000000000000000e+02 9.000000000000000000e+02 9.000000000000000000e+02
0.000000000000000000e+00 2.700000000000000000e+04 2.700000000000000000e+04 7.830000000000000000e+04 3.699000000000000000e+05 2.610000000000000000e+04 4.725000000000000000e+05 2.520000000000000000e+04 2.430000000000000000e+04 2.340000000000000000e+04 2.250000000000000000e+04 2.160000000000000000e+04 2.070000000000000000e+04 1.980000000000000000e+04 1.890000000000000000e+04 1.800000000000000000e+04 1.710000000000000000e+04 1.620000000000000000e+04 1.530000000000000000e+04 1.440000000000000000e+04 1.350000000000000000e+04 1.260000000000000000e+04 1.170000000000000000e+04 1.080000000000000000e+04 9.900000000000000000e+03 9.000000000000000000e+03 8.100000000000000000e+03 7.200000000000000000e+03 6.300000000000000000e+03 5.400000000000000000e+03 4.500000000000000000e+03 3.600000000000000000e+03 2.700000000000000000e+03 1.800000000000000000e+03 9.000000000000000000e+02 9.000000000000000000e+02 1.800000000000000000e+03
0.000000000000000000e+00 2.790000000000000000e+04 1.062000000000000000e+05 3.708000000000000000e+05 2.700000000000000000e+04 4.986000000000000000e+05 2.520000000000000000e+04 2.430000000000000000e+04 2.340000000000000000e+04 2.250000000000000000e+04 2.160000000000000000e+04 2.070000000000000000e+04 1.980000000000000000e+04 1.890000000000000000e+04 1.800000000000000000e+04 1.710000000000000000e+04 1.620000000000000000e+04 1.530000000000000000e+04 1.440000000000000000e+04 1.350000000000000000e+04 1.260000000000000000e+04 1.170000000000000000e+04 1.080000000000000000e+04 9.900000000000000000e+03 9.000000000000000000e+03 8.100000000000000000e+03 7.200000000000000000e+03 6.300000000000000000e+03 5.400000000000000000e+03 4.500000000000000000e+03 3.600000000000000000e+03 2.700000000000000000e+03 1.800000000000000000e+03 9.000000000000000000e+02 9.000000000000000000e+02 9.000000000000000000e+02 1.800000000000000000e+03
0.000000000000000000e+00 2.880000000000000000e+04 4.779000000000000000e+05 2.790000000000000000e+04 5.256000000000000000e+05 2.610000000000000000e+04 2.520000000000000000e+04 2.430000000000000000e+04 2.340000000000000000e+04 2.250000000000000000e+04 2.160000000000000000e+04 2.070000000000000000e+04 1.980000000000000000e+04 1.890000000000000000e+04 1.800000000000000000e+04 1.710000000000000000e+04 1.620000000000000000e+04 1.530000000000000000e+04 1.440000000000000000e+04 1.350000000000000000e+04 1.260000000000000000e+04 1.170000000000000000e+04 1.080000000000000000e+04 9.900000000000000000e+03 9.000000000000000000e+03 8.100000000000000000e+03 7.200000000000000000e+03 6.300000000000000000e+03 5.400000000000000000e+03 4.500000000000000000e+03 3.600000000000000000e+03 2.700000000000000000e+03 1.800000000000000000e+03 9.000000000000000000e+02 9.000000000000000000e+02 1.800000000000000000e+03 1.800000000000000000e+03
0.000000000000000000e+00 5.076000000000000000e+05 2.880000000000000000e+04 5.526000000000000000e+05 2.610000000000000000e+04 2.520000000000000000e+04 2.430000000000000000e+04 2.340000000000000000e+04 2.250000000000000000e+04 2.160000000000000000e+04 2.070000000000000000e+04 1.980000000000000000e+04 1.890000000000000000e+04 1.800000000000000000e+04 1.710000000000000000e+04 1.620000000000000000e+04 1.530000000000000000e+04 1.440000000000000000e+04 1.350000000000000000e+04 1.260000000000000000e+04 1.170000000000000000e+04 1.080000000000000000e+04 9.900000000000000000e+03 9.000000000000000000e+03 8.100000000000000000e+03 7.200000000000000000e+03 6.300000000000000000e+03 5.400000000000000000e+03 4.500000000000000000e+03 3.600000000000000000e+03 2.700000000000000000e+03 1.800000000000000000e+03 9.000000000000000000e+02 9.000000000000000000e+02 9.000000000000000000e+02 1.800000000000000000e+03 2.700000000000000000e+03
