BlockUplift_10Myr_500yrTimeStep_halfmmyr_k_1e-05_m_0.5_n_1.0_LinDiffusion_0.01_15x7km_30mRes0.txt
nrows 250
cellsize 30.0
xllcorner 0.0
ncols 500
yllcorner 0.0
[rows 85 to 101 of 250, columns 222 to 258 of 500]
5.066539604416073900e-02 5.095147659503948545e-02 5.055936515644950113e-02 5.040849809051398817e-02 5.091176224313281179e-02 5.053405509407529750e-02 5.053883766952612516e-02 5.011525284969442495e-02 5.034648301369647194e-02 5.093949305660151056e-02 5.056223952546482631e-02 5.065055305776008238e-02 5.035295247420765175e-02 5.095802313559229940e-02 5.025726335211690154e-02 5.094351269611704230e-02 5.074499074076262162e-02 5.037434275556927632e-02 5.037753072320856618e-02 5.003204881111916746e-02 5.003914360655504351e-02 5.009719274547660278e-02 5.029096055558068823e-02 5.076167924165143203e-02 5.059094504659378960e-02 5.066845225087993065e-02 5.094885581327651680e-02 5.069875083809819577e-02 5.067761112034001314e-02 5.071604976307900192e-02 5.023795250371609206e-02 5.095925987113910510e-02 5.012631764113640448e-02 5.019255885250144961e-02 5.074604225823012293e-02 5.007849682111783357e-02 5.063938786438228895e-02
5.088466115908159976e-02 5.019987784720556651e-02 5.048802182576234837e-02 5.031357716922113532e-02 5.048552123612440323e-02 5.096182989514123213e-02 5.088275037897366931e-02 5.051826623116942999e-02 5.067628129158353867e-02 5.064226397898038273e-02 5.087968031697881477e-02 5.042015772459595979e-02 5.081780159378705003e-02 5.070693249355242432e-02 5.097406014051045903e-02 5.099502769800848961e-02 5.078804593453860317e-02 5.073126878220945296e-02 5.039359804102767210e-02 5.083933389723164359e-02 5.068910923211701613e-02 5.035304257169549713e-02 5.058062630961240869e-02 5.072436269101460865e-02 5.052992517322686672e-02 5.040165328978337550e-02 5.042661739571936003e-02 5.094654365508461541e-02 5.014358631803221555e-02 5.046500373144372636e-02 5.002297509927070701e-02 5.065870658007598504e-02 5.016481780168874360e-02 5.038019727791063357e-02 5.059263782693824291e-02 5.032304113205603169e-02 5.064336095432653284e-02
5.074151006144254211e-02 5.045747259603482193e-02 5.026066539918221804e-02 5.056315837874954949e-02 5.032169988262764904e-02 5.031727772260647519e-02 5.085851503344982621e-02 5.093692058855972538e-02 5.000527378965571867e-02 5.014978209332558029e-02 5.004576045338936935e-02 5.015265085657639316e-02 5.091629508380501878e-02 5.000585909275371416e-02 5.045021788759491976e-02 5.069447496596294483e-02 5.078032738826009085e-02 5.037254848107651506e-02 5.095863164418105995e-02 5.077532089302394525e-02 5.087803938558096289e-02 5.024548557264438969e-02 5.096895160695224386e-02 5.003280004897570771e-02 5.070748620989801170e-02 5.055162054410557854e-02 5.091033867763635617e-02 5.047190225950894810e-02 5.039798519305088015e-02 5.054946975598407360e-02 5.002727831927578778e-02 5.051357021044618895e-02 5.081624665793156581e-02 5.091451005529819274e-02 5.040724750278328947e-02 5.095062632679089876e-02 5.043303199059290254e-02
5.009982356494428052e-02 5.014092053667022070e-02 5.080922562359465461e-02 5.016458502303704908e-02 5.045280584323275086e-02 5.017761612506683316e-02 5.086723718112594328e-02 5.011133982064450154e-02 5.024816959165910590e-02 5.051724997327411426e-02 5.030277166251894555e-02 5.054925539674365309e-02 5.082316721710017360e-02 5.025222672258956164e-02 5.049824012235317600e-02 5.047081266614465017e-02 5.021855628609930844e-02 5.057848809972844556e-02 5.053315681693645173e-02 5.049724679153923257e-02 5.033024954086955105e-02 5.063098509735228930e-02 5.038346015662188704e-02 5.039230776105101117e-02 5.024345528859821414e-02 5.047553544299459433e-02 5.046354716053690764e-02 5.030895963677798483e-02 5.043516740596766523e-02 5.009089354768500590e-02 5.092598769601358599e-02 5.085663857804821608e-02 5.029667117529922765e-02 5.038811107248643978e-02 5.018806926199856355e-02 5.033385425066454200e-02 5.071647348076718798e-02
5.007117993485906554e-02 5.021327671102584350e-02 5.009027006729573073e-02 5.002491584917441447e-02 5.048129966574237820e-02 5.020410364299422723e-02 5.023343427900080899e-02 5.096418861027639247e-02 5.031234232920761551e-02 5.055687235998770207e-02 5.018293479852110883e-02 5.081465927682362466e-02 5.083740845042585693e-02 5.096362256823595838e-02 5.085973220715452742e-02 5.088489954620133149e-02 5.090759179153817732e-02 5.094367280290809652e-02 5.092843267868324419e-02 5.094373288911995673e-02 5.022093730617523122e-02 5.005427027079801389e-02 5.025853922590364092e-02 5.077134097565353527e-02 5.048616362592409090e-02 5.056622517584497684e-02 5.064432423185773191e-02 5.041066495369279227e-02 5.096277664378671968e-02 5.057988191464610900e-02 5.065600721089828784e-02 5.037990647756492718e-02 5.017906648835882000e-02 5.014656136278236587e-02 5.064315402808945016e-02 5.085192426571420732e-02 5.000829694157676863e-02
5.055773750716495429e-02 5.017726398010487199e-02 5.035952089109443225e-02 5.002397728432004392e-02 5.075398726375636438e-02 5.021687562481171041e-02 5.089484396793458876e-02 5.053256594525138562e-02 5.037807467580778659e-02 5.092989332531064339e-02 5.083441022118215247e-02 5.084181187079563763e-02 5.031026312634181291e-02 5.087200023765246076e-02 5.093955292620696435e-02 5.049689369613447748e-02 5.006109164718525878e-02 5.053161365309667696e-02 5.020374758915205349e-02 5.018841747561890443e-02 5.025467094472479967e-02 5.078549088592206051e-02 5.046594055467644446e-02 5.044532629476787544e-02 5.030472038768146054e-02 5.072841743597138187e-02 5.079717214380095880e-02 5.084972112852442078e-02 5.038962226207109596e-02 5.013236945749748735e-02 5.025263446757062546e-02 5.097616752613984281e-02 5.050657014753952290e-02 5.024933014052606478e-02 5.029272169008196930e-02 5.033039477877677276e-02 5.058892424438428403e-02
5.009482582415778623e-02 5.020917783038000848e-02 5.098919878315767706e-02 5.091049896129078850e-02 5.026986443122854337e-02 5.020825662655181709e-02 5.062109095951514842e-02 5.037962812335394780e-02 5.015714048812457831e-02 5.026187633057383614e-02 5.067179830036489668e-02 5.071604606092734724e-02 5.075484827817715316e-02 5.083098868137983506e-02 5.080526844891498223e-02 5.042038035044899003e-02 5.075684406132269927e-02 5.018289061161797932e-02 5.052891602203730265e-02 5.030436028543884552e-02 5.002660781725808831e-02 5.082341613126701435e-02 5.032494984650964787e-02 5.047288772554944097e-02 5.066443573410005924e-02 5.054188070651220721e-02 5.087893746352279561e-02 5.006069870705738556e-02 5.085347294202402502e-02 5.035907821748688423e-02 5.015063057854406842e-02 5.036307149423115137e-02 5.086873488453984293e-02 5.039858637253838425e-02 5.097547070251607498e-02 5.080726798038642800e-02 5.079946126716185228e-02
5.090613023277140020e-02 5.076263817362268449e-02 5.089634825729368039e-02 5.014296076281483244e-02 5.016850137098345652e-02 5.016706560325797509e-02 5.015993900381535142e-02 5.027637789367058602e-02 5.042830181314791188e-02 5.022105399507927059e-02 5.042841836679252954e-02 5.081977934200099245e-02 5.054252704912465255e-02 5.033057467230195314e-02 5.001510718846890330e-02 5.076949443007307272e-02 5.081445344504924994e-02 5.042999503570526343e-02 5.053769483013283853e-02 5.069197447971512949e-02 5.020511533491867767e-02 5.003345315087699002e-02 5.047891425881413652e-02 5.004064608264781333e-02 5.016684987507557397e-02 5.066584918190265158e-02 5.036812864235562515e-02 5.085854976675780598e-02 5.078050805629995279e-02 5.004086183896331447e-02 5.084967692324936922e-02 5.057144404407475091e-02 5.053369896477862000e-02 5.039145912265174942e-02 5.077707655360336192e-02 5.080788668756493209e-02 5.010929639122775614e-02
5.041547487606782424e-02 5.017541053290335701e-02 5.009447117990806220e-02 5.090821502354547085e-02 5.011129334267673541e-02 5.020666043898799197e-02 5.061717875254800186e-02 5.009538185421287537e-02 5.032367021607812158e-02 5.055973233641954806e-02 5.004305654111431551e-02 5.055335812600212503e-02 5.054738378074383198e-02 5.079484256974981654e-02 5.032057603215816383e-02 5.024758919351487996e-02 5.041624362982752988e-02 5.095958112895344200e-02 5.065609476227715680e-02 5.007989354096599455e-02 5.088747726061327442e-02 5.048879389071702500e-02 5.059210211507961935e-02 5.089537734881434405e-02 5.048929313045895373e-02 5.047934999554843510e-02 5.051296684902967932e-02 5.036598743424774288e-02 5.019929659422937840e-02 5.093866805208418364e-02 5.013558703818091905e-02 5.038495162963780444e-02 5.010400621367432777e-02 5.023550689707095146e-02 5.074251886286906821e-02 5.082218821667124076e-02 5.062603893397910060e-02
5.077824397098331527e-02 5.071178295962507077e-02 5.056933310265578074e-02 5.096350992931695384e-02 5.054317090845528854e-02 5.094665939357068130e-02 5.019492684670583821e-02 5.013637325459258109e-02 5.046675949458459542e-02 5.089761044083992991e-02 5.084571052451607870e-02 5.026875362015804927e-02 5.048072070310664211e-02 5.062214094499987993e-02 5.041345251087674811e-02 5.004818185179779610e-02 5.085189403271455494e-02 5.024053179811867331e-02 5.005289083753299006e-02 5.087693799060863387e-02 5.065396013458179497e-02 5.030199652591552800e-02 5.088330921703047155e-02 5.065136688605202664e-02 5.077924672118602073e-02 5.073966622933502590e-02 5.094786869313071287e-02 5.077470357368431969e-02 5.042006451220822083e-02 5.079749382061811425e-02 5.022698176191552760e-02 5.053950320849717737e-02 5.054795963911194040e-02 5.037315248321955902e-02 5.062596240509809054e-02 5.035076490814524575e-02 5.063879327453350843e-02
5.085464907683696217e-02 5.077789700020974434e-02 5.031680866271569935e-02 5.081748369100832358e-02 5.076710096019997065e-02 5.049877991044098013e-02 5.069359092853743809e-02 5.051100212082369062e-02 5.089696819739474715e-02 5.096013110717088901e-02 5.063798330007518445e-02 5.091946774699909750e-02 5.088513779747773358e-02 5.081552125996193631e-02 5.071412970887093086e-02 5.092266825286228399e-02 5.020115773375002921e-02 5.043838625853065694e-02 5.016490238203773905e-02 5.073660619214995920e-02 5.086213962639504760e-02 5.057049215340421455e-02 5.086937590921827845e-02 5.039718170508480921e-02 5.039243404460909403e-02 5.063949375258529340e-02 5.029537704693478467e-02 5.002823404466241741e-02 5.005265791740144687e-02 5.050055739534594496e-02 5.001893709352350781e-02 5.089041075688955501e-02 5.071718919765820510e-02 5.082380891200111162e-02 5.014550492785824209e-02 5.083930148505636654e-02 5.096115105784459337e-02
5.097682234715226329e-02 5.052148281760453219e-02 5.081170373664475881e-02 5.010676132016914780e-02 5.047701440970493031e-02 5.061337314553975703e-02 5.055976120277146796e-02 5.002004878069379185e-02 5.042100320197435287e-02 5.077663025800643187e-02 5.080154567162645934e-02 5.097410389194930586e-02 5.014104451425829140e-02 5.045167208936052194e-02 5.032377861406523573e-02 5.048758240829497729e-02 5.077519959561707652e-02 5.060478239240014109e-02 5.001126837525455421e-02 5.044375833179392393e-02 5.072420967160225919e-02 5.012750289528436487e-02 5.047540566394977807e-02 5.061895494296216741e-02 5.040462887832321270e-02 5.095310650555709420e-02 5.022892316063112816e-02 5.030926429772548253e-02 5.017359836342369372e-02 5.048397835619743840e-02 5.089943579991385025e-02 5.069732684613870166e-02 5.063962771432025528e-02 5.027973428550170515e-02 5.011819517538447510e-02 5.023783345228746006e-02 5.085532779136452131e-02
5.093030513049738583e-02 5.044179431701367733e-02 5.040612186391789373e-02 5.074198466887105269e-02 5.030794449472868884e-02 5.037010890946456293e-02 5.053331486137279532e-02 5.060884123747481228e-02 5.017769918736085522e-02 5.023158841549268949e-02 5.070939035893613084e-02 5.037082697459771552e-02 5.004009980794345280e-02 5.036007400649987475e-02 5.055504892076664869e-02 5.004891682116194979e-02 5.080632982404702930e-02 5.090656464971318740e-02 5.078830173960219990e-02 5.078694425064406853e-02 5.015350023155314141e-02 5.060657457563370876e-02 5.035083798661195431e-02 5.031074731715244608e-02 5.043311054950831707e-02 5.088775831284220869e-02 5.005815729598164787e-02 5.009564385589241470e-02 5.058149448699896661e-02 5.064972742983446519e-02 5.004711408967561087e-02 5.079109652878639747e-02 5.014249493703423072e-02 5.095429583994932898e-02 5.084506937219874373e-02 5.057619505344775751e-02 5.060728134771082937e-02
5.024758953460208705e-02 5.012117442915902527e-02 5.058168803846042894e-02 5.064216205870464282e-02 5.042560560134711628e-02 5.067428372061302116e-02 5.097583777051088727e-02 5.043877084936902039e-02 5.068156495742659473e-02 5.094902669395416639e-02 5.081925878614382969e-02 5.031816790565066255e-02 5.091142224450800891e-02 5.026140648850632026e-02 5.048748096535145280e-02 5.044349973666922837e-02 5.076762143809084027e-02 5.011977799080388069e-02 5.010988902572197784e-02 5.084944208962210999e-02 5.023172341425807819e-02 5.034159135905225818e-02 5.072832746743889676e-02 5.082792994632062689e-02 5.092129591798354865e-02 5.076581985300528815e-02 5.040228489108427440e-02 5.062797322466938005e-02 5.051222119476308364e-02 5.047685953325075497e-02 5.002407263522719999e-02 5.055203828591597198e-02 5.084965572298486003e-02 5.062019932293622404e-02 5.039542752699253253e-02 5.073626784315630328e-02 5.086809593130403595e-02
5.086499118222421317e-02 5.067558535735246228e-02 5.060145068426011999e-02 5.074773788704362021e-02 5.041502359476265210e-02 5.047172737874069948e-02 5.036653744265289639e-02 5.072546877673791282e-02 5.041963077598429765e-02 5.011410960123066638e-02 5.044704234858383290e-02 5.080885709437239772e-02 5.037433403400519427e-02 5.002780645380436320e-02 5.064765287814068651e-02 5.074104194969127762e-02 5.056754865491362022e-02 5.017158551333208982e-02 5.030220499991391869e-02 5.029380059488400279e-02 5.012943322834050031e-02 5.025232441452950199e-02 5.050960334389461431e-02 5.009806387308229220e-02 5.018842956695687002e-02 5.086632755232002590e-02 5.082525597139307683e-02 5.090027376985031132e-02 5.089002234716978601e-02 5.071516030547400244e-02 5.098471626258425232e-02 5.055081211841343930e-02 5.010510183034793535e-02 5.025115149519959051e-02 5.046750152461784017e-02 5.087545322214679505e-02 5.053212790723102255e-02
5.088993142454583535e-02 5.079131338476882557e-02 5.015307356430463021e-02 5.077795027903837799e-02 5.039024542324697931e-02 5.097296608813317587e-02 5.087708956427872825e-02 5.068214478880515850e-02 5.059082219852351764e-02 5.093716200711962544e-02 5.039792463662570721e-02 5.064962540731299256e-02 5.054362277850030921e-02 5.000831336206311428e-02 5.030515989618084688e-02 5.048300014137371838e-02 5.029581054262274864e-02 5.086014457969212366e-02 5.053113270771530247e-02 5.047218260073512569e-02 5.028204040254860563e-02 5.006690579795265716e-02 5.045528585476682926e-02 5.058396753058913564e-02 5.092909246443171056e-02 5.061448082753905453e-02 5.080614460058899967e-02 5.002523745970344216e-02 5.093454386953715635e-02 5.057442641800810601e-02 5.047010953188536819e-02 5.086128354816251557e-02 5.062682119810983650e-02 5.002277798490763899e-02 5.039346554641156023e-02 5.069059723936220063e-02 5.052078698063956763e-02
5.024989207923546281e-02 5.030432302994743837e-02 5.060025360105968595e-02 5.021727752065171385e-02 5.071114978416917801e-02 5.013261961706259179e-02 5.069373059927419906e-02 5.080793345205213835e-02 5.036430150410513285e-02 5.073028295027332685e-02 5.042583251969498526e-02 5.081227949599619043e-02 5.072409795007776223e-02 5.015038949190060713e-02 5.002928219654840386e-02 5.015955829277177203e-02 5.087616259103442534e-02 5.090623471997277050e-02 5.081044390863214549e-02 5.033693329801774280e-02 5.024854391910132945e-02 5.005041315276578806e-02 5.054928306111491909e-02 5.095470182152755240e-02 5.031982877720055786e-02 5.026660251129935753e-02 5.087418398575925538e-02 5.023763519893552354e-02 5.073463307667683275e-02 5.089525981899779838e-02 5.013265045773136752e-02 5.084871502241050667e-02 5.030548909959846327e-02 5.024159379317177238e-02 5.088870877447929791e-02 5.043246051180651224e-02 5.004536711134140170e-02
