BlockUplift_2Ma_1kryTimeStep_2mmyr_k_5e-05_m_0.5_n_1.0_LinDiffusion_0.5_3x6km_30mRes_topographic__elevation.txt
nrows 200
cellsize 30.0
xllcorner 0.0
ncols 100
yllcorner 0.0
[rows 119 to 135 of 200, columns 0 to 36 of 100]
3.635394392047464280e-04 5.777288226722488389e+02 5.753899601351720321e+02 5.708380429798805835e+02 5.643042956938403449e+02 5.560916778129206932e+02 5.465386004511591409e+02 5.359895267833090884e+02 5.247773902599285520e+02 5.132176112321481014e+02 5.016099316039569089e+02 4.902430531707576051e+02 4.793977326071708944e+02 4.693457232640768098e+02 4.603440075803897003e+02 4.526255461843049943e+02 4.463888399704158019e+02 4.417887473982052597e+02 4.389303366327432059e+02 4.378664721857977611e+02 4.385988040072074909e+02 4.410811940229836523e+02 4.452245348716343756e+02 4.509023185765330481e+02 4.579568954637669549e+02 4.662066856317060228e+02 4.754543558238106016e+02 4.854952361718087559e+02 4.961244895697836341e+02 5.071412844135555815e+02 5.183486796222462090e+02 5.295489446917030136e+02 5.405352738453187840e+02 5.510820652089556688e+02 5.609369957576767547e+02 5.698188246189752135e+02 5.774247382314570132e+02
4.225069379875509221e-04 5.757200708920015586e+02 5.734458942961914545e+02 5.690175461505583598e+02 5.626555522324571257e+02 5.546488276698528352e+02 5.453201804943502111e+02 5.349985538947773875e+02 5.240027046270527080e+02 5.126360452297844859e+02 5.011889688378409460e+02 4.899438264008072679e+02 4.791783926881452089e+02 4.691652958729275724e+02 4.601667491073417864e+02 4.524254791692322897e+02 4.461536767988024508e+02 4.415220330405269351e+02 4.386506663235795145e+02 4.376032594533419910e+02 4.383851583371401262e+02 4.409455415925048101e+02 4.451831163316372226e+02 4.509543496747187987e+02 4.580831868431458815e+02 4.663714168335847035e+02 4.756089687894935878e+02 4.855832266217581719e+02 4.960860937880830193e+02 5.069174281527129438e+02 5.178838812553285607e+02 5.287930813022088614e+02 5.394442591513294474e+02 5.496176155486753032e+02 5.590658072929452374e+02 5.675116155915420677e+02 5.746556317965794278e+02
4.048971791444745194e-04 5.733533198746246171e+02 5.711431203084555364e+02 5.668380374483066362e+02 5.606497595175895867e+02 5.528551468220584866e+02 5.437628455573117208e+02 5.336866415472137533e+02 5.229301582752461854e+02 5.117826122187875058e+02 5.005219862792772005e+02 4.894208749238982818e+02 4.787509321844867713e+02 4.687834188186892561e+02 4.597850057622102895e+02 4.520092570755784891e+02 4.456849418239917213e+02 4.410026953002728760e+02 4.381018894530446346e+02 4.370599718747832867e+02 4.378866345774576985e+02 4.405244663416448248e+02 4.448561849390834482e+02 4.507168293342314200e+02 4.579083326432395324e+02 4.662140336279123858e+02 4.754114459626119356e+02 4.852822536124540989e+02 4.956187211620104449e+02 5.062257450955739273e+02 5.169180427899581218e+02 5.275126739457776921e+02 5.378181335190637355e+02 5.476224542972956897e+02 5.566838771984279219e+02 5.647283084471596339e+02 5.714574104874598106e+02
7.819284276257168313e-04 5.705383022148562304e+02 5.683871556960471025e+02 5.641969932749332202e+02 5.581732963175643363e+02 5.505839588435911764e+02 5.417262051810624826e+02 5.319003170243325940e+02 5.213948739634377034e+02 5.104833211727586786e+02 4.994282732567495486e+02 4.884888086962992020e+02 4.779266583677896278e+02 4.680086802967865651e+02 4.590044635859751452e+02 4.511788459318691480e+02 4.447796230741846557e+02 4.400212826858498829e+02 4.370667186344596189e+02 4.360104341930059491e+02 4.368677076858072610e+02 4.395733802129566925e+02 4.439911635712882685e+02 4.499309811778904873e+02 4.571697332896013108e+02 4.654709523391972539e+02 4.746004458569767053e+02 4.843367961953650251e+02 4.944765560963669486e+02 5.048341940436974369e+02 5.152369124632448347e+02 5.255148875901664951e+02 5.354883738429973619e+02 5.449542964820673205e+02 5.536760824427855141e+02 5.613810564206766003e+02 5.677691602478058712e+02
7.193987959295193406e-04 5.672063399958434502e+02 5.651043571349008516e+02 5.610110461932641783e+02 5.551288125345952267e+02 5.477205672302643507e+02 5.390761611003213147e+02 5.294856253392996450e+02 5.192242315787606231e+02 5.085494813631362945e+02 4.977065869885542497e+02 4.869376828083019859e+02 4.764905297691979058e+02 4.666238365774536874e+02 4.576075395284780143e+02 4.497169859645732117e+02 4.432202324533167257e+02 4.383584746650018360e+02 4.353217006886947615e+02 4.342245933631319872e+02 4.350897017367962007e+02 4.378439568292320132e+02 4.423304000105965770e+02 4.483316023251614411e+02 4.555977301304025104e+02 4.638722021687780170e+02 4.729105542069358989e+02 4.824912539544093306e+02 4.924190995409954894e+02 5.025222932703255196e+02 5.126441382544081762e+02 5.226304167867742763e+02 5.323142010461616564e+02 5.415009411545435114e+02 5.499577180090565207e+02 5.574109540075976383e+02 5.635560737955645436e+02
3.816302647210385369e-04 5.633183703388471031e+02 5.612510550635515756e+02 5.572272021017154202e+02 5.514492336928614122e+02 5.441793682636953235e+02 5.357049997358549263e+02 5.263106368986879033e+02 5.162618978568291368e+02 5.058022145257758666e+02 4.951591736099617265e+02 4.845558077043240246e+02 4.742224079603225846e+02 4.644055564032963161e+02 4.553720081626072442e+02 4.474053077925566981e+02 4.407930904913887389e+02 4.358041541290710938e+02 4.326575484761325470e+02 4.314904060493008728e+02 4.323343818968069172e+02 4.351094902982366079e+02 4.396383290000974853e+02 4.456760666835282336e+02 4.529464648836516290e+02 4.611740581461101556e+02 4.701064100280130447e+02 4.795250015443014604e+02 4.892462720853653195e+02 4.991151301485735416e+02 5.089929199083539402e+02 5.187415915245915130e+02 5.282062281878318117e+02 5.371989718322034832e+02 5.454882254731176090e+02 5.527971686621314120e+02 5.588146093191311365e+02
5.051959875258230006e-04 5.588688204004309910e+02 5.568185756409583291e+02 5.528301262152167510e+02 5.471083286587740986e+02 5.399184984286652025e+02 5.315505537233398172e+02 5.222890808987644959e+02 5.123953830260478526e+02 5.021029582699210891e+02 4.916239862996733905e+02 4.811624147001095935e+02 4.709290795541875809e+02 4.611550422112082970e+02 4.520998784263842367e+02 4.440515375102388589e+02 4.373142902530265133e+02 4.321828176841474374e+02 4.289048190993027561e+02 4.276406120016914656e+02 4.284325385977103906e+02 4.311958005330877768e+02 4.357349397492174035e+02 4.417802888001997985e+02 4.490319479858450791e+02 4.571984915013052273e+02 4.660225025554805143e+02 4.752912419189705133e+02 4.848348944683225454e+02 4.945160757989450531e+02 5.042138068984594952e+02 5.138045374569982187e+02 5.231428024805935593e+02 5.320446345251926914e+02 5.402773697073075709e+02 5.475593760546630620e+02 5.535721044106699082e+02
8.113007625054499900e-04 5.538843300424214249e+02 5.518327122324114953e+02 5.478432233150135744e+02 5.421244081021599186e+02 5.349472359352424746e+02 5.266082912752518723e+02 5.173977870382597075e+02 5.075789917357486729e+02 4.973814874333912712e+02 4.870067849758061129e+02 4.766424492930576093e+02 4.664802000851171329e+02 4.567336746501497373e+02 4.476516012962920286e+02 4.395215970528516891e+02 4.326595589254903302e+02 4.273815866968461137e+02 4.239608710998578545e+02 4.225796523552954227e+02 4.232918636641122134e+02 4.260108119662663739e+02 4.305273692720217582e+02 4.365521168095669395e+02 4.437665094973689293e+02 4.518674948124416346e+02 4.605958968453526836e+02 4.697465718961987591e+02 4.791636808434553814e+02 4.887261755406566976e+02 4.983280209520808057e+02 5.078566123953550004e+02 5.171723303843571102e+02 5.260922330828977920e+02 5.343810229616418610e+02 5.417521066591662020e+02 5.478804907676042149e+02
3.066236166437011704e-04 5.484181861928936996e+02 5.463482041244352558e+02 5.423234260079793785e+02 5.365560509218638572e+02 5.293236675735656718e+02 5.209321645166099870e+02 5.116819490641101424e+02 5.018444410891741541e+02 4.916522871857562222e+02 4.813029949312715416e+02 4.709729913993492119e+02 4.608378521440931195e+02 4.510940366082106152e+02 4.419769295378155789e+02 4.337689817786632034e+02 4.267913478048384377e+02 4.213748065805189640e+02 4.178123272213107384e+02 4.163047292370511627e+02 4.169174463543824913e+02 4.195651348762985435e+02 4.240307879174118852e+02 4.300121924443780017e+02 4.371787807811317634e+02 4.452209640542867533e+02 4.538806699912572071e+02 4.629607832346680993e+02 4.723176373677868582e+02 4.818429914608275340e+02 4.914412713849034162e+02 5.010063227889162363e+02 5.104008003864743728e+02 5.194408322490884302e+02 5.278883819034056160e+02 5.354533420810960251e+02 5.418065670061314449e+02
3.824087536517463046e-04 5.425427219239536498e+02 5.404404597235427445e+02 5.363518097348709261e+02 5.304916147518644038e+02 5.231436293982657162e+02 5.146240114690766632e+02 5.052463465347785814e+02 4.952953157890192983e+02 4.850133998440813912e+02 4.746015805879127925e+02 4.642321140798476335e+02 4.540696669144294333e+02 4.442960389609551726e+02 4.351325023583068514e+02 4.268522655988342649e+02 4.197749954634201686e+02 4.142380635668579316e+02 4.105466483468273964e+02 4.089150533546892348e+02 4.094190139179462449e+02 4.119775661736072720e+02 4.163721638503122904e+02 4.222956226793738210e+02 4.294126066133811150e+02 4.374120523629388231e+02 4.460390274918423756e+02 4.551034362337219932e+02 4.644703456403855171e+02 4.740394644070972276e+02 4.837205855211158791e+02 4.934098002229159192e+02 5.029695573847946548e+02 5.122146492661414641e+02 5.209057505945966113e+02 5.287518534105161052e+02 5.354225291824168380e+02
7.041472456484916933e-04 5.363422723700518873e+02 5.341974180708288031e+02 5.300234327667531034e+02 5.240364574806776545e+02 5.165251816801768427e+02 5.078157024828601607e+02 4.982361025092588989e+02 4.880877526928375119e+02 4.776284786461985163e+02 4.670697421724252649e+02 4.565870636818088428e+02 4.463407315494276304e+02 4.365021777328992130e+02 4.272795654563949483e+02 4.189340960299846870e+02 4.117777525100262324e+02 4.061461489913963874e+02 4.023482300428465805e+02 4.006055659290792050e+02 4.010019922482646280e+02 4.034632933317400330e+02 4.077753957052085525e+02 4.136337737887378125e+02 4.207052475803575931e+02 4.286816898910061582e+02 4.373123855175172707e+02 4.464122143709030865e+02 4.558507884106200549e+02 4.655307861537955887e+02 4.753629450846216287e+02 4.852427631389395515e+02 4.950317158016453618e+02 5.045444357510941700e+02 5.135427819445519617e+02 5.217377028331669635e+02 5.287998811277434470e+02
2.147685320321443070e-04 5.299085515549908223e+02 5.277138979365574869e+02 5.234396585968315776e+02 5.173023310736534768e+02 5.095943896852612056e+02 5.006509866703138414e+02 4.908147537452425127e+02 4.804054015233268728e+02 4.696997247998423290e+02 4.589251360031757940e+02 4.482670348083358363e+02 4.378879099649961404e+02 4.279539422965316362e+02 4.186625008909017538e+02 4.102614256439208020e+02 4.030499722031012766e+02 3.973543080032630996e+02 3.934787993943050424e+02 3.916456710409504467e+02 3.919439152216160664e+02 3.943074998520021381e+02 3.985318301530565464e+02 4.043216540228907547e+02 4.113518854203668980e+02 4.193208483852129120e+02 4.279824499240461932e+02 4.371542506813913178e+02 4.467065862048472695e+02 4.565411959304659035e+02 4.665669940698328446e+02 4.766779437176402894e+02 4.867354427289851060e+02 4.965561214317871190e+02 5.059055458275386741e+02 5.144986457844834149e+02 5.220082197274066402e+02
5.602426821762433035e-04 5.233389922786101351e+02 5.210894228168142490e+02 5.167048390398215361e+02 5.104021353026968200e+02 5.024772513821305324e+02 4.932737317443307461e+02 4.831481663321416704e+02 4.724387767335101103e+02 4.614429234029245777e+02 4.504073053038940202e+02 4.395320344416023772e+02 4.289872989220154977e+02 4.189389214330244045e+02 4.095763617565859249e+02 4.011338730212416408e+02 3.938942982938243631e+02 3.881679148650907223e+02 3.842470065712409450e+02 3.823480779653937134e+02 3.825619055502058927e+02 3.848310670221112559e+02 3.889640825078758439e+02 3.946801539251680424e+02 4.016670268570575786e+02 4.096322716291082884e+02 4.183347520091928686e+02 4.275930731924901806e+02 4.372758240419091749e+02 4.472817502440964290e+02 4.575171824449858491e+02 4.678753139366887126e+02 4.782193336532140506e+02 4.883700065608960585e+02 4.980981372491216348e+02 5.071230109554642809e+02 5.151187283194435622e+02
4.651894677878948129e-04 5.167372647394173555e+02 5.144289490545947956e+02 5.099272537071822171e+02 5.034507209059327693e+02 4.952996351648696418e+02 4.858259738507005636e+02 4.753995655975443242e+02 4.643762552679879150e+02 4.530737301536287305e+02 4.417590510964887471e+02 4.306496385730701491e+02 4.199270974655661348e+02 4.097607719204270325e+02 4.003349818176109807e+02 3.918708808949812692e+02 3.846325089845880143e+02 3.789093129008389269e+02 3.749752745261266114e+02 3.730354899109772759e+02 3.731790168118837414e+02 3.753565549742574490e+02 3.793919689879691646e+02 3.850226487603126202e+02 3.919528822003744608e+02 3.999019994928869437e+02 4.086347388875431079e+02 4.179704692821350704e+02 4.277754194614503831e+02 4.379452484451318810e+02 4.483845612298597985e+02 4.589874241817549319e+02 4.696205940295795926e+02 4.801100690394500248e+02 4.902317258830283322e+02 4.997076881219274469e+02 5.082109570105184844e+02
1.368199074100895243e-04 5.102142230038111279e+02 5.078446360286531558e+02 5.032222872290887494e+02 4.965696317473194199e+02 4.881932301553079583e+02 4.784542278476992010e+02 4.677349958439990019e+02 4.564073203477402103e+02 4.448074216620216248e+02 4.332217248988384881e+02 4.218853338144597274e+02 4.109930289779628083e+02 4.007202218193921226e+02 3.912483866686957299e+02 3.827865001840424952e+02 3.755785971379897887e+02 3.698899471082258970e+02 3.659715352454560957e+02 3.640123486060040250e+02 3.640963772021189584e+02 3.661812781259400253e+02 3.701073016804912186e+02 3.756325743042721683e+02 3.824809579569393350e+02 3.903861892093176493e+02 3.991207593677907539e+02 4.085060547747604573e+02 4.184070105024995883e+02 4.287174564023356993e+02 4.393417609504743950e+02 4.501762226266718585e+02 4.610918029566836935e+02 4.719191379763130385e+02 4.824372133293217644e+02 4.923680351422165131e+02 5.013803510710681621e+02
4.059316075928809560e-04 5.038870353512819520e+02 5.014560222500405189e+02 4.967144815587976154e+02 4.898914765200070747e+02 4.813021958763761177e+02 4.713178796920415152e+02 4.603325025335243481e+02 4.487313095953041397e+02 4.368659075434017041e+02 4.250393304453906467e+02 4.135028417642649288e+02 4.024644456811049622e+02 3.921069684065826095e+02 3.826108986333145481e+02 3.741743956906489075e+02 3.670215068224330821e+02 3.613916760379107700e+02 3.575099144146233243e+02 3.555456554435696717e+02 3.555749462597044612e+02 3.575609082762685489e+02 3.613603847775289069e+02 3.667539299323634054e+02 3.734875829164752190e+02 3.813123629502163681e+02 3.900112046176370768e+02 3.994098230612466978e+02 4.093737728479378006e+02 4.197965417013052161e+02 4.305831533476294908e+02 4.416321391027508980e+02 4.528175089125442696e+02 4.639721905166347256e+02 4.748750745780233729e+02 4.852446639914205093e+02 4.947427306721312448e+02
1.601316593432365999e-04 4.978743307011582715e+02 4.953859107925777607e+02 4.905347587463988361e+02 4.835588366478194757e+02 4.747837944173977007e+02 4.645912731676397129e+02 4.533851453280943247e+02 4.415606534152615836e+02 4.294804256691230648e+02 4.174599498497065042e+02 4.057636935302611505e+02 3.946116896636112870e+02 3.841947247965792371e+02 3.746940249415045514e+02 3.662989447256197764e+02 3.592149583341312677e+02 3.536559246944096913e+02 3.498198650499612654e+02 3.478547895934175358e+02 3.478267875912969203e+02 3.497030336920965397e+02 3.533566923165661251e+02 3.585917773227596967e+02 3.651786232582416574e+02 3.728882593633111924e+02 3.815168461944330716e+02 3.908967793989696133e+02 4.008957877852338925e+02 4.114075159119309433e+02 4.223369268167336941e+02 4.335828388583622086e+02 4.450193389239107660e+02 4.564781113276691826e+02 4.677345215965124225e+02 4.785009775993934227e+02 4.884311364068103103e+02
