BlockUplift_2Ma_1kryTimeStep_2mmyr_k_5e-06_m_0.5_n_1.0_LinDiffusion_0.5_6x3km_30mRes_topographic__elevation.txt
nrows 100
cellsize 30.0
xllcorner 0.0
ncols 200
yllcorner 0.0
[rows 34 to 50 of 100, columns 111 to 147 of 200]
3.559503470880311397e+03 3.559503471809986422e+03 3.559503472739181689e+03 3.559503473666888112e+03 3.559503474592112525e+03 3.559503475513881767e+03 3.559503476431244508e+03 3.559503477343277609e+03 3.559503478249085674e+03 3.559503479147804228e+03 3.559503480038603811e+03 3.559503480920688162e+03 3.559503481793299215e+03 3.559503482655714834e+03 3.559503483507250621e+03 3.559503484347260382e+03 3.559503485175134756e+03 3.559503485990302124e+03 3.559503486792223612e+03 3.559503487580396722e+03 3.559503488354349884e+03 3.559503489113641535e+03 3.559503489857858312e+03 3.559503490586613680e+03 3.559503491299542020e+03 3.559503491996300454e+03 3.559503492676563383e+03 3.559503493340022032e+03 3.559503493986380818e+03 3.559503494615357340e+03 3.559503495226678297e+03 3.559503495820079479e+03 3.559503496395305774e+03 3.559503496952108890e+03 3.559503497490245991e+03 3.559503498009484247e+03 3.559503498509596284e+03
3.496710417066741684e+03 3.496710418003551695e+03 3.496710418939806914e+03 3.496710419874461422e+03 3.496710420806488401e+03 3.496710421734882857e+03 3.496710422658664356e+03 3.496710423576881567e+03 3.496710424488614990e+03 3.496710425392977868e+03 3.496710426289122097e+03 3.496710427176235953e+03 3.496710428053546821e+03 3.496710428920323011e+03 3.496710429775874218e+03 3.496710430619548788e+03 3.496710431450737360e+03 3.496710432268867407e+03 3.496710433073404602e+03 3.496710433863852359e+03 3.496710434639745017e+03 3.496710435400651022e+03 3.496710436146167467e+03 3.496710436875915548e+03 3.496710437589543744e+03 3.496710438286718727e+03 3.496710438967126265e+03 3.496710439630466681e+03 3.496710440276454392e+03 3.496710440904813368e+03 3.496710441515276216e+03 3.496710442107584640e+03 3.496710442681483073e+03 3.496710443236723677e+03 3.496710443773062707e+03 3.496710444290260057e+03 3.496710444788082441e+03
3.433682068762098424e+03 3.433682069706482253e+03 3.433682070650223977e+03 3.433682071592242210e+03 3.433682072531473750e+03 3.433682073466879956e+03 3.433682074397449014e+03 3.433682075322201399e+03 3.433682076240191236e+03 3.433682077150509940e+03 3.433682078052288944e+03 3.433682078944699697e+03 3.433682079826957306e+03 3.433682080698320988e+03 3.433682081558092705e+03 3.433682082405617621e+03 3.433682083240285920e+03 3.433682084061527348e+03 3.433682084868813035e+03 3.433682085661652764e+03 3.433682086439591785e+03 3.433682087202207640e+03 3.433682087949108791e+03 3.433682088679932349e+03 3.433682089394336799e+03 3.433682090092002909e+03 3.433682090772629181e+03 3.433682091435928669e+03 3.433682092081624887e+03 3.433682092709452263e+03 3.433682093319150681e+03 3.433682093910465483e+03 3.433682094483145647e+03 3.433682095036941973e+03 3.433682095571608443e+03 3.433682096086899946e+03 3.433682096582574559e+03
3.370475074524120828e+03 3.370475075476531401e+03 3.370475076428203920e+03 3.370475077378016067e+03 3.370475078324868264e+03 3.370475079267684578e+03 3.370475080205421364e+03 3.370475081137069083e+03 3.370475082061654575e+03 3.370475082978246064e+03 3.370475083885953154e+03 3.370475084783932289e+03 3.370475085671385386e+03 3.370475086547560750e+03 3.370475087411754885e+03 3.370475088263311591e+03 3.370475089101620142e+03 3.370475089926115288e+03 3.370475090736274524e+03 3.370475091531616272e+03 3.370475092311697153e+03 3.370475093076108351e+03 3.370475093824472424e+03 3.370475094556441036e+03 3.370475095271689042e+03 3.370475095969912672e+03 3.370475096650825890e+03 3.370475097314154027e+03 3.370475097959635605e+03 3.370475098587014145e+03 3.370475099196038627e+03 3.370475099786461215e+03 3.370475100358033160e+03 3.370475100910507990e+03 3.370475101443634230e+03 3.370475101957163588e+03 3.370475102450845043e+03
3.307142787249952107e+03 3.307142788210861454e+03 3.307142789170923606e+03 3.307142790128976230e+03 3.307142791083877000e+03 3.307142792034515423e+03 3.307142792979811475e+03 3.307142793918723783e+03 3.307142794850251903e+03 3.307142795773438138e+03 3.307142796687372538e+03 3.307142797591193357e+03 3.307142798484088871e+03 3.307142799365299197e+03 3.307142800234115839e+03 3.307142801089879413e+03 3.307142801931982376e+03 3.307142802759864935e+03 3.307142803573012770e+03 3.307142804370956128e+03 3.307142805153264362e+03 3.307142805919545026e+03 3.307142806669437505e+03 3.307142807402610742e+03 3.307142808118759149e+03 3.307142808817595778e+03 3.307142809498852330e+03 3.307142810162272781e+03 3.307142810807607930e+03 3.307142811434615851e+03 3.307142812043054619e+03 3.307142812632684581e+03 3.307142813203261994e+03 3.307142813754540384e+03 3.307142814286266912e+03 3.307142814798187374e+03 3.307142815290040744e+03
3.243735346555223259e+03 3.243735347525120233e+03 3.243735348494049504e+03 3.243735349460802809e+03 3.243735350424197350e+03 3.243735351383081706e+03 3.243735352336339474e+03 3.243735353282896085e+03 3.243735354221720627e+03 3.243735355151830845e+03 3.243735356072294053e+03 3.243735356982230769e+03 3.243735357880816991e+03 3.243735358767282833e+03 3.243735359640915249e+03 3.243735360501055311e+03 3.243735361347098660e+03 3.243735362178492778e+03 3.243735362994733350e+03 3.243735363795364719e+03 3.243735364579972611e+03 3.243735365348182768e+03 3.243735366099655039e+03 3.243735366834079286e+03 3.243735367551170384e+03 3.243735368250663669e+03 3.243735368932311303e+03 3.243735369595875454e+03 3.243735370241125111e+03 3.243735370867833353e+03 3.243735371475771444e+03 3.243735372064707008e+03 3.243735372634402665e+03 3.243735373184614218e+03 3.243735373715087007e+03 3.243735374225559099e+03 3.243735374715761282e+03
3.180299767063430409e+03 3.180299768042822507e+03 3.180299769021112752e+03 3.180299769997045132e+03 3.180299770969392284e+03 3.180299771936960042e+03 3.180299772898593801e+03 3.180299773853183979e+03 3.180299774799667830e+03 3.180299775737035361e+03 3.180299776664332057e+03 3.180299777580660702e+03 3.180299778485183197e+03 3.180299779377121922e+03 3.180299780255758833e+03 3.180299781120437274e+03 3.180299781970556978e+03 3.180299782805573614e+03 3.180299783624998327e+03 3.180299784428390922e+03 3.180299785215355769e+03 3.180299785985540439e+03 3.180299786738627972e+03 3.180299787474332788e+03 3.180299788192393862e+03 3.180299788892572451e+03 3.180299789574643455e+03 3.180299790238391324e+03 3.180299790883606420e+03 3.180299791510078194e+03 3.180299792117593370e+03 3.180299792705929576e+03 3.180299793274857620e+03 3.180299793824134213e+03 3.180299794353503785e+03 3.180299794862698491e+03 3.180299795351437751e+03
3.116880031645430336e+03 3.116880032634844611e+03 3.116880033623008330e+03 3.116880034608615006e+03 3.116880035590389525e+03 3.116880036567092702e+03 3.116880037537529461e+03 3.116880038500552473e+03 3.116880039455065344e+03 3.116880040400030339e+03 3.116880041334468842e+03 3.116880042257465448e+03 3.116880043168168413e+03 3.116880044065792390e+03 3.116880044949616149e+03 3.116880045818983945e+03 3.116880046673304150e+03 3.116880047512043348e+03 3.116880048334728599e+03 3.116880049140937444e+03 3.116880049930298810e+03 3.116880050702483913e+03 3.116880051457203081e+03 3.116880052194199379e+03 3.116880052913240434e+03 3.116880053614115241e+03 3.116880054296626440e+03 3.116880054960585312e+03 3.116880055605803591e+03 3.116880056232093011e+03 3.116880056839255758e+03 3.116880057427083557e+03 3.116880057995354946e+03 3.116880058543830728e+03 3.116880059072253971e+03 3.116880059580349553e+03 3.116880060067825980e+03
3.053517188717616136e+03 3.053517189717600559e+03 3.053517190716169807e+03 3.053517191711964188e+03 3.053517192703658111e+03 3.053517193689963733e+03 3.053517194669642777e+03 3.053517195641507442e+03 3.053517196604428136e+03 3.053517197557336203e+03 3.053517198499227561e+03 3.053517199429168613e+03 3.053517200346293976e+03 3.053517201249810114e+03 3.053517202138993525e+03 3.053517203013193011e+03 3.053517203871824677e+03 3.053517204714370109e+03 3.053517205540373652e+03 3.053517206349436492e+03 3.053517207141213021e+03 3.053517207915404470e+03 3.053517208671751177e+03 3.053517209410028499e+03 3.053517210130037711e+03 3.053517210831600551e+03 3.053517211514550581e+03 3.053517212178728641e+03 3.053517212823975115e+03 3.053517213450123108e+03 3.053517214056995726e+03 3.053517214644400156e+03 3.053517215212124484e+03 3.053517215759934061e+03 3.053517216287571955e+03 3.053517216794755768e+03 3.053517217281180820e+03
2.990249452773757184e+03 2.990249453784882007e+03 2.990249454794410212e+03 2.990249455800925261e+03 2.990249456803046996e+03 2.990249457799437550e+03 2.990249458788812262e+03 2.990249459769940586e+03 2.990249460741655184e+03 2.990249461702856934e+03 2.990249462652515831e+03 2.990249463589677816e+03 2.990249464513463408e+03 2.990249465423071342e+03 2.990249466317779024e+03 2.990249467196939349e+03 2.990249468059978881e+03 2.990249468906396032e+03 2.990249469735756975e+03 2.990249470547689725e+03 2.990249471341878234e+03 2.990249472118056929e+03 2.990249472876002528e+03 2.990249473615526313e+03 2.990249474336469120e+03 2.990249475038688161e+03 2.990249475722054285e+03 2.990249476386441984e+03 2.990249477031722563e+03 2.990249477657757780e+03 2.990249478264391655e+03 2.990249478851450476e+03 2.990249479418733245e+03 2.990249479966012132e+03 2.990249480493029296e+03 2.990249480999496427e+03 2.990249481485095203e+03
2.927112307389533726e+03 2.927112308412390576e+03 2.927112309433452538e+03 2.927112310451241683e+03 2.927112311464319646e+03 2.927112312471294899e+03 2.927112313470832760e+03 2.927112314461657206e+03 2.927112315442563613e+03 2.927112316412415566e+03 2.927112317370158507e+03 2.927112318314816093e+03 2.927112319245496565e+03 2.927112320161390926e+03 2.927112321061776129e+03 2.927112321946011434e+03 2.927112322813537958e+03 2.927112323663873212e+03 2.927112324496608835e+03 2.927112325311402856e+03 2.927112326107974241e+03 2.927112326886094706e+03 2.927112327645582354e+03 2.927112328386291665e+03 2.927112329108105314e+03 2.927112329810923711e+03 2.927112330494659091e+03 2.927112331159225050e+03 2.927112331804527912e+03 2.927112332430459901e+03 2.927112333036894597e+03 2.927112333623675113e+03 2.927112334190617730e+03 2.927112334737500078e+03 2.927112335264066132e+03 2.927112335770019854e+03 2.927112336255028822e+03
2.864138610000399240e+03 2.864138611035606118e+03 2.864138612068800285e+03 2.864138613098438782e+03 2.864138614123021398e+03 2.864138615141099308e+03 2.864138616151283259e+03 2.864138617152250845e+03 2.864138618142752875e+03 2.864138619121620195e+03 2.864138620087766867e+03 2.864138621040195630e+03 2.864138621978000174e+03 2.864138622900365590e+03 2.864138623806569285e+03 2.864138624695979615e+03 2.864138625568053158e+03 2.864138626422331072e+03 2.864138627258433189e+03 2.864138628076052555e+03 2.864138628874948154e+03 2.864138629654935357e+03 2.864138630415878197e+03 2.864138631157679811e+03 2.864138631880271532e+03 2.864138632583602885e+03 2.864138633267632940e+03 2.864138633932319408e+03 2.864138634577610446e+03 2.864138635203432841e+03 2.864138635809690641e+03 2.864138636396251513e+03 2.864138636962947658e+03 2.864138637509566706e+03 2.864138638035853546e+03 2.864138638541505316e+03 2.864138639026174133e+03
2.801358697812527680e+03 2.801358698860728509e+03 2.801358699906678339e+03 2.801358700948765545e+03 2.801358701985423068e+03 2.801358703015140691e+03 2.801358704036471863e+03 2.801358705048041884e+03 2.801358706048556996e+03 2.801358707036808937e+03 2.801358708011682666e+03 2.801358708972156364e+03 2.801358709917309625e+03 2.801358710846322083e+03 2.801358711758472509e+03 2.801358712653140174e+03 2.801358713529799843e+03 2.801358714388019962e+03 2.801358715227453104e+03 2.801358716047832331e+03 2.801358716848961194e+03 2.801358717630705542e+03 2.801358718392982155e+03 2.801358719135747833e+03 2.801358719858990753e+03 2.801358720562715462e+03 2.801358721246934692e+03 2.801358721911656630e+03 2.801358722556874909e+03 2.801358723182558606e+03 2.801358723788645420e+03 2.801358724375031215e+03 2.801358724941567743e+03 2.801358725488054006e+03 2.801358726014236254e+03 2.801358726519805259e+03 2.801358727004398133e+03
2.738800494263147812e+03 2.738800495325013799e+03 2.738800496384370035e+03 2.738800497439530773e+03 2.738800498488857556e+03 2.738800499530773777e+03 2.738800500563770129e+03 2.738800501586418250e+03 2.738800502597374361e+03 2.738800503595390182e+03 2.738800504579316566e+03 2.738800505548108958e+03 2.738800506500830124e+03 2.738800507436655153e+03 2.738800508354864633e+03 2.738800509254852841e+03 2.738800510136115008e+03 2.738800510998248683e+03 2.738800511840946456e+03 2.738800512663985955e+03 2.738800513467221663e+03 2.738800514250575816e+03 2.738800515014024768e+03 2.738800515757588073e+03 2.738800516481316663e+03 2.738800517185278750e+03 2.738800517869546184e+03 2.738800518534185812e+03 2.738800519179242656e+03 2.738800519804733540e+03 2.738800520410635727e+03 2.738800520996876912e+03 2.738800521563330676e+03 2.738800522109810572e+03 2.738800522636065125e+03 2.738800523141779195e+03 2.738800523626572613e+03
2.676489615500569016e+03 2.676489616576802291e+03 2.676489617650246146e+03 2.676489618719132523e+03 2.676489619781748843e+03 2.676489620836444374e+03 2.676489621881646144e+03 2.676489622915863492e+03 2.676489623937702163e+03 2.676489624945868400e+03 2.676489625939178495e+03 2.676489626916561519e+03 2.676489627877064777e+03 2.676489628819856080e+03 2.676489629744222839e+03 2.676489630649572973e+03 2.676489631535426724e+03 2.676489632401416657e+03 2.676489633247278107e+03 2.676489634072840545e+03 2.676489634878016204e+03 2.676489635662790533e+03 2.676489636427208097e+03 2.676489637171358936e+03 2.676489637895364922e+03 2.676489638599365662e+03 2.676489639283501674e+03 2.676489639947903925e+03 2.676489640592678370e+03 2.676489641217895496e+03 2.676489641823575766e+03 2.676489642409684620e+03 2.676489642976121559e+03 2.676489643522716051e+03 2.676489644049222079e+03 2.676489644555317227e+03 2.676489645040603136e+03
2.614449476405600308e+03 2.614449477496936652e+03 2.614449478585179804e+03 2.614449479668475760e+03 2.614449480745028723e+03 2.614449481813112016e+03 2.614449482871079454e+03 2.614449483917377620e+03 2.614449484950554051e+03 2.614449485969268153e+03 2.614449486972297109e+03 2.614449487958542250e+03 2.614449488927034508e+03 2.614449489876935786e+03 2.614449490807539405e+03 2.614449491718269655e+03 2.614449492608677247e+03 2.614449493478432032e+03 2.614449494327319371e+03 2.614449495155225122e+03 2.614449495962128367e+03 2.614449496748086403e+03 2.614449497513220649e+03 2.614449498257699361e+03 2.614449498981726265e+03 2.614449499685520095e+03 2.614449500369300495e+03 2.614449501033271645e+03 2.614449501677606349e+03 2.614449502302435121e+03 2.614449502907831175e+03 2.614449503493800421e+03 2.614449504060273739e+03 2.614449504607098334e+03 2.614449505134035462e+03 2.614449505640755433e+03 2.614449506126840333e+03
2.552701395724834583e+03 2.552701396832044338e+03 2.552701397935832119e+03 2.552701399034253427e+03 2.552701400125421969e+03 2.552701401207527852e+03 2.552701402278848036e+03 2.552701403337758165e+03 2.552701404382744840e+03 2.552701405412415170e+03 2.552701406425504047e+03 2.552701407420884152e+03 2.552701408397566411e+03 2.552701409354708176e+03 2.552701410291609136e+03 2.552701411207713591e+03 2.552701412102604081e+03 2.552701412975995936e+03 2.552701413827728175e+03 2.552701414657753048e+03 2.552701415466122853e+03 2.552701416252976287e+03 2.552701417018519805e+03 2.552701417763013524e+03 2.552701418486750754e+03 2.552701419190041634e+03 2.552701419873192663e+03 2.552701420536491241e+03 2.552701421180187481e+03 2.552701421804479651e+03 2.552701422409499173e+03 2.552701422995300163e+03 2.552701423561847150e+03 2.552701424109009622e+03 2.552701424636556567e+03 2.552701425144153291e+03 2.552701425631360962e+03
