BlockUplift_2Ma_1kryTimeStep_2mmyr_k_0.0001_m_0.5_n_1.0_LinDiffusion_1_6x3km_30mRes_surface_water__discharge.txt
nrows 100
cellsize 30.0
xllcorner 0.0
ncols 200
yllcorner 0.0
[rows 17 to 33 of 100, columns 37 to 73 of 200]
9.000000000000000000e+02 1.800000000000000000e+03 1.440000000000000000e+04 2.700000000000000000e+03 3.600000000000000000e+03 4.500000000000000000e+03 5.400000000000000000e+03 6.300000000000000000e+03 7.200000000000000000e+03 8.100000000000000000e+03 9.900000000000000000e+03 9.000000000000000000e+03 1.080000000000000000e+04 1.170000000000000000e+04 1.305000000000000000e+05 1.710000000000000000e+04 1.620000000000000000e+04 1.530000000000000000e+04 1.530000000000000000e+04 1.179000000000000000e+05 8.100000000000000000e+03 7.200000000000000000e+03 6.300000000000000000e+03 5.400000000000000000e+03 1.080000000000000000e+04 4.500000000000000000e+03 3.600000000000000000e+03 2.700000000000000000e+03 1.800000000000000000e+03 9.000000000000000000e+02 1.440000000000000000e+04 1.440000000000000000e+04 1.170000000000000000e+04 9.000000000000000000e+02 1.800000000000000000e+03 2.700000000000000000e+03 3.600000000000000000e+03
9.000000000000000000e+02 1.800000000000000000e+03 2.700000000000000000e+03 1.530000000000000000e+04 3.600000000000000000e+03 4.500000000000000000e+03 5.400000000000000000e+03 6.300000000000000000e+03 7.200000000000000000e+03 8.100000000000000000e+03 9.000000000000000000e+03 1.080000000000000000e+04 9.900000000000000000e+03 1.170000000000000000e+04 1.431000000000000000e+05 1.800000000000000000e+04 1.710000000000000000e+04 1.620000000000000000e+04 1.620000000000000000e+04 1.269000000000000000e+05 8.100000000000000000e+03 7.200000000000000000e+03 6.300000000000000000e+03 1.170000000000000000e+04 5.400000000000000000e+03 4.500000000000000000e+03 3.600000000000000000e+03 2.700000000000000000e+03 1.800000000000000000e+03 9.000000000000000000e+02 1.530000000000000000e+04 1.530000000000000000e+04 1.260000000000000000e+04 9.000000000000000000e+02 1.800000000000000000e+03 2.700000000000000000e+03 3.600000000000000000e+03
9.000000000000000000e+02 1.800000000000000000e+03 2.700000000000000000e+03 3.600000000000000000e+03 1.620000000000000000e+04 4.500000000000000000e+03 5.400000000000000000e+03 6.300000000000000000e+03 7.200000000000000000e+03 8.100000000000000000e+03 9.000000000000000000e+03 9.900000000000000000e+03 1.170000000000000000e+04 1.080000000000000000e+04 1.557000000000000000e+05 1.890000000000000000e+04 1.800000000000000000e+04 1.710000000000000000e+04 1.440000000000000000e+05 9.000000000000000000e+03 8.100000000000000000e+03 7.200000000000000000e+03 1.260000000000000000e+04 6.300000000000000000e+03 5.400000000000000000e+03 4.500000000000000000e+03 3.600000000000000000e+03 2.700000000000000000e+03 1.800000000000000000e+03 9.000000000000000000e+02 1.620000000000000000e+04 1.620000000000000000e+04 1.350000000000000000e+04 9.000000000000000000e+02 1.800000000000000000e+03 2.700000000000000000e+03 3.600000000000000000e+03
9.000000000000000000e+02 1.800000000000000000e+03 2.700000000000000000e+03 3.600000000000000000e+03 4.500000000000000000e+03 1.710000000000000000e+04 5.400000000000000000e+03 6.300000000000000000e+03 7.200000000000000000e+03 8.100000000000000000e+03 9.000000000000000000e+03 9.900000000000000000e+03 1.080000000000000000e+04 1.260000000000000000e+04 1.674000000000000000e+05 1.980000000000000000e+04 1.890000000000000000e+04 1.800000000000000000e+04 1.539000000000000000e+05 9.000000000000000000e+03 8.100000000000000000e+03 1.350000000000000000e+04 7.200000000000000000e+03 6.300000000000000000e+03 5.400000000000000000e+03 4.500000000000000000e+03 3.600000000000000000e+03 2.700000000000000000e+03 1.800000000000000000e+03 9.000000000000000000e+02 1.710000000000000000e+04 1.710000000000000000e+04 1.440000000000000000e+04 9.000000000000000000e+02 1.800000000000000000e+03 2.700000000000000000e+03 3.600000000000000000e+03
1.710000000000000000e+04 1.800000000000000000e+03 2.700000000000000000e+03 3.600000000000000000e+03 4.500000000000000000e+03 5.400000000000000000e+03 1.800000000000000000e+04 6.300000000000000000e+03 7.200000000000000000e+03 8.100000000000000000e+03 9.000000000000000000e+03 9.900000000000000000e+03 1.080000000000000000e+04 1.170000000000000000e+04 1.809000000000000000e+05 2.070000000000000000e+04 1.980000000000000000e+04 1.890000000000000000e+04 1.638000000000000000e+05 9.000000000000000000e+03 1.440000000000000000e+04 8.100000000000000000e+03 7.200000000000000000e+03 6.300000000000000000e+03 5.400000000000000000e+03 4.500000000000000000e+03 3.600000000000000000e+03 2.700000000000000000e+03 1.800000000000000000e+03 9.000000000000000000e+02 1.800000000000000000e+04 1.800000000000000000e+04 1.530000000000000000e+04 9.000000000000000000e+02 1.800000000000000000e+03 2.700000000000000000e+03 3.600000000000000000e+03
1.800000000000000000e+03 1.800000000000000000e+04 2.700000000000000000e+03 3.600000000000000000e+03 4.500000000000000000e+03 5.400000000000000000e+03 6.300000000000000000e+03 1.890000000000000000e+04 7.200000000000000000e+03 8.100000000000000000e+03 9.000000000000000000e+03 9.900000000000000000e+03 1.080000000000000000e+04 1.170000000000000000e+04 1.935000000000000000e+05 2.160000000000000000e+04 2.070000000000000000e+04 1.980000000000000000e+04 1.737000000000000000e+05 1.530000000000000000e+04 9.000000000000000000e+03 8.100000000000000000e+03 7.200000000000000000e+03 6.300000000000000000e+03 5.400000000000000000e+03 4.500000000000000000e+03 3.600000000000000000e+03 2.700000000000000000e+03 1.800000000000000000e+03 9.000000000000000000e+02 1.890000000000000000e+04 1.890000000000000000e+04 1.620000000000000000e+04 9.000000000000000000e+02 1.800000000000000000e+03 2.700000000000000000e+03 3.600000000000000000e+03
1.800000000000000000e+03 2.700000000000000000e+03 1.890000000000000000e+04 3.600000000000000000e+03 4.500000000000000000e+03 5.400000000000000000e+03 6.300000000000000000e+03 7.200000000000000000e+03 1.980000000000000000e+04 8.100000000000000000e+03 9.000000000000000000e+03 9.900000000000000000e+03 1.080000000000000000e+04 1.170000000000000000e+04 2.061000000000000000e+05 2.250000000000000000e+04 2.160000000000000000e+04 2.070000000000000000e+04 1.899000000000000000e+05 9.900000000000000000e+03 9.000000000000000000e+03 8.100000000000000000e+03 7.200000000000000000e+03 6.300000000000000000e+03 5.400000000000000000e+03 4.500000000000000000e+03 3.600000000000000000e+03 2.700000000000000000e+03 1.800000000000000000e+03 9.000000000000000000e+02 1.980000000000000000e+04 1.980000000000000000e+04 1.710000000000000000e+04 9.000000000000000000e+02 1.800000000000000000e+03 2.700000000000000000e+03 3.600000000000000000e+03
1.800000000000000000e+03 2.700000000000000000e+03 3.600000000000000000e+03 1.980000000000000000e+04 4.500000000000000000e+03 5.400000000000000000e+03 6.300000000000000000e+03 7.200000000000000000e+03 8.100000000000000000e+03 2.070000000000000000e+04 9.000000000000000000e+03 9.900000000000000000e+03 1.080000000000000000e+04 1.170000000000000000e+04 2.187000000000000000e+05 2.340000000000000000e+04 2.250000000000000000e+04 2.160000000000000000e+04 2.007000000000000000e+05 9.900000000000000000e+03 9.000000000000000000e+03 8.100000000000000000e+03 7.200000000000000000e+03 6.300000000000000000e+03 5.400000000000000000e+03 4.500000000000000000e+03 3.600000000000000000e+03 2.700000000000000000e+03 1.800000000000000000e+03 2.070000000000000000e+04 9.000000000000000000e+02 2.070000000000000000e+04 1.800000000000000000e+04 9.000000000000000000e+02 1.800000000000000000e+03 2.700000000000000000e+03 3.600000000000000000e+03
1.800000000000000000e+04 2.700000000000000000e+03 3.600000000000000000e+03 4.500000000000000000e+03 2.070000000000000000e+04 5.400000000000000000e+03 6.300000000000000000e+03 7.200000000000000000e+03 8.100000000000000000e+03 9.000000000000000000e+03 2.160000000000000000e+04 9.900000000000000000e+03 1.080000000000000000e+04 1.170000000000000000e+04 1.260000000000000000e+04 2.430000000000000000e+05 2.340000000000000000e+04 2.250000000000000000e+04 2.115000000000000000e+05 9.900000000000000000e+03 9.000000000000000000e+03 8.100000000000000000e+03 7.200000000000000000e+03 6.300000000000000000e+03 5.400000000000000000e+03 4.500000000000000000e+03 3.600000000000000000e+03 2.700000000000000000e+03 2.160000000000000000e+04 1.800000000000000000e+03 9.000000000000000000e+02 2.160000000000000000e+04 1.890000000000000000e+04 9.000000000000000000e+02 1.800000000000000000e+03 2.700000000000000000e+03 3.600000000000000000e+03
2.700000000000000000e+03 1.890000000000000000e+04 3.600000000000000000e+03 4.500000000000000000e+03 5.400000000000000000e+03 2.160000000000000000e+04 6.300000000000000000e+03 7.200000000000000000e+03 8.100000000000000000e+03 9.000000000000000000e+03 9.900000000000000000e+03 2.250000000000000000e+04 1.080000000000000000e+04 1.170000000000000000e+04 1.260000000000000000e+04 2.565000000000000000e+05 2.430000000000000000e+04 2.340000000000000000e+04 2.223000000000000000e+05 9.900000000000000000e+03 9.000000000000000000e+03 8.100000000000000000e+03 7.200000000000000000e+03 6.300000000000000000e+03 5.400000000000000000e+03 4.500000000000000000e+03 3.600000000000000000e+03 2.250000000000000000e+04 2.700000000000000000e+03 1.800000000000000000e+03 9.000000000000000000e+02 2.250000000000000000e+04 1.980000000000000000e+04 9.000000000000000000e+02 1.800000000000000000e+03 2.700000000000000000e+03 3.600000000000000000e+03
2.700000000000000000e+03 3.600000000000000000e+03 1.980000000000000000e+04 4.500000000000000000e+03 5.400000000000000000e+03 6.300000000000000000e+03 2.250000000000000000e+04 7.200000000000000000e+03 8.100000000000000000e+03 9.000000000000000000e+03 9.900000000000000000e+03 1.080000000000000000e+04 2.340000000000000000e+04 1.170000000000000000e+04 1.260000000000000000e+04 2.700000000000000000e+05 2.520000000000000000e+04 2.430000000000000000e+04 2.331000000000000000e+05 9.900000000000000000e+03 9.000000000000000000e+03 8.100000000000000000e+03 7.200000000000000000e+03 6.300000000000000000e+03 5.400000000000000000e+03 4.500000000000000000e+03 2.340000000000000000e+04 3.600000000000000000e+03 2.700000000000000000e+03 1.800000000000000000e+03 2.340000000000000000e+04 9.000000000000000000e+02 2.070000000000000000e+04 9.000000000000000000e+02 1.800000000000000000e+03 2.700000000000000000e+03 6.300000000000000000e+03
2.700000000000000000e+03 3.600000000000000000e+03 4.500000000000000000e+03 2.070000000000000000e+04 5.400000000000000000e+03 6.300000000000000000e+03 7.200000000000000000e+03 2.340000000000000000e+04 8.100000000000000000e+03 9.000000000000000000e+03 9.900000000000000000e+03 1.080000000000000000e+04 1.170000000000000000e+04 2.430000000000000000e+04 1.260000000000000000e+04 2.835000000000000000e+05 2.610000000000000000e+04 2.520000000000000000e+04 2.439000000000000000e+05 9.900000000000000000e+03 9.000000000000000000e+03 8.100000000000000000e+03 7.200000000000000000e+03 6.300000000000000000e+03 5.400000000000000000e+03 2.430000000000000000e+04 4.500000000000000000e+03 3.600000000000000000e+03 2.700000000000000000e+03 2.430000000000000000e+04 1.800000000000000000e+03 9.000000000000000000e+02 2.160000000000000000e+04 9.000000000000000000e+02 1.800000000000000000e+03 2.700000000000000000e+03 3.600000000000000000e+03
2.700000000000000000e+03 3.600000000000000000e+03 4.500000000000000000e+03 9.900000000000000000e+03 3.150000000000000000e+04 3.780000000000000000e+04 4.500000000000000000e+04 8.100000000000000000e+03 2.430000000000000000e+04 9.000000000000000000e+03 9.900000000000000000e+03 1.080000000000000000e+04 1.170000000000000000e+04 1.260000000000000000e+04 2.520000000000000000e+04 2.970000000000000000e+05 2.700000000000000000e+04 2.610000000000000000e+04 2.547000000000000000e+05 9.900000000000000000e+03 9.000000000000000000e+03 8.100000000000000000e+03 7.200000000000000000e+03 6.300000000000000000e+03 2.520000000000000000e+04 5.400000000000000000e+03 4.500000000000000000e+03 3.600000000000000000e+03 2.520000000000000000e+04 2.700000000000000000e+03 1.800000000000000000e+03 2.250000000000000000e+04 9.000000000000000000e+02 9.000000000000000000e+02 1.800000000000000000e+03 2.700000000000000000e+03 3.600000000000000000e+03
1.530000000000000000e+04 1.890000000000000000e+04 2.340000000000000000e+04 2.430000000000000000e+04 2.520000000000000000e+04 2.610000000000000000e+04 2.700000000000000000e+04 7.290000000000000000e+04 8.190000000000000000e+04 1.071000000000000000e+05 9.900000000000000000e+03 1.080000000000000000e+04 1.170000000000000000e+04 1.260000000000000000e+04 1.350000000000000000e+04 3.231000000000000000e+05 2.790000000000000000e+04 2.700000000000000000e+04 2.655000000000000000e+05 9.900000000000000000e+03 9.000000000000000000e+03 8.100000000000000000e+03 7.200000000000000000e+03 2.610000000000000000e+04 6.300000000000000000e+03 5.400000000000000000e+03 4.500000000000000000e+03 2.610000000000000000e+04 3.600000000000000000e+03 2.700000000000000000e+03 2.340000000000000000e+04 1.800000000000000000e+03 9.000000000000000000e+02 9.000000000000000000e+02 1.800000000000000000e+03 2.700000000000000000e+03 3.600000000000000000e+03
6.300000000000000000e+03 7.200000000000000000e+03 8.100000000000000000e+03 9.000000000000000000e+03 9.900000000000000000e+03 1.080000000000000000e+04 1.170000000000000000e+04 1.260000000000000000e+04 1.350000000000000000e+04 1.440000000000000000e+04 1.224000000000000000e+05 1.332000000000000000e+05 1.170000000000000000e+04 1.260000000000000000e+04 1.350000000000000000e+04 3.375000000000000000e+05 2.880000000000000000e+04 2.790000000000000000e+04 2.763000000000000000e+05 9.900000000000000000e+03 9.000000000000000000e+03 8.100000000000000000e+03 2.700000000000000000e+04 7.200000000000000000e+03 6.300000000000000000e+03 5.400000000000000000e+03 2.700000000000000000e+04 4.500000000000000000e+03 3.600000000000000000e+03 2.430000000000000000e+04 2.700000000000000000e+03 1.800000000000000000e+03 1.800000000000000000e+03 9.000000000000000000e+02 9.000000000000000000e+02 3.600000000000000000e+03 4.500000000000000000e+03
5.400000000000000000e+03 6.300000000000000000e+03 7.200000000000000000e+03 8.100000000000000000e+03 9.000000000000000000e+03 9.900000000000000000e+03 1.080000000000000000e+04 1.170000000000000000e+04 1.260000000000000000e+04 1.350000000000000000e+04 1.440000000000000000e+04 1.530000000000000000e+04 1.494000000000000000e+05 1.260000000000000000e+04 1.350000000000000000e+04 1.440000000000000000e+04 3.672000000000000000e+05 2.880000000000000000e+04 2.871000000000000000e+05 9.900000000000000000e+03 9.000000000000000000e+03 2.790000000000000000e+04 8.100000000000000000e+03 7.200000000000000000e+03 6.300000000000000000e+03 2.790000000000000000e+04 5.400000000000000000e+03 4.500000000000000000e+03 2.520000000000000000e+04 3.600000000000000000e+03 2.700000000000000000e+03 2.700000000000000000e+03 1.800000000000000000e+03 9.000000000000000000e+02 9.000000000000000000e+02 1.800000000000000000e+03 2.700000000000000000e+03
3.600000000000000000e+03 4.500000000000000000e+03 5.400000000000000000e+03 6.300000000000000000e+03 7.200000000000000000e+03 8.100000000000000000e+03 9.000000000000000000e+03 9.900000000000000000e+03 1.080000000000000000e+04 1.170000000000000000e+04 1.260000000000000000e+04 1.350000000000000000e+04 1.440000000000000000e+04 1.647000000000000000e+05 1.350000000000000000e+04 1.440000000000000000e+04 3.825000000000000000e+05 2.970000000000000000e+04 2.979000000000000000e+05 9.900000000000000000e+03 2.880000000000000000e+04 9.000000000000000000e+03 8.100000000000000000e+03 7.200000000000000000e+03 8.100000000000000000e+04 5.220000000000000000e+04 4.590000000000000000e+04 4.050000000000000000e+04 1.440000000000000000e+04 9.900000000000000000e+03 6.300000000000000000e+03 2.700000000000000000e+03 1.800000000000000000e+03 9.000000000000000000e+02 9.000000000000000000e+02 1.800000000000000000e+03 2.700000000000000000e+03
