BlockUplift_2Ma_1kryTimeStep_2mmyr_k_5e-05_m_0.5_n_1.0_LinDiffusion_0.25_3x6km_30mRes_topographic__elevation.txt
nrows 200
cellsize 30.0
xllcorner 0.0
ncols 100
yllcorner 0.0
[rows 102 to 118 of 200, columns 0 to 36 of 100]
8.977211836090914516e-04 2.640675589943642194e+02 2.622401596052488912e+02 2.588031241495271502e+02 2.541187031039348199e+02 2.485911360562194545e+02 2.425847212383663987e+02 2.363842303716790241e+02 2.301903155371910543e+02 2.241322446419530650e+02 2.182847001653624659e+02 2.126827704458915207e+02 2.073337552275772850e+02 2.022260585494232430e+02 1.973358471198349662e+02 1.926322326136119898e+02 1.880817356041189328e+02 1.836527058545640045e+02 1.793201603436728249e+02 1.750711466708462467e+02 1.709104339929722585e+02 1.668665938991141786e+02 1.629997332952785882e+02 1.594129406794130830e+02 1.562658148734311681e+02 1.537776257196032077e+02 1.521984054806933386e+02 1.517384966584600647e+02 1.524851157198912119e+02 1.543622207870120064e+02 1.571653917939404153e+02 1.606444186666343228e+02 1.645770236028961619e+02 1.688016153201303382e+02 1.732160906525658959e+02 1.777644022929104324e+02 1.824242797712828690e+02
8.040009432264631078e-04 2.639705081427564437e+02 2.621437752218146215e+02 2.587080214185671139e+02 2.540254212883599223e+02 2.485001513799823556e+02 2.424964896626278232e+02 2.362992432810238199e+02 2.301091520913620059e+02 2.240556090863934742e+02 2.182134351970054240e+02 2.126178371926286559e+02 2.072761677624956747e+02 2.021767590203142220e+02 1.972955107768395919e+02 1.926010045037260738e+02 1.880589225794400079e+02 1.836364695684238200e+02 1.793072600450917093e+02 1.750567469863898111e+02 1.708879339698200681e+02 1.668274343670134670e+02 1.629333625839725812e+02 1.593076192110447380e+02 1.561112775034360425e+02 1.535698455283133512e+02 1.519445063463894314e+02 1.514580625571416590e+02 1.522055662393296700e+02 1.541103572782628532e+02 1.569602738893206322e+02 1.604951126640021926e+02 1.644846826137934386e+02 1.687631024804580591e+02 1.732269916842606108e+02 1.778208366949691310e+02 1.825237752675126899e+02
9.029362990437761948e-04 2.638130902174669927e+02 2.619868732638349798e+02 2.585521196016846375e+02 2.538709564814927830e+02 2.483475197619032997e+02 2.423460692222542150e+02 2.361514201986527155e+02 2.299643401239993921e+02 2.239142548015499870e+02 2.180760044870683032e+02 2.124847788577312144e+02 2.071478487299954736e+02 2.020533645323409644e+02 1.971769041786609762e+02 1.924865486092698745e+02 1.879472807376794208e+02 1.835254274459913972e+02 1.791936266706201764e+02 1.749363824836533752e+02 1.707558927479816475e+02 1.666781382093539889e+02 1.627607574240469432e+02 1.591055638406280082e+02 1.558747993034313879e+02 1.532977118225689139e+02 1.516422910553426959e+02 1.511394396322115483e+02 1.518899620081635646e+02 1.538177583310404941e+02 1.567062880068709774e+02 1.602888142651174235e+02 1.643293306856957656e+02 1.686582161773837925e+02 1.731704070197500016e+02 1.778101959690858394e+02 1.825574267715244048e+02
1.262535168193479232e-04 2.635955189344371092e+02 2.617696145387251931e+02 2.583354818671020325e+02 2.536552446706774901e+02 2.481330412652924338e+02 2.421331410508672661e+02 2.359403712847832821e+02 2.297555036899084655e+02 2.237079478153786454e+02 2.178724927999180352e+02 2.122842271973343600e+02 2.069502545802547786e+02 2.018584747563839983e+02 1.969841143879826575e+02 1.922947899427719562e+02 1.877549093133953022e+02 1.833301485140604541e+02 1.789925018924596714e+02 1.747259671055470847e+02 1.705325064231519434e+02 1.664381919150978888e+02 1.625010196672744485e+02 1.588233902321076130e+02 1.555686590303795924e+02 1.529684253710049120e+02 1.512947590076859115e+02 1.507836258900696293e+02 1.515398054240169188e+02 1.534881409263107344e+02 1.564097735993388198e+02 1.600338402108307889e+02 1.641201913601372553e+02 1.684961197768242585e+02 1.730547960432319030e+02 1.777398933630740885e+02 1.825314548299938338e+02
2.387497639173964497e-04 2.633185084101158395e+02 2.614926741386237268e+02 2.580587133280494641e+02 2.533788049666595441e+02 2.478571532245680089e+02 2.418580895478281434e+02 2.356664857201678274e+02 2.294831279340980643e+02 2.234373985623837484e+02 2.176040071625798760e+02 2.120179005472985807e+02 2.066859700108468587e+02 2.015958262286641798e+02 1.967223272285402231e+02 1.920326461485889524e+02 1.874906926246703165e+02 1.830616358530190553e+02 1.787170397460031381e+02 1.744406718391007587e+02 1.702345970683768428e+02 1.661253937572973314e+02 1.621719074933646709e+02 1.584775758211970356e+02 1.552069293438046884e+02 1.525931227885009207e+02 1.509104912820372135e+02 1.503977994211737155e+02 1.511622033478330991e+02 1.531293961748251604e+02 1.560795095963112828e+02 1.597394066589552040e+02 1.638663124709371175e+02 1.682852206896503446e+02 1.728876631700356086e+02 1.776164225121711695e+02 1.824513140158094302e+02
1.415402154194561482e-04 2.629833408968608524e+02 2.611573041428816850e+02 2.577230120923333061e+02 2.530427693586547377e+02 2.475209248371104138e+02 2.415219427245835107e+02 2.353307926985497147e+02 2.291483089342324035e+02 2.231038616155929901e+02 2.172720801939135526e+02 2.116877575614969942e+02 2.063575537079073854e+02 2.012687706091200539e+02 1.963958859444987013e+02 1.917056362405714935e+02 1.871614697257635100e+02 1.827281260307435673e+02 1.783768623200114689e+02 1.740913886869178384e+02 1.698741016260221102e+02 1.657523906054817644e+02 1.617863403445101937e+02 1.580808111420401758e+02 1.548016079597538521e+02 1.521828456181783338e+02 1.504996493171982195e+02 1.499916391688826991e+02 1.507668534253142241e+02 1.527515625169172040e+02 1.557258768211100914e+02 1.594159913729711775e+02 1.635779558432138003e+02 1.680353208954565787e+02 1.726782135818774009e+02 1.774483376380156869e+02 1.823249019691845660e+02
7.969163444047052194e-04 2.625919172322830377e+02 2.607653792626470022e+02 2.573302043033321524e+02 2.526488994513432544e+02 2.471260452166411881e+02 2.411263178582213982e+02 2.349348470492184902e+02 2.287525572016796218e+02 2.227088299754658181e+02 2.168782225540666957e+02 2.112953691986842557e+02 2.059666851185720304e+02 2.008791461635710789e+02 1.960068349155057774e+02 1.913160484212163510e+02 1.867697945429438562e+02 1.823324424505490811e+02 1.779750548073641312e+02 1.736814659152200306e+02 1.694546747130843016e+02 1.653232600591567234e+02 1.613490094499932468e+02 1.576386098238988325e+02 1.543591588523413236e+02 1.517449816409964285e+02 1.500703885786835201e+02 1.495738996026579741e+02 1.503630373766186210e+02 1.523644803236460632e+02 1.553593189389129350e+02 1.590746046378119161e+02 1.632665553969630139e+02 1.677580719915199268e+02 1.724381121477937882e+02 1.772471608216180243e+02 1.821635087058438387e+02
8.650418786667887295e-04 2.621467960011373179e+02 2.603194338029363166e+02 2.568827763369781110e+02 2.521996106534717228e+02 2.466748354181701757e+02 2.406734161193977855e+02 2.344807000186089283e+02 2.282977367839499721e+02 2.222539330071819563e+02 2.164237681187399289e+02 2.108416966818485321e+02 2.055138568005383775e+02 2.004268607933222199e+02 1.955543630359472331e+02 1.908622064133025162e+02 1.863129822651844734e+02 1.818707778699268829e+02 1.775066456361026042e+02 1.732048568894659013e+02 1.689694820878155781e+02 1.648309134092119166e+02 1.608533305756113805e+02 1.571457450158598306e+02 1.538764267196050639e+02 1.512787936570258296e+02 1.496242986321137209e+02 1.491481326572468902e+02 1.499559283813223374e+02 1.519748287974131244e+02 1.549880956900431102e+02 1.587251479992694954e+02 1.629435312219125649e+02 1.674660885233834335e+02 1.721807502848954812e+02 1.770266770587107317e+02 1.819810413771887454e+02
9.719491264559257555e-04 2.616512250164820443e+02 2.598226949631737170e+02 2.563839120533088476e+02 2.516980161914754035e+02 2.461703031590021737e+02 2.401660936251176395e+02 2.339709945683751471e+02 2.277861956357920690e+02 2.217411161820446353e+02 2.159101212043650833e+02 2.103274280576126785e+02 2.049988250859347829e+02 1.999104825407893884e+02 1.950355572557187998e+02 1.903394012850626780e+02 1.857842193347387649e+02 1.813339575877521668e+02 1.769599611166018462e+02 1.726474524308885634e+02 1.684023275142154716e+02 1.642577557227762100e+02 1.602813267455436232e+02 1.565850950473838168e+02 1.533384004963156713e+02 1.507724033387997054e+02 1.491532211929832954e+02 1.487100184338120812e+02 1.495448661437986004e+02 1.515853774756958501e+02 1.546182341218690226e+02 1.583766969162314240e+02 1.626206130933543648e+02 1.671731484513896362e+02 1.719212540095995791e+02 1.768027280140152584e+02 1.817936001090741343e+02
1.547366171231712129e-04 2.611091631544677512e+02 2.592791103737939125e+02 2.558375327001725168e+02 2.511479880482799274e+02 2.456162366352980371e+02 2.396080044862930833e+02 2.334091800241692454e+02 2.272210819101808283e+02 2.211730984497666554e+02 2.153394054979960686e+02 2.097538814480284373e+02 2.044218430722906987e+02 1.993288891182970417e+02 1.944475628866491945e+02 1.897426563231421994e+02 1.851760129348377291e+02 1.807116196687644845e+02 1.763215202744782744e+02 1.719925759856884042e+02 1.677334997083119106e+02 1.635814877481570875e+02 1.596088881303968492e+02 1.559319086972090531e+02 1.527212922231826724e+02 1.502049205939624699e+02 1.486410552646804888e+02 1.482495642898274184e+02 1.491263754191545559e+02 1.511987520314849576e+02 1.542575802638558287e+02 1.580412883138069162e+02 1.623129831499415445e+02 1.668965616678447361e+02 1.716781386493449872e+02 1.765942986475258749e+02 1.816201510369622838e+02
7.791982379433917043e-04 2.605252834293547153e+02 2.586933585374382574e+02 2.552483234546516258e+02 2.505542111581954714e+02 2.450173023543023874e+02 2.390037645289029626e+02 2.327997723176220006e+02 2.266067421422889936e+02 2.205539632455911772e+02 2.147153190278915815e+02 2.091242140207880027e+02 2.037853344746648361e+02 1.986835387924325858e+02 1.937906026001199962e+02 1.890706574289242212e+02 1.844851952522560339e+02 1.799984335960589590e+02 1.755835564332930971e+02 1.712298077658652460e+02 1.669497734739092323e+02 1.627860122435089636e+02 1.588171779448282450e+02 1.551652293992436284e+02 1.520035218005892261e+02 1.495566651269670899e+02 1.480730929332376604e+02 1.477595997705775801e+02 1.487018960633405982e+02 1.508243618859366109e+02 1.539217453514505962e+02 1.577386778323909198e+02 1.620427556447367294e+02 1.666594667766370037e+02 1.714746570168095445e+02 1.764241996857632842e+02 1.814827994037603389e+02
4.267325074640422296e-04 2.599049430084713777e+02 2.580708238624218325e+02 2.546217197446353566e+02 2.499221898307220329e+02 2.443790844169254228e+02 2.383590417196334954e+02 2.321485212269630551e+02 2.259490005680100353e+02 2.198895973158568324e+02 2.140437950001426657e+02 2.084443855153585332e+02 2.030952616855517192e+02 1.979803683527696307e+02 1.930705541617068945e+02 1.883291834702614835e+02 1.837173973562389904e+02 1.791998179458847176e+02 1.747511771665052436e+02 1.703637727560838471e+02 1.660549871891439864e+02 1.618739100188665248e+02 1.579069845110746542e+02 1.542838146088094504e+02 1.511824351989895092e+02 1.488254288228363578e+02 1.474503590340110293e+02 1.472470167109311490e+02 1.482854457312275542e+02 1.504827406438243997e+02 1.536358107898622620e+02 1.574961709684400830e+02 1.618375730177504295e+02 1.664886753314175962e+02 1.713362514962275611e+02 1.763163897347137379e+02 1.814041568185600681e+02
5.160807611338197407e-04 2.592541070269232932e+02 2.574175189865317179e+02 2.539638271050382627e+02 2.492581651254195947e+02 2.437080007360931120e+02 2.376804742529067482e+02 2.314623354970580067e+02 2.252550991851332753e+02 2.191876572214661678e+02 2.133330110108689439e+02 2.077232327809886101e+02 2.023612967117647656e+02 1.972301027251558594e+02 1.922994557433761429e+02 1.875318836456737586e+02 1.828882005787848755e+02 1.783336030073783434e+02 1.738447266863960579e+02 1.694174666756241834e+02 1.650746921373720113e+02 1.608728435250933444e+02 1.569072355620600376e+02 1.533167298976505037e+02 1.502861829889199328e+02 1.480379401018605563e+02 1.467984582719376192e+02 1.467371589713988556e+02 1.479028801157770374e+02 1.502003540089199873e+02 1.534262048879634506e+02 1.573391869343825817e+02 1.617210648190303459e+02 1.664057023245962910e+02 1.712824228263521036e+02 1.762887101466966158e+02 1.814008527926258125e+02
8.886768897730731734e-04 2.585792227922158304e+02 2.567399492482277310e+02 2.532812656410004593e+02 2.485689277354429123e+02 2.430110703844244995e+02 2.369753745985861428e+02 2.307489003082941394e+02 2.245331979215632430e+02 2.184569119684474856e+02 2.125925223137261639e+02 2.069713284668552546e+02 2.015953256289237743e+02 1.964463115122487125e+02 1.914930097928249495e+02 1.866971196611100368e+02 1.820192160921125151e+02 1.774252749802228948e+02 1.728941797882267508e+02 1.684258820334577536e+02 1.640492289336151259e+02 1.598284433566248310e+02 1.558681124824884137e+02 1.523169540728405877e+02 1.493676426355904994e+02 1.472433432343079005e+02 1.461594746296188703e+02 1.462631942136013947e+02 1.475785578914236851e+02 1.499943118625290026e+02 1.533047877456064043e+02 1.572760222193831510e+02 1.616991496592634121e+02 1.664149253586738837e+02 1.713166651165229553e+02 1.763443117136946796e+02 1.814761099860785407e+02
7.078576965108448723e-04 2.578870561409173092e+02 2.560449336193964314e+02 2.525809588618250814e+02 2.478615552119304652e+02 2.422955747370281756e+02 2.362512824013502097e+02 2.300160787585273567e+02 2.237915666160586454e+02 2.177061480606960799e+02 2.118317783381297943e+02 2.061989783006490029e+02 2.008087624277579835e+02 1.956418388606960548e+02 1.906658920771050987e+02 1.858418854596471874e+02 1.811303259383298041e+02 1.764982454771597418e+02 1.719271669712846915e+02 1.674215645279423654e+02 1.630166763002906976e+02 1.587846524666636583e+02 1.548390228607037500e+02 1.513375463848865081e+02 1.484797287762729354e+02 1.464888785516253336e+02 1.455692500743423068e+02 1.458459035652096816e+02 1.473180769590597095e+02 1.498580774280164007e+02 1.532573292061702261e+02 1.572887962344716186e+02 1.617530952427777606e+02 1.664983642372363590e+02 1.714225549378053302e+02 1.764686692170786273e+02 1.816173589237199337e+02
6.449013380946391153e-04 2.571845139545412735e+02 2.553394121875995779e+02 2.518699100817513852e+02 2.471431388557753337e+02 2.415687121163165898e+02 2.355155172754209332e+02 2.292713231747932525e+02 2.230378014232196335e+02 2.169431194412408104e+02 2.110587116321167116e+02 2.054143264058013756e+02 2.000100150726817105e+02 1.948254376979508891e+02 1.898273227786903021e+02 1.849760466085101314e+02 1.802322904674100528e+02 1.755645039416318411e+02 1.709573353703405019e+02 1.664203422742670284e+02 1.619956294296064527e+02 1.577633421311153938e+02 1.538451648268672898e+02 1.504059402108373433e+02 1.476491735795542297e+02 1.457958027070826290e+02 1.450382969950639449e+02 1.454815717328983453e+02 1.471034994068384947e+02 1.497628180203975603e+02 1.532489690141694609e+02 1.573410589521040208e+02 1.618478524637863245e+02 1.666239164885492414e+02 1.715714949490628953e+02 1.766366910541296704e+02 1.818027057850453332e+02
7.880464231245373980e-04 2.564784781485575422e+02 2.546302716327452060e+02 2.511550110669760727e+02 2.464205673514781552e+02 2.408373479173718579e+02 2.347748858001025951e+02 2.285213271262210526e+02 2.222784064206244921e+02 2.161740381450701136e+02 2.102791101193663224e+02 2.046225728763497500e+02 1.992035012134851968e+02 1.940005235305818587e+02 1.889794838353656132e+02 1.841003311767050832e+02 1.793242070570040312e+02 1.746214225366125561e+02 1.699803599201797510e+02 1.654163808784315961e+02 1.609791205146118216e+02 1.567569619463097013e+02 1.528789889148479517e+02 1.495148293723846677e+02 1.468682783811229342e+02 1.451542248118079783e+02 1.445520627237156077e+02 1.451491040353771211e+02 1.469070743254504521e+02 1.496759286689231203e+02 1.532450437357363739e+02 1.573986994715483263e+02 1.619516205688176171e+02 1.667629531484252823e+02 1.717382544770416928e+02 1.768263950995884670e+02 1.820130453502977446e+02
