BlockUplift_2Ma_1kryTimeStep_2mmyr_k_0.0001_m_0.5_n_1.0_LinDiffusion_0.5_3x6km_30mRes_topographic__steepest_slope.txt
nrows 200
cellsize 30.0
xllcorner 0.0
ncols 100
yllcorner 0.0
[rows 34 to 50 of 200, columns 37 to 73 of 100]
2.347883076245989853e-01 2.513910574140927889e-01 2.611481712541949829e-01 2.653021764429245866e-01 2.651306575145543354e-01 2.617819486097771042e-01 2.561946534284620935e-01 2.490783252177697360e-01 2.409276001121297139e-01 2.320465514626190995e-01 2.225672793680253947e-01 2.124537006277835427e-01 2.014890557257016379e-01 1.892562984604885257e-01 1.751346744658744403e-01 1.583481307220813705e-01 1.380999808979752608e-01 1.138009955385082678e-01 8.534422781784614664e-02 5.680524109874340866e-02 3.826676971899966445e-02 2.263803697860162015e-02 3.375507800582461942e-02 6.052094129491365770e-02 9.219776677912440432e-02 1.206686684071409388e-01 1.454042505948621167e-01 1.666390331886437592e-01 1.850616717757456453e-01 2.014619022672093362e-01 2.164670169333116345e-01 2.304121727630009386e-01 2.433137468536434311e-01 2.548861464095447671e-01 2.645545909841890420e-01 2.714472868280533024e-01 2.743822816391722763e-01
2.456791910219985886e-01 2.588430721242451216e-01 2.657169216806021805e-01 2.675636257750849123e-01 2.655979330601513366e-01 2.608690439765721236e-01 2.542144707036330109e-01 2.462578928407679058e-01 2.374251044345040973e-01 2.279597248137483767e-01 2.179288605590757877e-01 2.072167499335070551e-01 1.955124973992084514e-01 1.823072381295974820e-01 1.669248583280115161e-01 1.486131074099092675e-01 1.267101895344016627e-01 1.008703617443734712e-01 7.482332495420299101e-02 5.548936638179877145e-02 3.629496657754884698e-02 3.365910503922393132e-02 4.314765894225482817e-02 7.381907395034849328e-02 1.028905035420526332e-01 1.289399322388476432e-01 1.516907077737831289e-01 1.714706130693381680e-01 1.889233484790130146e-01 2.047119839873099978e-01 2.193128167236276793e-01 2.329215384347965712e-01 2.454365454968656934e-01 2.564680599083639101e-01 2.653379904258106881e-01 2.710651239500748710e-01 2.723592251802964825e-01
2.538545876564759496e-01 2.636703337172048300e-01 2.677643728111683830e-01 2.673751913139680858e-01 2.636314875079029396e-01 2.574767438864293823e-01 2.496503480666019681e-01 2.406966227856447149e-01 2.309789313176035253e-01 2.206855631560163400e-01 2.098237692923229092e-01 1.982071946555143405e-01 1.854499716309893909e-01 1.709868654207515049e-01 1.541403013050416937e-01 1.342477238922094029e-01 1.108432160433404090e-01 8.779107720801941628e-02 6.925862010278933945e-02 5.004814688404811418e-02 3.580690604109127567e-02 4.278621846761752889e-02 5.871436914463477874e-02 8.720975766963193210e-02 1.135911119247415002e-01 1.372088896439170869e-01 1.580137443100568251e-01 1.763938136725585193e-01 1.929205729167051686e-01 2.081143401774530333e-01 2.222940037085758547e-01 2.355140944763282618e-01 2.475533399398424650e-01 2.579137859073891148e-01 2.658085675921218471e-01 2.701441165992093940e-01 2.695281319275067977e-01
2.595818011402409309e-01 2.662239162122239655e-01 2.677063957085268897e-01 2.652086051282978030e-01 2.597582103808830367e-01 2.521908550612636524e-01 2.431512620158696458e-01 2.331082972467343195e-01 2.223650580090712758e-01 2.110557277279565547e-01 1.991315743608682298e-01 1.863480276607137331e-01 1.722715879434595088e-01 1.563266547821306751e-01 1.378955045685542058e-01 1.164686452384517956e-01 9.462950980473200380e-02 7.790498775257030661e-02 5.993375099114549298e-02 4.158471909500652264e-02 4.316173357679230216e-02 4.997176452584427275e-02 7.406456482830965637e-02 9.998522808942121587e-02 1.237813329577496374e-01 1.451334985083690410e-01 1.641706877333035663e-01 1.813007584664489968e-01 1.970001663568988759e-01 2.116407482639544868e-01 2.253882685776772976e-01 2.381624108892613778e-01 2.496253014461236319e-01 2.591693426505647380e-01 2.658954292059755864e-01 2.685978839570888344e-01 2.657940137051658103e-01
2.631454708856375002e-01 2.668405351122943303e-01 2.659166109062529593e-01 2.614700782358209685e-01 2.544206951471584266e-01 2.454985700716777186e-01 2.352583360611504859e-01 2.240960741086930330e-01 2.122544940710634209e-01 1.998131441171862588e-01 1.866716099119061500e-01 1.725429817884371053e-01 1.569789924401114312e-01 1.394435633198455871e-01 1.194368776906749724e-01 9.665080440999541944e-02 8.146790487761185195e-02 6.534956767549336687e-02 4.839235310898099690e-02 4.239792722305200240e-02 4.853019145829464559e-02 6.306472992072069406e-02 8.815052829672063994e-02 1.116501967029307762e-01 1.331179772615143919e-01 1.524983307371977903e-01 1.700365477155419969e-01 1.861198720731768730e-01 2.011151639082167375e-01 2.152502490298483506e-01 2.285502747186133887e-01 2.408112897386710527e-01 2.515840649757895564e-01 2.601509188938772588e-01 2.654987182107959032e-01 2.663137523687889030e-01 2.610411355532297195e-01
2.648223440116413974e-01 2.658211782783673205e-01 2.627087372845255397e-01 2.564846466752772058e-01 2.479607833037790199e-01 2.377677674903810046e-01 2.263761658834299861e-01 2.141121501155739126e-01 2.011579445755626583e-01 1.875388234816377508e-01 1.731094377994255862e-01 1.575599582276887567e-01 1.404624687425032048e-01 1.213670762799148456e-01 9.993694688285290062e-02 8.126643642265017620e-02 6.701556355134812015e-02 5.174336805022979741e-02 3.950665264392032305e-02 4.569886086707136696e-02 5.329151603544725335e-02 7.756458979105218532e-02 1.006099859947558600e-01 1.219550275331736516e-01 1.414471072744921398e-01 1.592146030877946428e-01 1.755562607095271233e-01 1.908058150176013268e-01 2.052158697291038836e-01 2.188827365081560117e-01 2.317078599159174135e-01 2.433760961459824901e-01 2.533317146449310941e-01 2.607463377084589529e-01 2.644927402040233577e-01 2.631579709331201000e-01 2.551407255780285821e-01
2.648669888847208220e-01 2.634235371657546732e-01 2.583358390156798023e-01 2.505013652909159894e-01 2.406292453776157914e-01 2.292592914442104779e-01 2.167854029167163576e-01 2.034679476442174118e-01 1.894304981457456127e-01 1.746474932804533420e-01 1.589392436415505705e-01 1.419952639535997096e-01 1.234416420806333375e-01 1.029517238766264053e-01 8.037689826645932900e-02 6.638679373324407607e-02 5.265254871797727526e-02 3.839902569798520765e-02 4.113127927094896441e-02 4.809863628875418740e-02 6.747398099683815653e-02 9.014894309729394595e-02 1.113465030408804096e-01 1.308685967973985953e-01 1.487722403293541273e-01 1.652904188240351402e-01 1.807217552716527675e-01 1.953253209328655315e-01 2.092439807311999855e-01 2.224595327761562658e-01 2.347669538177759307e-01 2.457503251527934085e-01 2.547499739754660597e-01 2.608254543724513042e-01 2.627375306134259181e-01 2.589884548914805351e-01 2.479645802645260855e-01
2.635036222887098267e-01 2.598604492908379582e-01 2.529954100688904250e-01 2.437047256759270197e-01 2.326031656195457764e-01 2.201498693839360754e-01 2.066705179656660452e-01 1.923655319486970439e-01 1.773047324166364680e-01 1.614193861828088494e-01 1.445100990725853296e-01 1.262891261811592558e-01 1.064649174405150056e-01 8.485677692093965274e-02 6.498083299784980504e-02 5.243464081372811031e-02 3.936113661585902146e-02 3.520087120055735708e-02 4.254943460147911360e-02 5.725060017564374132e-02 7.971974255293806655e-02 1.008695578387251574e-01 1.204658246535245808e-01 1.385138753136989920e-01 1.551982224988553982e-01 1.707889751472786710e-01 1.855464049006494975e-01 1.996462971674134168e-01 2.131328119414604427e-01 2.258909007823244053e-01 2.376232805247582291e-01 2.478195222621745186e-01 2.557154020354782120e-01 2.602563694931802618e-01 2.600960597624596971e-01 2.536727070560459429e-01 2.394027531089307215e-01
2.609215883963706961e-01 2.553006928532106645e-01 2.468352189007519126e-01 2.362254339515215962e-01 2.240018755470427614e-01 2.105536706878019249e-01 1.961474215255948339e-01 1.809313101759192077e-01 1.649296506150506880e-01 1.480423283911525001e-01 1.300677578523145306e-01 1.107628666729556094e-01 8.993808851999929299e-02 6.756462172361320240e-02 5.219942898502268058e-02 4.001884856452496420e-02 2.862811631883202187e-02 3.626514216348625946e-02 4.658543925938261193e-02 6.896000389266987440e-02 9.016901179573437453e-02 1.099300402434721519e-01 1.281924721885597251e-01 1.450927597741781538e-01 1.608726655069877554e-01 1.757900842813531483e-01 1.900454810259532279e-01 2.037331418073790590e-01 2.168125523151123446e-01 2.290869902921921775e-01 2.401761263778079691e-01 2.494764077983139261e-01 2.561154604437339000e-01 2.589225796604390784e-01 2.564526163107833101e-01 2.471070421520550897e-01 2.293822613911288555e-01
2.572736794522832993e-01 2.498712030401018525e-01 2.399588262861661325e-01 2.281490722473323851e-01 2.148991391433907328e-01 2.005388010349722916e-01 1.852851609380386233e-01 1.692435135092006382e-01 1.524037437509164483e-01 1.346490252945957145e-01 1.157936852113759379e-01 9.565676305262305057e-02 7.415904937721969070e-02 5.260095693683221330e-02 4.107061672155130905e-02 2.944559641337794742e-02 2.983202876530159295e-02 3.787541875329657887e-02 5.776078727701208781e-02 7.906688813548043426e-02 9.905400584350446125e-02 1.176029662603051834e-01 1.347906279117277450e-01 1.508206218781405483e-01 1.659395198437114971e-01 1.803631194164912188e-01 1.942251413163243456e-01 2.075468664481490977e-01 2.202168724875321060e-01 2.319675678338019853e-01 2.423393479610695123e-01 2.506325777101551244e-01 2.558611278650213539e-01 2.567370312841149027e-01 2.517286029190965446e-01 2.392336816111253484e-01 2.178839294460658549e-01
2.526773409193441844e-01 2.436610311715401433e-01 2.324314754747161538e-01 2.195236364816523233e-01 2.053326064264558715e-01 1.901393359932945504e-01 1.741213167697953368e-01 1.573514848147836709e-01 1.397980594531556819e-01 1.213429640823651262e-01 1.018322547435482756e-01 8.115723178461872744e-02 5.934507059452386046e-02 4.280338159717871072e-02 3.168634905778352356e-02 2.368034455571851882e-02 3.174764514696112178e-02 4.620231705867847150e-02 6.755670448452519294e-02 8.776529639678377903e-02 1.066322892053032517e-01 1.241617548791282416e-01 1.405044164124736594e-01 1.558813215180255840e-01 1.705105546074454081e-01 1.845528779418467991e-01 1.980785867335309036e-01 2.110472887793681251e-01 2.232879072954024879e-01 2.344679430503579798e-01 2.440476312753389609e-01 2.512253297245346517e-01 2.548949547017324568e-01 2.536520822892214255e-01 2.458946683236566400e-01 2.300544899846083124e-01 2.049561059556898046e-01
2.472190531487185317e-01 2.367276989087049865e-01 2.242875013599699152e-01 2.103675782374735126e-01 1.953125011307406955e-01 1.793649371391526914e-01 1.626728635167086767e-01 1.452878646049851896e-01 1.271693621325970247e-01 1.082118258774562719e-01 8.830379465774365610e-02 6.740982868848227616e-02 4.564780107383407254e-02 3.448839985542614950e-02 2.399787208433205518e-02 2.594443538397187693e-02 3.444967366561021288e-02 5.573108561916721021e-02 7.608891638904917432e-02 9.525047501381322945e-02 1.131381824412831805e-01 1.298358024385379283e-01 1.455230161539892153e-01 1.604046892251990986e-01 1.746540638487582842e-01 1.883762974791466094e-01 2.015872066646598737e-01 2.141958497867240963e-01 2.259792475177581084e-01 2.365417600803349785e-01 2.452594528097847559e-01 2.512215319425138427e-01 2.531966346464855633e-01 2.496673396896142150e-01 2.389808354079605013e-01 2.196426234479190442e-01 1.907262253794309859e-01
2.409619412501015079e-01 2.291063832275647139e-01 2.155401670080414334e-01 2.006797176664688875e-01 1.848312894849925281e-01 1.682100587488588317e-01 1.509446266880079268e-01 1.330758124511698115e-01 1.145654674177249283e-01 9.533044311147254035e-02 7.530547122893298251e-02 5.451984975752846574e-02 3.769793456272433479e-02 2.754061248244662682e-02 2.053466707607446567e-02 2.867638917574240678e-02 4.372169823307293229e-02 6.409407761305677131e-02 8.347130445224403006e-02 1.016898100076180783e-01 1.187547298236874410e-01 1.347890857236469231e-01 1.499683866217139949e-01 1.644626736573513992e-01 1.783967101852738379e-01 1.918268347230991933e-01 2.047250988588587006e-01 2.169591203224172093e-01 2.282583761312783621e-01 2.381629856167402637e-01 2.459595173295724690e-01 2.506214078642869936e-01 2.507888442600327839e-01 2.448378883546486751e-01 2.310868976391778629e-01 2.081542285205046083e-01 1.754124376896148418e-01
2.339560033616046864e-01 2.208216773810611488e-01 2.061940544566814582e-01 1.904515037786559395e-01 1.738751115896359223e-01 1.566638112489447676e-01 1.389367178621597476e-01 1.207330568817210487e-01 1.020250955625073702e-01 8.275629819446764235e-02 6.290356882644394798e-02 4.254423675051641901e-02 3.118628464490787525e-02 2.177371783890293816e-02 2.330410714786792029e-02 3.169961077992790310e-02 5.188053021358882827e-02 7.132970497549991074e-02 8.979933656680524900e-02 1.072065572554549845e-01 1.236025620607279080e-01 1.391165707653745642e-01 1.538987600140065692e-01 1.680774066046126225e-01 1.817330625462640625e-01 1.948830493916792195e-01 2.074655367622976199e-01 2.193131672607876170e-01 2.301096804736990353e-01 2.393285809457627866e-01 2.461620671141929451e-01 2.494632773933119496e-01 2.477439420531292458e-01 2.392831136302864536e-01 2.223931015534446887e-01 1.958403554607760499e-01 1.593360241770691854e-01
2.262493505195745935e-01 2.119004615073591391e-01 1.962587011944400828e-01 1.796804720422972845e-01 1.624360025151764808e-01 1.447197557630923725e-01 1.266506146157607426e-01 1.082730449648702936e-01 8.957332562604072845e-02 7.051951330973880994e-02 5.111972341768320632e-02 3.470156069297066631e-02 2.545470773975087864e-02 1.815421983825773675e-02 2.605433554662526380e-02 3.961848435744741437e-02 5.890771885013539738e-02 7.747158366382601857e-02 9.513760664392141575e-02 1.118717916285087710e-01 1.277388073387934753e-01 1.428500593208904546e-01 1.573192669101767249e-01 1.712335624387492372e-01 1.846370461674344543e-01 1.975176602470621046e-01 2.097873738224147189e-01 2.212478801379688664e-01 2.315376031464969342e-01 2.400613448109406023e-01 2.459140915536389971e-01 2.478275851599448798e-01 2.441890451601276824e-01 2.331928342929112941e-01 2.131671851712023114e-01 1.830548060886750816e-01 1.429303650481112131e-01
2.178976539122963463e-01 2.023827609587528498e-01 1.857601373449980497e-01 1.683814655184240894e-01 1.505215529477462177e-01 1.323825800576081402e-01 1.140913996855625612e-01 9.570154642610960438e-02 7.721203683219377001e-02 5.860770392663431499e-02 3.991205477935168972e-02 2.867589116203816957e-02 2.021094756082675303e-02 2.047582016553964324e-02 2.846853657459125914e-02 4.640245548290711924e-02 6.479335411829083291e-02 8.253638001670916824e-02 9.951025900629512089e-02 1.157003696266485776e-01 1.311593582250679957e-01 1.459654059465284037e-01 1.601915618854339585e-01 1.738878623018100256e-01 1.870696707205884990e-01 1.997029632865481574e-01 2.116784641920655130e-01 2.227690660657723754e-01 2.325680273955943733e-01 2.404109364723107378e-01 2.452960289090393986e-01 2.458370648123093249e-01 2.403052577715489579e-01 2.268251355347558618e-01 2.037605397478709224e-01 1.702489445708029736e-01 1.267357888809613198e-01
2.089679048971924691e-01 1.923258364011116162e-01 1.747449429595829551e-01 1.565899729649653238e-01 1.381565252638564667e-01 1.196667886062072750e-01 1.012623501688946631e-01 8.300632885322409282e-02 6.490457410587745224e-02 4.694646178187272118e-02 3.139759838147711257e-02 2.272766514664491949e-02 1.511693107546998455e-02 2.218598853698578593e-02 3.419607441744006160e-02 5.202743881297541145e-02 6.952972976941206029e-02 8.651683242225657877e-02 1.028963006572666955e-01 1.186498572842727556e-01 1.338009161145862491e-01 1.483859667090428047e-01 1.624367565912696876e-01 1.759702093390690947e-01 1.889780598957183089e-01 2.014082415331036602e-01 2.131322693420258929e-01 2.238949351032393509e-01 2.332448904696434455e-01 2.404503264262264906e-01 2.444172429942814972e-01 2.436499908423911676e-01 2.363171519460138259e-01 2.204905154612371576e-01 1.945859358407157347e-01 1.579430906196459261e-01 1.113665946021190761e-01
