BlockUplift_2Ma_1kryTimeStep_2mmyr_k_1e-05_m_0.5_n_1.0_LinDiffusion_0.25_3x6km_30mRes_topographic__elevation.txt
nrows 200
cellsize 30.0
xllcorner 0.0
ncols 100
yllcorner 0.0
[rows 102 to 118 of 200, columns 37 to 73 of 100]
1.045518433900706896e+03 1.024309208576624997e+03 1.006925426878071335e+03 9.963695075841540074e+02 9.950900144102663489e+02 1.003589555287123858e+03 1.020063406541935933e+03 1.041430460099350512e+03 1.064850201653595832e+03 1.088587070605430654e+03 1.111952728261426273e+03 1.134824155861469990e+03 1.157246798416038928e+03 1.179267022418433044e+03 1.200905728882003814e+03 1.222170768143115993e+03 1.243066177723464307e+03 1.263594537293779240e+03 1.283757158891199197e+03 1.303554541972993547e+03 1.322987265499264595e+03 1.342056911985723445e+03 1.360766842465598529e+03 1.379122997351120603e+03 1.397135063402622336e+03 1.414818226697024329e+03 1.432195451669979548e+03 1.449299907862995951e+03 1.466176719804919458e+03 1.482882650826678400e+03 1.499482153125884679e+03 1.516039022434836170e+03 1.532604591773880429e+03 1.549205103552032369e+03 1.565831560918668401e+03 1.582434481874304993e+03 1.598924007415082087e+03
1.042259131822302379e+03 1.020865688922269669e+03 1.003143011975664535e+03 9.921454495092280013e+02 9.904217630812084963e+02 9.985605351688042219e+02 1.014773455328051000e+03 1.035931036116907990e+03 1.059128806170638427e+03 1.082591002741263765e+03 1.105617888272115124e+03 1.128090479116776578e+03 1.150062545953122253e+03 1.171589303147778310e+03 1.192700666236311463e+03 1.213413547501122594e+03 1.233740782822879964e+03 1.253693367377536333e+03 1.273280754999203964e+03 1.292511442367988593e+03 1.311393900664498915e+03 1.329937515917860765e+03 1.348153486343133409e+03 1.366055949755399524e+03 1.383663722124854985e+03 1.401002788932850535e+03 1.418109156926112064e+03 1.435031035153555422e+03 1.451828746872214424e+03 1.468570638741091898e+03 1.485324148620657070e+03 1.502143146198070781e+03 1.519054606768008853e+03 1.536048307719236163e+03 1.553072095476574532e+03 1.570032991827252090e+03 1.586802261387260160e+03
1.038706911392584516e+03 1.017354942101930419e+03 9.994579927415674092e+02 9.880703731028702350e+02 9.858204801225319898e+02 9.934061064364780123e+02 1.009105778715968540e+03 1.029790506567438342e+03 1.052521892646659580e+03 1.075495672181109740e+03 1.098002893078085435e+03 1.119928343649720091e+03 1.141333933704013589e+03 1.162283498441969869e+03 1.182815131245243947e+03 1.202953190216411940e+03 1.222717073089434962e+03 1.242123553000794118e+03 1.261187336583385559e+03 1.279921875236108690e+03 1.298340463605961986e+03 1.316457434150092013e+03 1.334289551199444531e+03 1.351857891855216167e+03 1.369190435043756452e+03 1.386325145277996171e+03 1.403312575211676176e+03 1.420216286197176032e+03 1.437109134002271730e+03 1.454064166120308300e+03 1.471140889773781055e+03 1.488370246180686991e+03 1.505742887144367842e+03 1.523204152579565516e+03 1.540656243016331246e+03 1.557965242529851139e+03 1.574969351487199674e+03
1.034357903321269760e+03 1.013206750106630807e+03 9.952562931673892308e+02 9.835286132178965772e+02 9.807135232250685704e+02 9.876252043246508947e+02 1.002637477299389957e+03 1.022656510247520032e+03 1.044737619007843250e+03 1.067064380736923340e+03 1.088926057793843938e+03 1.110213462308732460e+03 1.130996096832647936e+03 1.151344179094792935e+03 1.171300701708091538e+03 1.190893706200359702e+03 1.210145325759917796e+03 1.229074447434381682e+03 1.247697624813446510e+03 1.266030189024284709e+03 1.284087656301361676e+03 1.301887455233463925e+03 1.319451202033710160e+03 1.336807612072946540e+03 1.353995769473699738e+03 1.371067915649100087e+03 1.388090218840721491e+03 1.405139629343499792e+03 1.422295360942594016e+03 1.439625009849558182e+03 1.457167857797468741e+03 1.474920295336493155e+03 1.492828350442662440e+03 1.510789399471662591e+03 1.528661160100860116e+03 1.546273429359013107e+03 1.563437920899431674e+03
1.028685222296742040e+03 1.007829436597053586e+03 9.899103286582368355e+02 9.779022938076548144e+02 9.745385840795552213e+02 9.807406723598650160e+02 9.949852006726623586e+02 1.014234647087916755e+03 1.035562438092187676e+03 1.057158555374753860e+03 1.078320105907513607e+03 1.098946173256338170e+03 1.119111664896010780e+03 1.138889000322058337e+03 1.158321430986475434e+03 1.177436359131689869e+03 1.196254923757966026e+03 1.214795038290173352e+03 1.233072677012702570e+03 1.251103338515830501e+03 1.268903879947275527e+03 1.286495007418122668e+03 1.303904673707020720e+03 1.321171897953679718e+03 1.338349822629254732e+03 1.355506522334409283e+03 1.372722015371338102e+03 1.390080335425770500e+03 1.407656563945199196e+03 1.425500274690484503e+03 1.443618912069805447e+03 1.461966259553963710e+03 1.480440333678918250e+03 1.498891405028387908e+03 1.517136618637038737e+03 1.534975311395631707e+03 1.552199659254767539e+03
1.021299653236365998e+03 1.000790647916842317e+03 9.829691363242295665e+02 9.707546492459736100e+02 9.669046647489224142e+02 9.724290235073665372e+02 9.859030800131281467e+02 1.004358950046672135e+03 1.024908851411084470e+03 1.045765450508521781e+03 1.066240750035779001e+03 1.086241684379636354e+03 1.105844539283492622e+03 1.125119235444293508e+03 1.144105269496671099e+03 1.162826354345465916e+03 1.181300425315909479e+03 1.199543016180498853e+03 1.217569052614630891e+03 1.235394782756743780e+03 1.253040036231798240e+03 1.270531425697859731e+03 1.287906656575435136e+03 1.305218459448733711e+03 1.322535778781473937e+03 1.339940524578218174e+03 1.357519399445555791e+03 1.375351456089668318e+03 1.393492987040294565e+03 1.411961936770430839e+03 1.430724775230292380e+03 1.449689640940524441e+03 1.468708938626854888e+03 1.487591620630749048e+03 1.506121475229878342e+03 1.524074992739650270e+03 1.541232495785558967e+03
1.012024708756273526e+03 9.918881037614797833e+02 9.742199083651609044e+02 9.618798421956877291e+02 9.576304062775092234e+02 9.625490699078671923e+02 9.753029576438144659e+02 9.930031117180711817e+02 1.012815459571039810e+03 1.032984936552573345e+03 1.052839835474435858e+03 1.072291455443356426e+03 1.091413145324245079e+03 1.110269272678006246e+03 1.128894054219479131e+03 1.147307012414323253e+03 1.165523036727428007e+03 1.183556253593623069e+03 1.201422716635380311e+03 1.219142878701040900e+03 1.236743842184300547e+03 1.254262524545118367e+03 1.271749881047973986e+03 1.289273477035562337e+03 1.306914927561777176e+03 1.324761133533537986e+03 1.342891050318523412e+03 1.361360987458096361e+03 1.380191222684688228e+03 1.399355551215545802e+03 1.418774566621653548e+03 1.438313975030875326e+03 1.457789931627677106e+03 1.476982353952044832e+03 1.495653984090438826e+03 1.513569144303123494e+03 1.530504817025177317e+03
1.000883347338906106e+03 9.811226884278239595e+02 9.636482287532938926e+02 9.512566376511780391e+02 9.466993565150629593e+02 9.511039294985816923e+02 9.632227066452177269e+02 9.802504727722589450e+02 9.994134302803486207e+02 1.018989790823198859e+03 1.038320176006203383e+03 1.057315676619443138e+03 1.076044492111142745e+03 1.094565978667926174e+03 1.112911385111022582e+03 1.131099066901580727e+03 1.149144208632891605e+03 1.167063489626189948e+03 1.184879013212947712e+03 1.202620974562951460e+03 1.220328751691753951e+03 1.238052480924425481e+03 1.255855589487864336e+03 1.273814549097570534e+03 1.292011680366175142e+03 1.310521341563354781e+03 1.329394000115983772e+03 1.348643115529196166e+03 1.368237571552825329e+03 1.388099507815234801e+03 1.408105489331250737e+03 1.428089458942007241e+03 1.447848297688839466e+03 1.467152333582372876e+03 1.485761221482546034e+03 1.503440728708238566e+03 1.519972715210123624e+03
9.880454415417439122e+02 9.686427965234854582e+02 9.513817192184293390e+02 9.389960312794330548e+02 9.342153070282244016e+02 9.382039137589342772e+02 9.497926404271203182e+02 9.662589979912742137e+02 9.848874535898976319e+02 1.003983661577533667e+03 1.022894190241084061e+03 1.041527103942750045e+03 1.059947383364410143e+03 1.078214815688736280e+03 1.096364779868212281e+03 1.114421799228534155e+03 1.132408239438991814e+03 1.150349557594753151e+03 1.168279114238740704e+03 1.186240115509739098e+03 1.204284180408743168e+03 1.222469915048403664e+03 1.240862698697009819e+03 1.259531430403297009e+03 1.278537960945807754e+03 1.297921159839227130e+03 1.317682305335647698e+03 1.337777361312191488e+03 1.358117562346873001e+03 1.378576055777782130e+03 1.398996274962722509e+03 1.419198152195270268e+03 1.438981645393101644e+03 1.458130949365764536e+03 1.476422920824428957e+03 1.493638340851357498e+03 1.509569633554920756e+03
9.737706978684576598e+02 9.546945313453815061e+02 9.376495016131004832e+02 9.253101879177348792e+02 9.203782602683469349e+02 9.240448948392327111e+02 9.352116664194562645e+02 9.512332152094005551e+02 9.694452164134588656e+02 9.881727262192030139e+02 1.006763509634699176e+03 1.025124099561084904e+03 1.043323461967300091e+03 1.061432302960834249e+03 1.079501446373282761e+03 1.097571843098985710e+03 1.115680798786483820e+03 1.133866505636546663e+03 1.152172557481356534e+03 1.170648475832274698e+03 1.189345825352193060e+03 1.208314393014014740e+03 1.227600161588130504e+03 1.247240768193850272e+03 1.267254633659847741e+03 1.287626919378081539e+03 1.308299759452187800e+03 1.329171495644830884e+03 1.350104501124196759e+03 1.370938063876663136e+03 1.391501321953056504e+03 1.411621014851142263e+03 1.431121719686910637e+03 1.449821767705373986e+03 1.467531150309716622e+03 1.484054477003394368e+03 1.499195962708606885e+03
9.583568996617365201e+02 9.395750607338668488e+02 9.227426335852944703e+02 9.104797968237284067e+02 9.054566506189083839e+02 9.088828818767847224e+02 9.197232710615196538e+02 9.354035350335242356e+02 9.533046178525435153e+02 9.717666212385634026e+02 9.901392235979533325e+02 1.008334515601663497e+03 1.026436876129419716e+03 1.044540316194865909e+03 1.062721572148110681e+03 1.081044580229028952e+03 1.099562605551358729e+03 1.118320457761230728e+03 1.137357816989726189e+03 1.156709324505057566e+03 1.176401195093110346e+03 1.196448542948546901e+03 1.216854424079573164e+03 1.237606406546587095e+03 1.258667987878039185e+03 1.279968776610760187e+03 1.301400269298927697e+03 1.322820306920615167e+03 1.344064485510205031e+03 1.364961149658943896e+03 1.385345791375253611e+03 1.405069024894278073e+03 1.423993504276512795e+03 1.441981555009466774e+03 1.458881918421144746e+03 1.474523803422704532e+03 1.488719982279579426e+03
9.420983877795445096e+02 9.235884265479990063e+02 9.069700104704378418e+02 8.948130811244175220e+02 8.897525062352672194e+02 8.930085778705355324e+02 9.036033700585918496e+02 9.190320849036020263e+02 9.367224023949720504e+02 9.550335243112371018e+02 9.733245048475026806e+02 9.915231893255447631e+02 1.009739186648481109e+03 1.028095510269942224e+03 1.046694094326184995e+03 1.065614327525590625e+03 1.084911458644063259e+03 1.104616723592920152e+03 1.124740287569734392e+03 1.145273711954275768e+03 1.166191712471197889e+03 1.187455068922538658e+03 1.209013239107275922e+03 1.230802746767133385e+03 1.252740735371982510e+03 1.274718438306530288e+03 1.296600199321730997e+03 1.318229589294062407e+03 1.339440602051650558e+03 1.360071687257139502e+03 1.379979663899647448e+03 1.399047185400051831e+03 1.417176811732177612e+03 1.434271779092496445e+03 1.450213509220427568e+03 1.464848885709228625e+03 1.477993716299888320e+03
9.252608878630362597e+02 9.070150161483558122e+02 8.906262752324515759e+02 8.786182918445358609e+02 8.735860515087823615e+02 8.767516238073980048e+02 8.871904984017404558e+02 9.024728015750723671e+02 9.200845032755180455e+02 9.384161440477696488e+02 9.568457167252042836e+02 9.753216850654673635e+02 9.939766330789871063e+02 1.012951116827141391e+03 1.032351908699075693e+03 1.052247756557675075e+03 1.072668218873006026e+03 1.093604840812848124e+03 1.115015822254948489e+03 1.136833082339365092e+03 1.158971576052801765e+03 1.181339190398550272e+03 1.203842500253501612e+03 1.226385123440710231e+03 1.248860968266033296e+03 1.271148303277721652e+03 1.293109196769921709e+03 1.314594850503979160e+03 1.335455112707717262e+03 1.355550835774139387e+03 1.374766502772739614e+03 1.393016144936218780e+03 1.410234384135142363e+03 1.426352247027588646e+03 1.441269394831361296e+03 1.454839150401839106e+03 1.466875580516585387e+03
9.080733230303598020e+02 8.901018144742536151e+02 8.739850085069099350e+02 8.622068587320807183e+02 8.573169901514971798e+02 8.605270175248799660e+02 8.709605189144708675e+02 8.862713385041778338e+02 9.040204102926072665e+02 9.226423064085521446e+02 9.415353825965195256e+02 9.606578722731899234e+02 9.801437416948158443e+02 1.000120943771526981e+03 1.020666325903612005e+03 1.041804673791238883e+03 1.063514149984044707e+03 1.085732415161761537e+03 1.108363962312958620e+03 1.131290457898781824e+03 1.154384874881047153e+03 1.177525002081685216e+03 1.200599202944543549e+03 1.223502328814895918e+03 1.246126894183834111e+03 1.268356450668368552e+03 1.290064789554912977e+03 1.311120758872265242e+03 1.331397006557202076e+03 1.350781073969562385e+03 1.369185544430591108e+03 1.386550127069817336e+03 1.402828578075660062e+03 1.417961796490908910e+03 1.431850154503021258e+03 1.444342183095678138e+03 1.455248602267478873e+03
8.907303523356829373e+02 8.730685549644542789e+02 8.573123181316078671e+02 8.459183852942760495e+02 8.413834813961808550e+02 8.448871240537371250e+02 8.555846859424292461e+02 8.712144782553311870e+02 8.894223650726952428e+02 9.086895373938280045e+02 9.284209485952010255e+02 9.485569529158952946e+02 9.691987284549976494e+02 9.904276668678799069e+02 1.012262340321154511e+03 1.034665458665688902e+03 1.057559179060265706e+03 1.080837071779600819e+03 1.104372181661906325e+03 1.128026044772308524e+03 1.151661511422910280e+03 1.175154399193061636e+03 1.198396343946847310e+03 1.221288012597343595e+03 1.243729317316301831e+03 1.265613593319060783e+03 1.286828300159695118e+03 1.307261137778118837e+03 1.326809111538120760e+03 1.345387670435018663e+03 1.362935736150231605e+03 1.379410935996700118e+03 1.394771657298430000e+03 1.408950582751969932e+03 1.421833154049352061e+03 1.433255612200491441e+03 1.443028121889911063e+03
8.733984752789576760e+02 8.561197430668114521e+02 8.408849535098662500e+02 8.301403286872995295e+02 8.263133835958740292e+02 8.305097214916569328e+02 8.418763398466487615e+02 8.582162022402497996e+02 8.772547196934186786e+02 8.975108759187266969e+02 9.183748289327394332e+02 9.397400188878939389e+02 9.616486899384135540e+02 9.841202567316942122e+02 1.007113202430480442e+03 1.030539031871382122e+03 1.054284635087711649e+03 1.078226893295167429e+03 1.102238147012047421e+03 1.126189798025686287e+03 1.149959207952325187e+03 1.173436214678028136e+03 1.196522791990112637e+03 1.219125898082763797e+03 1.241149937776780689e+03 1.262494558747903056e+03 1.283058877695489628e+03 1.302749757187114028e+03 1.321490315399207020e+03 1.339224490408978454e+03 1.355913782592407188e+03 1.371523930394848549e+03 1.386003435830356921e+03 1.399261861158744750e+03 1.411159806933759000e+03 1.421519966924445271e+03 1.430159207326948035e+03
8.562215852152473872e+02 8.394536284725085125e+02 8.249959878892798315e+02 8.152946316555761541e+02 8.126692518691548912e+02 8.180783127397614862e+02 8.305902713633383883e+02 8.480322578424793392e+02 8.681955914064519675e+02 8.896319678285269674e+02 9.117090343354662991e+02 9.342653724256214218e+02 9.572841889859577122e+02 9.807357124510996300e+02 1.004543027757323898e+03 1.028597434693507012e+03 1.052781236655486964e+03 1.076980536548139298e+03 1.101086482788247167e+03 1.124993105262926747e+03 1.148598104273491572e+03 1.171804758713190722e+03 1.194520428975770528e+03 1.216652132543002608e+03 1.238104119368875899e+03 1.258780969035934049e+03 1.278595434072228272e+03 1.297477204535034161e+03 1.315377751633268190e+03 1.332267100647717143e+03 1.348120875142091791e+03 1.362899981245999925e+03 1.376529637037275506e+03 1.388887070842490857e+03 1.399806187929888438e+03 1.409101976096699445e+03 1.416608749419933247e+03
