BlockUplift_2Ma_1kryTimeStep_2mmyr_k_1e-05_m_0.5_n_1.0_LinDiffusion_0.5_3x6km_30mRes_topographic__elevation.txt
nrows 200
cellsize 30.0
xllcorner 0.0
ncols 100
yllcorner 0.0
[rows 17 to 33 of 200, columns 37 to 73 of 100]
4.140807038848780394e+03 4.140801825554835887e+03 4.140796547030217880e+03 4.140791208689714949e+03 4.140785816010296912e+03 4.140780374525521438e+03 4.140774889819880627e+03 4.140769367523091205e+03 4.140763813304334690e+03 4.140758232866453909e+03 4.140752631940113133e+03 4.140747016277923649e+03 4.140741391648540230e+03 4.140735763830743963e+03 4.140730138607507797e+03 4.140724521760053904e+03 4.140718919061908309e+03 4.140713336272961897e+03 4.140707779133539589e+03 4.140702253358486814e+03 4.140696764631277802e+03 4.140691318598155704e+03 4.140685920862303647e+03 4.140680576978057616e+03 4.140675292445165724e+03 4.140670072703107508e+03 4.140664923125457790e+03 4.140659849014335123e+03 4.140654855594896617e+03 4.140649948009932814e+03 4.140645131314534410e+03 4.140640410470840834e+03 4.140635790342897053e+03 4.140631275691598603e+03 4.140626871169739388e+03 4.140622581317184995e+03 4.140618410556142408e+03
4.104035778792943347e+03 4.104030778775733779e+03 4.104025716197952534e+03 4.104020596252918949e+03 4.104015424193584295e+03 4.104010205327171207e+03 4.104004945009742187e+03 4.103999648640729902e+03 4.103994321657410183e+03 4.103988969529337737e+03 4.103983597752741844e+03 4.103978211844892940e+03 4.103972817338444656e+03 4.103967419775754934e+03 4.103962024703192583e+03 4.103956637665443850e+03 4.103951264199803518e+03 4.103945909830483288e+03 4.103940580062922891e+03 4.103935280378116659e+03 4.103930016226968291e+03 4.103924793024662904e+03 4.103919616145082728e+03 4.103914490915253737e+03 4.103909422609845024e+03 4.103904416445716379e+03 4.103899477576511345e+03 4.103894611087336671e+03 4.103889821989484517e+03 4.103885115215242877e+03 4.103880495612785126e+03 4.103875967941135059e+03 4.103871536865228336e+03 4.103867206951068511e+03 4.103862982660984926e+03 4.103858868348989745e+03 4.103854868256250484e+03
4.066545977016878169e+03 4.066541190520294094e+03 4.066536344136230127e+03 4.066531442836283077e+03 4.066526491649130548e+03 4.066521495655393664e+03 4.066516459982446577e+03 4.066511389799172775e+03 4.066506290310676377e+03 4.066501166752955669e+03 4.066496024387537091e+03 4.066490868496082840e+03 4.066485704374973466e+03 4.066480537329874551e+03 4.066475372670282468e+03 4.066470215704075599e+03 4.066465071732051001e+03 4.066459946042472893e+03 4.066454843905628877e+03 4.066449770568398890e+03 4.066444731248847802e+03 4.066439731130845757e+03 4.066434775358712159e+03 4.066429869031910584e+03 4.066425017199775084e+03 4.066420224856290588e+03 4.066415496934926978e+03 4.066410838303534092e+03 4.066406253759297215e+03 4.066401748023767595e+03 4.066397325737968458e+03 4.066392991457576954e+03 4.066388749648201610e+03 4.066384604680736629e+03 4.066380560826828059e+03 4.066376622254430913e+03 4.066372793023471786e+03
4.028460760444291282e+03 4.028456186691823405e+03 4.028451555715181257e+03 4.028446872265042657e+03 4.028442141146624635e+03 4.028437367214771712e+03 4.028432555368997782e+03 4.028427710548475261e+03 4.028422837726979651e+03 4.028417941907801378e+03 4.028413028118616694e+03 4.028408101406338119e+03 4.028403166831933049e+03 4.028398229465233271e+03 4.028393294379727649e+03 4.028388366647347993e+03 4.028383451333255380e+03 4.028378553490626473e+03 4.028373678155453945e+03 4.028368830341355988e+03 4.028364015034412205e+03 4.028359237188016323e+03 4.028354501717768471e+03 4.028349813496396564e+03 4.028345177348723155e+03 4.028340598046676860e+03 4.028336080304354709e+03 4.028331628773144530e+03 4.028327248036909168e+03 4.028322942607233017e+03 4.028318716918747668e+03 4.028314575324531233e+03 4.028310522091588609e+03 4.028306561396424513e+03 4.028302697320699735e+03 4.028298933846991531e+03 4.028295274854653144e+03
3.989894505029042193e+03 3.989890142313101023e+03 3.989885725014845775e+03 3.989881257665806515e+03 3.989876744849530951e+03 3.989872191196896893e+03 3.989867601381386066e+03 3.989862980114301081e+03 3.989858332139946015e+03 3.989853662230770169e+03 3.989848975182478171e+03 3.989844275809113697e+03 3.989839568938122284e+03 3.989834859405396855e+03 3.989830152050311881e+03 3.989825451710749803e+03 3.989820763218126558e+03 3.989816091392421640e+03 3.989811441037214991e+03 3.989806816934738890e+03 3.989802223840948955e+03 3.989797666480621047e+03 3.989793149542470474e+03 3.989788677674315750e+03 3.989784255478272371e+03 3.989779887505999341e+03 3.989775578253985714e+03 3.989771332158902169e+03 3.989767153593003059e+03 3.989763046859596216e+03 3.989759016188585065e+03 3.989755065732077128e+03 3.989751199560078021e+03 3.989747421656262759e+03 3.989743735913840737e+03 3.989740146131506208e+03 3.989736656009490616e+03
3.950952934105686381e+03 3.950948779876824119e+03 3.950944573675521497e+03 3.950940319816805641e+03 3.950936022665229302e+03 3.950931686630410240e+03 3.950927316162524676e+03 3.950922915747758452e+03 3.950918489903714544e+03 3.950914043174789640e+03 3.950909580127517074e+03 3.950905105345886568e+03 3.950900623426643961e+03 3.950896138974568657e+03 3.950891656597750625e+03 3.950887180902851014e+03 3.950882716490367329e+03 3.950878267949899964e+03 3.950873839855426013e+03 3.950869436760590816e+03 3.950865063194009508e+03 3.950860723654602225e+03 3.950856422606947035e+03 3.950852164476671987e+03 3.950847953645881717e+03 3.950843794448629069e+03 3.950839691166430384e+03 3.950835648023835347e+03 3.950831669184052316e+03 3.950827758744635048e+03 3.950823920733235809e+03 3.950820159103425794e+03 3.950816477730595125e+03 3.950812880407926968e+03 3.950809370842459884e+03 3.950805952651232474e+03 3.950802629357524893e+03
3.911733291812848165e+03 3.911729342767894195e+03 3.911725344318949283e+03 3.911721300567966409e+03 3.911717215663970364e+03 3.911713093798821319e+03 3.911708939202927922e+03 3.911704756140923564e+03 3.911700548907301709e+03 3.911696321822017580e+03 3.911692079226065289e+03 3.911687825477025854e+03 3.911683564944597492e+03 3.911679302006112266e+03 3.911675041042038629e+03 3.911670786431482611e+03 3.911666542547683548e+03 3.911662313753513445e+03 3.911658104396989074e+03 3.911653918806789534e+03 3.911649761287798356e+03 3.911645636116660171e+03 3.911641547537369661e+03 3.911637499756889611e+03 3.911633496940802615e+03 3.911629543209009171e+03 3.911625642631462142e+03 3.911621799223956259e+03 3.911618016943973089e+03 3.911614299686574668e+03 3.911610651280372622e+03 3.911607075483554127e+03 3.911603575979981997e+03 3.911600156375372080e+03 3.911596820193547046e+03 3.911593570872773853e+03 3.911590411762191252e+03
3.872324578544551059e+03 3.872320830712811130e+03 3.872317035995748938e+03 3.872313198286363331e+03 3.872309321522321170e+03 3.872305409681935998e+03 3.872301466780100782e+03 3.872297496864181994e+03 3.872293504009879143e+03 3.872289492317051099e+03 3.872285465905515593e+03 3.872281428910825070e+03 3.872277385480027988e+03 3.872273339767407833e+03 3.872269295930219414e+03 3.872265258124417869e+03 3.872261230500383135e+03 3.872257217198651233e+03 3.872253222345651920e+03 3.872249250049455895e+03 3.872245304395545190e+03 3.872241389442595846e+03 3.872237509218291052e+03 3.872233667715164302e+03 3.872229868886471650e+03 3.872226116642108536e+03 3.872222414844562991e+03 3.872218767304922949e+03 3.872215177778924044e+03 3.872211649963065611e+03 3.872208187490774435e+03 3.872204793928639901e+03 3.872201472772711440e+03 3.872198227444869644e+03 3.872195061289273781e+03 3.872191977568886159e+03 3.872188979462078805e+03
3.832807836684140057e+03 3.832804285510941554e+03 3.832800689913999122e+03 3.832797053582083663e+03 3.832793380246286233e+03 3.832789673676205439e+03 3.832785937676094818e+03 3.832782176080971112e+03 3.832778392752692525e+03 3.832774591576001058e+03 3.832770776454544830e+03 3.832766951306874489e+03 3.832763120062427788e+03 3.832759286657489611e+03 3.832755455031156089e+03 3.832751629121283258e+03 3.832747812860438444e+03 3.832744010171856189e+03 3.832740224965397374e+03 3.832736461133522425e+03 3.832732722547279991e+03 3.832729013052316532e+03 3.832725336464903194e+03 3.832721696568001789e+03 3.832718097107352150e+03 3.832714541787604048e+03 3.832711034268483218e+03 3.832707578161005131e+03 3.832704177023737884e+03 3.832700834359113287e+03 3.832697553609800707e+03 3.832694338155133210e+03 3.832691191307603276e+03 3.832688116309425823e+03 3.832685116329169432e+03 3.832682194458465347e+03 3.832679353708791950e+03
3.793256476079259755e+03 3.793253116506250535e+03 3.793249714907679390e+03 3.793246274773340247e+03 3.793242799633059349e+03 3.793239293053087295e+03 3.793235758632452871e+03 3.793232199999285513e+03 3.793228620807099560e+03 3.793225024731053509e+03 3.793221415464185611e+03 3.793217796713627195e+03 3.793214172196800973e+03 3.793210545637603445e+03 3.793206920762582740e+03 3.793203301297107828e+03 3.793199690961539090e+03 3.793196093467399351e+03 3.793192512513553993e+03 3.793188951782402455e+03 3.793185414936079724e+03 3.793181905612683295e+03 3.793178427422516506e+03 3.793174983944362793e+03 3.793171578721789501e+03 3.793168215259483077e+03 3.793164897019627006e+03 3.793161627418319313e+03 3.793158409822033263e+03 3.793155247544134454e+03 3.793152143841443376e+03 3.793149101910861646e+03 3.793146124886053713e+03 3.793143215834194052e+03 3.793140377752784843e+03 3.793137613566538221e+03 3.793134926124339472e+03
3.753736629849579003e+03 3.753733456391293203e+03 3.753730243236886508e+03 3.753726993682870670e+03 3.753723711063565588e+03 3.753720398747692798e+03 3.753717060134932581e+03 3.753713698652446965e+03 3.753710317751369985e+03 3.753706920903277023e+03 3.753703511596625503e+03 3.753700093333180575e+03 3.753696669624420338e+03 3.753693243987933784e+03 3.753689819943807379e+03 3.753686401011009366e+03 3.753682990703768155e+03 3.753679592527959812e+03 3.753676209977499639e+03 3.753672846530739662e+03 3.753669505646886137e+03 3.753666190762435690e+03 3.753662905287622834e+03 3.753659652602903407e+03 3.753656436055464383e+03 3.753653258955759611e+03 3.753650124574091478e+03 3.753647036137223495e+03 3.753643996825042450e+03 3.753641009767263768e+03 3.753638078040189612e+03 3.753635204663517470e+03 3.753632392597208309e+03 3.753629644738416573e+03 3.753626963918479760e+03 3.753624352899979385e+03 3.753621814373867437e+03
3.714307532187927336e+03 3.714304539004249818e+03 3.714301508380714949e+03 3.714298443426611811e+03 3.714295347286888045e+03 3.714292223138933423e+03 3.714289074189332041e+03 3.714285903670581774e+03 3.714282714837789172e+03 3.714279510965331610e+03 3.714276295343505808e+03 3.714273071275153598e+03 3.714269842072273150e+03 3.714266611052619282e+03 3.714263381536296947e+03 3.714260156842351080e+03 3.714256940285350083e+03 3.714253735171978860e+03 3.714250544797632301e+03 3.714247372443025142e+03 3.714244221370806372e+03 3.714241094822198647e+03 3.714237996013650900e+03 3.714234928133520043e+03 3.714231894338778147e+03 3.714228897751747354e+03 3.714225941456873443e+03 3.714223028497535324e+03 3.714220161872891822e+03 3.714217344534778022e+03 3.714214579384646640e+03 3.714211869270557600e+03 3.714209216984228533e+03 3.714206625258132590e+03 3.714204096762665813e+03 3.714201634103369997e+03 3.714199239818228762e+03
3.675021910819668847e+03 3.675019091783914973e+03 3.675016237487801845e+03 3.675013350859760521e+03 3.675010434861796966e+03 3.675007492486469346e+03 3.675004526753826212e+03 3.675001540708317407e+03 3.674998537415679948e+03 3.674995519959796638e+03 3.674992491439537389e+03 3.674989454965580990e+03 3.674986413657224603e+03 3.674983370639181885e+03 3.674980329038375658e+03 3.674977291980720565e+03 3.674974262587913927e+03 3.674971243974219306e+03 3.674968239243265543e+03 3.674965251484845794e+03 3.674962283771735656e+03 3.674959339156525402e+03 3.674956420668468127e+03 3.674953531310354265e+03 3.674950674055410673e+03 3.674947851844225625e+03 3.674945067581712919e+03 3.674942324134100545e+03 3.674939624325969362e+03 3.674936970937325896e+03 3.674934366700720602e+03 3.674931814298417976e+03 3.674929316359612585e+03 3.674926875457702863e+03 3.674924494107617647e+03 3.674922174763204566e+03 3.674919919814683453e+03
3.635926387722859999e+03 3.635923736485276095e+03 3.635921052087280714e+03 3.635918337283034816e+03 3.635915594858273380e+03 3.635912827627458682e+03 3.635910038430903114e+03 3.635907230131865163e+03 3.635904405613614927e+03 3.635901567776485081e+03 3.635898719534898191e+03 3.635895863814377208e+03 3.635893003548545494e+03 3.635890141676115036e+03 3.635887281137868285e+03 3.635884424873638181e+03 3.635881575819281807e+03 3.635878736903662229e+03 3.635875911045634439e+03 3.635873101151036280e+03 3.635870310109696220e+03 3.635867540792454292e+03 3.635864796048195785e+03 3.635862078700916754e+03 3.635859391546802271e+03 3.635856737351340598e+03 3.635854118846460551e+03 3.635851538727707975e+03 3.635848999651455870e+03 3.635846504232152256e+03 3.635844055039611249e+03 3.635841654596352328e+03 3.635839305374981905e+03 3.635837009795626727e+03 3.635834770223426403e+03 3.635832588966072763e+03 3.635830468271413793e+03
3.597061882582288490e+03 3.597059392628867954e+03 3.597056871533377944e+03 3.597054321882472777e+03 3.597051746292456301e+03 3.597049147406607062e+03 3.597046527892477570e+03 3.597043890439164898e+03 3.597041237754556732e+03 3.597038572562560603e+03 3.597035897600310818e+03 3.597033215615362678e+03 3.597030529362873494e+03 3.597027841602775425e+03 3.597025155096939670e+03 3.597022472606339306e+03 3.597019796888210749e+03 3.597017130693214312e+03 3.597014476762607501e+03 3.597011837825417842e+03 3.597009216595632097e+03 3.597006615769398195e+03 3.597004038022241730e+03 3.597001486006307914e+03 3.596998962347619909e+03 3.596996469643364890e+03 3.596994010459210585e+03 3.596991587326652279e+03 3.596989202740388009e+03 3.596986859155742422e+03 3.596984558986117918e+03 3.596982304600495354e+03 3.596980098320977049e+03 3.596977942420377531e+03 3.596975839119867487e+03 3.596973790586662290e+03 3.596971798931774629e+03
3.558464014254015183e+03 3.558461678960570680e+03 3.558459314460418682e+03 3.558456923179584464e+03 3.558454507571895192e+03 3.558452070116476079e+03 3.558449613315211991e+03 3.558447139690191307e+03 3.558444651781120683e+03 3.558442152142728446e+03 3.558439643342140698e+03 3.558437127956256063e+03 3.558434608569095417e+03 3.558432087769154805e+03 3.558429568146742440e+03 3.558427052291321615e+03 3.558424542788843610e+03 3.558422042219089690e+03 3.558419553153015841e+03 3.558417078150103862e+03 3.558414619755724289e+03 3.558412180498512498e+03 3.558409762887758916e+03 3.558407369410820138e+03 3.558405002530549154e+03 3.558402664682751947e+03 3.558400358273669553e+03 3.558398085677485597e+03 3.558395849233875197e+03 3.558393651245577985e+03 3.558391493976014317e+03 3.558389379646939688e+03 3.558387310436140979e+03 3.558385288475177276e+03 3.558383315847168433e+03 3.558381394584630925e+03 3.558379526667369191e+03
3.520163496254304846e+03 3.520161308935821580e+03 3.520159094262256076e+03 3.520156854505943556e+03 3.520154591965255804e+03 3.520152308962256939e+03 3.520150007840324633e+03 3.520147690961753597e+03 3.520145360705340863e+03 3.520143019463944711e+03 3.520140669642034027e+03 3.520138313653224031e+03 3.520135953917799270e+03 3.520133592860228873e+03 3.520131232906675905e+03 3.520128876482508531e+03 3.520126526009798908e+03 3.520124183904837082e+03 3.520121852575641697e+03 3.520119534419480715e+03 3.520117231820399866e+03 3.520114947146766099e+03 3.520112682748823772e+03 3.520110440956268576e+03 3.520108224075842372e+03 3.520106034388949411e+03 3.520103874149298463e+03 3.520101745580570423e+03 3.520099650874120471e+03 3.520097592186706152e+03 3.520095571638254114e+03 3.520093591309665499e+03 3.520091653240655887e+03 3.520089759427639819e+03 3.520087911821661692e+03 3.520086112326368493e+03 3.520084362796032110e+03
