BlockUplift_2Ma_1kryTimeStep_2mmyr_k_5e-05_m_0.5_n_1.0_LinDiffusion_0.5_3x6km_30mRes_topographic__elevation.txt
nrows 200
cellsize 30.0
xllcorner 0.0
ncols 100
yllcorner 0.0
[rows 68 to 84 of 200, columns 0 to 36 of 100]
1.840285225217819264e-04 7.391844724206799810e+02 7.370196889026394729e+02 7.327753855448710283e+02 7.266200304392970111e+02 7.188030251597560891e+02 7.096561449041346350e+02 6.996025741195403498e+02 6.891719683532055569e+02 6.790096018926744819e+02 6.698591453168845646e+02 6.625012094108142264e+02 6.576472510592100207e+02 6.558137313762755412e+02 6.572195767110655424e+02 6.617479596654703755e+02 6.689896597592809258e+02 6.783517551654030058e+02 6.891902348430729717e+02 7.009209776865882304e+02 7.130801140599414794e+02 7.253303197330284320e+02 7.374297604312730527e+02 7.491873267534367642e+02 7.604229311911454943e+02 7.709419657963563850e+02 7.805250679313433011e+02 7.889307081358598452e+02 7.959077457855537432e+02 8.012155823886821508e+02 8.046491833671469749e+02 8.060648819286719799e+02 8.054015740014463063e+02 8.026919739989401705e+02 7.980606451983422858e+02 7.917090058262805314e+02 7.838910251713721209e+02
7.097052615938138128e-04 7.338340911673308256e+02 7.315588712861275553e+02 7.271173253679330628e+02 7.207168976188265788e+02 7.126482264530336579e+02 7.032738501595617890e+02 6.930293620506290608e+02 6.824377931869944405e+02 6.721250354797911086e+02 6.628131927335159617e+02 6.552696162951406222e+02 6.502066691136080863e+02 6.481546447035863139e+02 6.493521388015287812e+02 6.536992688049615481e+02 6.607957355217953364e+02 6.700496093729648237e+02 6.808140711831567842e+02 6.925033097041820156e+02 7.046559219985681466e+02 7.169416393178307771e+02 7.291289844584998718e+02 7.410388010294608421e+02 7.525031807236199484e+02 7.633388719430702167e+02 7.733358606891424643e+02 7.822582173892860737e+02 7.898543284504272606e+02 7.958746443249325466e+02 8.000951271549350849e+02 8.023432747097029960e+02 8.025218599215171480e+02 8.006247809996344813e+02 7.967406361330438358e+02 7.910426997608169586e+02 7.837676975688162884e+02
5.358893526119778159e-04 7.290696179904766723e+02 7.266786935596596777e+02 7.220289912894278359e+02 7.153666472300180885e+02 7.070239901185251483e+02 6.973958998088510270e+02 6.869328818043188676e+02 6.761539521391725884e+02 6.656672327495060699e+02 6.561730644061243538e+02 6.484235278116967720e+02 6.431289715694007327e+02 6.408310719209396211e+02 6.417872201024246124e+02 6.459154315547099259e+02 6.528264662465778656e+02 6.619316413344461125e+02 6.725828122285824975e+02 6.841928347934727981e+02 6.963021652867075773e+02 7.085864428886558244e+02 7.208232942727838690e+02 7.328444762620828214e+02 7.444936431107465751e+02 7.555988739791904436e+02 7.659602476508678137e+02 7.753491244218414522e+02 7.835161334510256665e+02 7.902063599387428212e+02 7.951807252218827671e+02 7.982414307918455734e+02 7.992573440114183541e+02 7.981837691947949907e+02 7.950714038185506070e+02 7.900617228929944531e+02 7.833697091313144938e+02
7.865496834250549317e-04 7.249702219617879564e+02 7.224703141793327177e+02 7.176226416322199384e+02 7.107068429691831852e+02 7.020918240829531669e+02 6.922015327695273754e+02 6.815007186485038346e+02 6.705058605333423429e+02 6.598096223230107853e+02 6.500923425071266593e+02 6.420913649821160334e+02 6.365147092333896808e+02 6.339153777578544577e+02 6.345707891582588900e+02 6.384195874719030144e+02 6.450870445879747876e+02 6.539906274791680971e+02 6.644822067333540190e+02 6.759728209257210665e+02 6.880029426419290530e+02 7.002517231982735666e+02 7.125036618571131157e+02 7.245997704537402342e+02 7.363943032682043395e+02 7.477263975840082821e+02 7.584066630374769602e+02 7.682150053358589048e+02 7.769064968253693451e+02 7.842239936257277577e+02 7.899171404882723664e+02 7.937665746569991825e+02 7.956100765502626473e+02 7.953654559216259941e+02 7.930444883903069240e+02 7.887538986887291230e+02 7.826827659188545567e+02
6.899969663971962201e-04 7.215598208371313831e+02 7.189689949976338994e+02 7.139539620105206268e+02 7.068187239019316621e+02 6.979589675732160003e+02 6.878200366026220536e+02 6.768769453778518255e+02 6.656433146525231450e+02 6.546983984693401908e+02 6.447052753333875899e+02 6.363888799850160467e+02 6.304567966887952934e+02 6.274756602750883303e+02 6.277465075237652172e+02 6.312335213207815059e+02 6.375816656672392355e+02 6.462184297575655592e+02 6.564970854923425350e+02 6.678255996948765869e+02 6.797413879729300561e+02 6.919234566241515267e+02 7.041599637816916584e+02 7.162989091963809187e+02 7.282038589811137399e+02 7.397245199325071781e+02 7.506822088085237965e+02 7.608662496091495768e+02 7.700378812036034333e+02 7.779404115903251977e+02 7.843157055847681249e+02 7.889266374714766243e+02 7.915831845914294718e+02 7.921675458191936059e+02 7.906524579293753732e+02 7.871077223412431749e+02 7.816928132363605073e+02
5.208326457469299306e-04 7.187966679472224314e+02 7.161405061903806200e+02 7.110027740801310756e+02 7.037008783649922634e+02 6.946451010241904669e+02 6.842918963003193085e+02 6.731200996802573400e+02 6.616381679708687216e+02 6.504127137941411547e+02 6.400918108406045803e+02 6.313905859754434005e+02 6.250190264346001641e+02 6.215612173910600404e+02 6.213473454075319751e+02 6.243741672672734921e+02 6.303134535709189095e+02 6.386079265079570177e+02 6.486141345815411796e+02 6.597353906060861846e+02 6.715021285583293320e+02 6.835885670046369569e+02 6.957824882988531954e+02 7.079360702447019094e+02 7.199205882643807399e+02 7.315956167918409392e+02 7.427931212341437686e+02 7.533123908869278011e+02 7.629221391530805931e+02 7.713683766131123321e+02 7.783883708386480293e+02 7.837309821250952382e+02 7.871819717596425789e+02 7.885904517079736706e+02 7.878908336119625346e+02 7.851146172972831891e+02 7.803885171247665085e+02
1.326157123512118347e-04 7.165798745261740805e+02 7.138857169119265791e+02 7.086739608727116320e+02 7.012651721975859118e+02 6.920725414663324955e+02 6.815532605512478312e+02 6.701827070345610764e+02 6.584603873776027285e+02 6.469392150240954606e+02 6.362527165774304194e+02 6.271073862230907707e+02 6.202176551347694158e+02 6.161888616340688714e+02 6.153866600649869270e+02 6.178488448531087442e+02 6.232828335588255868e+02 6.311533739134495136e+02 6.408232355515199288e+02 6.516899041584740644e+02 6.632727579283614432e+02 6.752361264579014914e+02 6.873628637953252110e+02 6.995060882428327886e+02 7.115428777016069262e+02 7.233417482788878488e+02 7.347450420220702654e+02 7.455622973155660702e+02 7.555706710212494954e+02 7.645207399896034985e+02 7.721480129528667931e+02 7.781909167401117884e+02 7.824147110388919373e+02 7.846384055220167966e+02 7.847595073550247662e+02 7.827705988804895014e+02 7.787630813598411805e+02
1.061506977583670546e-05 7.147714947070309108e+02 7.120628137295585702e+02 7.068196096549996810e+02 6.993580776726819295e+02 6.900855434079965107e+02 6.794517996849687052e+02 6.679224704905714134e+02 6.559839029685681453e+02 6.441726488976232758e+02 6.331058062841160563e+02 6.234798479843077530e+02 6.160133695833371803e+02 6.113350698099607143e+02 6.098515819839494725e+02 6.116503747304086573e+02 6.164843681799668502e+02 6.238486328689053835e+02 6.331166453543114585e+02 6.436800878511518249e+02 6.550438796821244978e+02 6.668575400374895708e+02 6.788942984700232728e+02 6.910046991577085009e+02 7.030694399645860813e+02 7.149648326187243583e+02 7.265431450383911169e+02 7.376242581105076397e+02 7.479944852009355145e+02 7.574104966550404470e+02 7.656085159651564709e+02 7.723198410066983115e+02 7.772928948097230659e+02 7.803198327707393673e+02 7.812632296304049078e+02 7.800768302279568616e+02 7.768148047519788406e+02
3.539348054547032359e-04 7.132259654142460477e+02 7.105187282087164249e+02 7.052737321623810658e+02 6.977988440766400799e+02 6.884908201128617975e+02 6.777874763922766306e+02 6.661407065638630911e+02 6.540202546773596168e+02 6.419429274001611248e+02 6.305056147202597003e+02 6.203907121161290661e+02 6.123176950269697727e+02 6.069378405630385487e+02 6.047019724641879748e+02 6.057545776219601521e+02 6.099038592956154616e+02 6.166845265109656111e+02 6.254869188749374871e+02 6.356986838921316121e+02 6.468082291568447317e+02 6.584460937664475750e+02 6.703714034570423337e+02 6.824285084640489458e+02 6.944993366335734208e+02 7.064666742513408053e+02 7.181921493686360236e+02 7.295059731486226156e+02 7.402041553862086403e+02 7.500506984376186210e+02 7.587846313102143085e+02 7.661330515176368863e+02 7.718309896706882682e+02 7.756470571936862370e+02 7.774112495414740351e+02 7.770391651705832601e+02 7.745464842576921001e+02
7.959797615366401074e-04 7.118161923685499914e+02 7.091180115695694894e+02 7.038860299061520891e+02 6.964190613800708434e+02 6.871024107882972203e+02 6.763609398119074285e+02 6.646316006812031674e+02 6.523657051602248202e+02 6.400573290515611689e+02 6.282786258515018289e+02 6.176920784625492615e+02 6.090121182604565320e+02 6.029086348445064232e+02 5.998766611950861716e+02 6.001225290163686168e+02 6.035182486916311291e+02 6.096476892206809453e+02 6.179255755468211646e+02 6.277391631372240681e+02 6.385600019543603594e+02 6.499966133776135848e+02 6.617900461903874429e+02 6.737749150491854380e+02 6.858318974527114733e+02 6.978488523293950720e+02 7.096961794964208821e+02 7.212143917158838349e+02 7.322096336728310462e+02 7.424542235157238110e+02 7.516916790056546915e+02 7.596473529359893746e+02 7.660459433115381671e+02 7.706356933675837126e+02 7.732165798220156603e+02 7.736672636558187151e+02 7.719643529005894607e+02
4.645001388458952453e-04 7.104485958121741760e+02 7.077602375225585547e+02 7.025435923397498073e+02 6.950898342147279436e+02 6.857745532545316109e+02 6.750113281397204901e+02 6.632233072520330097e+02 6.508434044136268994e+02 6.383412510531471753e+02 6.262602856380021876e+02 6.152368686320573943e+02 6.059729734710433604e+02 5.991505498218880348e+02 5.953055841087799536e+02 5.947078977604923011e+02 5.972996108457858782e+02 6.027225519871869892e+02 6.104240780216905478e+02 6.197962911154241965e+02 6.302952591665967930e+02 6.415057516433367937e+02 6.531474858361063980e+02 6.650420704569025929e+02 6.770665206599555859e+02 6.891124131787714759e+02 7.010584100119774575e+02 7.127553552778898620e+02 7.240199104362263824e+02 7.346334462257799487e+02 7.443452045164150377e+02 7.528806775593653811e+02 7.599567514076375119e+02 7.653041560016572475e+02 7.686954465848790505e+02 7.699739725393832259e+02 7.690773693766146835e+02
6.663241685299370071e-05 7.090655276342467914e+02 7.063835907837186596e+02 7.011767577752995066e+02 6.937308590943276840e+02 6.844146541784822375e+02 6.736334171479035149e+02 6.617990594123356232e+02 6.493276849972328364e+02 6.366643963579055026e+02 6.243214327816140212e+02 6.129037722813005757e+02 6.030934231443212639e+02 5.955763845310879105e+02 5.909236568764431468e+02 5.894669710091741308e+02 5.912220738021011357e+02 5.958960164228965368e+02 6.029769914188052553e+02 6.118682679248678369e+02 6.220133231039354769e+02 6.329727832672662089e+02 6.444426705891687561e+02 6.562287945353435816e+02 6.682023437101489662e+02 6.802574343603660054e+02 6.922806374809814542e+02 7.041332501591361961e+02 7.156427745535290796e+02 7.266000933098304131e+02 7.367608990109121123e+02 7.458520384154821841e+02 7.535844295739270819e+02 7.596736575906506914e+02 7.638673294468351287e+02 7.659754159833904623e+02 7.658973422835417750e+02
8.826015607886622538e-04 7.076387377347582515e+02 7.049582910862616245e+02 6.997526335256325183e+02 6.923044723897629638e+02 6.829785876900266430e+02 6.721750574821697910e+02 6.602975790977567385e+02 6.477479753870730974e+02 6.349482169768888298e+02 6.223787184650460631e+02 6.106095986390319013e+02 6.002964445106886160e+02 5.921210228043324832e+02 5.866816424829493144e+02 5.843675500960823683e+02 5.852687036013445550e+02 5.891625507829138542e+02 5.955856044203253532e+02 6.039591668357043091e+02 6.137182759837882031e+02 6.244003798346523126e+02 6.356765076544419344e+02 6.473345673206167703e+02 6.592381726031276230e+02 6.712830662599430980e+02 6.833635448035676063e+02 6.953515316617482540e+02 7.070855676943649541e+02 7.183661532556373004e+02 7.289555734893380077e+02 7.385824944828366370e+02 7.469529349885568763e+02 7.537690948920807159e+02 7.587558483688877686e+02 7.616919169425799510e+02 7.624398934112169854e+02
1.729906051994496458e-04 7.061595207011265529e+02 7.034759726065400400e+02 6.982632045132017993e+02 6.908024402988216934e+02 6.814566439693767279e+02 6.706232125746657857e+02 6.587003923892109469e+02 6.460785641920964508e+02 6.331589980328001275e+02 6.203913651776675806e+02 6.083094690647376410e+02 5.975377042479383363e+02 5.887459500685338298e+02 5.825512571626961744e+02 5.793938071322722863e+02 5.794355977156162680e+02 5.825273194021974632e+02 5.882601234915630357e+02 5.960803597082690430e+02 6.054198566669015236e+02 6.157952557411938415e+02 6.268525468971785131e+02 6.383605166756884728e+02 6.501739789805315013e+02 6.621896496714657587e+02 6.743094382511217191e+02 6.864159715801620223e+02 6.983587507509433863e+02 7.099475288319645188e+02 7.209506719190917465e+02 7.310983506815850888e+02 7.400919598430635915e+02 7.476214271315716360e+02 7.533907819987169887e+02 7.571497383478738357e+02 7.587259941867607722e+02
4.707794066092438876e-04 7.046299481859450680e+02 7.019400181212881762e+02 6.967140850850613560e+02 6.892328256934291630e+02 6.798586761613516956e+02 6.689880069850247537e+02 6.570157495581812555e+02 6.443235244028265924e+02 6.312948476497903130e+02 6.183509830456110876e+02 6.059897565151873096e+02 5.948014115782485760e+02 5.854374037411774907e+02 5.785248022289711116e+02 5.745466201744676482e+02 5.737323657415863636e+02 5.760065497986001901e+02 5.810199446359007425e+02 5.882509095672243120e+02 5.971342960040462913e+02 6.071697942602257854e+02 6.179797074171940494e+02 6.293134635077099119e+02 6.410163470580428111e+02 6.529854856905651559e+02 6.651300981596416477e+02 6.773432116100954090e+02 6.894846986214901108e+02 7.013725959426624286e+02 7.127801690951654336e+02 7.234380777449117659e+02 7.330426974227904111e+02 7.412722583439448272e+02 7.478115586304668341e+02 7.523836528810055597e+02 7.547838102980338135e+02
1.150140003748908400e-04 7.030570005725419378e+02 7.003590454204627349e+02 6.951168281614565103e+02 6.876107964747769756e+02 6.782033566797591675e+02 6.672906757584755724e+02 6.552657873142294420e+02 6.425038101969030322e+02 6.293735272386010138e+02 6.162708488130278965e+02 6.036592862688501100e+02 5.920935714441104665e+02 5.822014731224512616e+02 5.746116891231338286e+02 5.698410769285221704e+02 5.681803224678169499e+02 5.696263853938813781e+02 5.738933919547819187e+02 5.804985915200114732e+02 5.888870687490526734e+02 5.985469219385546467e+02 6.090795266606548921e+02 6.202156043034761979e+02 6.317904258852034900e+02 6.437006704129486252e+02 6.558619159651238988e+02 6.681764914449867092e+02 6.805132594780675390e+02 6.926968732313499686e+02 7.045037462625662101e+02 7.156635630068972205e+02 7.258669420173665685e+02 7.347807685935464406e+02 7.420721839141378950e+02 7.474401642282090279e+02 7.506505777906869525e+02
4.603609292435284825e-05 7.014492504021339983e+02 6.987432906558606192e+02 6.934847351495133125e+02 6.859536428651388178e+02 6.765122663575376691e+02 6.655567051562519509e+02 6.534788442576538046e+02 6.406490247228448425e+02 6.274240794079796615e+02 6.141778617905912370e+02 6.013420441193419492e+02 5.894357274293903401e+02 5.790589772684637637e+02 5.708344191581430778e+02 5.653035132744770408e+02 5.628106687237209371e+02 5.634224964908241873e+02 5.669192298884222510e+02 5.728638548801009165e+02 5.807197913933016480e+02 5.899702424614090432e+02 6.001995683734744489e+02 6.111209419651878534e+02 6.225588580255470106e+02 6.344077728524973736e+02 6.465874269443447702e+02 6.590070900353033494e+02 6.715422005735323410e+02 6.840216903130625496e+02 6.962230784000813628e+02 7.078736267602777161e+02 7.186576737820752214e+02 7.282314340114212428e+02 7.362463651406592362e+02 7.423804551909325937e+02 7.463738698439358359e+02
