BlockUplift_2Ma_1kryTimeStep_2mmyr_k_5e-05_m_0.5_n_1.0_LinDiffusion_0.75_6x3km_30mRes_flow__link_to_receiver_node.txt
nrows 100
cellsize 30.0
xllcorner 0.0
ncols 200
yllcorner 0.0
[rows 17 to 33 of 100, columns 37 to 73 of 200]
7.201000000000000000e+04 7.201200000000000000e+04 7.201400000000000000e+04 7.201600000000000000e+04 7.201800000000000000e+04 7.202000000000000000e+04 7.202200000000000000e+04 3.256200000000000000e+04 3.256300000000000000e+04 3.256400000000000000e+04 3.256500000000000000e+04 3.256600000000000000e+04 7.203700000000000000e+04 7.203900000000000000e+04 7.204100000000000000e+04 7.204300000000000000e+04 7.204500000000000000e+04 7.204700000000000000e+04 7.204900000000000000e+04 7.205100000000000000e+04 7.205300000000000000e+04 7.205500000000000000e+04 7.205700000000000000e+04 7.205900000000000000e+04 7.206100000000000000e+04 7.206300000000000000e+04 7.206500000000000000e+04 7.206700000000000000e+04 7.206900000000000000e+04 3.258400000000000000e+04 3.258500000000000000e+04 3.258600000000000000e+04 3.258700000000000000e+04 3.258800000000000000e+04 3.258900000000000000e+04 7.208000000000000000e+04 7.208200000000000000e+04
7.161200000000000000e+04 7.161400000000000000e+04 7.161600000000000000e+04 7.161800000000000000e+04 7.162000000000000000e+04 7.162200000000000000e+04 7.162400000000000000e+04 3.216300000000000000e+04 3.216400000000000000e+04 3.216500000000000000e+04 3.216600000000000000e+04 3.216700000000000000e+04 7.163900000000000000e+04 7.164100000000000000e+04 7.164300000000000000e+04 7.164500000000000000e+04 7.164700000000000000e+04 7.164900000000000000e+04 7.165100000000000000e+04 7.165300000000000000e+04 7.165500000000000000e+04 7.165700000000000000e+04 7.165900000000000000e+04 7.166100000000000000e+04 7.166300000000000000e+04 7.166500000000000000e+04 7.166700000000000000e+04 7.166900000000000000e+04 7.167100000000000000e+04 3.218500000000000000e+04 3.218600000000000000e+04 3.218700000000000000e+04 3.218800000000000000e+04 3.218900000000000000e+04 3.219000000000000000e+04 7.168200000000000000e+04 7.168400000000000000e+04
7.121400000000000000e+04 7.121600000000000000e+04 7.121800000000000000e+04 7.122000000000000000e+04 7.122200000000000000e+04 7.122400000000000000e+04 7.122600000000000000e+04 3.176400000000000000e+04 3.176500000000000000e+04 3.176600000000000000e+04 3.176700000000000000e+04 3.176800000000000000e+04 7.124100000000000000e+04 7.124300000000000000e+04 7.124500000000000000e+04 7.124700000000000000e+04 7.124900000000000000e+04 7.125100000000000000e+04 7.125300000000000000e+04 7.125500000000000000e+04 7.125700000000000000e+04 7.125900000000000000e+04 7.126100000000000000e+04 7.126300000000000000e+04 7.126500000000000000e+04 7.126700000000000000e+04 7.126900000000000000e+04 7.127100000000000000e+04 7.127300000000000000e+04 3.178600000000000000e+04 3.178700000000000000e+04 3.178800000000000000e+04 3.178900000000000000e+04 3.179000000000000000e+04 3.179100000000000000e+04 7.128400000000000000e+04 7.128600000000000000e+04
7.081600000000000000e+04 7.081800000000000000e+04 7.082000000000000000e+04 7.082200000000000000e+04 7.082400000000000000e+04 7.082600000000000000e+04 7.082800000000000000e+04 3.136500000000000000e+04 3.136600000000000000e+04 3.136700000000000000e+04 3.136800000000000000e+04 3.136900000000000000e+04 7.084300000000000000e+04 7.084500000000000000e+04 7.084700000000000000e+04 7.084900000000000000e+04 7.085100000000000000e+04 7.085300000000000000e+04 7.085500000000000000e+04 7.085700000000000000e+04 7.085900000000000000e+04 7.086100000000000000e+04 7.086300000000000000e+04 7.086500000000000000e+04 7.086700000000000000e+04 7.086900000000000000e+04 7.087100000000000000e+04 7.087300000000000000e+04 7.087500000000000000e+04 3.138700000000000000e+04 3.138800000000000000e+04 3.138900000000000000e+04 3.139000000000000000e+04 3.139100000000000000e+04 3.139200000000000000e+04 7.088600000000000000e+04 7.088800000000000000e+04
7.041800000000000000e+04 7.042000000000000000e+04 7.042200000000000000e+04 7.042400000000000000e+04 7.042600000000000000e+04 7.042800000000000000e+04 7.043000000000000000e+04 3.096600000000000000e+04 3.096700000000000000e+04 3.096800000000000000e+04 3.096900000000000000e+04 3.097000000000000000e+04 7.044500000000000000e+04 7.044700000000000000e+04 7.044900000000000000e+04 7.045100000000000000e+04 7.045300000000000000e+04 7.045500000000000000e+04 7.045700000000000000e+04 7.045900000000000000e+04 7.046100000000000000e+04 7.046300000000000000e+04 7.046500000000000000e+04 7.046700000000000000e+04 7.046900000000000000e+04 7.047100000000000000e+04 7.047300000000000000e+04 7.047500000000000000e+04 7.047700000000000000e+04 3.098800000000000000e+04 3.098900000000000000e+04 3.099000000000000000e+04 3.099100000000000000e+04 3.099200000000000000e+04 3.099300000000000000e+04 7.048800000000000000e+04 7.049000000000000000e+04
7.002000000000000000e+04 7.002200000000000000e+04 7.002400000000000000e+04 7.002600000000000000e+04 7.002800000000000000e+04 7.003000000000000000e+04 7.003200000000000000e+04 3.056700000000000000e+04 3.056800000000000000e+04 3.056900000000000000e+04 3.057000000000000000e+04 3.057100000000000000e+04 7.004700000000000000e+04 7.004900000000000000e+04 7.005100000000000000e+04 7.005300000000000000e+04 7.005500000000000000e+04 7.005700000000000000e+04 7.005900000000000000e+04 7.006100000000000000e+04 7.006300000000000000e+04 7.006500000000000000e+04 7.006700000000000000e+04 7.006900000000000000e+04 7.007100000000000000e+04 7.007300000000000000e+04 7.007500000000000000e+04 7.007700000000000000e+04 7.007900000000000000e+04 7.008100000000000000e+04 3.059000000000000000e+04 3.059100000000000000e+04 3.059200000000000000e+04 3.059300000000000000e+04 7.008800000000000000e+04 7.009000000000000000e+04 7.009200000000000000e+04
6.962200000000000000e+04 6.962400000000000000e+04 6.962600000000000000e+04 6.962800000000000000e+04 6.963000000000000000e+04 6.963200000000000000e+04 6.963400000000000000e+04 3.016800000000000000e+04 3.016900000000000000e+04 3.017000000000000000e+04 3.017100000000000000e+04 3.017200000000000000e+04 6.964900000000000000e+04 6.965100000000000000e+04 6.965300000000000000e+04 6.965500000000000000e+04 6.965700000000000000e+04 6.965900000000000000e+04 6.966100000000000000e+04 6.966300000000000000e+04 6.966500000000000000e+04 6.966700000000000000e+04 6.966900000000000000e+04 6.967100000000000000e+04 6.967300000000000000e+04 6.967500000000000000e+04 6.967700000000000000e+04 6.967900000000000000e+04 6.968100000000000000e+04 6.968300000000000000e+04 3.019100000000000000e+04 3.019200000000000000e+04 3.019300000000000000e+04 3.019400000000000000e+04 6.969000000000000000e+04 6.969200000000000000e+04 6.969400000000000000e+04
6.922400000000000000e+04 6.922600000000000000e+04 6.922800000000000000e+04 6.923000000000000000e+04 6.923200000000000000e+04 6.923400000000000000e+04 6.923600000000000000e+04 2.976900000000000000e+04 2.977000000000000000e+04 2.977100000000000000e+04 2.977200000000000000e+04 2.977300000000000000e+04 6.925100000000000000e+04 6.925300000000000000e+04 6.925500000000000000e+04 6.925700000000000000e+04 6.925900000000000000e+04 6.926100000000000000e+04 6.926300000000000000e+04 6.926500000000000000e+04 6.926700000000000000e+04 6.926900000000000000e+04 6.927100000000000000e+04 6.927300000000000000e+04 6.927500000000000000e+04 6.927700000000000000e+04 6.927900000000000000e+04 6.928100000000000000e+04 6.928300000000000000e+04 6.928500000000000000e+04 2.979200000000000000e+04 2.979300000000000000e+04 2.979400000000000000e+04 2.979500000000000000e+04 6.929200000000000000e+04 6.929400000000000000e+04 6.929600000000000000e+04
6.882600000000000000e+04 6.882800000000000000e+04 6.883000000000000000e+04 6.883200000000000000e+04 6.883400000000000000e+04 6.883600000000000000e+04 6.883800000000000000e+04 2.937000000000000000e+04 2.937100000000000000e+04 2.937200000000000000e+04 2.937300000000000000e+04 2.937400000000000000e+04 6.885300000000000000e+04 6.885500000000000000e+04 6.885700000000000000e+04 6.885900000000000000e+04 6.886100000000000000e+04 6.886300000000000000e+04 6.886500000000000000e+04 6.886700000000000000e+04 6.886900000000000000e+04 6.887100000000000000e+04 6.887300000000000000e+04 6.887500000000000000e+04 6.887700000000000000e+04 6.887900000000000000e+04 6.888100000000000000e+04 6.888300000000000000e+04 6.888500000000000000e+04 6.888700000000000000e+04 2.939300000000000000e+04 2.939400000000000000e+04 2.939500000000000000e+04 2.939600000000000000e+04 6.889400000000000000e+04 6.889600000000000000e+04 6.889800000000000000e+04
6.842800000000000000e+04 6.843000000000000000e+04 6.843200000000000000e+04 6.843400000000000000e+04 6.843600000000000000e+04 6.843800000000000000e+04 6.844000000000000000e+04 2.897100000000000000e+04 2.897200000000000000e+04 2.897300000000000000e+04 2.897400000000000000e+04 6.845300000000000000e+04 6.845500000000000000e+04 6.845700000000000000e+04 6.845900000000000000e+04 6.846100000000000000e+04 6.846300000000000000e+04 6.846500000000000000e+04 6.846700000000000000e+04 6.846900000000000000e+04 6.847100000000000000e+04 6.847300000000000000e+04 6.847500000000000000e+04 6.847700000000000000e+04 6.847900000000000000e+04 6.848100000000000000e+04 6.848300000000000000e+04 6.848500000000000000e+04 6.848700000000000000e+04 6.848900000000000000e+04 2.899400000000000000e+04 2.899500000000000000e+04 2.899600000000000000e+04 2.899700000000000000e+04 6.849600000000000000e+04 6.849800000000000000e+04 6.850000000000000000e+04
6.803000000000000000e+04 6.803200000000000000e+04 6.803400000000000000e+04 6.803600000000000000e+04 6.803800000000000000e+04 6.804000000000000000e+04 6.804200000000000000e+04 2.857200000000000000e+04 2.857300000000000000e+04 2.857400000000000000e+04 2.857500000000000000e+04 6.805500000000000000e+04 6.805700000000000000e+04 6.805900000000000000e+04 6.806100000000000000e+04 6.806300000000000000e+04 6.806500000000000000e+04 6.806700000000000000e+04 6.806900000000000000e+04 6.807100000000000000e+04 6.807300000000000000e+04 6.807500000000000000e+04 6.807700000000000000e+04 6.807900000000000000e+04 6.808100000000000000e+04 6.808300000000000000e+04 6.808500000000000000e+04 6.808700000000000000e+04 6.808900000000000000e+04 6.809100000000000000e+04 2.859500000000000000e+04 2.859600000000000000e+04 2.859700000000000000e+04 2.859800000000000000e+04 6.809800000000000000e+04 6.810000000000000000e+04 6.810200000000000000e+04
6.763200000000000000e+04 6.763400000000000000e+04 6.763600000000000000e+04 6.763800000000000000e+04 6.764000000000000000e+04 6.764200000000000000e+04 6.764400000000000000e+04 2.817300000000000000e+04 2.817400000000000000e+04 2.817500000000000000e+04 2.817600000000000000e+04 6.765700000000000000e+04 6.765900000000000000e+04 6.766100000000000000e+04 6.766300000000000000e+04 6.766500000000000000e+04 6.766700000000000000e+04 6.766900000000000000e+04 6.767100000000000000e+04 6.767300000000000000e+04 6.767500000000000000e+04 6.767700000000000000e+04 6.767900000000000000e+04 6.768100000000000000e+04 6.768300000000000000e+04 6.768500000000000000e+04 6.768700000000000000e+04 6.768900000000000000e+04 6.769100000000000000e+04 6.769300000000000000e+04 2.819600000000000000e+04 2.819700000000000000e+04 2.819800000000000000e+04 2.819900000000000000e+04 6.770000000000000000e+04 6.770200000000000000e+04 6.770400000000000000e+04
6.723400000000000000e+04 6.723600000000000000e+04 6.723800000000000000e+04 6.724000000000000000e+04 6.724200000000000000e+04 6.724400000000000000e+04 6.724600000000000000e+04 6.724800000000000000e+04 2.777500000000000000e+04 2.777600000000000000e+04 2.777700000000000000e+04 6.725900000000000000e+04 6.726100000000000000e+04 6.726300000000000000e+04 6.726500000000000000e+04 6.726700000000000000e+04 6.726900000000000000e+04 6.727100000000000000e+04 6.727300000000000000e+04 6.727500000000000000e+04 6.727700000000000000e+04 6.727900000000000000e+04 6.728100000000000000e+04 6.728300000000000000e+04 6.728500000000000000e+04 6.728700000000000000e+04 6.728900000000000000e+04 6.729100000000000000e+04 6.729300000000000000e+04 6.729500000000000000e+04 2.779700000000000000e+04 2.779800000000000000e+04 2.779900000000000000e+04 2.780000000000000000e+04 6.730200000000000000e+04 6.730400000000000000e+04 6.730600000000000000e+04
6.683600000000000000e+04 6.683800000000000000e+04 6.684000000000000000e+04 6.684200000000000000e+04 6.684400000000000000e+04 6.684600000000000000e+04 6.684800000000000000e+04 6.685000000000000000e+04 2.737600000000000000e+04 2.737700000000000000e+04 2.737800000000000000e+04 6.686100000000000000e+04 6.686300000000000000e+04 6.686500000000000000e+04 6.686700000000000000e+04 6.686900000000000000e+04 6.687100000000000000e+04 6.687300000000000000e+04 6.687500000000000000e+04 6.687700000000000000e+04 6.687900000000000000e+04 6.688100000000000000e+04 6.688300000000000000e+04 6.688500000000000000e+04 6.688700000000000000e+04 6.688900000000000000e+04 6.689100000000000000e+04 6.689300000000000000e+04 6.689500000000000000e+04 6.689700000000000000e+04 2.739800000000000000e+04 2.739900000000000000e+04 2.740000000000000000e+04 2.740100000000000000e+04 6.690400000000000000e+04 6.690600000000000000e+04 6.690800000000000000e+04
6.643800000000000000e+04 6.644000000000000000e+04 6.644200000000000000e+04 6.644400000000000000e+04 6.644600000000000000e+04 6.644800000000000000e+04 6.645000000000000000e+04 6.645200000000000000e+04 2.697700000000000000e+04 2.697800000000000000e+04 2.697900000000000000e+04 6.646300000000000000e+04 6.646500000000000000e+04 6.646700000000000000e+04 6.646900000000000000e+04 6.647100000000000000e+04 6.647300000000000000e+04 6.647500000000000000e+04 6.647700000000000000e+04 6.647900000000000000e+04 6.648100000000000000e+04 6.648300000000000000e+04 6.648500000000000000e+04 6.648700000000000000e+04 6.648900000000000000e+04 6.649100000000000000e+04 6.649300000000000000e+04 6.649500000000000000e+04 6.649700000000000000e+04 6.649900000000000000e+04 2.699900000000000000e+04 2.700000000000000000e+04 2.700100000000000000e+04 2.700200000000000000e+04 6.650600000000000000e+04 6.650800000000000000e+04 6.651000000000000000e+04
6.604000000000000000e+04 6.604200000000000000e+04 6.604400000000000000e+04 6.604600000000000000e+04 6.604800000000000000e+04 6.605000000000000000e+04 6.605200000000000000e+04 6.605400000000000000e+04 2.657800000000000000e+04 2.657900000000000000e+04 6.606300000000000000e+04 6.606500000000000000e+04 6.606700000000000000e+04 6.606900000000000000e+04 6.607100000000000000e+04 6.607300000000000000e+04 6.607500000000000000e+04 6.607700000000000000e+04 6.607900000000000000e+04 6.608100000000000000e+04 6.608300000000000000e+04 6.608500000000000000e+04 6.608700000000000000e+04 6.608900000000000000e+04 6.609100000000000000e+04 6.609300000000000000e+04 6.609500000000000000e+04 6.609700000000000000e+04 6.609900000000000000e+04 6.610100000000000000e+04 2.660000000000000000e+04 2.660100000000000000e+04 2.660200000000000000e+04 2.660300000000000000e+04 6.610800000000000000e+04 6.611000000000000000e+04 6.611200000000000000e+04
6.564200000000000000e+04 6.564400000000000000e+04 6.564600000000000000e+04 6.564800000000000000e+04 6.565000000000000000e+04 6.565200000000000000e+04 6.565400000000000000e+04 6.565600000000000000e+04 2.617900000000000000e+04 2.618000000000000000e+04 6.566500000000000000e+04 6.566700000000000000e+04 6.566900000000000000e+04 6.567100000000000000e+04 6.567300000000000000e+04 6.567500000000000000e+04 6.567700000000000000e+04 6.567900000000000000e+04 6.568100000000000000e+04 6.568300000000000000e+04 6.568500000000000000e+04 6.568700000000000000e+04 6.568900000000000000e+04 6.569100000000000000e+04 6.569300000000000000e+04 6.569500000000000000e+04 6.569700000000000000e+04 6.569900000000000000e+04 6.570100000000000000e+04 6.570300000000000000e+04 2.620100000000000000e+04 2.620200000000000000e+04 2.620300000000000000e+04 2.620400000000000000e+04 6.571000000000000000e+04 6.571200000000000000e+04 6.571400000000000000e+04
