BlockUplift_2Ma_1kryTimeStep_2mmyr_k_5e-05_m_0.5_n_1.0_LinDiffusion_0.5_3x6km_30mRes_topographic__steepest_slope.txt
nrows 200
cellsize 30.0
xllcorner 0.0
ncols 100
yllcorner 0.0
[rows 119 to 135 of 200, columns 0 to 36 of 100]
0.000000000000000000e+00 1.012451778540155306e-01 1.545717132280515216e-01 2.215177960369222321e-01 2.779659867448269206e-01 3.230324235141893152e-01 3.572152414901173523e-01 3.820917789958911959e-01 3.999240009708576737e-01 4.131746348486103892e-01 4.238486733321015776e-01 4.325926271806281309e-01 4.376723821616451682e-01 4.342747816458370491e-01 4.148382523420858781e-01 3.709888321537069822e-01 2.969283432896815955e-01 1.930266330041433831e-01 6.766169973932392723e-02 2.599890371832316166e-02 6.418688137639681768e-02 1.854225337483493830e-01 2.823747551682440071e-01 3.487033658662729296e-01 3.859937548413824859e-01 4.013173149268709494e-01 4.034961733637431047e-01 3.999699826388128376e-01 3.952678046211815510e-01 3.910013121780517853e-01 3.866911379421026362e-01 3.807293012242477515e-01 3.710915971038843963e-01 3.557342395352672271e-01 3.327896508960028199e-01 3.007156285404562479e-01 2.585033880052340916e-01
0.000000000000000000e+00 1.078743107877433161e-01 1.567123200112277848e-01 2.159018981352763544e-01 2.712306401681416901e-01 3.156337506520117131e-01 3.495456993692111491e-01 3.744328384329226878e-01 3.924348944350867785e-01 4.059195714908241936e-01 4.168520584616980384e-01 4.258962641524495774e-01 4.313588372058007048e-01 4.284310749845777200e-01 4.094717077939644123e-01 3.659571629967464101e-01 2.919676235973118761e-01 1.879147338434146719e-01 7.366530045518450420e-02 4.172722442794641468e-02 7.830875090331175514e-02 1.890379221532384746e-01 2.838652890713262988e-01 3.474440882369170258e-01 3.818706094629798486e-01 3.947126461495485961e-01 3.950734833717585159e-01 3.903993059734754412e-01 3.850279640282641136e-01 3.803168046911878375e-01 3.755795133611248837e-01 3.690961420569465190e-01 3.588170667904440614e-01 3.427242753319357238e-01 3.189926745505582972e-01 2.861204125386090369e-01 2.431345283307602412e-01
0.000000000000000000e+00 1.167690596976821010e-01 1.643742163114258470e-01 2.101822623476853891e-01 2.642550739756794886e-01 3.078128765443769455e-01 3.412461184883151533e-01 3.659275352139540471e-01 3.838811206471935411e-01 3.973740172208787835e-01 4.083225176925698863e-01 4.174107938723182198e-01 4.230163029821369380e-01 4.203977511829501967e-01 4.019196256340744067e-01 3.589902494502515418e-01 2.856116263054067073e-01 1.822149657309826976e-01 7.476605579420134151e-02 4.810273017938394846e-02 8.524722771358302087e-02 1.903953658087876588e-01 2.825004244808079767e-01 3.430569330618103430e-01 3.746535432734636739e-01 3.852771990522247392e-01 3.842113251922342210e-01 3.788194022633376568e-01 3.731936319525857582e-01 3.684224151607130016e-01 3.636272422702821472e-01 3.570019431864883130e-01 3.464903624048815689e-01 3.301011409103428718e-01 3.060322982775611766e-01 2.727876855168839820e-01 2.392841088477558331e-01
0.000000000000000000e+00 1.275522606148101756e-01 1.741968829862124979e-01 2.146548886147410240e-01 2.573917694469400885e-01 2.999179174593450403e-01 3.326213934309407705e-01 3.568143359852077312e-01 3.744351811103607819e-01 3.876714880428380749e-01 3.984046108523936480e-01 4.073560288648063188e-01 4.130061144057757816e-01 4.107325387046482090e-01 3.929655119007198771e-01 3.510868949407192074e-01 2.790119105495686425e-01 1.771134464612922899e-01 6.857805303674721631e-02 4.271857108176580625e-02 8.234338110647661246e-02 1.891546251430118730e-01 2.784144599462668457e-01 3.361031095341786568e-01 3.652041516221383177e-01 3.740124463314885017e-01 3.719075675263222025e-01 3.661342053994985912e-01 3.605480569925400003e-01 3.560045468876675279e-01 3.514728422969672916e-01 3.450860150429510553e-01 3.347834817034368027e-01 3.185800947506928771e-01 2.946616575383472769e-01 2.701201068259494464e-01 2.453989058997741723e-01
0.000000000000000000e+00 1.396465251611137270e-01 1.857084694352904297e-01 2.258709023212585598e-01 2.586746166289826676e-01 2.925344881818243148e-01 3.242700352043811907e-01 3.476696282318547104e-01 3.646355360367806719e-01 3.773220151122207988e-01 3.876128895477961578e-01 3.962974793263318585e-01 4.019895874392394597e-01 4.002202880210859459e-01 3.835163959777484477e-01 3.432393011876153088e-01 2.731723285889605113e-01 1.735213814737126825e-01 5.425413313778832541e-02 2.367848299233704309e-02 7.247687653699776134e-02 1.853384403663312641e-01 2.720338876851978172e-01 3.273494264536433440e-01 3.545141573215687680e-01 3.620045903652453489e-01 3.592361124359627067e-01 3.533462307383501977e-01 3.480128707408766675e-01 3.439276328467466559e-01 3.399567042787983717e-01 3.341877616791786298e-01 3.245392036675032732e-01 3.118593975252897943e-01 3.002204790662137412e-01 2.812650329499597479e-01 2.543325594466399053e-01
0.000000000000000000e+00 1.523453666781569571e-01 1.982577190165937808e-01 2.385882107460153279e-01 2.717973696802706840e-01 2.972423686315409097e-01 3.170029028036500107e-01 3.393522196032639493e-01 3.553584134744672274e-01 3.672050543939386902e-01 3.768333253056369014e-01 3.851404172347713262e-01 3.908993769137130703e-01 3.898104442256264401e-01 3.745021586512924383e-01 3.362985569740165603e-01 2.687939245647972819e-01 1.719202384700527775e-01 7.665099918779147425e-02 5.421290195142963037e-02 8.697462227060555329e-02 1.793528715127536144e-01 2.640365493698538790e-01 3.176809851926786221e-01 3.435954109038902859e-01 3.503158337406508394e-01 3.472551267001771635e-01 3.414847328159093531e-01 3.365874269314304001e-01 3.331695644138676360e-01 3.356377294303141134e-01 3.374912869095194057e-01 3.357781343633184923e-01 3.289644557691171478e-01 3.156757199141598247e-01 2.947909146909651890e-01 2.656115453510365931e-01
0.000000000000000000e+00 1.649185098859404508e-01 2.111066529886540533e-01 2.520440988769915291e-01 2.861123098389521391e-01 3.125698646033538974e-01 3.315179529290326887e-01 3.437618515215728476e-01 3.506291992569048888e-01 3.584251553543253976e-01 3.671863448192501100e-01 3.749940423334521822e-01 3.808005102857123236e-01 3.804760072135195403e-01 3.667397437302952201e-01 3.308558450098397774e-01 2.661856849261539648e-01 1.942492891541146294e-01 1.162527922487537474e-01 1.070135641069479421e-01 1.203606635566700223e-01 2.019466381714547232e-01 2.665474270532626755e-01 3.100058096494964777e-01 3.342644244307619306e-01 3.451000775377960350e-01 3.490086383950922189e-01 3.508700380375969763e-01 3.530911027879548580e-01 3.559472160368934435e-01 3.584174048887263653e-01 3.589365146553613606e-01 3.558387488657027142e-01 3.475418102707503731e-01 3.326225020139562116e-01 3.099098502358307305e-01 2.786496028980289807e-01
0.000000000000000000e+00 1.801124318907265376e-01 2.235419427725717778e-01 2.654417629229393616e-01 3.007275861311461962e-01 3.285675324755821247e-01 3.489707426137924062e-01 3.626734761206673041e-01 3.709750696246871815e-01 3.755239516122970134e-01 3.779811924469250184e-01 3.794593844067205013e-01 3.797346564513383593e-01 3.764938076652438181e-01 3.651838958051535355e-01 3.400752153699723723e-01 2.966443994064138501e-01 2.344268178055976537e-01 1.587221824312194662e-01 1.624590124243203149e-01 1.693384706917318849e-01 2.356309081569830932e-01 2.995567299178716891e-01 3.423133400349662181e-01 3.656939471130689068e-01 3.754036743037130197e-01 3.779598338685271619e-01 3.783264425720390123e-01 3.790089746621810862e-01 3.803575273247378208e-01 3.813853483489280105e-01 3.805237746433745016e-01 3.760779885837453040e-01 3.664232713444572909e-01 3.500869808225735569e-01 3.258410167940181679e-01 2.928610330053205146e-01
0.000000000000000000e+00 1.941312500059325374e-01 2.349682462104890901e-01 2.780769222664510876e-01 3.148124683927107093e-01 3.442615154342607009e-01 3.663471820791169287e-01 3.817419751917044413e-01 3.917211486707062873e-01 3.979516358439614265e-01 4.021457174623266906e-01 4.054814133748554372e-01 4.077912590583397945e-01 4.067849154678653267e-01 3.978772063258612657e-01 3.752380439404232604e-01 3.341768676600632149e-01 2.740150428137074212e-01 2.102210396628379496e-01 2.153617316005124738e-01 2.217299752039840199e-01 2.671834984218756093e-01 3.303530511582659090e-01 3.724467588407102681e-01 3.950742582290886484e-01 4.038113573094784803e-01 4.051498722298659816e-01 4.041212838381991745e-01 4.033424238470646461e-01 4.032662858099142489e-01 4.029691409605933305e-01 4.008997317857356246e-01 3.953456675830868128e-01 3.846438384550466272e-01 3.672710504881915861e-01 3.419369176981376102e-01 3.077381261158472769e-01
0.000000000000000000e+00 2.054945531102778944e-01 2.449551044731361205e-01 2.894219260672453720e-01 3.277229958704692692e-01 3.588679714257286824e-01 3.826971581372086151e-01 3.998227197487679296e-01 4.114985928741940469e-01 4.194087440191163196e-01 4.253056438628762814e-01 4.304081816010268957e-01 4.345690148519179563e-01 4.354834322470483854e-01 4.285134964721931117e-01 4.077405840932186720e-01 3.683535505478142680e-01 3.095255287226459928e-01 2.570459319317933700e-01 2.616150119598880108e-01 2.670106251739355341e-01 2.943439659477085080e-01 3.567661008365004549e-01 3.983021086055421045e-01 4.203707685550455708e-01 4.283838239440337370e-01 4.287711965768556954e-01 4.266123233123826353e-01 4.246362154001356304e-01 4.234120851330701596e-01 4.220946888737232006e-01 4.191612008220081953e-01 4.128867501017150499e-01 4.015705532457573557e-01 3.836373526872165485e-01 3.577322390713482125e-01 3.228708767524172130e-01
0.000000000000000000e+00 2.139743438973861489e-01 2.532259271350776331e-01 2.991383471702767638e-01 3.390413058508242039e-01 3.718651881398361003e-01 3.973675128943133794e-01 4.161024537759875908e-01 4.293054825689799903e-01 4.386778432887396550e-01 4.460063560002082705e-01 4.525370730679276199e-01 4.581241815892513336e-01 4.604347554073067172e-01 4.547827765427032709e-01 4.351941716296826579e-01 3.967953511623191765e-01 3.386752819551925864e-01 2.949133419400178924e-01 2.987072283803324235e-01 3.029552148617237206e-01 3.158140000823228544e-01 3.776055164771364159e-01 4.187605074851941112e-01 4.405196824991370330e-01 4.481177061782609106e-01 4.478998106616280395e-01 4.449756029133391522e-01 4.421792694874489005e-01 4.401974780247832619e-01 4.382673779028527505e-01 4.348971100525149125e-01 4.283494431588167339e-01 4.168847416883618706e-01 3.988750584554124901e-01 3.729025214856653281e-01 3.379065587235523527e-01
0.000000000000000000e+00 2.193902651106517110e-01 2.595960755279694832e-01 3.070133582414833473e-01 3.485104057348269446e-01 3.829311693948381223e-01 4.099500054732963528e-01 4.300669668501224674e-01 4.445038030120417871e-01 4.549819160277639440e-01 4.633220456604267290e-01 4.707943127781155090e-01 4.772526522859748543e-01 4.803430595239779333e-01 4.753559117416708557e-01 4.563065064416056416e-01 4.183156170990752765e-01 3.604376559716290229e-01 3.225912037508351093e-01 3.256619140085054709e-01 3.288456996570270352e-01 3.317037898376895555e-01 3.925682724256472911e-01 4.335943163530253108e-01 4.553378049035884945e-01 4.628584246755592657e-01 4.624062903319465234e-01 4.591078812900039052e-01 4.558926067583903285e-01 4.535593414007296764e-01 4.514255738448587074e-01 4.480296363829224804e-01 4.416214759865165207e-01 4.304227243759704002e-01 4.127546607183586458e-01 3.871417481853884346e-01 3.524569918321809325e-01
0.000000000000000000e+00 2.215193855128556322e-01 2.638833545048361318e-01 3.128428223692345522e-01 3.558874402054512665e-01 3.917688837356756992e-01 4.200834159699353143e-01 4.412869295921904578e-01 4.565967879710046695e-01 4.677605571176504662e-01 4.766360730249741828e-01 4.845211372617137524e-01 4.912788117909729357e-01 4.945550423689887842e-01 4.896525531938601405e-01 4.706234478647567387e-01 4.326297122907647452e-01 3.747206655954359866e-01 3.399535447827531920e-01 3.425708507527304159e-01 3.449971441119676907e-01 3.468633099220861937e-01 4.019208834502889793e-01 4.431499276392527054e-01 4.652071493587104367e-01 4.729858948898604809e-01 4.726406354865213544e-01 4.693088993567436917e-01 4.660089735055011895e-01 4.636483632441722458e-01 4.616251197565359732e-01 4.585109553064553034e-01 4.525475280241060272e-01 4.419225043561226252e-01 4.249116747160487928e-01 3.999891920242671928e-01 3.659726894730561120e-01
0.000000000000000000e+00 2.200656572513215170e-01 2.658281098805735931e-01 3.163104885384577791e-01 3.607799664121281169e-01 3.979002366861978390e-01 4.272074906560033858e-01 4.491352437246599605e-01 4.649140039420587289e-01 4.763276794899412026e-01 4.852761052027939059e-01 4.930902248541004784e-01 4.996554034185649584e-01 5.026435611446788965e-01 4.974080413071837459e-01 4.780797486362765580e-01 4.398931234619330999e-01 3.818995225513541203e-01 3.473488298639608729e-01 3.499752288729249816e-01 3.521493712719007130e-01 3.535246077436549061e-01 4.060849555094412922e-01 4.479287349784696892e-01 4.706512795727598175e-01 4.789875787034086341e-01 4.790047934054369461e-01 4.758578033227295334e-01 4.726592989720468929e-01 4.704329343259708862e-01 4.686684753509254842e-01 4.659849197754266092e-01 4.606295265873361355e-01 4.507672194245651576e-01 4.346361700245256476e-01 4.106663986788687271e-01 3.776272943391648096e-01
0.000000000000000000e+00 2.147172457193732842e-01 2.650687596263635593e-01 3.169305838965909006e-01 3.625578454393292849e-01 4.005491936755529170e-01 4.304180010736781137e-01 4.526134395341872008e-01 4.684077581863073103e-01 4.796367338208191167e-01 4.882478328594083150e-01 4.956088546091921287e-01 5.016382960924005152e-01 5.040571624476438695e-01 4.983017199221813631e-01 4.786110845882191600e-01 4.403028451637633900e-01 3.824126043842254741e-01 3.450458452608434756e-01 3.483151516243613854e-01 3.509076482807377828e-01 3.524307028613331005e-01 4.052453197301121857e-01 4.481819887904848754e-01 4.719210457194487618e-01 4.810428294624550793e-01 4.815456569373962048e-01 4.786259176290036388e-01 4.755161224356964644e-01 4.733824465521806468e-01 4.718341641878422976e-01 4.695652567481625184e-01 4.648525895221533588e-01 4.558550523921123254e-01 4.407813171657028462e-01 4.180186438565465790e-01 3.862866155291020953e-01
0.000000000000000000e+00 2.052976218382734086e-01 2.612117153644277767e-01 3.141153646776023711e-01 3.604270634389927230e-01 3.987264235037242255e-01 4.285617445420198957e-01 4.504516943424478614e-01 4.657490485660982782e-01 4.763615864900200281e-01 4.842899464268888843e-01 4.909391470320719764e-01 4.962662691864517805e-01 4.980570352715422699e-01 4.918514833007018860e-01 4.720083596756525779e-01 4.339139577865289144e-01 3.765416040845669943e-01 3.329288845182342693e-01 3.375867687129281425e-01 3.413524633265315744e-01 3.436990385890169586e-01 3.990842092409978004e-01 4.436288533763417252e-01 4.687097701702002128e-01 4.787520690708203519e-01 4.797158362579665991e-01 4.768847749602890262e-01 4.736604070979326675e-01 4.713986985044793521e-01 4.698720816337601525e-01 4.678878151279902142e-01 4.637822563865552361e-01 4.557266010693279967e-01 4.419056072048415107e-01 4.206584384335934623e-01 3.906429536690445015e-01
0.000000000000000000e+00 1.958191026587389194e-01 2.540008206590735895e-01 3.073844470764654502e-01 3.536919719385182570e-01 3.915500076265698293e-01 4.206132094781689923e-01 4.415312542820838959e-01 4.557792108323505675e-01 4.653567217111786447e-01 4.723207926931305978e-01 4.781103599043225461e-01 4.827215546667096846e-01 4.840129639095093750e-01 4.776369223332485037e-01 4.580637375653601739e-01 4.207072009224253062e-01 3.644016573199678199e-01 3.105205174185982631e-01 3.172833458817516661e-01 3.229083158898352623e-01 3.266367170188724800e-01 3.867344228141997298e-01 4.334024625083623405e-01 4.601150677454095561e-01 4.711382195238042470e-01 4.724354257972013249e-01 4.694424690688090984e-01 4.657982632118036204e-01 4.631097753653489746e-01 4.613630637702712534e-01 4.595178326494695487e-01 4.559973516498764257e-01 4.489999082609983372e-01 4.366880998113887857e-01 4.173429458997200969e-01 3.895420983289588635e-01
