BlockUplift_2Ma_1kryTimeStep_2mmyr_k_5e-05_m_0.5_n_1.0_LinDiffusion_0.5_3x6km_30mRes_topographic__elevation.txt
nrows 200
cellsize 30.0
xllcorner 0.0
ncols 100
yllcorner 0.0
[rows 136 to 152 of 200, columns 0 to 36 of 100]
5.139471250636947017e-04 4.922860719148066551e+02 4.897502242653373514e+02 4.848102176429675296e+02 4.777139313662688096e+02 4.687978226108245394e+02 4.584528041893602222e+02 4.470896813941449750e+02 4.351091385934945492e+02 4.228794579327848737e+02 4.107234588791183683e+02 3.989149466086498705e+02 3.876840427713858617e+02 3.772296419632216953e+02 3.677355837674722920e+02 3.593852829918525913e+02 3.523686115563460248e+02 3.468761517640939473e+02 3.430801294843659548e+02 3.411071755046021963e+02 3.410126689074444926e+02 3.427668923419929001e+02 3.462588196556447429e+02 3.513162593421747033e+02 3.577350704979479019e+02 3.653080932296815035e+02 3.738465232204412132e+02 3.831906356761149937e+02 3.932104138761040417e+02 4.037983364973411540e+02 4.148565942626588594e+02 4.262805370507005591e+02 4.379401711715443639e+02 4.496621916526839868e+02 4.612158924991172739e+02 4.723067985313778649e+02 4.825816212644384677e+02
3.877617062539362230e-04 4.872087120684315096e+02 4.846422327485180972e+02 4.796466325607748331e+02 4.724788148263741050e+02 4.634842261913248080e+02 4.530599868293539316e+02 4.416194301948027601e+02 4.295632002227464454e+02 4.172592996422420697e+02 4.050323577444502234e+02 3.931612868586819900e+02 3.818840264692460096e+02 3.714075593060019287e+02 3.619204248269126083e+02 3.536037569919224097e+02 3.466362632458328221e+02 3.411895897370125681e+02 3.374136497598321398e+02 3.354158577237253098e+02 3.352416749967215424e+02 3.368642586130793575e+02 3.401877048022023473e+02 3.450630150852203428e+02 3.513113250825963405e+02 3.587472880113684823e+02 3.671969798102721825e+02 3.765077147205894335e+02 3.865497694713185979e+02 3.972112164954820059e+02 4.083871815817135484e+02 4.199648190550726667e+02 4.318057788673609707e+02 4.437288624780867394e+02 4.554964439226301920e+02 4.668086193189889173e+02 4.773086696558522135e+02
1.722802062972230623e-04 4.826886335458677877e+02 4.801144180743182233e+02 4.751074348569325139e+02 4.679306303561672280e+02 4.589343329345898042e+02 4.485169065050384916e+02 4.370886382120722828e+02 4.250442248650095962e+02 4.127455431595676032e+02 4.005137756152155930e+02 3.886288803824795650e+02 3.773343071172242844e+02 3.668449525234181010e+02 3.573561126837080906e+02 3.490506833997602598e+02 3.421016436930918871e+02 3.366676625000104082e+02 3.328818370223025340e+02 3.308365375181490435e+02 3.305696536601905677e+02 3.320577166949566958e+02 3.352189940512204771e+02 3.399258582342653199e+02 3.460225191835895089e+02 3.533430792292682554e+02 3.617258940341212110e+02 3.710222359536542740e+02 3.810988995766819016e+02 3.918350897115473117e+02 4.031140699975007351e+02 4.148103462667508552e+02 4.267739577213256439e+02 4.388145270465372505e+02 4.506886178318255816e+02 4.620943270496541118e+02 4.726766960258924541e+02
7.776305746064738050e-04 4.787187966588720656e+02 4.761634962297660536e+02 4.711958211132132419e+02 4.640800899174154210e+02 4.551656365327060598e+02 4.448458084205165619e+02 4.335217616970771815e+02 4.215766082790390783e+02 4.093610213719711624e+02 3.971883425825494669e+02 3.853361054286016270e+02 3.740510927648685993e+02 3.635556577309463364e+02 3.540534628548123237e+02 3.457329470863850247e+02 3.387670246903735460e+02 3.333081902695590770e+02 3.294795659215150181e+02 3.273641596817008121e+02 3.269958611227611414e+02 3.283556021015709803e+02 3.313744539108887466e+02 3.359429830970983630e+02 3.419242217333604685e+02 3.491670131513824344e+02 3.575171952074441606e+02 3.668252451546550787e+02 3.769498038587125848e+02 3.877567312285306684e+02 3.991134529644602935e+02 4.108788559453633411e+02 4.228899770884983695e+02 4.349478860287169937e+02 4.468060909198115382e+02 4.581652695022622197e+02 4.686779584014187208e+02
5.159860856981515536e-04 4.752335773308187754e+02 4.727242179007150753e+02 4.678467749905446453e+02 4.608614661870692544e+02 4.521100322060015060e+02 4.419742497821250140e+02 4.308403848786722961e+02 4.190752311395063430e+02 4.070144085122490765e+02 3.949602019074275177e+02 3.831850255329451329e+02 3.719369824728814251e+02 3.614449822338598324e+02 3.519218283947851091e+02 3.435643998270839461e+02 3.365506223553449558e+02 3.310335472984488092e+02 3.271336075147511337e+02 3.249308660938096978e+02 3.244594346920868588e+02 3.257058558330816709e+02 3.286121159953318625e+02 3.330825758888979635e+02 3.389931615169528527e+02 3.462010277247312615e+02 3.545533664878253717e+02 3.638945116196423442e+02 3.740705967933974989e+02 3.849308750561193619e+02 3.963248703038286749e+02 4.080951425613585002e+02 4.200665270853605193e+02 4.320338878906229070e+02 4.437514025132335291e+02 4.549270276654633562e+02 4.652258821485589806e+02
2.497952604620381437e-04 4.721144120093990750e+02 4.696749172883590973e+02 4.649325663444879524e+02 4.581383164294599055e+02 4.496202580749240383e+02 4.397428593901283307e+02 4.288728287623756046e+02 4.173571947110613110e+02 4.055139839735900864e+02 3.936323083843380459e+02 3.819774247117218806e+02 3.707968019523935936e+02 3.603244488074841456e+02 3.507820501494935002e+02 3.423765720650798698e+02 3.352948698643506873e+02 3.296964614129502138e+02 3.257059863064062597e+02 3.234069256446895793e+02 3.228378731314514312e+02 3.239920442924822055e+02 3.268199434658200175e+02 3.312344754072623800e+02 3.371175576195283270e+02 3.443274627776266925e+02 3.527063846584062503e+02 3.620877024613380968e+02 3.723020421950694185e+02 3.831808308469816780e+02 3.945560724991839834e+02 4.062557427559657413e+02 4.180952986299554937e+02 4.298669756160123256e+02 4.413295771412730915e+02 4.522022795769072445e+02 4.621663339854273431e+02
9.843582053001859872e-04 4.692050834881497394e+02 4.668535444325178787e+02 4.622802147867945450e+02 4.557229509442340714e+02 4.474917943507394966e+02 4.379299096108084086e+02 4.273814077059288365e+02 4.161714909564373102e+02 4.045991251384163547e+02 3.929388412021410204e+02 3.814469969319763436e+02 3.703683165207986008e+02 3.599398346795094881e+02 3.503908415708164625e+02 3.419387614547613907e+02 3.347819620662768330e+02 3.290911502989297333e+02 3.250011662198277236e+02 3.226046710323118987e+02 3.219486015418990519e+02 3.230335667368473196e+02 3.258158156929465008e+02 3.302111706263657993e+02 3.361004180339940604e+02 3.433359052041847690e+02 3.517491768307313009e+02 3.611591758029586572e+02 3.713799219480787883e+02 3.822260870525496443e+02 3.935149264422827287e+02 4.050637094831457148e+02 4.166828676377920715e+02 4.281662327914312982e+02 4.392808356512287560e+02 4.497597293654906707e+02 4.593018923733173438e+02
7.133011174993004978e-04 4.663323179506492124e+02 4.640794247534236661e+02 4.596953399679964036e+02 4.534029103858991903e+02 4.454920700778701530e+02 4.362829817116278832e+02 4.260960218277532476e+02 4.152338372682363001e+02 4.039756143379240143e+02 3.925801547548445001e+02 3.812930643251341394e+02 3.703538164539311310e+02 3.599997585534985092e+02 3.504656399725361098e+02 3.419786478310829807e+02 3.347500661866126848e+02 3.289653489819979200e+02 3.247745100235734981e+02 3.222843572152191314e+02 3.215534722298733072e+02 3.225902227132441453e+02 3.253536581828088856e+02 3.297569397447029473e+02 3.356729555593846612e+02 3.429418432864367787e+02 3.513800607361703214e+02 3.607902690849559235e+02 3.709707251158837948e+02 3.817224719970132014e+02 3.928527142046607992e+02 4.041734258800241264e+02 4.154952596222155421e+02 4.266179543154223666e+02 4.373196068320288532e+02 4.473483134638307774e+02 4.564204210028491957e+02
5.514131264099334656e-04 4.633264532739818833e+02 4.611750577186841156e+02 4.569859058657526703e+02 4.509669483358474054e+02 4.433884165098721155e+02 4.345481886741795847e+02 4.247437382172670937e+02 4.142557257768306158e+02 4.033434460376608968e+02 3.922488671980559047e+02 3.812046659927865448e+02 3.704420371128341003e+02 3.601953020113785442e+02 3.507018130667610194e+02 3.421970152974988082e+02 3.349056084602980832e+02 3.290304068777070938e+02 3.247406824402046936e+02 3.221616243320534636e+02 3.213662587026222468e+02 3.223708424178985865e+02 3.251343340751534470e+02 3.295620178605798287e+02 3.355128140368966569e+02 3.428094073362831296e+02 3.512500815952398625e+02 3.606209436037822798e+02 3.707069861455347564e+02 3.813003133304119956e+02 3.922040529561297717e+02 4.032310991542739202e+02 4.141977623853202886e+02 4.249135162253953126e+02 4.351692643431173337e+02 4.447277811814248025e+02 4.533207333531650534e+02
1.732519934253101657e-04 4.600383118918720129e+02 4.579838731536525529e+02 4.539814514143405972e+02 4.482258369109763407e+02 4.409700172454431595e+02 4.324924313998960770e+02 4.230703452126365391e+02 4.129643671888426866e+02 4.024145630167612353e+02 3.916451993881416911e+02 3.808736881045898599e+02 3.703195252829684705e+02 3.602101600728913127e+02 3.507821156116988845e+02 3.422769409783804235e+02 3.349325189839903487e+02 3.289708487107990891e+02 3.245837762056614224e+02 3.219184699015999627e+02 3.210648042428160807e+02 3.220469783217504869e+02 3.248212430492404792e+02 3.292804108854219862e+02 3.352642950623236970e+02 3.425740602229028013e+02 3.509880598883717653e+02 3.602769386794675484e+02 3.702161755087235520e+02 3.805945976533728867e+02 3.912177666066469328e+02 4.019056947644860429e+02 4.124851804876647634e+02 4.227781360366707872e+02 4.325885589864381018e+02 4.416920259431510658e+02 4.498321993323341985e+02
1.405963404259904506e-04 4.563506731953438020e+02 4.543823848605276794e+02 4.505464130654459609e+02 4.450270066210692335e+02 4.380636160390416194e+02 4.299195780379208713e+02 4.208562110826979961e+02 4.111174521766150747e+02 4.009259677195925065e+02 3.904882506947936918e+02 3.800045260476642852e+02 3.696792523819232201e+02 3.597289754450168857e+02 3.503855574544512024e+02 3.418939097443892479e+02 3.345041110877021424e+02 3.284583016387858834e+02 3.239733432334256804e+02 3.212212556249255044e+02 3.203107524081368638e+02 3.212740499768846689e+02 3.240625723034968928e+02 3.285529879517403629e+02 3.345620913533035150e+02 3.418668349406439120e+02 3.502252406813678931e+02 3.593947503951148406e+02 3.691458922331167400e+02 3.792701841204246875e+02 3.895818185067147397e+02 3.999131693272059351e+02 4.101048575257473772e+02 4.199921369328544642e+02 4.293906115400805561e+02 4.380853908140131807e+02 4.458280792236357115e+02
5.998280314388864916e-04 4.521843751855034839e+02 4.502868949333981732e+02 4.465879768400482135e+02 4.412639635067098993e+02 4.345447120359316955e+02 4.266833910655875570e+02 4.179306392943281026e+02 4.085184511377510148e+02 3.986554426710931125e+02 3.885317363430787054e+02 3.783296827165568175e+02 3.682362197105179007e+02 3.584533661847161738e+02 3.492044346110751007e+02 3.407344543482687982e+02 3.333038217109728407e+02 3.271746073905166554e+02 3.225898785629330519e+02 3.197482992131175479e+02 3.187787789671966721e+02 3.197216398921713107e+02 3.225220777851041021e+02 3.270382564867774704e+02 3.330617015400935657e+02 3.403441714137418899e+02 3.486244216124148352e+02 3.576499266184320049e+02 3.671911269651101293e+02 3.770477110607591840e+02 3.870474158471493524e+02 3.970382700397315716e+02 4.068757169698339453e+02 4.164069356499467744e+02 4.254557825603243941e+02 4.338125822244797405e+02 4.412327917875271055e+02
1.326618708127146442e-04 4.474995988300377121e+02 4.456553031112484291e+02 4.420590161630369721e+02 4.368810547197793994e+02 4.303448767520792444e+02 4.226980050632940902e+02 4.141858555473759225e+02 4.050341100102643850e+02 3.954422177654932966e+02 3.855872623176787783e+02 3.756350273242912294e+02 3.657541804000716752e+02 3.561297991694719371e+02 3.469732753608784037e+02 3.385262742853878990e+02 3.310566805201240186e+02 3.248447854431598785e+02 3.201593015791399353e+02 3.172257372935777084e+02 3.161935489045367831e+02 3.171111533947132557e+02 3.199170161854492562e+02 3.244501506340396872e+02 3.304766963781730169e+02 3.377242979565108953e+02 3.459150472706681967e+02 3.547903687840818634e+02 3.641251297556361806e+02 3.737312836981709552e+02 3.834527727350106261e+02 3.931537898619731664e+02 4.027027508524749351e+02 4.119549358022679826e+02 4.207375697007228723e+02 4.288414773021058863e+02 4.360226319630664307e+02
6.879981563480988506e-04 4.422928733637520509e+02 4.404843934920207857e+02 4.369561230033459083e+02 4.318729901656310517e+02 4.254537677489922771e+02 4.179435343447422042e+02 4.095871809395109153e+02 4.006098050874458067e+02 3.912076260336335167e+02 3.815498915719605293e+02 3.717894832231508531e+02 3.620784517952266697e+02 3.525845253852007204e+02 3.435050521049894314e+02 3.350751189551904190e+02 3.275665117310523442e+02 3.212744118777781068e+02 3.164905135127563085e+02 3.134653336446617118e+02 3.123678513397352390e+02 3.132543027439361936e+02 3.160568983875816116e+02 3.205968288936780937e+02 3.266171519586936824e+02 3.338246780112774559e+02 3.419288247863271977e+02 3.506690812970081765e+02 3.598281618271930711e+02 3.692321609169113685e+02 3.787409329747744096e+02 3.882321930699937411e+02 3.975827073143581742e+02 4.066501336111248293e+02 4.152594507361160368e+02 4.231977416414261484e+02 4.302196266285234287e+02
9.874532219066205815e-04 4.365905372392004438e+02 4.348031388627804859e+02 4.313128209273417042e+02 4.262784098154511980e+02 4.199139200491003407e+02 4.124632900112672473e+02 4.041739951249227829e+02 3.952754151036612029e+02 3.859666299455547005e+02 3.764154857419021027e+02 3.667677336148252039e+02 3.571630290391422022e+02 3.477538426522812642e+02 3.387232666396259901e+02 3.302975120079737508e+02 3.227484082598977579e+02 3.163813250015368226e+02 3.115061889711710137e+02 3.083945166359263226e+02 3.072322232988524320e+02 3.080826747465725362e+02 3.108732037590832533e+02 3.154104379568482841e+02 3.214189786415386720e+02 3.285900244684403333e+02 3.366252290401651521e+02 3.452658231607368293e+02 3.543040281072381390e+02 3.635792354556118653e+02 3.729638177693012153e+02 3.823435308824990670e+02 3.915968459272082782e+02 4.005772039592956730e+02 4.091020529519037154e+02 4.169518009439345860e+02 4.238797333767803366e+02
8.892593105697957833e-04 4.304399438381877872e+02 4.286632753940372709e+02 4.251890623848138375e+02 4.201682048538683034e+02 4.138082499876909424e+02 4.063513012292398230e+02 3.980484847199272167e+02 3.891366661642845202e+02 3.798230087960540118e+02 3.702805829260898918e+02 3.606550521177813948e+02 3.510799951539763128e+02 3.416971699666741529e+02 3.326774347849015498e+02 3.242373091093642188e+02 3.166451896008160247e+02 3.102111625949592053e+02 3.052570167396135048e+02 3.020693708779676285e+02 3.008470297841353158e+02 3.016593140659425103e+02 3.044307214708092033e+02 3.089581126930100368e+02 3.149540340142579566e+02 3.221005747082982111e+02 3.300967542740700083e+02 3.386881777870457881e+02 3.476761231561233672e+02 3.569097712290210325e+02 3.662680521209852600e+02 3.756374070549222211e+02 3.848905658892117003e+02 3.938705117402118958e+02 4.023831732001942783e+02 4.102011716849399363e+02 4.170783428516334084e+02
6.395313700243740289e-04 4.239001546808147509e+02 4.221290835751304940e+02 4.186592700135209952e+02 4.136311869448925904e+02 4.072430488051945190e+02 3.997327791448130938e+02 3.913542238892754881e+02 3.823529094406930540e+02 3.729476569581659078e+02 3.633225085363644666e+02 3.536302060222964201e+02 3.440056793721833515e+02 3.345863342598592567e+02 3.255348597150771184e+02 3.170589917958256478e+02 3.094211751344449226e+02 3.029307359468845675e+02 2.979141199039071921e+02 2.946659162599882507e+02 2.933926979527197432e+02 2.941681116284354403e+02 2.969161834374290265e+02 3.014296722443614840e+02 3.074163808938759530e+02 3.145561831526800916e+02 3.225501007567438023e+02 3.311493466331742184e+02 3.401618297230451162e+02 3.494410063349059214e+02 3.588649293059955880e+02 3.683128214446134052e+02 3.776447173293530000e+02 3.866882593742824383e+02 3.952357050119180712e+02 4.030526194851138371e+02 4.098966991210464812e+02
