BlockUplift_2Ma_1kryTimeStep_2mmyr_k_1e-05_m_0.5_n_1.0_LinDiffusion_0.5_6x3km_30mRes_topographic__elevation.txt
nrows 100
cellsize 30.0
xllcorner 0.0
ncols 200
yllcorner 0.0
[rows 0 to 16 of 100, columns 37 to 73 of 200]
1.907513908333616768e-04 8.819139351240336657e-04 8.034041618007290320e-04 6.180216792878841453e-04 2.047194547157748970e-04 4.217089598766510179e-05 9.762496389264479872e-04 7.539852022287316840e-04 6.893541521503061213e-04 5.336965088671842376e-04 9.714817468186890889e-04 7.795458920113432395e-04 6.276441287676735089e-04 5.811797301233708607e-04 3.198080982872607476e-04 6.078830672387339294e-04 9.459372204049883073e-04 9.806859067520055321e-04 4.874598128458590180e-04 8.566526960001070046e-04 8.618272346261133653e-04 7.164990176554802666e-04 9.073310937083039649e-04 9.549077875598973534e-04 6.265590963644059866e-04 6.096026721667289561e-04 1.994131826601280811e-04 7.919128853035386790e-04 5.976356776053190836e-04 6.551299000006429764e-04 8.168474499172953627e-04 4.951255282319989544e-04 8.516900867602474230e-04 1.600158822483086483e-04 4.483738224278388420e-04 7.049303990783895718e-04 5.192697503353314566e-04
2.801623179815609092e+03 2.801623179907911890e+03 2.801623180002308345e+03 2.801623180099233196e+03 2.801623180199173021e+03 2.801623180302671244e+03 2.801623180410326768e+03 2.801623180522793518e+03 2.801623180640780902e+03 2.801623180765053348e+03 2.801623180896428948e+03 2.801623181035778543e+03 2.801623181184022997e+03 2.801623181342135467e+03 2.801623181511135499e+03 2.801623181692089020e+03 2.801623181886105158e+03 2.801623182094332606e+03 2.801623182317959618e+03 2.801623182558207645e+03 2.801623182816329972e+03 2.801623183093608532e+03 2.801623183391347538e+03 2.801623183710870762e+03 2.801623184053521527e+03 2.801623184420652251e+03 2.801623184813623084e+03 2.801623185233798722e+03 2.801623185682540679e+03 2.801623186161206831e+03 2.801623186671143230e+03 2.801623187213681831e+03 2.801623187790135034e+03 2.801623188401790685e+03 2.801623189049908888e+03 2.801623189735717006e+03 2.801623190460405112e+03
2.798305283996935941e+03 2.798305284089959969e+03 2.798305284185026721e+03 2.798305284282566845e+03 2.798305284383065555e+03 2.798305284487063091e+03 2.798305284595156081e+03 2.798305284707995725e+03 2.798305284826290062e+03 2.798305284950800342e+03 2.798305285082343744e+03 2.798305285221789291e+03 2.798305285370057845e+03 2.798305285528120294e+03 2.798305285696996179e+03 2.798305285877749611e+03 2.798305286071489718e+03 2.798305286279366101e+03 2.798305286502565195e+03 2.798305286742310727e+03 2.798305286999853706e+03 2.798305287276477884e+03 2.798305287573487931e+03 2.798305287892208980e+03 2.798305288233984356e+03 2.798305288600167387e+03 2.798305288992119586e+03 2.798305289411205649e+03 2.798305289858790275e+03 2.798305290336231337e+03 2.798305290844876254e+03 2.798305291386057888e+03 2.798305291961090006e+03 2.798305292571261816e+03 2.798305293217835242e+03 2.798305293902037192e+03 2.798305294625059560e+03
2.791718150562145183e+03 2.791718150656598937e+03 2.791718150752994916e+03 2.791718150851756945e+03 2.791718150953364329e+03 2.791718151058352305e+03 2.791718151167312044e+03 2.791718151280891107e+03 2.791718151399792532e+03 2.791718151524774385e+03 2.791718151656649297e+03 2.791718151796284474e+03 2.791718151944598048e+03 2.791718152102559543e+03 2.791718152271185772e+03 2.791718152451540391e+03 2.791718152644731163e+03 2.791718152851907234e+03 2.791718153074255497e+03 2.791718153312998766e+03 2.791718153569390779e+03 2.791718153844713470e+03 2.791718154140274692e+03 2.791718154457400487e+03 2.791718154797435091e+03 2.791718155161734103e+03 2.791718155551662221e+03 2.791718155968585506e+03 2.791718156413870474e+03 2.791718156888877274e+03 2.791718157394956961e+03 2.791718157933443763e+03 2.791718158505655083e+03 2.791718159112881040e+03 2.791718159756386285e+03 2.791718160437400456e+03 2.791718161157117720e+03
2.781954282357167358e+03 2.781954282453740234e+03 2.781954282552104814e+03 2.781954282652676284e+03 2.781954282755924851e+03 2.781954282862378477e+03 2.781954282972620604e+03 2.781954283087291515e+03 2.781954283207088793e+03 2.781954283332764589e+03 2.781954283465127901e+03 2.781954283605039564e+03 2.781954283753415893e+03 2.781954283911221410e+03 2.781954284079472473e+03 2.781954284259230008e+03 2.781954284451600870e+03 2.781954284657733297e+03 2.781954284878814178e+03 2.781954285116066785e+03 2.781954285370745765e+03 2.781954285644134870e+03 2.781954285937542409e+03 2.781954286252298061e+03 2.781954286589748335e+03 2.781954286951251106e+03 2.781954287338173799e+03 2.781954287751886568e+03 2.781954288193759567e+03 2.781954288665156582e+03 2.781954289167430488e+03 2.781954289701921425e+03 2.781954290269949524e+03 2.781954290872808997e+03 2.781954291511767678e+03 2.781954292188057934e+03 2.781954292902878024e+03
2.769141775783541107e+03 2.769141775882892489e+03 2.769141775983837761e+03 2.769141776086780283e+03 2.769141776192179350e+03 2.769141776300551101e+03 2.769141776412470335e+03 2.769141776528568698e+03 2.769141776649535132e+03 2.769141776776114966e+03 2.769141776909109467e+03 2.769141777049376287e+03 2.769141777197824922e+03 2.769141777355417616e+03 2.769141777523165729e+03 2.769141777702130184e+03 2.769141777893414201e+03 2.769141778098166924e+03 2.769141778317574335e+03 2.769141778552859705e+03 2.769141778805280410e+03 2.769141779076120656e+03 2.769141779366692845e+03 2.769141779678328476e+03 2.769141780012377239e+03 2.769141780370201104e+03 2.769141780753172497e+03 2.769141781162665211e+03 2.769141781600053946e+03 2.769141782066707492e+03 2.769141782563984634e+03 2.769141783093229151e+03 2.769141783655765266e+03 2.769141784252894467e+03 2.769141784885888228e+03 2.769141785555983006e+03 2.769141786264381608e+03
2.753434730493972438e+03 2.753434730596728059e+03 2.753434730700833825e+03 2.753434730806677635e+03 2.753434730914706051e+03 2.753434731025422479e+03 2.753434731139388987e+03 2.753434731257227668e+03 2.753434731379616551e+03 2.753434731507292781e+03 2.753434731641049893e+03 2.753434731781737810e+03 2.753434731930261478e+03 2.753434732087577231e+03 2.753434732254694609e+03 2.753434732432669534e+03 2.753434732622605679e+03 2.753434732825649007e+03 2.753434733042987318e+03 2.753434733275844792e+03 2.753434733525479260e+03 2.753434733793179021e+03 2.753434734080258295e+03 2.753434734388052675e+03 2.753434734717916399e+03 2.753434735071217347e+03 2.753434735449331583e+03 2.753434735853638813e+03 2.753434736285520103e+03 2.753434736746350154e+03 2.753434737237493664e+03 2.753434737760301232e+03 2.753434738316103449e+03 2.753434738906207258e+03 2.753434739531889591e+03 2.753434740194393726e+03 2.753434740894927018e+03
2.735004251422918969e+03 2.735004251529665453e+03 2.735004251637473772e+03 2.735004251746714544e+03 2.735004251857819327e+03 2.735004251971276517e+03 2.735004252087634086e+03 2.735004252207500485e+03 2.735004252331543285e+03 2.735004252460489170e+03 2.735004252595123035e+03 2.735004252736285707e+03 2.735004252884876223e+03 2.735004253041847278e+03 2.735004253208200680e+03 2.735004253384991443e+03 2.735004253573321421e+03 2.735004253774335211e+03 2.735004253989221070e+03 2.735004254219204540e+03 2.735004254465545728e+03 2.735004254729535205e+03 2.735004255012492649e+03 2.735004255315757746e+03 2.735004255640689735e+03 2.735004255988661953e+03 2.735004256361057287e+03 2.735004256759263171e+03 2.735004257184667040e+03 2.735004257638650870e+03 2.735004258122587544e+03 2.735004258637834482e+03 2.735004259185730007e+03 2.735004259767588337e+03 2.735004260384694135e+03 2.735004261038298409e+03 2.735004261729613063e+03
2.714031190630626952e+03 2.714031190741908631e+03 2.714031190853922908e+03 2.714031190967021303e+03 2.714031191081615361e+03 2.714031191198176657e+03 2.714031191317238608e+03 2.714031191439394661e+03 2.714031191565299196e+03 2.714031191695667530e+03 2.714031191831273645e+03 2.714031191972951547e+03 2.714031192121591175e+03 2.714031192278138860e+03 2.714031192443593682e+03 2.714031192619005651e+03 2.714031192805474802e+03 2.714031193004146189e+03 2.714031193216207612e+03 2.714031193442886888e+03 2.714031193685447306e+03 2.714031193945182622e+03 2.714031194223417060e+03 2.714031194521495763e+03 2.714031194840785702e+03 2.714031195182666124e+03 2.714031195548528103e+03 2.714031195939766803e+03 2.714031196357778754e+03 2.714031196803954572e+03 2.714031197279675325e+03 2.714031197786307985e+03 2.714031198325199966e+03 2.714031198897674130e+03 2.714031199505022869e+03 2.714031200148506286e+03 2.714031200829343561e+03
2.690700887761925969e+03 2.690700887878247613e+03 2.690700887994931691e+03 2.690700888112307894e+03 2.690700888230768669e+03 2.690700888350765581e+03 2.690700888472815222e+03 2.690700888597494213e+03 2.690700888725443747e+03 2.690700888857365953e+03 2.690700888994022989e+03 2.690700889136239311e+03 2.690700889284897585e+03 2.690700889440936862e+03 2.690700889605352131e+03 2.690700889779189311e+03 2.690700889963547525e+03 2.690700890159570463e+03 2.690700890368447290e+03 2.690700890591407187e+03 2.690700890829717991e+03 2.690700891084678005e+03 2.690700891357616456e+03 2.690700891649885762e+03 2.690700891962860169e+03 2.690700892297928021e+03 2.690700892656488577e+03 2.690700893039946095e+03 2.690700893449708019e+03 2.690700893887174061e+03 2.690700894353736658e+03 2.690700894850772784e+03 2.690700895379640770e+03 2.690700895941672115e+03 2.690700896538170582e+03 2.690700897170404915e+03 2.690700897839604295e+03
2.665199571955933152e+03 2.665199572077756329e+03 2.665199572199533577e+03 2.665199572321572305e+03 2.665199572444240857e+03 2.665199572567971700e+03 2.665199572693261416e+03 2.665199572820669800e+03 2.665199572950822130e+03 2.665199573084405984e+03 2.665199573222173058e+03 2.665199573364937351e+03 2.665199573513571067e+03 2.665199573669007805e+03 2.665199573832237547e+03 2.665199574004303031e+03 2.665199574186300651e+03 2.665199574379375008e+03 2.665199574584716174e+03 2.665199574803557425e+03 2.665199575037167961e+03 2.665199575286854724e+03 2.665199575553951945e+03 2.665199575839820682e+03 2.665199576145843366e+03 2.665199576473417892e+03 2.665199576823953976e+03 2.665199577198868155e+03 2.665199577599576514e+03 2.665199578027492862e+03 2.665199578484020549e+03 2.665199578970548828e+03 2.665199579488446943e+03 2.665199580039059583e+03 2.665199580623701422e+03 2.665199581243650755e+03 2.665199581900147678e+03
2.637711891581869168e+03 2.637711891709614974e+03 2.637711891836870109e+03 2.637711891963916969e+03 2.637711892091100253e+03 2.637711892218829234e+03 2.637711892347580942e+03 2.637711892477896981e+03 2.637711892610384439e+03 2.637711892745717250e+03 2.637711892884633926e+03 2.637711893027937094e+03 2.637711893176491685e+03 2.637711893331222655e+03 2.637711893493114530e+03 2.637711893663208230e+03 2.637711893842598329e+03 2.637711894032429427e+03 2.637711894233893872e+03 2.637711894448228122e+03 2.637711894676707288e+03 2.637711894920643772e+03 2.637711895181380441e+03 2.637711895460287451e+03 2.637711895758756782e+03 2.637711896078197697e+03 2.637711896420032190e+03 2.637711896785688168e+03 2.637711897176595812e+03 2.637711897594180755e+03 2.637711898039861353e+03 2.637711898515039138e+03 2.637711899021097906e+03 2.637711899559395079e+03 2.637711900131258062e+03 2.637711900737977885e+03 2.637711901380806012e+03
2.608419119582504209e+03 2.608419119716551904e+03 2.608419119849631443e+03 2.608419119981996118e+03 2.608419120113965619e+03 2.608419120245926024e+03 2.608419120378331172e+03 2.608419120511704023e+03 2.608419120646634838e+03 2.608419120783781182e+03 2.608419120923867467e+03 2.608419121067685865e+03 2.608419121216091753e+03 2.608419121370003268e+03 2.608419121530399480e+03 2.608419121698318577e+03 2.608419121874854227e+03 2.608419122061151938e+03 2.608419122258406787e+03 2.608419122467858870e+03 2.608419122690790118e+03 2.608419122928520665e+03 2.608419123182402473e+03 2.608419123453815700e+03 2.608419123744164153e+03 2.608419124054869826e+03 2.608419124387366992e+03 2.608419124743098109e+03 2.608419125123508366e+03 2.608419125530038400e+03 2.608419125964121122e+03 2.608419126427174433e+03 2.608419126920596227e+03 2.608419127445759386e+03 2.608419128004004961e+03 2.608419128596638529e+03 2.608419129224924745e+03
2.577497758033289301e+03 2.577497758173980856e+03 2.577497758313193117e+03 2.577497758451150276e+03 2.577497758588144279e+03 2.577497758724536197e+03 2.577497758860758495e+03 2.577497758997311848e+03 2.577497759134769240e+03 2.577497759273770953e+03 2.577497759415028668e+03 2.577497759559322276e+03 2.577497759707497607e+03 2.577497759860465521e+03 2.577497760019201451e+03 2.577497760184739946e+03 2.577497760358174219e+03 2.577497760540651598e+03 2.577497760733370342e+03 2.577497760937576004e+03 2.577497761154559157e+03 2.577497761385646754e+03 2.577497761632202128e+03 2.577497761895616804e+03 2.577497762177308232e+03 2.577497762478712048e+03 2.577497762801277077e+03 2.577497763146462603e+03 2.577497763515729730e+03 2.577497763910535468e+03 2.577497764332330462e+03 2.577497764782548984e+03 2.577497765262606208e+03 2.577497765773891388e+03 2.577497766317761034e+03 2.577497766895538007e+03 2.577497767508499692e+03
2.545118412272172918e+03 2.545118412419813922e+03 2.545118412565432209e+03 2.545118412709221047e+03 2.545118412851446010e+03 2.545118412992441336e+03 2.545118413132614478e+03 2.545118413272447015e+03 2.545118413412489645e+03 2.545118413553369010e+03 2.545118413695780873e+03 2.545118413840492849e+03 2.545118413988342581e+03 2.545118414140233654e+03 2.545118414297136951e+03 2.545118414460084750e+03 2.545118414630170264e+03 2.545118414808543093e+03 2.545118414996406500e+03 2.545118415195012403e+03 2.545118415405659107e+03 2.545118415629684478e+03 2.545118415868463217e+03 2.545118416123400493e+03 2.545118416395927852e+03 2.545118416687497302e+03 2.545118416999574492e+03 2.545118417333635989e+03 2.545118417691160630e+03 2.545118418073625435e+03 2.545118418482498328e+03 2.545118418919233136e+03 2.545118419385264133e+03 2.545118419881998307e+03 2.545118420410811268e+03 2.545118420973041339e+03 2.545118421569983639e+03
2.511444885159525711e+03 2.511444885314385374e+03 2.511444885466648884e+03 2.511444885616479041e+03 2.511444885764110040e+03 2.511444885909850655e+03 2.511444886054083781e+03 2.511444886197266896e+03 2.511444886339932964e+03 2.511444886482690436e+03 2.511444886626220523e+03 2.511444886771279926e+03 2.511444886918696739e+03 2.511444887069367724e+03 2.511444887224258764e+03 2.511444887384401682e+03 2.511444887550889689e+03 2.511444887724876480e+03 2.511444887907570319e+03 2.511444888100230855e+03 2.511444888304165943e+03 2.511444888520725726e+03 2.511444888751297185e+03 2.511444888997301405e+03 2.511444889260185391e+03 2.511444889541418888e+03 2.511444889842488010e+03 2.511444890164886147e+03 2.511444890510114419e+03 2.511444890879668947e+03 2.511444891275038572e+03 2.511444891697699404e+03 2.511444892149105272e+03 2.511444892630684080e+03 2.511444893143830541e+03 2.511444893689902074e+03 2.511444894270212444e+03
2.476633470587787997e+03 2.476633470750102788e+03 2.476633470909219795e+03 2.476633471065268623e+03 2.476633471218453906e+03 2.476633471369055314e+03 2.476633471517430280e+03 2.476633471664013996e+03 2.476633471809318962e+03 2.476633471953936805e+03 2.476633472098533730e+03 2.476633472243854158e+03 2.476633472390716634e+03 2.476633472540013827e+03 2.476633472692706164e+03 2.476633472849825921e+03 2.476633473012466766e+03 2.476633473181786940e+03 2.476633473359001073e+03 2.476633473545378820e+03 2.476633473742238493e+03 2.476633473950942516e+03 2.476633474172894239e+03 2.476633474409531118e+03 2.476633474662317894e+03 2.476633474932744775e+03 2.476633475222316065e+03 2.476633475532549710e+03 2.476633475864966840e+03 2.476633476221087676e+03 2.476633476602423798e+03 2.476633477010473598e+03 2.476633477446713641e+03 2.476633477912594117e+03 2.476633478409532472e+03 2.476633478938907047e+03 2.476633479502049795e+03
