BlockUplift_2Ma_1kryTimeStep_2mmyr_k_5e-05_m_0.5_n_1.0_LinDiffusion_1_6x3km_30mRes_topographic__elevation.txt
nrows 100
cellsize 30.0
xllcorner 0.0
ncols 200
yllcorner 0.0
[rows 68 to 84 of 100, columns 0 to 36 of 200]
3.877617062539362230e-04 1.172376847253066217e+02 1.187100490714692569e+02 1.215671624290177704e+02 1.256476357341027352e+02 1.307405582615281787e+02 1.366144337219637066e+02 1.430445840805332978e+02 1.498340836142597539e+02 1.568256768596686754e+02 1.639047017855908734e+02 1.709949728587159541e+02 1.780504681053387515e+02 1.850455553191693241e+02 1.919657459753812532e+02 1.988000337554981058e+02 2.055351115728159357e+02 2.121513301456840281e+02 2.186201465788292637e+02 2.249028903249394773e+02 2.309508013348817030e+02 2.367063652918317018e+02 2.421059418589544237e+02 2.470835697949729877e+02 2.515756862309527548e+02 2.555263683818427296e+02 2.588926273744392006e+02 2.616492601348783751e+02 2.637927778229546334e+02 2.653439534464094436e+02 2.663485567693929283e+02 2.668758893593140442e+02 2.670148403728638868e+02 2.668674025365913280e+02 2.665399363211962509e+02 2.661329084766443316e+02 2.657302549911892129e+02
7.776305746064738050e-04 1.163202397887552451e+02 1.177903096399260789e+02 1.206401235545528579e+02 1.247034933992724604e+02 1.297636847644459124e+02 1.355835651510520563e+02 1.419340607681806716e+02 1.486157585058779773e+02 1.554710144896213819e+02 1.623866307539874754e+02 1.692891850746861451e+02 1.761360215332373684e+02 1.829047863017692919e+02 1.895836075794232158e+02 1.961630443662500909e+02 2.026301312034185571e+02 2.089643900122463833e+02 2.151355452582470207e+02 2.211027372479795474e+02 2.268151339674384133e+02 2.322138911742356129e+02 2.372353668673019627e+02 2.418153810706193667e+02 2.458941772640497163e+02 2.494216402878828092e+02 2.523622869654080887e+02 2.546995681323187739e+02 2.564390771088426391e+02 2.576103161582665848e+02 2.582667114406463043e+02 2.584836024761849558e+02 2.583540089171177101e+02 2.579821492582716473e+02 2.574749807184052202e+02 2.569324172878017407e+02 2.564372694916622777e+02
2.497952604620381437e-04 1.153141049518279004e+02 1.167730623234194667e+02 1.195987151277385578e+02 1.236215339379967588e+02 1.286209356473270873e+02 1.343564285710104400e+02 1.405968890212622284e+02 1.471426085253108340e+02 1.538374026898754323e+02 1.605708973536568465e+02 1.672732147287892985e+02 1.739052335998953254e+02 1.804474579502264646e+02 1.868897017145509096e+02 1.932227772829774608e+02 1.994325383017179263e+02 2.054961398991105739e+02 2.113802181102907127e+02 2.170407244901652746e+02 2.224242356036340880e+02 2.274705906688400603e+02 2.321166625800202041e+02 2.363009630374612300e+02 2.399686745939914658e+02 2.430766407062545227e+02 2.455978529528699994e+02 2.475250422362079803e+02 2.488730722428050228e+02 2.496799078870333233e+02 2.500059673783968037e+02 2.499316784034666341e+02 2.495530959541512175e+02 2.489755628643031571e+02 2.483056406102823814e+02 2.476418858629479303e+02 2.470654092742651073e+02
7.133011174993004978e-04 1.141426075636849049e+02 1.155823650799675448e+02 1.183685472887706709e+02 1.223298927641703955e+02 1.272441041963780606e+02 1.328697144473068477e+02 1.389758961407032132e+02 1.453646978959341425e+02 1.518829568766862224e+02 1.584240721022796379e+02 1.649220014503974596e+02 1.713408176109682586e+02 1.776629979220841449e+02 1.838787531801575597e+02 1.899776325306820297e+02 1.959427618295733282e+02 2.017475502316434586e+02 2.073545089401598318e+02 2.127158355146860913e+02 2.177754826494589793e+02 2.224724564900212442e+02 2.267450490332521156e+02 2.305356289039916078e+02 2.337955457490627680e+02 2.364896893286832835e+02 2.386003002521923690e+02 2.401297359747986775e+02 2.411020099195036153e+02 2.415629984292253596e+02 2.415792281701375828e+02 2.412351341054665284e+02 2.406286714118844543e+02 2.398652430266774047e+02 2.390501116347021480e+02 2.382797845187834582e+02 2.376332060994913320e+02
1.732519934253101657e-04 1.127377873199795744e+02 1.141515228631382968e+02 1.168854858473006573e+02 1.207683290050446345e+02 1.255781786279566461e+02 1.310749018685621934e+02 1.370301287618726178e+02 1.432494079384383099e+02 1.495837384120174534e+02 1.559307441248423345e+02 1.622279905852772401e+02 1.684419253309273188e+02 1.745557381216886199e+02 1.805585225508146152e+02 1.864370047307435811e+02 1.921701818614045010e+02 1.977266549524813399e+02 2.030642201388114643e+02 2.081312709513384789e+02 2.128696181839365238e+02 2.172183631714276260e+02 2.211184397006582003e+02 2.245173955880501921e+02 2.273739631480486310e+02 2.296620037716102729e+02 2.313735112234839733e+02 2.325204934417982656e+02 2.331356752106532042e+02 2.332720283344520738e+02 2.330011239395852840e+02 2.324102385176165910e+02 2.315980954630630038e+02 2.306691636709155091e+02 2.297266129693985022e+02 2.288643286951799780e+02 2.281587287452848898e+02
5.998280314388864916e-04 1.110434541601885599e+02 1.124260366379445628e+02 1.150983787159972138e+02 1.188906086694459958e+02 1.235832566934234933e+02 1.289395821277440461e+02 1.347354774356022631e+02 1.407812829294061032e+02 1.469327834664899513e+02 1.530917461144024969e+02 1.591986231976162287e+02 1.652210246233819930e+02 1.711413471858525668e+02 1.769459903381713275e+02 1.826174262992396962e+02 1.881294290164568110e+02 1.934451747741988754e+02 1.985176822782335364e+02 2.032920327492912520e+02 2.077088628169134950e+02 2.117086664870820982e+02 2.152364531360904607e+02 2.182463091252115532e+02 2.207054398282586476e+02 2.225973523563862955e+02 2.239239732363680275e+02 2.247066455526871493e+02 2.249860661287433743e+02 2.248212621772509863e+02 2.242876570629652235e+02 2.234741699105894668e+02 2.224792056503671347e+02 2.214054026394974244e+02 2.203531652292246861e+02 2.194133039993798775e+02 2.186594488954505380e+02
6.879981563480988506e-04 1.090177582250972108e+02 1.103660306733565335e+02 1.129711981655947710e+02 1.166662221666517212e+02 1.212357072557896487e+02 1.264479510192387721e+02 1.320844159142212391e+02 1.379609741540234609e+02 1.439382605877816559e+02 1.499215897962523911e+02 1.558531677309663053e+02 1.617002910016863950e+02 1.674429764029213175e+02 1.730634636461465163e+02 1.785388324286859358e+02 1.838369769989735403e+02 1.889155623958949661e+02 1.937233232754664698e+02 1.982030322889060017e+02 2.022955255028722092e+02 2.059442408799364728e+02 2.090997767566730658e+02 2.117240275143765587e+02 2.137935327143391930e+02 2.153017995657547203e+02 2.162605147781302151e+02 2.166997125196110119e+02 2.166670611547362455e+02 2.162264354651149176e+02 2.154558501690811454e+02 2.144446867918115345e+02 2.132900275300422948e+02 2.120919015248634025e+02 2.109474014405023468e+02 2.099439242206863696e+02 2.091521381383363405e+02
8.892593105697957833e-04 1.066352285814818828e+02 1.079481128291363490e+02 1.104845515191216094e+02 1.140813898283787040e+02 1.185285403733212064e+02 1.236004492308458538e+02 1.290848638632487564e+02 1.348033310251192916e+02 1.406208537392357698e+02 1.464452592254025376e+02 1.522190876722025052e+02 1.579077446435632623e+02 1.634873729026725471e+02 1.689348634754232705e+02 1.742211919476791024e+02 1.793082421420402852e+02 1.841486416831516522e+02 1.886878613268268907e+02 1.928677990721076583e+02 1.966311489851170506e+02 1.999259571753356397e+02 2.027098641281097287e+02 2.049536328181617080e+02 2.066436852381640108e+02 2.077835225601126297e+02 2.083940682992583788e+02 2.085131107537179105e+02 2.081940859460408149e+02 2.075044062459084842e+02 2.065234090333637482e+02 2.053398238144767447e+02 2.040485174755549451e+02 2.027462608280409597e+02 2.015264129205908716e+02 2.004727214605200061e+02 1.996527933595721720e+02
2.826028614054564209e-04 1.038880748556803866e+02 1.051664702111361720e+02 1.076363800615472996e+02 1.111392031858751039e+02 1.154708732694401903e+02 1.204124893767781828e+02 1.257581722925866075e+02 1.313347048636784393e+02 1.370105024780061171e+02 1.426945527118303403e+02 1.483281816559673416e+02 1.538733963106131171e+02 1.593012291076118458e+02 1.645824458257098684e+02 1.696817228997744280e+02 1.745553612798835559e+02 1.791519580641063953e+02 1.834151851664530284e+02 1.872878063308484968e+02 1.907161699058202657e+02 1.936545574630110309e+02 1.960689126173432442e+02 1.979396205450933905e+02 1.992631664230389958e+02 2.000526691032192446e+02 2.003374440060246116e+02 2.001618601989850106e+02 1.995837834178857975e+02 1.986728198095841549e+02 1.975084095086501463e+02 1.961776201945109506e+02 1.947723423022784175e+02 1.933855720763058912e+02 1.921066291367349379e+02 1.910154656429909892e+02 1.901765867295281396e+02
3.884479341613774738e-04 1.007864214046446847e+02 1.020328911895547748e+02 1.044415789714352201e+02 1.078586950313104182e+02 1.120863604195949108e+02 1.169122230722028775e+02 1.221362737492077741e+02 1.275895919845283686e+02 1.331426987871665233e+02 1.387042272143068544e+02 1.442127807526253775e+02 1.496256922570206029e+02 1.549080392876421968e+02 1.600241875461896939e+02 1.649328694901637107e+02 1.695857634177050102e+02 1.739288952123757213e+02 1.779059237781535501e+02 1.814623750235811883e+02 1.845500291554888292e+02 1.871308516469655956e+02 1.891800476247319409e+02 1.906880035332555963e+02 1.916610598128297909e+02 1.921212276146653721e+02 1.921051006729679500e+02 1.916622895955612762e+02 1.908536915215364047e+02 1.897497934365012782e+02 1.884290149657454947e+02 1.869758848565075198e+02 1.854786971199816890e+02 1.840262857857267704e+02 1.827037286328094581e+02 1.815871094866099611e+02 1.807378359821803144e+02
3.319618847482213296e-04 9.735713640546342162e+01 9.857540733229966179e+01 1.009302911801003830e+02 1.042726729546762243e+02 1.084105186317568581e+02 1.131373799430126752e+02 1.182581249070119895e+02 1.236068247056383314e+02 1.290546077121599353e+02 1.345082435182704046e+02 1.399023035216579842e+02 1.451885340387650274e+02 1.503256925605146535e+02 1.552720050653963710e+02 1.599811410118586537e+02 1.644015701811701717e+02 1.684785362326052507e+02 1.721576408118684753e+02 1.753890647767920825e+02 1.781316305608760331e+02 1.803561373458796027e+02 1.820476289823276375e+02 1.832064657014756790e+02 1.838482589223511638e+02 1.840028853154488786e+02 1.837129043979273320e+02 1.830317402751460065e+02 1.820219339906252856e+02 1.807536272201039083e+02 1.793032285869210511e+02 1.777519999482370849e+02 1.761841604132235375e+02 1.746841123144722872e+02 1.733325769874843729e+02 1.722017545660226858e+02 1.713499907502902317e+02
6.917431691057290746e-04 9.364106429822901134e+01 9.483539631389017188e+01 9.714477704628451704e+01 1.004242990701438032e+02 1.044870198686854934e+02 1.091313387512343382e+02 1.141656754319177622e+02 1.194255952256929874e+02 1.247813196895458105e+02 1.301364134124192731e+02 1.354204362082113562e+02 1.405790853489523045e+02 1.455649457496507182e+02 1.503308760855651087e+02 1.548268133507428104e+02 1.589997669768265780e+02 1.627961681887609018e+02 1.661655272262781295e+02 1.690644174206346122e+02 1.714600206635232666e+02 1.733327339933790086e+02 1.746775947469033099e+02 1.755045069205174002e+02 1.758374342635902110e+02 1.757128584821452932e+02 1.751778722452146440e+02 1.742882724589684642e+02 1.731069302387541597e+02 1.717025461390662144e+02 1.701486830905029422e+02 1.685227624426401860e+02 1.669045837914775916e+02 1.653739517041651084e+02 1.640071874522871269e+02 1.628726342961578553e+02 1.620256312732258834e+02
4.742756502509650742e-04 8.968874632529055191e+01 9.086325453878237113e+01 9.313501196547834127e+01 9.636262248052680945e+01 1.003632133664753212e+02 1.049387371115245458e+02 1.098996954950542317e+02 1.150816458971867746e+02 1.203525428215303918e+02 1.256117077963160114e+02 1.307831294115126184e+02 1.358064792868676420e+02 1.406288100278195259e+02 1.451988253404703926e+02 1.494643945706575323e+02 1.533730042725593421e+02 1.568742664996453584e+02 1.599234242457839912e+02 1.624848964112806016e+02 1.645351554938060588e+02 1.660645261467619775e+02 1.670777681509997024e+02 1.675935330800396628e+02 1.676429490306231003e+02 1.672676881809727831e+02 1.665179036895308968e+02 1.654503808124486568e+02 1.641271309708153865e+02 1.626144775227554362e+02 1.609824689399339377e+02 1.593042621922080855e+02 1.576550130241353713e+02 1.561098483957087808e+02 1.547407002342806379e+02 1.536121103473603284e+02 1.527764766604948363e+02
1.868929910681809174e-04 8.555504443221910549e+01 8.671306223090039111e+01 8.895344620368592814e+01 9.213750835709541320e+01 9.608532149873673234e+01 1.006010494257710661e+02 1.054958572029421191e+02 1.106039663582744197e+02 1.157900028619344113e+02 1.209484084135529400e+02 1.259975039000795221e+02 1.308714317848254609e+02 1.355127805285902127e+02 1.398676431355364400e+02 1.438836823209120439e+02 1.475108362148717731e+02 1.507037650329097005e+02 1.534249970576201179e+02 1.556478687203679954e+02 1.573586336295884109e+02 1.585574296475856499e+02 1.592580731597059014e+02 1.594868630356948813e+02 1.592807141994690596e+02 1.586850039519303266e+02 1.577515076395674214e+02 1.565367276124398472e+02 1.551007856224120758e+02 1.535068666969484923e+02 1.518210006858989516e+02 1.501117938512049648e+02 1.484496366573992248e+02 1.469049669640133970e+02 1.455453770506722719e+02 1.444316798762949929e+02 1.436134008332715268e+02
2.732476074710214102e-04 8.129336551503801900e+01 8.243692627473507173e+01 8.464958753800648594e+01 8.779458449684031507e+01 9.169387377662104655e+01 9.615262379454910047e+01 1.009814715915474892e+02 1.060122985773266606e+02 1.111057458534204869e+02 1.161511935994846283e+02 1.210616601125045548e+02 1.257666747370449656e+02 1.302057607236327215e+02 1.343241481869191034e+02 1.380712057591985342e+02 1.414011899238020931e+02 1.442754218274740481e+02 1.466648971718638848e+02 1.485525015441349410e+02 1.499343039382084726e+02 1.508197225479468671e+02 1.512306284772056983e+02 1.511996429131823163e+02 1.507679865112487505e+02 1.499832650870458792e+02 1.488975356619326078e+02 1.475659018720107838e+02 1.460457462873052634e+02 1.443965318015445689e+02 1.426799196471594939e+02 1.409597992901302348e+02 1.393017583739628833e+02 1.377715853695008263e+02 1.364326082093432717e+02 1.353419916712415727e+02 1.345464549495115136e+02
9.966129662887682032e-04 7.695032263370957537e+01 7.807980999727838878e+01 8.026516206202137482e+01 8.337088272197550509e+01 8.721995787861558824e+01 9.161764309457640820e+01 9.637322407026033488e+01 1.013156693140674065e+02 1.063014460824450822e+02 1.112151572681385119e+02 1.159653058294868799e+02 1.204780605446373443e+02 1.246914935389884675e+02 1.285517890377670085e+02 1.320118479555825672e+02 1.350318786314409749e+02 1.375811217430939166e+02 1.396397889948588329e+02 1.412004851580098546e+02 1.422686926652696968e+02 1.428622133923194326e+02 1.430097133578222213e+02 1.427486742645009201e+02 1.421231220369376445e+02 1.411814929849722660e+02 1.399749321758911549e+02 1.385562108822873881e+02 1.369793102128978148e+02 1.352995563938782766e+02 1.335740294060284157e+02 1.318618361314978245e+02 1.302237888553398477e+02 1.287211021852551198e+02 1.274129295694761055e+02 1.263528693930845748e+02 1.255848951081313061e+02
9.043019954626162421e-04 7.256161758250905791e+01 7.367559930495852427e+01 7.583053541291172905e+01 7.889176339875122324e+01 8.268276262739530580e+01 8.700836120699882770e+01 9.167613405573426633e+01 9.651205790408876339e+01 1.013687241205919491e+02 1.061266826472303535e+02 1.106910629223579576e+02 1.149861614680697812e+02 1.189503066201470887e+02 1.225323939752875759e+02 1.256904757322256359e+02 1.283920127273862306e+02 1.306150027825422910e+02 1.323491613845332893e+02 1.335965343936791783e+02 1.343712289420581669e+02 1.346982456818032574e+02 1.346116164077744202e+02 1.341521727681076470e+02 1.333653020574450068e+02 1.322990077546870111e+02 1.310025095400429507e+02 1.295255067571254415e+02 1.279180991115945289e+02 1.262312152450374612e+02 1.245172581891436892e+02 1.228305663289642524e+02 1.212272516607768296e+02 1.197640532201285453e+02 1.184960457085928738e+02 1.174733389655694538e+02 1.167372128711282215e+02
