BlockUplift_2Ma_1kryTimeStep_5mmyr_k_0.0001_m_0.5_n_1.0_LinDiffusion_1.0_6x3km_30mRes_topographic__elevation.txt
nrows 100
cellsize 30.0
xllcorner 0.0
ncols 200
yllcorner 0.0
[rows 68 to 84 of 100, columns 74 to 110 of 200]
3.438092621244101110e+02 3.519247095222729058e+02 3.584205022743889231e+02 3.631593115225450674e+02 3.660361980561607993e+02 3.669857013932264067e+02 3.659863699687024337e+02 3.630621191207232528e+02 3.582803668908356940e+02 3.517473105708641583e+02 3.436009816393764140e+02 3.340028993824446957e+02 3.231292768375591891e+02 3.111628341847056163e+02 2.982863328530435751e+02 2.846789231126099367e+02 2.705162431059077335e+02 2.559748448892339354e+02 2.412408785432847367e+02 2.265220076769740842e+02 2.120603408513699151e+02 1.981430003759461442e+02 1.851062419497714586e+02 1.733292771200461004e+02 1.632154745081620604e+02 1.551613710683436125e+02 1.495173278255136324e+02 1.465466902877421944e+02 1.463918316098061325e+02 1.490547032703355796e+02 1.543964862930358493e+02 1.621564669477538985e+02 1.719857581465942928e+02 1.834883682343736098e+02 1.962612561176052566e+02 2.099264340798387423e+02 2.241511463558288142e+02
3.382921101588956958e+02 3.460935653265776750e+02 3.523422543208027378e+02 3.569189828995275207e+02 3.597333509104986433e+02 3.607288101881081275e+02 3.598856675797231901e+02 3.572218152498481345e+02 3.527913270057683803e+02 3.466812033077968636e+02 3.390065838315748010e+02 3.299047980758165863e+02 3.195287661469216687e+02 3.080404899512332690e+02 2.956056194937305577e+02 2.823902364165615495e+02 2.685609604557909620e+02 2.542891603438032462e+02 2.397593729193744707e+02 2.251809982133353856e+02 2.108010575442606296e+02 1.969145603874382857e+02 1.838682734637086753e+02 1.720539256003674495e+02 1.618884561781017339e+02 1.537817600054647187e+02 1.480958910391693166e+02 1.451028032264011642e+02 1.449492649014092365e+02 1.476367994711810354e+02 1.530213749196669539e+02 1.608329566337784513e+02 1.707103990844130124e+02 1.822439405427175529e+02 1.950166789842157300e+02 2.086378739345940971e+02 2.227639748517153748e+02
3.321543268016941965e+02 3.396210971461859458e+02 3.456038747504877620e+02 3.500031514566999249e+02 3.527448178204926421e+02 3.537829326821669156e+02 3.531009523165952828e+02 3.507116453433457082e+02 3.466560523471970896e+02 3.410017005910235071e+02 3.338400583666572743e+02 3.252831167664068630e+02 3.154591298092714737e+02 3.045079036586845405e+02 2.925764711040121142e+02 2.798163418230952288e+02 2.663836177765366529e+02 2.524429866666575606e+02 2.381758947675271259e+02 2.237920761439462183e+02 2.095422266803661273e+02 1.957282752430847665e+02 1.827068957178365736e+02 1.708821424309068959e+02 1.606847240249194328e+02 1.525383833720048870e+02 1.468174899594338569e+02 1.438031779440159141e+02 1.436469726585753790e+02 1.463500308147736462e+02 1.517628728908539415e+02 1.596057120265136291e+02 1.695046812741549900e+02 1.810359396877021538e+02 1.937687249264196794e+02 2.072999422098484388e+02 2.212760458970453783e+02
3.253887514327847157e+02 3.325009056686436679e+02 3.381982851456438084e+02 3.424027741134144094e+02 3.450584565069258360e+02 3.461318442107872215e+02 3.456111021785609978e+02 3.435049770134162372e+02 3.398420300165817594e+02 3.346703174511368957e+02 3.280571558600718163e+02 3.200883513110385934e+02 3.108664086222410674e+02 3.005077292950131778e+02 2.891394633586667737e+02 2.768972480071512905e+02 2.639253177735802183e+02 2.503802555141733421e+02 2.364389120718637116e+02 2.223098032416469891e+02 2.082457807301650803e+02 1.945543235616447362e+02 1.816009148918745666e+02 1.698011988019425189e+02 1.595993073037153920e+02 1.514328249770677530e+02 1.456886515579667787e+02 1.426573844327930374e+02 1.424955180323905211e+02 1.452039035836979508e+02 1.506275307372981160e+02 1.584767234351106708e+02 1.683648478675982574e+02 1.798541812109558009e+02 1.925006493449800189e+02 2.058897349576940314e+02 2.196591600239062814e+02
3.180026931785236570e+02 3.247400423936898619e+02 3.301312248374532032e+02 3.341212939664731607e+02 3.366744534199102645e+02 3.377715238410946199e+02 3.374069776156941884e+02 3.355867464041453445e+02 3.323276532170505675e+02 3.276585455826358952e+02 3.216224151841786920e+02 3.142783598726111904e+02 3.057023669843633229e+02 2.959865177775282632e+02 2.852370827748219995e+02 2.735727695818761731e+02 2.611248062349210954e+02 2.480404053530786825e+02 2.344903936202323393e+02 2.206804764318812317e+02 2.068639602197615943e+02 1.933521706692501994e+02 1.805178298745617553e+02 1.687868622336564215e+02 1.586158569826112341e+02 1.504556309600575332e+02 1.447053062028663533e+02 1.416648388570167185e+02 1.414956927025281175e+02 1.441984609872654062e+02 1.496127059006366551e+02 1.574390930832322226e+02 1.672786850165186081e+02 1.786806651018001162e+02 1.911887988960845917e+02 2.043786224858319542e+02 2.178808144379068494e+02
3.100162339185054634e+02 3.163574320599943235e+02 3.214199381409895295e+02 3.251736824081690429e+02 3.276047648243098820e+02 3.287100049082336000e+02 3.284916704902621518e+02 3.269540827503458331e+02 3.241031932645445863e+02 3.199491425162412384e+02 3.145107373467293996e+02 3.078201837994358812e+02 2.999265119929420962e+02 2.908968668098757462e+02 2.808159137055610017e+02 2.697846266971116620e+02 2.579203294412756691e+02 2.453598193586246907e+02 2.322666422350488062e+02 2.188421828461280256e+02 2.053384492261838261e+02 1.920686925400246707e+02 1.794109126889760546e+02 1.677994641211039095e+02 1.577017888162228587e+02 1.495806647754950802e+02 1.438465271230795963e+02 1.408081248212436378e+02 1.406316318411420241e+02 1.433174086825391385e+02 1.486999101544383279e+02 1.564707977119979319e+02 1.662198604769461383e+02 1.774846044834071392e+02 1.897983867938610558e+02 2.027287664545662835e+02 2.159014011722732675e+02
3.014594120788665350e+02 3.073814874105466970e+02 3.120912650245412010e+02 3.155850089321998553e+02 3.178721434623525965e+02 3.189668252282384060e+02 3.188803436529876763e+02 3.176165075811032352e+02 3.151713347487114447e+02 3.115369845795327137e+02 3.067085418298710238e+02 3.006914935674440130e+02 2.935078106799493867e+02 2.851993787425855089e+02 2.758287839247523721e+02 2.654786934489533223e+02 2.542518621237758225e+02 2.422738715846218440e+02 2.296999687569695823e+02 2.167258995235239922e+02 2.036007099910263776e+02 1.906375899857639240e+02 1.782176030244084188e+02 1.667812449150941632e+02 1.568046236158728846e+02 1.487605572922638544e+02 1.430692649292863337e+02 1.400472318846553321e+02 1.398648035816618744e+02 1.425221102124966706e+02 1.478490536166813740e+02 1.555293907735011771e+02 1.651432418722996829e+02 1.762184522536321083e+02 1.882802487988500104e+02 2.008905594490914268e+02 2.136722327621912996e+02
2.923687495165277141e+02 2.978473030639698891e+02 3.021794354237981111e+02 3.053887522668286465e+02 3.075088855176661014e+02 3.085721446256351896e+02 3.085996746647167015e+02 3.075956798914846217e+02 3.055472124289781277e+02 3.024293960224447346e+02 2.982143954652456159e+02 2.928815300007711357e+02 2.864259586524831320e+02 2.788642686128715127e+02 2.702367112012439065e+02 2.606072563156784554e+02 2.500636123057680322e+02 2.387195654600487273e+02 2.267213042285627580e+02 2.142578829349294551e+02 2.015739379268073321e+02 1.889807091331202287e+02 1.768600345588272944e+02 1.656559912270121799e+02 1.558507200996303936e+02 1.479246048066901835e+02 1.423055578563362644e+02 1.393162861486340205e+02 1.391305051652289819e+02 1.417481026894679417e+02 1.469952133389427331e+02 1.545492099796068715e+02 1.639826618202295663e+02 1.748162650038796642e+02 1.865697721933415494e+02 1.988020251764879163e+02 2.111352840757224669e+02
2.827836964832532658e+02 2.877938662531420277e+02 2.917238828832726085e+02 2.946250674248907444e+02 2.965554341537829259e+02 2.975656091079576981e+02 2.976869439867022038e+02 2.969247020707612137e+02 2.952579478120333079e+02 2.926459393827549889e+02 2.890390856587246162e+02 2.843914954084239071e+02 2.786721317713947315e+02 2.718725257933898547e+02 2.640105247912750883e+02 2.551311330205755326e+02 2.453066456611027775e+02 2.346386257663329502e+02 2.232636651875670850e+02 2.113633573355426734e+02 1.991767802092560373e+02 1.870115796907111019e+02 1.752481961696544772e+02 1.643316688653988251e+02 1.547472995075394238e+02 1.469801893183990558e+02 1.414634350084652112e+02 1.385240914784746167e+02 1.383382377080690731e+02 1.409055073863623306e+02 1.460492542647931202e+02 1.534423267668259427e+02 1.626522402295974530e+02 1.731953659560947756e+02 1.845888030941171678e+02 1.963908344269182180e+02 2.082251725110473046e+02
2.727435568816391083e+02 2.772616816744304629e+02 2.807673464343931755e+02 2.833391850150599680e+02 2.850589546123130731e+02 2.859950399259738560e+02 2.861888266723378820e+02 2.856470374174599556e+02 2.843417333592817045e+02 2.822177124257852370e+02 2.792051761501733722e+02 2.752344165113013901e+02 2.702492133395090264e+02 2.642165771098964910e+02 2.571320509306871713e+02 2.490214731550526608e+02 2.399413834330249813e+02 2.299807438173818639e+02 2.192661437559298179e+02 2.079711831511318394e+02 1.963285527621483197e+02 1.846410034959171185e+02 1.732856953236624520e+02 1.627061780544414091e+02 1.533880544366702452e+02 1.458181686941344424e+02 1.404320873259831615e+02 1.375591415193538580e+02 1.373766550938813111e+02 1.398840136788721793e+02 1.449029156586788645e+02 1.521037471960584924e+02 1.610516460152369405e+02 1.712615550149070032e+02 1.822506554119615032e+02 1.935789575093012900e+02 2.048733240903434591e+02
2.622853191323982287e+02 2.662910852468194207e+02 2.693544324339712261e+02 2.715800517411697683e+02 2.730719576607555155e+02 2.739150128312875268e+02 2.741599532801858459e+02 2.738151105098853577e+02 2.728465414505074591e+02 2.711862312237161632e+02 2.687461202232813662e+02 2.654345379881478948e+02 2.611715231201091569e+02 2.559004241595050075e+02 2.495947577183131614e+02 2.422610359720102906e+02 2.339396527840179374e+02 2.247065326493552675e+02 2.146778662422755986e+02 2.040188602333350616e+02 1.929552584541544036e+02 1.817839880831485289e+02 1.708774538322524279e+02 1.606756317993462346e+02 1.516618344190251548e+02 1.443218234088355700e+02 1.390909714246629107e+02 1.362988154367601226e+02 1.361228081770782410e+02 1.385621251721864553e+02 1.434379856774715449e+02 1.504204002569527745e+02 1.590747439663059026e+02 1.689172351325117063e+02 1.794675416873174072e+02 1.902892597372518821e+02 2.010136540294210761e+02
2.514425965430402243e+02 2.549213515904657470e+02 2.575306875294712654e+02 2.593992437163008731e+02 2.606510054789651463e+02 2.613853752211858250e+02 2.616613041774755288e+02 2.614886687778997043e+02 2.608285457641105722e+02 2.596019903516194063e+02 2.577050184149682082e+02 2.550263198279251071e+02 2.514640928383901155e+02 2.469392499530593739e+02 2.414037776246733245e+02 2.348447551465103800e+02 2.272859595789670664e+02 2.187896970059532578e+02 2.094612459944745240e+02 1.994570143286734094e+02 1.889953954254637551e+02 1.783668862404182391e+02 1.679381080432672491e+02 1.581438795434643225e+02 1.494631118837120027e+02 1.423780635536524812e+02 1.373215539250851975e+02 1.346214603158890952e+02 1.344543670239828259e+02 1.368193155686726072e+02 1.415381694392397662e+02 1.482824829014460875e+02 1.566201811601733311e+02 1.660710281416007774e+02 1.761590582470125810e+02 1.864527714108498060e+02 1.965886236853249045e+02
2.402456386521511149e+02 2.431905295666988138e+02 2.453421226912378472e+02 2.468501184039573673e+02 2.478555003049812626e+02 2.484697353695428603e+02 2.487584987040450244e+02 2.487329848855712271e+02 2.483503440104014715e+02 2.475227915380414458e+02 2.461331093007427739e+02 2.440531190650445694e+02 2.411615523529975746e+02 2.373585277799949154e+02 2.325752854152003124e+02 2.267794801347365592e+02 2.199777452538098714e+02 2.122180102702559452e+02 2.035939165700694105e+02 1.942525216308502252e+02 1.844044701550838568e+02 1.743334241921654950e+02 1.643995873654841944e+02 1.550315740965886562e+02 1.467023863551275724e+02 1.398889467438958434e+02 1.350196664250310619e+02 1.324192705986358760e+02 1.322626897061462898e+02 1.345489409614222893e+02 1.391015021777906213e+02 1.455950540077869846e+02 1.536018892217320797e+02 1.626469870425738407e+02 1.722600051045922385e+02 1.820151178862327015e+02 1.915543801057558824e+02
2.287221757573739751e+02 2.311358120301956376e+02 2.328350528614971324e+02 2.339871319178169529e+02 2.347465397472916777e+02 2.352339538013980587e+02 2.355200415358198427e+02 2.356169809404189550e+02 2.354790709412075103e+02 2.350119312219053995e+02 2.340880834376138466e+02 2.325656465359223830e+02 2.303067181219997224e+02 2.271927204286683661e+02 2.231353023463395004e+02 2.180829216135671231e+02 2.120245730824682084e+02 2.049929129157314662e+02 1.970689766317591989e+02 1.883896710673757298e+02 1.791573459951309815e+02 1.696484600538419727e+02 1.602164228621628013e+02 1.512830609811040858e+02 1.433145651202635804e+02 1.367813454895396319e+02 1.321061567138314388e+02 1.296095470327947226e+02 1.294642694835150678e+02 1.316694453358298063e+02 1.360509078035467496e+02 1.422876008226868692e+02 1.499574057122920010e+02 1.585915350564785911e+02 1.677259297682005297e+02 1.769407696224696735e+02 1.858838996177316574e+02
2.168987458522242378e+02 2.187941845602500450e+02 2.200560890998524144e+02 2.208652402538880324e+02 2.213858238923582746e+02 2.217446710935436727e+02 2.220155924130558276e+02 2.222113576386118154e+02 2.222844909895401884e+02 2.221363375560357269e+02 2.216323132860566716e+02 2.206203001353867990e+02 2.189490031368731309e+02 2.164837140099168948e+02 2.131180963132436261e+02 2.087819842925229921e+02 2.034464133634236589e+02 1.971278449981045924e+02 1.898935464776896538e+02 1.818691904334645528e+02 1.732480215112393580e+02 1.642987891582051532e+02 1.553677977617920192e+02 1.468697930789460315e+02 1.392637333588876629e+02 1.330129272572824277e+02 1.285338069827880076e+02 1.261421833447665506e+02 1.260083639618619742e+02 1.281316992731387643e+02 1.323408579960806435e+02 1.383197183503294809e+02 1.456523956045489570e+02 1.538767871344548723e+02 1.625353351225557219e+02 1.712143220251627724e+02 1.795675795717156404e+02
2.048021374887745196e+02 2.062031043099165402e+02 2.070521356823537644e+02 2.075393191608902725e+02 2.078346113967765518e+02 2.080679129905121556e+02 2.083143272646445325e+02 2.085868101847342757e+02 2.088371570831887709e+02 2.089647443575276498e+02 2.088310901751030997e+02 2.082774784783684652e+02 2.071427799200549487e+02 2.052791630511345318e+02 2.025644146524458336e+02 1.989107903054898543e+02 1.942713894511076944e+02 1.886457075867216133e+02 1.820860201763837267e+02 1.747054512973923011e+02 1.666870198127403739e+02 1.582909823049712088e+02 1.498560828249015060e+02 1.417897441681989790e+02 1.345435185785170802e+02 1.285734119659930457e+02 1.242892977807863844e+02 1.220020472102858946e+02 1.218794460825002233e+02 1.239211726105971536e+02 1.279589733196401085e+02 1.336819467406633350e+02 1.406806600207810902e+02 1.484997936126491425e+02 1.566883261996552505e+02 1.648387748117206115e+02 1.726113884920823978e+02
1.924606445579494221e+02 1.934010155379020262e+02 1.938702871313022058e+02 1.940635647058473694e+02 1.941527347464934792e+02 1.942678153200151314e+02 1.944834528826594067e+02 1.948124031533339746e+02 1.952067111709823735e+02 1.955659779881522127e+02 1.957509468908264409e+02 1.955999649140538565e+02 1.949458141021077324e+02 1.936309146914948371e+02 1.915197938050559117e+02 1.885087376520134796e+02 1.845334443062384082e+02 1.795760276134928404e+02 1.736726827758702711e+02 1.669225777321872215e+02 1.594971148827761169e+02 1.516469224417636497e+02 1.437024040927045405e+02 1.360632083160993204e+02 1.291732567714161917e+02 1.234811439524770549e+02 1.193901211803403157e+02 1.172060842925757953e+02 1.170943023321773637e+02 1.190548348621122727e+02 1.229225887475478061e+02 1.283919561569469749e+02 1.350599996760989825e+02 1.424782338993258293e+02 1.502023429365561924e+02 1.578315212938123864e+02 1.650332890521163733e+02
