BlockTilt_5Ma_1mmyr_m1_n5_k1Minus5_10kyrTimeStep_wLinDiffp1_30mRes_7p5kmBy15km.txt
nrows 250
cellsize 30.0
xllcorner 0.0
ncols 500
yllcorner 0.0
[rows 136 to 152 of 250, columns 111 to 147 of 500]
6.642581118769455770e+02 6.865432463340360982e+02 7.088052287759533101e+02 7.311597903788067470e+02 7.537345365502968662e+02 7.766646628584954897e+02 8.000775506156315942e+02 8.240813498007360067e+02 8.487650910986290000e+02 8.742031465469107161e+02 9.004594236292426785e+02 9.275891207367785682e+02 9.556375257452731375e+02 9.846360007860251926e+02 1.014595332596189792e+03 1.045496467498156107e+03 1.077278532079714523e+03 1.109824048804427093e+03 1.142941409564329888e+03 1.176344980134159869e+03 1.209633693965807197e+03 1.242269682488107264e+03 1.273559411575772401e+03 1.302640983696538569e+03 1.328482801830575909e+03 1.349900496760275928e+03 1.365601892428777774e+03 1.374302864616776787e+03 1.375058988611341874e+03 1.367797772261411637e+03 1.353381279280344870e+03 1.333072613452193309e+03 1.308166081102782528e+03 1.279858232761152522e+03 1.249198925592733985e+03 1.217071669737736556e+03 1.184192977734759552e+03
6.653235430010566915e+02 6.870534772191499542e+02 7.088741029989816980e+02 7.308843384993858763e+02 7.531912221798665996e+02 7.759139546856598599e+02 7.991640974563756572e+02 8.230375745767031503e+02 8.476149514391005368e+02 8.729649931775967389e+02 8.991478767364422993e+02 9.262162034446182588e+02 9.542133234430440325e+02 9.831690414512551115e+02 1.013092804950826235e+03 1.043964341930824730e+03 1.075721622441021509e+03 1.108246042060862919e+03 1.141344886892439263e+03 1.174731452212640988e+03 1.208003671761396845e+03 1.240622800510522666e+03 1.271894611828479810e+03 1.300956754682418250e+03 1.326777448939535134e+03 1.348172400145252141e+03 1.363849698673213425e+03 1.372525682166556408e+03 1.373256931732199519e+03 1.365972329229791967e+03 1.351533832903622624e+03 1.331203246578824746e+03 1.306273232512964114e+03 1.277938743022725021e+03 1.247248269879599093e+03 1.215084301033026577e+03 1.182162714797998206e+03
6.668055972088519638e+02 6.879545947726093118e+02 7.093025701162495125e+02 7.309332085530870700e+02 7.529448652643933428e+02 7.754393735823065299e+02 7.985102964154987149e+02 8.222394043611969892e+02 8.466975733844857359e+02 8.719473988252082108e+02 8.980451693413062912e+02 9.250409068800236128e+02 9.529760797449713436e+02 9.818789676401753468e+02 1.011757668879205312e+03 1.042590641420965085e+03 1.074314613286070653e+03 1.106809745215940666e+03 1.139882101376163064e+03 1.173243800189306739e+03 1.206491701354492761e+03 1.239086167023123153e+03 1.270332346961512940e+03 1.299367614765443477e+03 1.325160307721666186e+03 1.346526621635627635e+03 1.362175404739027954e+03 1.370823936180080636e+03 1.371530098694914841e+03 1.364224040573567891e+03 1.349767081482717686e+03 1.329418962317048454e+03 1.304469876334884702e+03 1.276112390774267169e+03 1.245392949178783738e+03 1.213192479343747436e+03 1.180225850584089358e+03
6.682725646858781374e+02 6.889133602055536585e+02 7.098262165372943855e+02 7.311041274584231360e+02 7.528393649965454415e+02 7.751174128735705153e+02 7.980154245062866494e+02 8.216024607533684048e+02 8.459408861390701304e+02 8.710880408205802041e+02 8.970970097778827039e+02 9.240157294194779070e+02 9.518841248072561712e+02 9.807291640279464673e+02 1.010557709188906983e+03 1.041346981285992115e+03 1.073032437685220202e+03 1.105492932232557905e+03 1.138533212480152770e+03 1.171864128209321962e+03 1.205081407685548584e+03 1.237644534541100484e+03 1.268858161484180300e+03 1.297859663432356456e+03 1.323617947072568995e+03 1.344950323804004256e+03 1.360567151628325746e+03 1.369187398469388654e+03 1.369870695642002602e+03 1.362548282961948871e+03 1.348080170720196293e+03 1.327723115741368474e+03 1.302763838497984580e+03 1.274391554143708390e+03 1.243649813756717549e+03 1.211417315501616713e+03 1.178407447179165047e+03
6.695863239872193162e+02 6.897408667135972564e+02 7.102714848459723953e+02 7.312508868194821616e+02 7.527524186183716211e+02 7.748442627887932304e+02 7.975897114237133110e+02 8.210480112697221102e+02 8.452752921544275750e+02 8.703252025614385730e+02 8.962486478197480437e+02 9.230921461427411714e+02 9.508945148770468450e+02 9.796816867484482145e+02 1.009459445097571688e+03 1.040203837219899697e+03 1.071849037876913599e+03 1.104272526233418830e+03 1.137277633416955268e+03 1.170573839889043484e+03 1.203755681322078999e+03 1.236281791049243566e+03 1.267456499101156396e+03 1.296417558980994500e+03 1.322135070350261913e+03 1.343428339916313234e+03 1.359010319805904828e+03 1.367602775545891518e+03 1.368267779687553912e+03 1.360937478529494456e+03 1.346469758869971884e+03 1.326117267624773149e+03 1.301162008791808830e+03 1.272788637473604467e+03 1.242036752852462541e+03 1.209781977844811536e+03 1.176735612479764313e+03
6.704987988899271159e+02 6.902802919976104477e+02 7.105208014445920526e+02 7.312735363836737861e+02 7.525942460615567597e+02 7.745376589337391806e+02 7.971574677644662188e+02 8.205066075978379558e+02 8.446374129450238115e+02 8.696013969245155977e+02 8.954482509631277480e+02 9.222236828350764881e+02 9.499657928074742586e+02 9.786997241166411641e+02 1.008430316568632747e+03 1.039132485919547889e+03 1.070739087030250175e+03 1.103126124356396758e+03 1.136095374178222755e+03 1.169354806206486728e+03 1.202497668153099312e+03 1.234981757651815997e+03 1.266111283455901457e+03 1.295024848199722101e+03 1.320694555781145027e+03 1.341942893042426249e+03 1.357486916229572898e+03 1.366052789975427459e+03 1.366706107162980061e+03 1.359379815460423515e+03 1.344928707739600895e+03 1.324599915852231334e+03 1.299669154902412856e+03 1.271314989952046290e+03 1.240571727330378508e+03 1.208310841461441896e+03 1.175240765281154154e+03
6.709302089168139673e+02 6.904681808012234114e+02 7.105143271538074714e+02 7.311102930992365145e+02 7.523011578849218495e+02 7.741338182038399509e+02 7.966566500534764828e+02 8.199192671564228476e+02 8.439721301178316253e+02 8.688657886824059915e+02 8.946494292501531618e+02 9.213683895574005192e+02 9.490603317746852099e+02 9.777497755929446157e+02 1.007440688142072872e+03 1.038106836100004330e+03 1.069679655002559002e+03 1.102033506091754589e+03 1.134968396920355190e+03 1.168190565932083246e+03 1.201291803398928778e+03 1.233729032309448030e+03 1.264806533061266464e+03 1.293664299145583982e+03 1.319277443839230955e+03 1.340473178870713355e+03 1.355974722559480597e+03 1.364514924177864941e+03 1.365164582333316503e+03 1.357857559259254913e+03 1.343444390371684449e+03 1.323164883055858581e+03 1.298286433308156120e+03 1.269979557939332153e+03 1.239271568947092192e+03 1.207028435093239295e+03 1.173954729822327863e+03
6.709013147529815342e+02 6.902971040642194112e+02 7.102251553920103788e+02 7.307216085367900860e+02 7.518265306052254573e+02 7.735831698358408630e+02 7.960375125629793729e+02 8.192377884888867356e+02 8.432337981354692147e+02 8.680758625242563085e+02 8.938131072878099985e+02 9.204907733026360575e+02 9.481462466929126549e+02 9.768034961766618380e+02 1.006465602174092510e+03 1.037105079204513004e+03 1.068651751898185921e+03 1.100978067321742174e+03 1.133881936518956991e+03 1.167067523302117934e+03 1.200124867267883928e+03 1.232509869548227243e+03 1.263527010854989385e+03 1.292318241891082607e+03 1.317862868044993547e+03 1.338994779430310700e+03 1.354446119498302551e+03 1.362959686610274957e+03 1.363614144850560706e+03 1.356344815911926389e+03 1.341996518587299306e+03 1.321799297093855103e+03 1.297009553246766473e+03 1.268787237024632987e+03 1.238150515462372823e+03 1.205958154216766843e+03 1.172909625651639317e+03
6.704437653558046577e+02 6.897683310191232522e+02 7.096353253200553581e+02 7.300782924395855389e+02 7.511352596347550161e+02 7.728481248117465157e+02 7.952621193763291103e+02 8.184251920743303117e+02 8.423871933832530203e+02 8.671986570292117449e+02 8.929089166552549841e+02 9.195632711842815752e+02 9.471988974082288451e+02 9.758391955585209416e+02 1.005486251295941202e+03 1.036111120369737364e+03 1.067641707658169707e+03 1.099948140733786431e+03 1.132825752980419793e+03 1.165976118751024615e+03 1.198987050294360415e+03 1.231313099321043182e+03 1.262258928033740631e+03 1.290968949520422257e+03 1.316427957708424401e+03 1.337478893689668212e+03 1.352866480230125262e+03 1.361348180467288330e+03 1.362014795680643601e+03 1.354804549353978018e+03 1.340554349091867152e+03 1.320481076091361956e+03 1.295826530818799256e+03 1.267736868677637176e+03 1.237218426382014286e+03 1.205120680631758205e+03 1.172136486674641219e+03
6.695676910148786192e+02 6.888775284234586707e+02 7.087305832969645962e+02 7.291600123370828896e+02 7.502036579423723879e+02 7.719034662604334471e+02 7.943049260759087247e+02 8.174564144547944124e+02 8.414083071534627152e+02 8.662116533285701507e+02 8.919161721458029888e+02 9.185673000266350527e+02 9.462019941347784879e+02 9.748429817064486542e+02 1.004491144286937129e+03 1.035115753371543633e+03 1.066642345301175737e+03 1.098938157955975157e+03 1.131795272511981466e+03 1.164911935218925464e+03 1.197873002147740181e+03 1.230131077446902964e+03 1.260990721864410716e+03 1.289599111143588971e+03 1.314947780137062637e+03 1.335891412035015946e+03 1.351192025027984073e+03 1.359628485948645448e+03 1.360311285220245281e+03 1.353184735801740089e+03 1.339073441744002594e+03 1.319176106321699990e+03 1.294715246171457466e+03 1.266819091421434678e+03 1.236478873076725222e+03 1.204532281200857597e+03 1.171663758221101261e+03
6.682837376866375507e+02 6.876275667861101510e+02 7.075079697706523802e+02 7.279597372330410963e+02 7.490219952605312983e+02 7.707377984974859828e+02 7.931536630854832310e+02 8.163189429640677872e+02 8.402849122737123935e+02 8.651033695868418363e+02 8.908245395990242059e+02 9.174940139825234837e+02 9.451484454795356669e+02 9.738096922175969894e+02 1.003477110787109837e+03 1.034117728507110542e+03 1.065654102788484806e+03 1.097949817424887215e+03 1.130792793899673825e+03 1.163876934091101020e+03 1.196783082538966482e+03 1.228960922546835491e+03 1.259714216683920995e+03 1.288192780008949740e+03 1.313395791345781163e+03 1.334192379634943791e+03 1.349367198531054783e+03 1.357730340482029987e+03 1.358426792587694536e+03 1.351412593627240540e+03 1.337491498228233240e+03 1.317834852228871796e+03 1.293640483824723333e+03 1.266013729217098671e+03 1.235926778155015427e+03 1.204202653676808268e+03 1.171515335193286091e+03
6.666235498380916624e+02 6.860403724042562317e+02 7.059822817864635454e+02 7.264870414561559073e+02 7.475960376010624486e+02 7.693541660871663908e+02 7.918095243706196698e+02 8.150128497366316651e+02 8.390165928214549922e+02 8.638734647260198471e+02 8.896342506500527634e+02 9.163446438005205437e+02 9.440408226058214041e+02 9.727434769183200842e+02 1.002449992937054503e+03 1.033124543419816746e+03 1.064685914316693243e+03 1.096993049606057639e+03 1.129828533945770459e+03 1.162880580174494980e+03 1.195724567329388492e+03 1.227805803175979008e+03 1.258425975803243546e+03 1.286736723644427684e+03 1.311745016111175119e+03 1.332336018242766841e+03 1.347321583253727795e+03 1.355557702452436388e+03 1.356248129512368905e+03 1.349372754844167275e+03 1.335703979844036667e+03 1.316368611891117553e+03 1.292530549561430007e+03 1.265267084221633468e+03 1.235526549002329830e+03 1.204113992112760570e+03 1.171690643975147850e+03
6.646368016743107319e+02 6.841521007125680853e+02 7.041798542478150011e+02 7.247609491225829288e+02 7.459392776018358973e+02 7.677618561125351562e+02 7.902786304267957576e+02 8.135419418147438364e+02 8.376055682545716081e+02 8.625231980597345682e+02 8.883461422589292624e+02 9.151200485606101438e+02 9.428803468964691774e+02 9.716461397549476260e+02 1.001412257944348994e+03 1.032139245388373865e+03 1.063741129750153505e+03 1.096070996982143242e+03 1.128904637540749036e+03 1.161922890963208829e+03 1.194693803216971219e+03 1.226656343668330237e+03 1.257108216727911213e+03 1.285201277681974034e+03 1.309949110285489496e+03 1.330252295349751193e+03 1.344953307799966979e+03 1.352969414573769654e+03 1.353591225017719580e+03 1.346849506292390060e+03 1.333490140803410441e+03 1.314571713987102385e+03 1.291200120216649793e+03 1.264415729981477398e+03 1.235138181918771579e+03 1.204149966838872615e+03 1.172096832341389472e+03
6.623596406217200183e+02 6.819841575325069698e+02 7.021106201792848651e+02 7.227821715930790560e+02 7.440448127107615619e+02 7.659475468542349290e+02 7.885421626243100945e+02 8.118826364482309828e+02 8.360240795490803976e+02 8.610210962662189331e+02 8.869253664169315243e+02 9.137822179481667035e+02 9.416259222675355431e+02 9.704734296383627452e+02 1.000316274348010438e+03 1.031110430281939216e+03 1.062764001454756908e+03 1.095122806287960884e+03 1.127954178221356415e+03 1.160929677765790530e+03 1.193607909204217776e+03 1.225419272252510382e+03 1.255655262398428931e+03 1.283465850335045161e+03 1.307869664594400092e+03 1.327782721878015764e+03 1.342082150224008501e+03 1.349758359883538105e+03 1.350205211544150643e+03 1.343543483310091915e+03 1.330527859330136835e+03 1.312134679636381634e+03 1.289368770552383694e+03 1.263206710509590948e+03 1.234536210937259966e+03 1.204113847096342852e+03 1.172565887259603869e+03
6.598200374421968490e+02 6.795532567186597817e+02 6.997815133836384121e+02 7.205490726876022336e+02 7.419034375758435544e+02 7.638953082858238304e+02 7.865781903071663237e+02 8.100076229339997553e+02 8.342399545234475227e+02 8.593305336734669027e+02 8.853311282649361829e+02 9.122863349441535092e+02 9.402287074017750683e+02 9.691723200638932667e+02 9.991045031485105028e+02 1.029975546387473514e+03 1.061686285953249126e+03 1.094073678920565044e+03 1.126894750046359832e+03 1.159809683809236958e+03 1.192365343362296244e+03 1.223981130231144562e+03 1.253939860956435950e+03 1.281387489322637748e+03 1.305346198131128176e+03 1.324747501821264223e+03 1.338513650408191097e+03 1.345722639069947036e+03 1.345874101704376471e+03 1.339201124185864728e+03 1.326515732226654791e+03 1.308740943789890935e+03 1.286746663720858123e+03 1.261391140663836723e+03 1.233504801790105148e+03 1.203819419250755118e+03 1.172941232502028015e+03
6.571085546759392173e+02 6.769467639772221901e+02 6.972765440880219785e+02 7.181426330643867004e+02 7.395937281234516831e+02 7.616821316153602766e+02 7.844630666642398182e+02 8.079936350535505198e+02 8.323313499944194973e+02 8.575321144666736473e+02 8.836474504770428666e+02 9.107207296707093747e+02 9.387821211316579593e+02 9.678419656183477855e+02 9.978823147104931195e+02 1.028846448258680084e+03 1.060626317135712270e+03 1.093048066556083313e+03 1.125856095372430218e+03 1.158696513582661282e+03 1.191101379142723545e+03 1.222475714423081627e+03 1.252090061352814928e+03 1.279081802229583900e+03 1.302468719611432789e+03 1.321191241493830148e+03 1.334223055466119604e+03 1.340747812050339917e+03 1.340380272565956147e+03 1.333466735992224585e+03 1.320916802415187476e+03 1.303686888539289839e+03 1.282560042413363362e+03 1.258220171103656412e+03 1.231355568207490478e+03 1.202633399637838011e+03 1.172640602299090688e+03
6.542461056181857657e+02 6.741834798442638430e+02 6.946107907008040456e+02 7.155734065802735131e+02 7.371214563100780879e+02 7.593091208697555885e+02 7.821935774740622946e+02 8.058336103835666790e+02 8.302878485228602585e+02 8.556125060695757156e+02 8.818584176365590110e+02 9.090670945808415127e+02 9.372654945041055043e+02 9.664591980052543931e+02 9.966237302084253997e+02 1.027693857087954484e+03 1.059550839845514929e+03 1.092007860079341754e+03 1.124794151357441024e+03 1.157538803146200735e+03 1.189755743828131017e+03 1.220832046975730918e+03 1.250022251860220877e+03 1.276451378003205036e+03 1.299131324659034590e+03 1.317011454294356099e+03 1.329111127851715082e+03 1.334713727265710531e+03 1.333567796542191672e+03 1.326126591166047092e+03 1.313384124662103886e+03 1.296405476984331017e+03 1.276020872467139498e+03 1.252802510551932073e+03 1.227216510530985261e+03 1.199756386278088939e+03 1.170934026783573017e+03
