BlockUplift_2Ma_1kryTimeStep_2mmyr_k_1e-05_m_0.5_n_1.0_LinDiffusion_0.5_6x3km_30mRes_topographic__steepest_slope.txt
nrows 100
cellsize 30.0
xllcorner 0.0
ncols 200
yllcorner 0.0
[rows 34 to 50 of 100, columns 37 to 73 of 200]
1.251894241496271709e+00 1.251894241193106883e+00 1.251894240925245594e+00 1.251894240694142901e+00 1.251894240501170819e+00 1.251894240347466214e+00 1.251894240234014521e+00 1.251894240161588234e+00 1.251894240130794422e+00 1.251894240142049419e+00 1.251894240195580599e+00 1.251894240291433924e+00 1.251894240429434424e+00 1.251894240609271902e+00 1.251894240830355054e+00 1.251894241091971116e+00 1.251894241393188167e+00 1.251894241732891988e+00 1.251894242109756306e+00 1.251894242522310741e+00 1.251894242968849769e+00 1.251894243447524424e+00 1.251894243956333641e+00 1.251894244493079622e+00 1.251894245055450439e+00 1.251894245641036241e+00 1.251894246247275078e+00 1.251894246871521954e+00 1.251894247511086133e+00 1.251894248163254453e+00 1.251894248825237810e+00 1.251894249494315270e+00 1.251894250167780775e+00 1.251894250842966905e+00 1.251894251517304157e+00 1.251894252188344492e+00 1.251894252853730904e+00
1.239892043885940209e+00 1.239892043580721248e+00 1.239892043311616954e+00 1.239892043080196071e+00 1.239892042887762225e+00 1.239892042735482480e+00 1.239892042624334501e+00 1.239892042555114537e+00 1.239892042528382810e+00 1.239892042544594508e+00 1.239892042603916389e+00 1.239892042706370878e+00 1.239892042851814313e+00 1.239892043039822145e+00 1.239892043269855915e+00 1.239892043541120481e+00 1.239892043852660164e+00 1.239892044203293242e+00 1.239892044591670128e+00 1.239892045016199429e+00 1.239892045475153193e+00 1.239892045966568324e+00 1.239892046488345612e+00 1.239892047038210876e+00 1.239892047613739168e+00 1.239892048212345887e+00 1.239892048831370719e+00 1.239892049468054758e+00 1.239892050119540956e+00 1.239892050782941624e+00 1.239892051455368849e+00 1.239892052133920286e+00 1.239892052815722900e+00 1.239892053497988034e+00 1.239892054178017178e+00 1.239892054853210857e+00 1.239892055521128578e+00
1.227393719848563158e+00 1.227393719540979644e+00 1.227393719270404970e+00 1.227393719038370135e+00 1.227393718846246928e+00 1.227393718695187319e+00 1.227393718586169191e+00 1.227393718519965704e+00 1.227393718497182817e+00 1.227393718518176913e+00 1.227393718583168036e+00 1.227393718692170843e+00 1.227393718844935755e+00 1.227393719041106168e+00 1.227393719280060802e+00 1.227393719561011176e+00 1.227393719882926781e+00 1.227393720244587483e+00 1.227393720644590847e+00 1.227393721081307287e+00 1.227393721552888062e+00 1.227393722057339209e+00 1.227393722592432734e+00 1.227393723155804084e+00 1.227393723744883980e+00 1.227393724357011662e+00 1.227393724989352952e+00 1.227393725639005062e+00 1.227393726302989263e+00 1.227393726978243560e+00 1.227393727661706180e+00 1.227393728350337776e+00 1.227393729041114101e+00 1.227393729731094618e+00 1.227393730417429607e+00 1.227393731097367935e+00 1.227393731768347651e+00
1.214502535550278983e+00 1.214502535239989855e+00 1.214502534967626390e+00 1.214502534734735129e+00 1.214502534542664991e+00 1.214502534392598365e+00 1.214502534285490265e+00 1.214502534222128727e+00 1.214502534203089956e+00 1.214502534228745434e+00 1.214502534299291892e+00 1.214502534414684032e+00 1.214502534574732229e+00 1.214502534778997278e+00 1.214502535026864782e+00 1.214502535317478760e+00 1.214502535649823356e+00 1.214502536022617596e+00 1.214502536434391322e+00 1.214502536883461881e+00 1.214502537367927015e+00 1.214502537885702393e+00 1.214502538434461210e+00 1.214502539011732551e+00 1.214502539614848775e+00 1.214502540240990358e+00 1.214502540887201665e+00 1.214502541550442904e+00 1.214502542227531512e+00 1.214502542915283811e+00 1.214502543610478824e+00 1.214502544309895349e+00 1.214502545010327506e+00 1.214502545708698200e+00 1.214502546401975858e+00 1.214502547087325413e+00 1.214502547762011497e+00
1.201311521813439365e+00 1.201311521500125989e+00 1.201311521225663093e+00 1.201311520991612314e+00 1.201311520799345001e+00 1.201311520650021114e+00 1.201311520544618316e+00 1.201311520483894446e+00 1.201311520468417937e+00 1.201311520498575147e+00 1.201311520574510405e+00 1.201311520696193291e+00 1.201311520863411308e+00 1.201311521075702604e+00 1.201311521332422583e+00 1.201311521632722590e+00 1.201311521975518826e+00 1.201311522359522543e+00 1.201311522783195640e+00 1.201311523244809498e+00 1.201311523742416787e+00 1.201311524273804388e+00 1.201311524836599753e+00 1.201311525428210736e+00 1.201311526045841127e+00 1.201311526686549724e+00 1.201311527347252106e+00 1.201311528024704423e+00 1.201311528715609755e+00 1.201311529416595247e+00 1.201311530124250293e+00 1.201311530835164287e+00 1.201311531546025435e+00 1.201311532253521275e+00 1.201311532954514316e+00 1.201311533645972984e+00 1.201311534325047115e+00
1.187904083421919221e+00 1.187904083105240760e+00 1.187904082828360242e+00 1.187904082592854182e+00 1.187904082400109473e+00 1.187904082251285853e+00 1.187904082147353213e+00 1.187904082089054736e+00 1.187904082076973511e+00 1.187904082111420623e+00 1.187904082192593025e+00 1.187904082320430099e+00 1.187904082494689373e+00 1.187904082714915877e+00 1.187904082980450360e+00 1.187904083290406199e+00 1.187904083643669173e+00 1.187904084038935659e+00 1.187904084474644240e+00 1.187904084948991024e+00 1.187904085459968062e+00 1.187904086005300952e+00 1.187904086582519447e+00 1.187904087188909719e+00 1.187904087821584742e+00 1.187904088477459208e+00 1.187904089153274390e+00 1.187904089845642330e+00 1.187904090551092029e+00 1.187904091266068551e+00 1.187904091986979438e+00 1.187904092710247550e+00 1.187904093432333275e+00 1.187904094149772938e+00 1.187904094859262294e+00 1.187904095557587469e+00 1.187904096241792606e+00
1.174354615974577021e+00 1.174354615654146894e+00 1.174354615374515243e+00 1.174354615137265911e+00 1.174354614943763364e+00 1.174354614795197538e+00 1.174354614692492804e+00 1.174354614636422323e+00 1.174354614627486582e+00 1.174354614666094587e+00 1.174354614752329828e+00 1.174354614886162107e+00 1.174354615067325858e+00 1.174354615295389204e+00 1.174354615569624505e+00 1.174354615889183107e+00 1.174354616252943240e+00 1.174354616659532669e+00 1.174354617107375542e+00 1.174354617594637329e+00 1.174354618119226368e+00 1.174354618678830731e+00 1.174354619270866262e+00 1.174354619892513663e+00 1.174354620540786209e+00 1.174354621212417848e+00 1.174354621904027729e+00 1.174354622612061805e+00 1.174354623332859227e+00 1.174354624062660557e+00 1.174354624797691260e+00 1.174354625534169916e+00 1.174354626268359514e+00 1.174354626996629625e+00 1.174354627715441302e+00 1.174354628421482083e+00 1.174354629111606707e+00
1.160729122206142439e+00 1.160729121881612036e+00 1.160729121598895519e+00 1.160729121359584726e+00 1.160729121165074096e+00 1.160729121016485399e+00 1.160729120914796519e+00 1.160729120860704233e+00 1.160729120854769869e+00 1.160729120897280975e+00 1.160729120988412522e+00 1.160729121128080576e+00 1.160729121316012469e+00 1.160729121551745902e+00 1.160729121834621402e+00 1.160729122163729699e+00 1.160729122537933700e+00 1.160729122955892034e+00 1.160729123415967567e+00 1.160729123916303340e+00 1.160729124454761951e+00 1.160729125028941100e+00 1.160729125636195569e+00 1.160729126273607470e+00 1.160729126938031097e+00 1.160729127626101809e+00 1.160729128334242022e+00 1.160729129058737819e+00 1.160729129795708969e+00 1.160729130541229503e+00 1.160729131291297289e+00 1.160729132041918410e+00 1.160729132789159346e+00 1.160729133529162072e+00 1.160729134258243311e+00 1.160729134972863674e+00 1.160729135669718470e+00
1.147085820971043724e+00 1.147085820642041565e+00 1.147085820355899566e+00 1.147085820114246646e+00 1.147085819918432614e+00 1.147085819769616544e+00 1.147085819668692830e+00 1.147085819616389335e+00 1.147085819613206104e+00 1.147085819659476646e+00 1.147085819755292002e+00 1.147085819900591330e+00 1.147085820095132158e+00 1.147085820338414441e+00 1.147085820629793806e+00 1.147085820968345660e+00 1.147085821352985979e+00 1.147085821782305448e+00 1.147085822254704679e+00 1.147085822768265873e+00 1.147085823320806774e+00 1.147085823909893998e+00 1.147085824532776632e+00 1.147085825186453301e+00 1.147085825867634412e+00 1.147085826572811218e+00 1.147085827298262029e+00 1.147085828040045774e+00 1.147085828794123019e+00 1.147085829556317549e+00 1.147085830322400080e+00 1.147085831088171970e+00 1.147085831849464332e+00 1.147085832602207756e+00 1.147085833342483374e+00 1.147085834066600363e+00 1.147085834771087276e+00
1.133475743245768719e+00 1.133475742911915995e+00 1.133475742622052529e+00 1.133475742377769713e+00 1.133475742180416912e+00 1.133475742031115896e+00 1.133475741930760616e+00 1.133475741880026089e+00 1.133475741879419685e+00 1.133475741929199421e+00 1.133475742029516731e+00 1.133475742180280577e+00 1.133475742381210738e+00 1.133475742631867345e+00 1.133475742931598917e+00 1.133475743279503511e+00 1.133475743674474234e+00 1.133475744115162387e+00 1.133475744599915513e+00 1.133475745126823586e+00 1.133475745693696579e+00 1.133475746298010289e+00 1.133475746936945416e+00 1.133475747607402218e+00 1.133475748305969866e+00 1.133475749028987956e+00 1.133475749772545393e+00 1.133475750532526583e+00 1.133475751304649837e+00 1.133475752084518673e+00 1.133475752867692199e+00 1.133475753649683337e+00 1.133475754426088722e+00 1.133475755192618228e+00 1.133475755945134278e+00 1.133475756679718005e+00 1.133475757392738981e+00
1.119943310553450422e+00 1.119943310214398524e+00 1.119943309920510499e+00 1.119943309673332443e+00 1.119943309474206172e+00 1.119943309324223035e+00 1.119943309224231687e+00 1.119943309174883828e+00 1.119943309176634649e+00 1.119943309229771922e+00 1.119943309334378911e+00 1.119943309490372574e+00 1.119943309697502221e+00 1.119943309955328870e+00 1.119943310263200376e+00 1.119943310620306054e+00 1.119943311025516142e+00 1.119943311477497039e+00 1.119943311974642031e+00 1.119943312515018441e+00 1.119943313096412929e+00 1.119943313716241118e+00 1.119943314371660836e+00 1.119943315059428235e+00 1.119943315776041892e+00 1.119943316517659104e+00 1.119943317280186923e+00 1.119943318059305692e+00 1.119943318850505465e+00 1.119943319649140401e+00 1.119943320450511148e+00 1.119943321249866175e+00 1.119943322042536327e+00 1.119943322823966581e+00 1.119943323589783768e+00 1.119943324335872514e+00 1.119943325058367689e+00
1.106526892152859043e+00 1.106526891808296886e+00 1.106526891510081212e+00 1.106526891259780543e+00 1.106526891058691398e+00 1.106526890907821414e+00 1.106526890808019470e+00 1.106526890759884418e+00 1.106526890763833260e+00 1.106526890820100473e+00 1.106526890928762441e+00 1.106526891089773423e+00 1.106526891302867854e+00 1.106526891567636950e+00 1.106526891883466535e+00 1.106526892249553473e+00 1.106526892664851491e+00 1.106526893128049416e+00 1.106526893637563624e+00 1.106526894191491417e+00 1.106526894787574156e+00 1.106526895423242784e+00 1.106526896095548773e+00 1.106526896801187876e+00 1.106526897536499243e+00 1.106526898297503614e+00 1.106526899079911752e+00 1.106526899879190839e+00 1.106526900690558479e+00 1.106526901509141680e+00 1.106526902329884932e+00 1.106526903147823759e+00 1.106526903957963714e+00 1.106526904755491980e+00 1.106526905535755168e+00 1.106526906294387436e+00 1.106526907027364448e+00
1.093259338168718342e+00 1.093259337818320409e+00 1.093259337515541940e+00 1.093259337261914377e+00 1.093259337058664959e+00 1.093259336906794443e+00 1.093259336807038018e+00 1.093259336759964118e+00 1.093259336765921352e+00 1.093259336825137096e+00 1.093259336937679516e+00 1.093259337103450024e+00 1.093259337322244118e+00 1.093259337593667668e+00 1.093259337917189988e+00 1.093259338292030813e+00 1.093259338717211815e+00 1.093259339191490653e+00 1.093259339713313238e+00 1.093259340280807512e+00 1.093259340891745479e+00 1.093259341543527219e+00 1.093259342233136477e+00 1.093259342957192848e+00 1.093259343711921794e+00 1.093259344493147545e+00 1.093259345296405671e+00 1.093259346116898678e+00 1.093259346949624566e+00 1.093259347789353297e+00 1.093259348630802652e+00 1.093259349468614028e+00 1.093259350297535182e+00 1.093259351112404465e+00 1.093259351908318466e+00 1.093259352680646224e+00 1.093259353425113156e+00
1.080168486576440046e+00 1.080168486219940771e+00 1.080168485912395226e+00 1.080168485655288668e+00 1.080168485449780835e+00 1.080168485296796099e+00 1.080168485196994377e+00 1.080168485150852620e+00 1.080168485158689462e+00 1.080168485220663888e+00 1.080168485336836737e+00 1.080168485507116749e+00 1.080168485731314743e+00 1.080168486009104756e+00 1.080168486339986522e+00 1.080168486723285470e+00 1.080168487158099877e+00 1.080168487643262232e+00 1.080168488177279507e+00 1.080168488758340484e+00 1.080168489384254915e+00 1.080168490052384689e+00 1.080168490759713995e+00 1.080168491502748518e+00 1.080168492277584935e+00 1.080168493079926018e+00 1.080168493905042215e+00 1.080168494747923980e+00 1.080168495603228029e+00 1.080168496465451655e+00 1.080168497328956256e+00 1.080168498188072590e+00 1.080168499037146512e+00 1.080168499870728827e+00 1.080168500683566846e+00 1.080168501470749609e+00 1.080168502227798033e+00
1.067277642598355669e+00 1.067277642235497703e+00 1.067277641923033205e+00 1.067277641662349286e+00 1.067277641454544845e+00 1.067277641300393043e+00 1.067277641200500282e+00 1.067277641155214951e+00 1.067277641164802615e+00 1.067277641229376739e+00 1.067277641348944872e+00 1.067277641523454168e+00 1.067277641752737871e+00 1.067277642036515317e+00 1.067277642374400148e+00 1.067277642765801282e+00 1.067277643209915139e+00 1.067277643705673018e+00 1.067277644251710900e+00 1.067277644846285511e+00 1.067277645487221482e+00 1.067277646171949756e+00 1.067277646897362819e+00 1.067277647659959028e+00 1.067277648455683403e+00 1.067277649280034213e+00 1.067277650128092725e+00 1.067277650994545413e+00 1.067277651873784317e+00 1.067277652759943019e+00 1.067277653646995894e+00 1.067277654528887343e+00 1.067277655399637704e+00 1.067277656253365015e+00 1.067277657084491738e+00 1.067277657887810483e+00 1.067277658658523753e+00
1.054606029625620112e+00 1.054606029256251576e+00 1.054606028938769757e+00 1.054606028674493157e+00 1.054606028464377232e+00 1.054606028309103660e+00 1.054606028209104762e+00 1.054606028164668308e+00 1.054606028175923305e+00 1.054606028242930371e+00 1.054606028365674408e+00 1.054606028544109675e+00 1.054606028778099835e+00 1.054606029067478357e+00 1.054606029411911505e+00 1.054606029810959855e+00 1.054606030263956606e+00 1.054606030769991820e+00 1.054606031327792515e+00 1.054606031935736654e+00 1.054606032591717257e+00 1.054606033293195244e+00 1.054606034037109064e+00 1.054606034819820071e+00 1.054606035637167816e+00 1.054606036484498466e+00 1.054606037356651038e+00 1.054606038248001143e+00 1.054606039152622632e+00 1.054606040064239414e+00 1.054606040976455050e+00 1.054606041882789169e+00 1.054606042776784713e+00 1.054606043652203562e+00 1.054606044503096474e+00 1.054606045323839725e+00 1.054606046109385353e+00
1.042169211259010853e+00 1.042169210882995412e+00 1.042169210560496051e+00 1.042169210292695380e+00 1.042169210080381436e+00 1.042169209924092455e+00 1.042169209824101106e+00 1.042169209780536177e+00 1.042169209793413209e+00 1.042169209862731760e+00 1.042169209988423884e+00 1.042169210170436511e+00 1.042169210408739444e+00 1.042169210703195903e+00 1.042169211053662004e+00 1.042169211459827327e+00 1.042169211921221583e+00 1.042169212437064063e+00 1.042169213006278961e+00 1.042169213627350155e+00 1.042169214298352520e+00 1.042169215016747419e+00 1.042169215779479963e+00 1.042169216582859326e+00 1.042169217422656446e+00 1.042169218293982569e+00 1.042169219191426466e+00 1.042169220109091521e+00 1.042169221040626370e+00 1.042169221979376337e+00 1.042169222918498006e+00 1.042169223851018067e+00 1.042169224770039593e+00 1.042169225668847732e+00 1.042169226541015403e+00 1.042169227380622898e+00 1.042169228182243890e+00
