BlockUplift_2Ma_1kryTimeStep_5mmyr_k_0.0001_m_0.5_n_1.0_LinDiffusion_1.0_6x3km_30mRes_topographic__steepest_slope.txt
nrows 100
cellsize 30.0
xllcorner 0.0
ncols 200
yllcorner 0.0
[rows 0 to 16 of 100, columns 148 to 184 of 200]
0.000000000000000000e+00 0.000000000000000000e+00 0.000000000000000000e+00 0.000000000000000000e+00 0.000000000000000000e+00 0.000000000000000000e+00 0.000000000000000000e+00 0.000000000000000000e+00 0.000000000000000000e+00 0.000000000000000000e+00 0.000000000000000000e+00 0.000000000000000000e+00 0.000000000000000000e+00 0.000000000000000000e+00 0.000000000000000000e+00 0.000000000000000000e+00 0.000000000000000000e+00 0.000000000000000000e+00 0.000000000000000000e+00 0.000000000000000000e+00 0.000000000000000000e+00 0.000000000000000000e+00 0.000000000000000000e+00 0.000000000000000000e+00 0.000000000000000000e+00 0.000000000000000000e+00 0.000000000000000000e+00 0.000000000000000000e+00 0.000000000000000000e+00 0.000000000000000000e+00 0.000000000000000000e+00 0.000000000000000000e+00 0.000000000000000000e+00 0.000000000000000000e+00 0.000000000000000000e+00 0.000000000000000000e+00 0.000000000000000000e+00
1.234029492801320960e-01 1.511316006272445667e-01 1.772083977066123972e-01 2.011345147975702741e-01 2.269340880572751074e-01 2.540383581202680374e-01 2.759601109662791485e-01 2.920138649686274679e-01 3.017029572286901162e-01 3.047033373235762954e-01 3.008190573887569719e-01 2.899422427864161711e-01 2.720444433381771776e-01 2.472097291384670881e-01 2.157007069485606110e-01 1.780342683377322544e-01 1.357774847594375445e-01 1.011915186808332451e-01 6.487861258501373407e-02 8.106890015338537314e-02 1.149436428356955392e-01 1.563576065208280852e-01 1.964014038216381208e-01 2.311660228871801337e-01 2.603757884256765465e-01 2.840923157629541840e-01 3.026267796544971356e-01 3.164303323559048975e-01 3.259799512021383516e-01 3.316749665612405695e-01 3.337565270071801704e-01 3.322599507044704525e-01 3.270087330588694607e-01 3.176576449595131524e-01 3.037883396055235385e-01 2.850519506660323943e-01 2.613393133581818351e-01
1.846683851474203442e-01 2.127015714581747818e-01 2.387465414316719270e-01 2.623086703895988747e-01 2.828087017154655158e-01 2.996505184255778831e-01 3.123025444349034618e-01 3.203590228554652475e-01 3.235618762522063374e-01 3.217843582782617950e-01 3.149943296614685639e-01 3.032212638030639118e-01 2.865461619041562158e-01 2.651213537819322452e-01 2.392136515273413366e-01 2.092546854836464520e-01 1.758791307236086399e-01 1.399347869714855641e-01 1.035402241764472875e-01 1.156825961681946513e-01 1.495283169885251728e-01 1.811697967011616783e-01 2.098235762482656974e-01 2.349702472904826034e-01 2.608244761039183457e-01 2.846457127056093439e-01 3.032596504771390977e-01 3.171336250930266720e-01 3.267646224989941284e-01 3.325717307977205106e-01 3.348107758136393275e-01 3.335221080100647106e-01 3.285213660556375315e-01 3.194415783054334046e-01 3.058306444175703520e-01 2.935887826044732973e-01 2.800880837426472092e-01
2.557808338524182323e-01 2.691229115911525360e-01 2.955502243532565076e-01 3.191724309789563674e-01 3.394082722786094797e-01 3.556660711989957924e-01 3.674283922820316128e-01 3.743152032559224907e-01 3.761054699918099931e-01 3.727186541761922101e-01 3.641748490984456632e-01 3.505585653808819813e-01 3.320057875263688896e-01 3.087212060502464439e-01 2.810188451854461200e-01 2.493699319352719324e-01 2.144392048297702746e-01 1.770943981375571741e-01 1.511617247843105305e-01 1.487632479731890445e-01 1.817062599800516598e-01 2.136380079677454857e-01 2.426834089389890425e-01 2.682977217098187483e-01 2.902064006020308451e-01 3.083855292643890023e-01 3.230161800375220826e-01 3.344194231406239504e-01 3.429798539313612116e-01 3.490658585980774831e-01 3.529551040745094181e-01 3.547745675243949570e-01 3.544657658489457353e-01 3.517865077523082973e-01 3.463583360694505453e-01 3.377618502025312996e-01 3.256699857790524844e-01
3.238017279750617372e-01 3.221605392162852355e-01 3.454769587481376636e-01 3.695969443196841508e-01 3.900182345837815978e-01 4.061412638605233494e-01 4.174503013781954985e-01 4.235798543575104991e-01 4.243371314212426859e-01 4.196819697140403704e-01 4.096838083298029454e-01 3.944817752760031992e-01 3.742681581627050891e-01 3.493022459327662088e-01 3.199475971169171706e-01 2.867166757395235299e-01 2.503046959562453821e-01 2.115984138774723855e-01 1.942622756503396830e-01 1.912675312656991478e-01 2.106518039969288159e-01 2.430226299858007366e-01 2.725847683559237677e-01 2.987703724137830696e-01 3.212798373563354737e-01 3.400690585244063313e-01 3.553104561117936822e-01 3.673321129547217345e-01 3.765412703567553865e-01 3.833399294141431879e-01 3.880417416787823037e-01 3.908011517005445246e-01 3.915677301565577140e-01 3.900795726811385200e-01 3.859073294224700801e-01 3.785527543812211571e-01 3.675922560224478830e-01
3.792749750774874196e-01 3.776439954393708831e-01 3.870446908380442697e-01 4.120801168585931373e-01 4.331277742283436982e-01 4.495692560567722262e-01 4.608788121792010695e-01 4.666940669244974971e-01 4.668405266270118648e-01 4.613108153611189532e-01 4.502188476936441197e-01 4.337560415862252716e-01 4.121706022726842611e-01 3.857771010040454418e-01 3.549893952835715405e-01 3.203611010430058581e-01 2.826163240162046231e-01 2.426576495277835144e-01 2.320133962217520718e-01 2.285531793321865790e-01 2.357960017570691624e-01 2.687181201513782480e-01 2.988884993178645977e-01 3.257187129000247983e-01 3.488840973687231117e-01 3.683186621982350029e-01 3.841836669621788158e-01 3.968115074985653079e-01 4.066294210640867823e-01 4.140703848585843283e-01 4.194813149870363356e-01 4.230414098745109985e-01 4.247060019747204707e-01 4.241923555848020611e-01 4.210212464667663079e-01 4.146196844597426212e-01 4.044753943268164509e-01
4.214127458743708865e-01 4.199683990304038383e-01 4.195060955870921204e-01 4.458257656967148375e-01 4.678997447775737339e-01 4.850824932899866493e-01 4.968286345901547496e-01 5.027685446442987649e-01 5.027359186325619511e-01 4.967473750421724787e-01 4.849545726045956240e-01 4.675967825071294381e-01 4.449756853636809839e-01 4.174599579665456694e-01 3.855128668300836781e-01 3.497275773199359228e-01 3.108540213267508290e-01 2.698058636650815245e-01 2.640211548852562373e-01 2.602173422288008853e-01 2.575105503424424680e-01 2.903834166237215797e-01 3.212121782494366529e-01 3.487225705993097780e-01 3.725633904861652690e-01 3.926430277803651947e-01 4.091067416973344084e-01 4.222862733566427051e-01 4.326244549649957971e-01 4.405818778282852843e-01 4.465367990123551567e-01 4.506931394153420589e-01 4.530143829489988172e-01 4.532022662032082483e-01 4.507361615266068378e-01 4.449797767492835177e-01 4.353458007697282306e-01
4.504303073351366149e-01 4.493158827029901659e-01 4.458624799460949584e-01 4.707237098614473481e-01 4.941593364878190675e-01 5.124486440985266400e-01 5.250201827838604229e-01 5.314889597499237173e-01 5.316876978081274130e-01 5.256478571070850592e-01 5.135507197999900075e-01 4.956769710311799138e-01 4.723771206888289775e-01 4.440706919762345550e-01 4.112677169312550784e-01 3.745979771089337218e-01 3.348332382700980880e-01 2.953975041046191796e-01 2.902911580917589274e-01 2.862436707476376796e-01 2.832762713627819950e-01 3.079330576251840257e-01 3.394294898300975194e-01 3.676186575489470698e-01 3.921193818479534188e-01 4.128087354417029342e-01 4.298093803084778730e-01 4.434461282509475910e-01 4.541724395143301729e-01 4.624736513270090166e-01 4.687592804495970267e-01 4.732612994428351816e-01 4.759585579265983024e-01 4.765484826395749995e-01 4.744837727931852656e-01 4.690818041363157831e-01 4.596974233110892594e-01
4.673547394155207479e-01 4.666737727697371496e-01 4.635563953264560388e-01 4.872477112271181299e-01 5.123030557219931946e-01 5.319900334251319585e-01 5.457083028749210030e-01 5.530524637647220576e-01 5.538470642265984623e-01 5.481298524034788899e-01 5.361029458694165362e-01 5.180803970832151828e-01 4.944547891058642120e-01 4.656910697688474987e-01 4.323415735396529125e-01 3.950685778013314775e-01 3.546612636064566115e-01 3.163314273227986750e-01 3.111471446915591854e-01 3.069263377258569792e-01 3.037156694458872375e-01 3.215016044886466196e-01 3.536434183973590772e-01 3.824825506327069746e-01 4.076021200831249636e-01 4.288403496390759684e-01 4.462894470235846955e-01 4.602604339955610468e-01 4.712126401567734990e-01 4.796544248550879130e-01 4.860286856270411571e-01 4.906020665012718607e-01 4.933802309826796351e-01 4.940722988464054111e-01 4.921236935445091887e-01 4.868260776787446953e-01 4.774952917443022193e-01
4.737744355784760386e-01 4.735936081526688213e-01 4.709398635172912240e-01 4.963009635238616601e-01 5.231548357847333186e-01 5.444506633702177467e-01 5.595598747102550341e-01 5.680550528151103729e-01 5.697480451221069719e-01 5.646758043709704245e-01 5.530526282425984874e-01 5.352168483192507598e-01 5.115945291034751374e-01 4.826884975970229252e-01 4.490870575859506886e-01 4.114797265235505264e-01 3.706685931978297988e-01 3.323078825172842699e-01 3.271244060649147745e-01 3.227680887774340701e-01 3.193162419655209416e-01 3.313885925988496184e-01 3.641378076837514244e-01 3.935868454389931381e-01 4.192749363462066614e-01 4.409922397212446277e-01 4.587917466733429928e-01 4.729636507664751743e-01 4.839689117509896055e-01 4.923384050374465248e-01 4.985524523069388425e-01 5.029215714461977571e-01 5.054927724861921767e-01 5.060061339027276395e-01 5.039221369098124681e-01 4.985293127932345358e-01 4.891236418001118080e-01
4.715807438374250982e-01 4.719389779277169961e-01 4.698463356532783797e-01 4.990428627580296705e-01 5.278008465762360490e-01 5.508401102626465651e-01 5.675073403896651048e-01 5.773547712446370772e-01 5.801800100921443715e-01 5.760142112772069778e-01 5.650760223306895424e-01 5.477185018597754418e-01 5.243911117815132084e-01 4.956249818943901375e-01 4.620361069474966387e-01 4.243347643283855164e-01 3.833314363484812692e-01 3.440183152816985168e-01 3.388594635572568792e-01 3.343725023425122567e-01 3.306706007583064544e-01 3.379923378681790602e-01 3.713137794085675791e-01 4.013400860145452942e-01 4.275560027169158506e-01 4.496929445890278654e-01 4.677552691871696977e-01 4.820052823924473318e-01 4.929017952459174845e-01 5.009985377950623153e-01 5.068184690257945268e-01 5.107266167827232417e-01 5.128274593508355128e-01 5.129128544184783367e-01 5.104819141325174225e-01 5.048431948799277924e-01 4.952915134293342514e-01
4.627412990949626992e-01 4.636610172351310899e-01 4.622085163993043810e-01 4.967266057559688308e-01 5.274315703370655584e-01 5.522815662728929320e-01 5.706039040325739942e-01 5.819348528876689963e-01 5.860591107563225544e-01 5.829993594676938784e-01 5.729720364302625102e-01 5.563353642401980270e-01 5.335509350499192394e-01 5.051666622552939412e-01 4.718158850671432814e-01 4.342216933647210508e-01 3.931982307465946569e-01 3.521588489831856128e-01 3.469923173339869438e-01 3.423465218673906185e-01 3.383761606840191005e-01 3.417404401945024484e-01 3.756183262880996576e-01 4.062132665859279346e-01 4.329428341217631537e-01 4.554678972305455931e-01 4.737343571444863621e-01 4.879695945662866352e-01 4.986267003159330913e-01 5.062828281238906936e-01 5.115089540397468326e-01 5.147353172027335777e-01 5.161399334227966262e-01 5.155870741264652057e-01 5.126377099042254137e-01 5.066430341134445792e-01 4.969146054325618289e-01
4.491271129416342656e-01 4.506242685694512029e-01 4.527740366124002325e-01 4.905675302018665529e-01 5.232112329434791542e-01 5.498838724507768561e-01 5.698996112768426325e-01 5.827850349419352316e-01 5.883156544339420702e-01 5.865052099115546369e-01 5.775627810890309188e-01 5.618424426000518945e-01 5.398056949043040786e-01 5.120038466728530357e-01 4.790750234601092727e-01 4.417453627629059354e-01 4.008272500332980548e-01 3.573513139195142463e-01 3.520896342637722110e-01 3.472223883632144514e-01 3.429523499349784177e-01 3.430233423214259503e-01 3.774722000038263081e-01 4.086618076573610425e-01 4.359284149915638173e-01 4.588499674949451101e-01 4.773040474381929354e-01 4.914761887048943456e-01 5.018101483115396944e-01 5.089066650765992073e-01 5.133892437045931567e-01 5.157627142721450397e-01 5.162930198157680284e-01 5.149356153739144126e-01 5.113347414155009485e-01 5.049053352972789899e-01 4.949926485637945461e-01
4.323983221261187282e-01 4.344892293202292644e-01 4.418892112046380882e-01 4.816507368111976883e-01 5.161840717845245230e-01 5.446475651705556809e-01 5.663484368970543859e-01 5.808108620987153525e-01 5.878065609562863614e-01 5.873416460728833055e-01 5.796139817433691999e-01 5.649645285985193111e-01 5.438416981197757849e-01 5.167850526838486669e-01 4.844226575950740799e-01 4.474717680031791156e-01 4.067362875467742667e-01 3.631019333278798222e-01 3.545895904686214295e-01 3.494012069884699367e-01 3.447797332875817689e-01 3.421358546035741521e-01 3.772036782610154182e-01 4.090512531235204197e-01 4.369188106556627371e-01 4.602892207405215874e-01 4.789624243477156318e-01 4.930755872307513998e-01 5.030594016796635648e-01 5.095374692725388455e-01 5.131885850659162474e-01 5.145989872442772173e-01 5.141337673112328366e-01 5.118549130934552105e-01 5.075081498637407096e-01 5.005908322310308467e-01 4.904976808488092921e-01
4.139409081333345619e-01 4.166453973327596261e-01 4.292447759383650752e-01 4.708767181194714602e-01 5.072173648482567465e-01 5.374057763290100986e-01 5.607477861715954859e-01 5.767725872422192479e-01 5.852543767129166907e-01 5.861941562083270441e-01 5.797757376673773333e-01 5.663183787579983974e-01 5.462438607087720666e-01 5.200633746164915472e-01 4.883779122533307704e-01 4.518815592781768031e-01 4.113611075664734273e-01 3.676931043057707904e-01 3.547644216647123927e-01 3.491160496347144315e-01 3.440613294653492860e-01 3.399034956462818058e-01 3.749947810434230422e-01 4.075952754681809176e-01 4.361627687587197877e-01 4.600741712927253202e-01 4.790438410385658985e-01 4.931550141113422714e-01 5.028216824709889066e-01 5.086885235765783442e-01 5.114900469436300945e-01 5.118971929476666682e-01 5.103810125490950700e-01 5.071205846180787402e-01 5.019768446449839328e-01 4.945448230584282290e-01 4.842828650017836356e-01
3.948404379422375543e-01 3.981818922219114709e-01 4.155626726793387182e-01 4.589374798786186038e-01 4.969747681928278205e-01 5.287944867230587320e-01 5.537056812550095186e-01 5.712494993056688175e-01 5.812090282152975185e-01 5.835833082799204430e-01 5.785400304280603478e-01 5.663686527307141283e-01 5.474506589038754534e-01 5.222513155647436900e-01 4.913258224914998085e-01 4.553285758523493709e-01 4.150183142364188282e-01 3.712596597627608186e-01 3.526964879375137918e-01 3.464120339330254983e-01 3.408055286648087878e-01 3.362238730831866862e-01 3.708473809823786826e-01 4.043153404578540555e-01 4.337044591917120773e-01 4.582773081280416272e-01 4.776571760365535546e-01 4.918696085885778668e-01 5.013088963890198757e-01 5.066381261754109300e-01 5.086454127924858737e-01 5.080856053492700530e-01 5.055372386083059055e-01 5.013011660386930135e-01 4.953616259846483905e-01 4.874221431318105369e-01 4.770164946377233872e-01
3.758784902673824035e-01 3.798816283908460489e-01 4.013508106759026139e-01 4.463135237646597142e-01 4.859110695674354607e-01 5.192440722289981547e-01 5.456284345988900997e-01 5.646233313138184773e-01 5.760267857799019620e-01 5.798392640925066344e-01 5.762109591438219214e-01 5.653942634940427592e-01 5.477172897150118791e-01 5.235818389056071664e-01 4.934777989534921416e-01 4.580016898689547311e-01 4.178708982573509645e-01 3.739327220318251488e-01 3.482675400059065396e-01 3.411438510308471561e-01 3.348319815294037993e-01 3.297264084386218319e-01 3.645777528076971086e-01 3.990320065985571985e-01 4.293707112264362746e-01 4.547375222640652748e-01 4.746628274298003158e-01 4.891135577332272333e-01 4.984627521944157702e-01 5.033889090969752012e-01 5.047293533882301064e-01 5.033178930212195423e-01 4.998364084469121282e-01 4.947056907225363953e-01 4.880348930304603261e-01 4.796414624346201916e-01 4.691431401264991030e-01
