BlockUplift_2Ma_1kryTimeStep_2mmyr_k_5e-05_m_0.5_n_1.0_LinDiffusion_0.75_6x3km_30mRes_topographic__elevation.txt
nrows 100
cellsize 30.0
xllcorner 0.0
ncols 200
yllcorner 0.0
[rows 34 to 50 of 100, columns 0 to 36 of 200]
7.097052615938138128e-04 4.220778451405233227e+02 4.208110135886825560e+02 4.182979963208387062e+02 4.145824658515446686e+02 4.097341557154275620e+02 4.038500356065117671e+02 3.970516549456833673e+02 3.894781977611382331e+02 3.812764906332935766e+02 3.725903669019194240e+02 3.635521198098514901e+02 3.542784051167756161e+02 3.448721609948582341e+02 3.354310497112326175e+02 3.260615506501084155e+02 3.168961136893288426e+02 3.081089772849193196e+02 2.999250462003638518e+02 2.926164922371142438e+02 2.864840702333616491e+02 2.818243012977970352e+02 2.788884596396958955e+02 2.778429045018779675e+02 2.787411116315910817e+02 2.815151519969209062e+02 2.859890664921827010e+02 2.919104207864425007e+02 2.989914659006483362e+02 3.069493992843205206e+02 3.155366560565046257e+02 3.245561131013964768e+02 3.338608845322807497e+02 3.433423044133256212e+02 3.529116778641703718e+02 3.624813517621909682e+02 3.719492936556839595e+02
7.865496834250549317e-04 4.164458990383134278e+02 4.151192077406992667e+02 4.124939539293800976e+02 4.086273756325906561e+02 4.036064514147579985e+02 3.975463096941260801e+02 3.905850906883049447e+02 3.828752511268676244e+02 3.745727038130800111e+02 3.658260794512559642e+02 3.567685794833045065e+02 3.475145062415186885e+02 3.381618541676709810e+02 3.288014079094323847e+02 3.195315146407318707e+02 3.104760016322032925e+02 3.018008465923420545e+02 2.937238859642623652e+02 2.865120137639427185e+02 2.804626428295362643e+02 2.758704893513702245e+02 2.729857638695235664e+02 2.719736873923239955e+02 2.728861391315211904e+02 2.756534717612872782e+02 2.800988825730704548e+02 2.859712094932160085e+02 2.929870004546572204e+02 3.008708979417214664e+02 3.093851539421335133e+02 3.183434102937712282e+02 3.276088884514634287e+02 3.370810341711344336e+02 3.466764552013495404e+02 3.563097154147172887e+02 3.658780051903019057e+02
5.208326457469299306e-04 4.111150088758043921e+02 4.097220964773599121e+02 4.069721873624373529e+02 4.029366796251347864e+02 3.977206555804888808e+02 3.914584856113856972e+02 3.843061550225064593e+02 3.764307515482850022e+02 3.679986589686754996e+02 3.591646349229073962e+02 3.500639858989451909e+02 3.408096583635477828e+02 3.314954493097042700e+02 3.222057240168149406e+02 3.130308461116445642e+02 3.040858542946797911e+02 2.955279998731030560e+02 2.875673256742268791e+02 2.804645340684359098e+02 2.745127005070835935e+02 2.700038021943109356e+02 2.671862798051648724e+02 2.662238977118981325e+02 2.671671135889934590e+02 2.699452297164694414e+02 2.743816214996751341e+02 2.802275062664836014e+02 2.872045820656717865e+02 2.950452172689547297e+02 3.035209846286867901e+02 3.124549867743314735e+02 3.217185902597863105e+02 3.312170219724979461e+02 3.408698530295779392e+02 3.505918718275188439e+02 3.602781367215236514e+02
1.061506977583670546e-05 4.061397643368609920e+02 4.046774493462509099e+02 4.017964340829987577e+02 3.975821394757510916e+02 3.921576343288778617e+02 3.856765190123977050e+02 3.783127987183808614e+02 3.702486117190949813e+02 3.616614978760746908e+02 3.527132725569922513e+02 3.435424688457587195e+02 3.342619102555077575e+02 3.249624475034095781e+02 3.157231979529128694e+02 3.066275384598433220e+02 2.977824584502758967e+02 2.893369052622606432e+02 2.814932100301057858e+02 2.745056478505054542e+02 2.686624792740523731e+02 2.642523483979516641e+02 2.615213725256336375e+02 2.606314998616211369e+02 2.616317001878054498e+02 2.644504472197620544e+02 2.689116686370063576e+02 2.747692380864967276e+02 2.817498852878954949e+02 2.895929385890910339e+02 2.980777610596855425e+02 3.070346882385413210e+02 3.163405501555051273e+02 3.259035826935503906e+02 3.356438584817307174e+02 3.454745979278896471e+02 3.552878631814304526e+02
7.959797615366401074e-04 4.015785744046415857e+02 4.000477167287233442e+02 3.970368115838035692e+02 3.926443793294602074e+02 3.870102865413517179e+02 3.803061099611178975e+02 3.727227685642561141e+02 3.644566811154628567e+02 3.556962453213636195e+02 3.466105755066490133e+02 3.373422110469414292e+02 3.280051107121427094e+02 3.186888101599845413e+02 3.094690446667197534e+02 3.004241450542287453e+02 2.916548990494054010e+02 2.833035448034749493e+02 2.755659134882130274e+02 2.686906030321824801e+02 2.629613387399410271e+02 2.586633076822454314e+02 2.560399046865280752e+02 2.552507393011343595e+02 2.563427669159682409e+02 2.592431341746189446e+02 2.637757669569596146e+02 2.696964051956196045e+02 2.767355735199728883e+02 2.846377267147669272e+02 2.931875767250245985e+02 3.022198027600475712e+02 3.116136671701206637e+02 3.212776237470926048e+02 3.311300690033582441e+02 3.410813848340757772e+02 3.510204457408743224e+02
6.663241685299370071e-05 3.974867559814728111e+02 3.958926466492657710e+02 3.927615363386664740e+02 3.882033720668113688e+02 3.823725962985857905e+02 3.754562884875495570e+02 3.676598796548464065e+02 3.591920419643981290e+02 3.502506206745367763e+02 3.410113934533992506e+02 3.316211128000894064e+02 3.221959070375424403e+02 3.128257733664062812e+02 3.035854398615202854e+02 2.945509701241369385e+02 2.858198974969270694e+02 2.775306060883058308e+02 2.698749308078865283e+02 2.630977235417067277e+02 2.574793891712573668e+02 2.533021181412238718e+02 2.508063584887978834e+02 2.501486176281254927e+02 2.513726954993395566e+02 2.544030057739443293e+02 2.590618263935159007e+02 2.651048223097362211e+02 2.722639982908889351e+02 2.802862228918347682e+02 2.889585365888038382e+02 2.981168530114574651e+02 3.076399775298163490e+02 3.174342398705719575e+02 3.274148384257304656e+02 3.374887836252398756e+02 3.475422693905400706e+02
1.729906051994496458e-04 3.939070226660484764e+02 3.922591258495718876e+02 3.890255170190678768e+02 3.843252808009452224e+02 3.783243638645611782e+02 3.712218654976729226e+02 3.632342380271891784e+02 3.545792888855514207e+02 3.454618795891384480e+02 3.360629300342192778e+02 3.265329220433437172e+02 3.169907456819373692e+02 3.075284890268438858e+02 2.982224288929044178e+02 2.891496604235051677e+02 2.804082435575267596e+02 2.721366394421493169e+02 2.645263893755393383e+02 2.578216974919378117e+02 2.523018338762765325e+02 2.482470855638418641e+02 2.458949352047301034e+02 2.453977840686785612e+02 2.467945012236466198e+02 2.500044452355230931e+02 2.548455531367572746e+02 2.610704631805457439e+02 2.684095296772162555e+02 2.766088265566995119e+02 2.854545983151691644e+02 2.947811746403322672e+02 3.044646343664333017e+02 3.144076668385434346e+02 3.245216277044586946e+02 3.347103986017087323e+02 3.448585518754094892e+02
1.150140003748908400e-04 3.908594771537501060e+02 3.891704882645680641e+02 3.858583365811144290e+02 3.810485556778137948e+02 3.749149841081070917e+02 3.676646254546272985e+02 3.595207791614603252e+02 3.507065645275101815e+02 3.414307208476757864e+02 3.318770990187701955e+02 3.221987803784700191e+02 3.125174482383701502e+02 3.029284915323702307e+02 2.935120777311894926e+02 2.843496808779306662e+02 2.755440100329191182e+02 2.672381524044408252e+02 2.596278780614913444e+02 2.529607355018617909e+02 2.475178559599812047e+02 2.435792916662099401e+02 2.413797742971212870e+02 2.410664496210976040e+02 2.426710015256839768e+02 2.461047145353037138e+02 2.511777384875533130e+02 2.576360972140423087e+02 2.652049965022821425e+02 2.736265064122881085e+02 2.826833413073659358e+02 2.922061559049516859e+02 3.020669758927342059e+02 3.121643302426247715e+02 3.224059679702830294e+02 3.326935074644087535e+02 3.429112334445797501e+02
9.284983614657486492e-04 3.883340412792106804e+02 3.866184097024319613e+02 3.832551023969935500e+02 3.783732813367656718e+02 3.721509073531313447e+02 3.647986126518287620e+02 3.565422087404814420e+02 3.476061208362260686e+02 3.381995877149344665e+02 3.285068481111957794e+02 3.186820112958935738e+02 3.088490453265436031e+02 2.991072573389843683e+02 2.895424769529221862e+02 2.802434457743053144e+02 2.713213792018918866e+02 2.629285161916669153e+02 2.552695924579022062e+02 2.485998827927206207e+02 2.432058327992443196e+02 2.393693293306283749e+02 2.373228085470082931e+02 2.372070416475142167e+02 2.390441105638575721e+02 2.427339351831213605e+02 2.480751781578571524e+02 2.548035619985633389e+02 2.626358100434774201e+02 2.713072571743581420e+02 2.805951217627747383e+02 2.903252574432148663e+02 3.003653292618806177e+02 3.106101007942890533e+02 3.209646211250508259e+02 3.313294413732213570e+02 3.415898452540917560e+02
2.331898860335473870e-04 3.862879527404729743e+02 3.845601829363323532e+02 3.811732811646140817e+02 3.762573561969477964e+02 3.699909471810935315e+02 3.625843472299236510e+02 3.542619030836427214e+02 3.452456877347932505e+02 3.357423198450204040e+02 3.259339738192074947e+02 3.159740793952039439e+02 3.059879937703192923e+02 2.960789401428555152e+02 2.863393917752798075e+02 2.768673816093988194e+02 2.677856604309736213e+02 2.592594573234579798e+02 2.515067372473468481e+02 2.447946499905199289e+02 2.394183916982031803e+02 2.356638913901403782e+02 2.337619646282372514e+02 2.338461308249603690e+02 2.359266944322829431e+02 2.398891806310471395e+02 2.455173973844820239e+02 2.525335451439198948e+02 2.606431722685456407e+02 2.695729612720785440e+02 2.790935994349086400e+02 2.890259597095019899e+02 2.992338793436871356e+02 3.096093725212018057e+02 3.200560179086635912e+02 3.304744888560281311e+02 3.407520356632899166e+02
7.633174337476930464e-04 3.846494591862203265e+02 3.829225799925354181e+02 3.795368748441659363e+02 3.746210787539019407e+02 3.683512958218410631e+02 3.609341825107435398e+02 3.525893969061746134e+02 3.435337549106736788e+02 3.339687907880189073e+02 3.240726209821518751e+02 3.139964669774610684e+02 3.038660250031375654e+02 2.937879301461003365e+02 2.838614610979781787e+02 2.741949022085909746e+02 2.649243716393571617e+02 2.562307298347508890e+02 2.483483725211287663e+02 2.415596598907835357e+02 2.361714829177967658e+02 2.324758715625620198e+02 2.307028644317494468e+02 2.309782808420722233e+02 2.332990938754933268e+02 2.375341593657543626e+02 2.434499102412028151e+02 2.507527133989560468e+02 2.591351905940499591e+02 2.683143828549999625e+02 2.780542632105673420e+02 2.881712457635678106e+02 2.985263555424597826e+02 3.090100941499646865e+02 3.195257516604969510e+02 3.299750270400148224e+02 3.402476360574521550e+02
7.449411691745792341e-04 3.833267363967994470e+02 3.816112772078795956e+02 3.782468157057506346e+02 3.733588868009079533e+02 3.671188472701329033e+02 3.597272760196740933e+02 3.513968611180386574e+02 3.423372006907630407e+02 3.327431343202447920e+02 3.227873996131244212e+02 3.126178904655815245e+02 3.023596723240648316e+02 2.921219973846713742e+02 2.820104407308809300e+02 2.721434794869006168e+02 2.626711453888088954e+02 2.537911474325006509e+02 2.457561160678545207e+02 2.388657620444322731e+02 2.334407764278710147e+02 2.297809663850362085e+02 2.281165381595895667e+02 2.285657001142792240e+02 2.311114113423755612e+02 2.356046592152416110e+02 2.417931324824403703e+02 2.493661700432040504e+02 2.580027126047094725e+02 2.674099837958577837e+02 2.773456429089709445e+02 2.876224953826928186e+02 2.980998415092148548e+02 3.086677500498776681e+02 3.192300721772300562e+02 3.296899988042397922e+02 3.399397385830434928e+02
3.338090559643221134e-04 3.822193050043971994e+02 3.805229551721559460e+02 3.771943796788817167e+02 3.723546098984276682e+02 3.661686625958309946e+02 3.588294491577789245e+02 3.505413176068691996e+02 3.415055895500879046e+02 3.319096268929356484e+02 3.219201592232716393e+02 3.116811308472227324e+02 3.013162515677773854e+02 2.909365338794909235e+02 2.806529293328244989e+02 2.705932763459030070e+02 2.609209660500478094e+02 2.518504408704751825e+02 2.436529618620498923e+02 2.366464427295607607e+02 2.311665095190653858e+02 2.275219213284634066e+02 2.259440315568733695e+02 2.265440663942995059e+02 2.292912140475334866e+02 2.340185351191285861e+02 2.404547799391671390e+02 2.482721184592016357e+02 2.571358781776368119e+02 2.667438214503054610e+02 2.768479235332796975e+02 2.872581838262139513e+02 2.978329976895913092e+02 3.084626708313462018e+02 3.190520001131710615e+02 3.295056962940544736e+02 3.397181381359678767e+02
5.009433488312518661e-04 3.812286161012963248e+02 3.795565349071541164e+02 3.762736759587385222e+02 3.714957241712712630e+02 3.653803747161234696e+02 3.581119727898930591e+02 3.498858645430790943e+02 3.408947146809720721e+02 3.313182430470045574e+02 3.213170803373150193e+02 3.110310347234142228e+02 3.005820336507650268e+02 2.900821043028196300e+02 2.796465213850430587e+02 2.694112277776571887e+02 2.595516907494888983e+02 2.502979854921323408e+02 2.419392737357585474e+02 2.348114308549742475e+02 2.292652834351820843e+02 2.256192340203448339e+02 2.241067504528931522e+02 2.248331475862875664e+02 2.277548705296176763e+02 2.326879496464431440e+02 2.393429415712610648e+02 2.473754730327654840e+02 2.564378206600669046e+02 2.662188283714238537e+02 2.764653175746138913e+02 2.869849623724813910e+02 2.976356176229244852e+02 3.083080038967827363e+02 3.189078094696401422e+02 3.293409754784374854e+02 3.395035695621558602e+02
6.506472705330868921e-04 3.802652141283384140e+02 3.786207836856283961e+02 3.753901081970668088e+02 3.706830259400505270e+02 3.646493600197689489e+02 3.574644429641597299e+02 3.493143795613904672e+02 3.403831660733272315e+02 3.308430336619740046e+02 3.208487067706938092e+02 3.105359345140164464e+02 3.000246752949735196e+02 2.894274116535379449e+02 2.788627671172827718e+02 2.684734426631986821e+02 2.584453966377404868e+02 2.490227223156729224e+02 2.405110860273209425e+02 2.332633815604309291e+02 2.276453093937168148e+02 2.239852567580666687e+02 2.225197408480147772e+02 2.233495157854362958e+02 2.264198179230306494e+02 2.315311402655777613e+02 2.383771295969344521e+02 2.465978590491364173e+02 2.558332409199610709e+02 2.657636229790006155e+02 2.761308828826985291e+02 2.867404084340844292e+02 2.974494059752656199e+02 3.081487720640154748e+02 3.187447389247660112e+02 3.291440594688369288e+02 3.392440526686383464e+02
2.119093354088733439e-04 3.792514904440796499e+02 3.776372208910055406e+02 3.744635766121833171e+02 3.698342625008119171e+02 3.638909228998300591e+02 3.567996466428716644e+02 3.487372062494223997e+02 3.398789926331737092e+02 3.303899255758420281e+02 3.204190306291836237e+02 3.100981224352713070e+02 2.995451089709721941e+02 2.888725284456821214e+02 2.782015593512236364e+02 2.676804618684959678e+02 2.575041598186620604e+02 2.479290877323870461e+02 2.392758418260832514e+02 2.319131431826447169e+02 2.262209978986243186e+02 2.225379600321955706e+02 2.211045019330795185e+02 2.220182680373343374e+02 2.252150016790866118e+02 2.304813350704680488e+02 2.374953939998126202e+02 2.458826565752437432e+02 2.552711715325926889e+02 2.653328940009721464e+02 2.758045689456034211e+02 2.864889263720264694e+02 2.972420632386175612e+02 3.079545742829566279e+02 3.185327978956139532e+02 3.288839476139158933e+02 3.389063656425927320e+02
7.446033872363642166e-04 3.781206960345958805e+02 3.765390139101564273e+02 3.734271509977112373e+02 3.688825011975454800e+02 3.630383237442264885e+02 3.560512764147357530e+02 3.480886660505136092e+02 3.393172123124923019e+02 3.298945145673355341e+02 3.199639126961486113e+02 3.096532646011845600e+02 2.990782918158821531e+02 2.883512485877104723e+02 2.775952435624195687e+02 2.669631438370932415e+02 2.566575901138483573e+02 2.469459404361038537e+02 2.381623517799273770e+02 2.306903185474524776e+02 2.249236571865000087e+02 2.212112937121136724e+02 2.197985459570827516e+02 2.207813461036488150e+02 2.240875568840754681e+02 2.294914569079856790e+02 2.366567939440095927e+02 2.451950915308962635e+02 2.547226675183478051e+02 2.649028072643692440e+02 2.754665863674879915e+02 2.862134353248731600e+02 2.969977236290126825e+02 3.077092422493222443e+02 3.182541083079991040e+02 3.285398726099276132e+02 3.384659856596287568e+02
