BlockUplift_2Ma_1kryTimeStep_5mmyr_k_5e-05_m_0.5_n_1.0_LinDiffusion_1.0_6x3km_30mRes_topographic__steepest_slope.txt
nrows 100
cellsize 30.0
xllcorner 0.0
ncols 200
yllcorner 0.0
[rows 0 to 16 of 100, columns 148 to 184 of 200]
0.000000000000000000e+00 0.000000000000000000e+00 0.000000000000000000e+00 0.000000000000000000e+00 0.000000000000000000e+00 0.000000000000000000e+00 0.000000000000000000e+00 0.000000000000000000e+00 0.000000000000000000e+00 0.000000000000000000e+00 0.000000000000000000e+00 0.000000000000000000e+00 0.000000000000000000e+00 0.000000000000000000e+00 0.000000000000000000e+00 0.000000000000000000e+00 0.000000000000000000e+00 0.000000000000000000e+00 0.000000000000000000e+00 0.000000000000000000e+00 0.000000000000000000e+00 0.000000000000000000e+00 0.000000000000000000e+00 0.000000000000000000e+00 0.000000000000000000e+00 0.000000000000000000e+00 0.000000000000000000e+00 0.000000000000000000e+00 0.000000000000000000e+00 0.000000000000000000e+00 0.000000000000000000e+00 0.000000000000000000e+00 0.000000000000000000e+00 0.000000000000000000e+00 0.000000000000000000e+00 0.000000000000000000e+00 0.000000000000000000e+00
2.751363131654329525e-02 2.763372041749789787e-02 2.776033960817396104e-02 2.788893433068248204e-02 2.801092100221277623e-02 2.925032029290498825e-02 3.133233634349925911e-02 3.376351550837059651e-02 3.654704295542084841e-02 3.964815332214575300e-02 4.298392962694279340e-02 4.642028776287022290e-02 4.977863652716638804e-02 5.285212238483118219e-02 5.542847693419614141e-02 5.731441568319468882e-02 5.881709451904839486e-02 6.000115707386915326e-02 5.979573498411241278e-02 5.817099472539932065e-02 5.516082113330185444e-02 5.084933081507567176e-02 4.535789867993760688e-02 3.958202144426527930e-02 3.392817800990366450e-02 2.785940162586737767e-02 2.150156545604857070e-02 1.505052197867560830e-02 1.901791383393963697e-02 2.518776644378017612e-02 3.113063277313373595e-02 3.693368628193146458e-02 4.398021064133293689e-02 5.018160472009943612e-02 5.542824855466316897e-02 5.962890009034443189e-02 6.270697525123788973e-02
5.432162676740404095e-02 5.455757960723985750e-02 5.480520399811628779e-02 5.505483574268244668e-02 5.528879914364211168e-02 5.547954379564998956e-02 5.558914238393981855e-02 5.557088172926683001e-02 5.598256135072679496e-02 5.908896518219567545e-02 6.236469881661184378e-02 6.565627091946302230e-02 6.876943577232190463e-02 7.148837355777420965e-02 7.360059040154161292e-02 7.492197556342146403e-02 7.531642165661246724e-02 7.470625021882981720e-02 7.307260700089675265e-02 7.044779740768572496e-02 6.690318870528585982e-02 6.253641136082159491e-02 5.746048232503756653e-02 5.179593501588371229e-02 4.566583815998035562e-02 3.919307757427453742e-02 3.249932560299352569e-02 2.973913144977207920e-02 2.940999179623039056e-02 3.537752524062352105e-02 4.142708145042933721e-02 4.720562255039537775e-02 5.261556427227598309e-02 5.756732880682181863e-02 6.197924825548618843e-02 6.577610176460772784e-02 6.888638758601081657e-02
7.977698877605235439e-02 8.012068603317933080e-02 8.047841516785562976e-02 8.083430394141259689e-02 8.116059476148697327e-02 8.141526695406847702e-02 8.154175101688565519e-02 8.147170847096087132e-02 8.113128620234040522e-02 8.045036500748020680e-02 8.089135254341116299e-02 8.412229021330795697e-02 8.708289276121265743e-02 8.954280150110255354e-02 9.128336528946992545e-02 9.212420173376599519e-02 9.194261499795791659e-02 9.068223746253940842e-02 8.835057633682227851e-02 8.500813014380839694e-02 8.075332686817487948e-02 7.570740314923307679e-02 7.000196665933704210e-02 6.377027163441172097e-02 5.714200009958606691e-02 5.024089303005148388e-02 4.442097620728683444e-02 4.373358236445786668e-02 4.325498779590475351e-02 4.507051946827459604e-02 5.127262869302712245e-02 5.726902820820891499e-02 6.296522551388868127e-02 6.827076831365769261e-02 7.309895721249098921e-02 7.736557910685611106e-02 8.098649773728566759e-02
1.033401788842259889e-01 1.037801489246665682e-01 1.042323291293049264e-01 1.046730320988027985e-01 1.050630141420640512e-01 1.053450725121346382e-01 1.054445064999129100e-01 1.052735111528325801e-01 1.047397912497653322e-01 1.037585574980880720e-01 1.022659196181640168e-01 1.013732725463813017e-01 1.042596084440018250e-01 1.065448631817733915e-01 1.080001563711933676e-01 1.084447418389028056e-01 1.077656769149697297e-01 1.059250109068157891e-01 1.029546686195870892e-01 9.894240287472023943e-02 9.401371870180508239e-02 8.831428992653683752e-02 8.199572725733833556e-02 7.520566925730930163e-02 6.808191984258546436e-02 6.075001066479224915e-02 5.762354007651614152e-02 5.675608206794701543e-02 5.614438355822812948e-02 5.579000319913613587e-02 6.045664773378357087e-02 6.670338317407102646e-02 7.271581963867225495e-02 7.840185496804270848e-02 8.366824231310990290e-02 8.841981355539002552e-02 9.255765669658888584e-02
1.246108082768766223e-01 1.251327749956904767e-01 1.256595363735546755e-01 1.261575501212159056e-01 1.265743936808083336e-01 1.268369647832306157e-01 1.268533396571190908e-01 1.265192655003128663e-01 1.257292585704021803e-01 1.243909789379984004e-01 1.224403540553169051e-01 1.198542795981381859e-01 1.199508067137531747e-01 1.221304523997713970e-01 1.233755434000683437e-01 1.235025388125579465e-01 1.224055420467238531e-01 1.200622466058582360e-01 1.165263994157492156e-01 1.119108408404185101e-01 1.063666316008290702e-01 1.000631312576816812e-01 9.317194963759177495e-02 8.585565584834345398e-02 7.826091948074022364e-02 7.092514263206339820e-02 6.961151411613096529e-02 6.859954389590824930e-02 6.787399398052874899e-02 6.743790661778348294e-02 6.881489203964515078e-02 7.533132394104481711e-02 8.167569718928392730e-02 8.775369688448619865e-02 9.346429722009051699e-02 9.869977157440640303e-02 1.033447459492551207e-01
1.433390391385387375e-01 1.439262535273845289e-01 1.445038383273128946e-01 1.450260618162322601e-01 1.454255443486848209e-01 1.456127982573548196e-01 1.454801956318154399e-01 1.449110299406318747e-01 1.437931175785953086e-01 1.420349981343785317e-01 1.395816921369600894e-01 1.364266083432255638e-01 1.339293531189512665e-01 1.360546083173943266e-01 1.371496868899294563e-01 1.370276024360654321e-01 1.355879276904687070e-01 1.328215652746669861e-01 1.288010673412822993e-01 1.236611900658009106e-01 1.175756914066654613e-01 1.107354535177543092e-01 1.033308069297667747e-01 9.553880062236368154e-02 8.751505950649536569e-02 8.168829389767892635e-02 8.025253723762944269e-02 7.913369270411294010e-02 7.831496845050196776e-02 7.780123869273627979e-02 7.761821936233559427e-02 8.302888620789046492e-02 8.970740902086157820e-02 9.617467001307018759e-02 1.023208881357939720e-01 1.080245628780864275e-01 1.131527048229398341e-01
1.594179949157724652e-01 1.600511803608640204e-01 1.606519156452255459e-01 1.611598643709214740e-01 1.614911140686899615e-01 1.615398502848222617e-01 1.611851304785280603e-01 1.603028789139159527e-01 1.587818257674162570e-01 1.565407554475389817e-01 1.535435966096277693e-01 1.498089633797064779e-01 1.460860489888558267e-01 1.481896942202884093e-01 1.491784491955099046e-01 1.488629346145528554e-01 1.471477579517917467e-01 1.440350398338864357e-01 1.396128882785195313e-01 1.340340435743487824e-01 1.274910326638710178e-01 1.201929435125725781e-01 1.123465018354132677e-01 1.041419782835891622e-01 9.574354562194932472e-02 9.099477745124696926e-02 8.949046008383826356e-02 8.830162210185979466e-02 8.741059051901629851e-02 8.682422218789724588e-02 8.657315828511590039e-02 8.972672485842896062e-02 9.672989554899805165e-02 1.035715482012653094e-01 1.101324098034676263e-01 1.162764071786849540e-01 1.218523714585780099e-01
1.728619433400638283e-01 1.735187936241800455e-01 1.741106844740973603e-01 1.745604719783462599e-01 1.747666998186408194e-01 1.746081927021388425e-01 1.739542212552256106e-01 1.726795867649229821e-01 1.706824699112151622e-01 1.679017016195586964e-01 1.643297238718219033e-01 1.600181751591151225e-01 1.564142872119886063e-01 1.585118527778164588e-01 1.594217897433937992e-01 1.589548256156312900e-01 1.570211654236334520e-01 1.536325994278404106e-01 1.488894512644823032e-01 1.429580067172081248e-01 1.360448778626408284e-01 1.283732101738103148e-01 1.201630402574745682e-01 1.116160276552516928e-01 1.029041655852408338e-01 9.885875856367079551e-02 9.733411234099283160e-02 9.610914772573550535e-02 9.516598681273838456e-02 9.451338482675926411e-02 9.418617523658098789e-02 9.540592652514241767e-02 1.027150776874344446e-01 1.099068564701718986e-01 1.168519947947102844e-01 1.233994787389869896e-01 1.293799999170269499e-01
1.837767103476267150e-01 1.844310149702209911e-01 1.849770805567023391e-01 1.853193237886576472e-01 1.853387027093560957e-01 1.849009182068868939e-01 1.838703372458629359e-01 1.821280189486192969e-01 1.795907253554863414e-01 1.762269484401258468e-01 1.720662006692691703e-01 1.671991765613199676e-01 1.649876178894661150e-01 1.670800213300184522e-01 1.679244243670526826e-01 1.673352114159941395e-01 1.652294756077169191e-01 1.616274806172046108e-01 1.566384304160345908e-01 1.504374578885901703e-01 1.432401565940392696e-01 1.352791049102302079e-01 1.267841251652604417e-01 1.179661063878053306e-01 1.090039871462903931e-01 1.053465419849715090e-01 1.038419271476963418e-01 1.026101812482086983e-01 1.016338608435053970e-01 1.009233053408308961e-01 1.005163873504216071e-01 1.004727542701857601e-01 1.076803679795464569e-01 1.151918185191534716e-01 1.224848900840020266e-01 1.293936823474215181e-01 1.357313562122680062e-01
1.923286260379654666e-01 1.929492237626902751e-01 1.934068255767783795e-01 1.935867407946053331e-01 1.933536645402474108e-01 1.925639802666163913e-01 1.910834876067497023e-01 1.888078392973227548e-01 1.856816253132649308e-01 1.817116986817438884e-01 1.769712912376898428e-01 1.715935608488772801e-01 1.719349489077708071e-01 1.740120532580073653e-01 1.747930804076895384e-01 1.741001905090731883e-01 1.718590361362949404e-01 1.680973607682196835e-01 1.629299770093561583e-01 1.565361355190685866e-01 1.491352177317857575e-01 1.409644878052380146e-01 1.322599013670009982e-01 1.232393259238127731e-01 1.140877693317859931e-01 1.105591206221731709e-01 1.091057423710651564e-01 1.078913035996341280e-01 1.068993579737271687e-01 1.061413252781543831e-01 1.056566521188074120e-01 1.055075862525294839e-01 1.116788946009695110e-01 1.194766135299338838e-01 1.270787294226575492e-01 1.343049010137667976e-01 1.409518567056293470e-01
1.987167951628672768e-01 1.992666413462908792e-01 1.995871242481124797e-01 1.995451231486185806e-01 1.989920793973434798e-01 1.977805958855185509e-01 1.957856095721050849e-01 1.929262883317069965e-01 1.891837878651926874e-01 1.846103261278036201e-01 1.793268026067247889e-01 1.742957521601044280e-01 1.774172479401734670e-01 1.794617561662506244e-01 1.801740678086545533e-01 1.793883018597901002e-01 1.770403530350777854e-01 1.731644816918684604e-01 1.678779353462681312e-01 1.613595232747108421e-01 1.538274296229141802e-01 1.455190545223990772e-01 1.366729858080579785e-01 1.275119258292515823e-01 1.182261826134568677e-01 1.146165096228079078e-01 1.132363191590551738e-01 1.120579752364127130e-01 1.110664767227604044e-01 1.102736917866612570e-01 1.097190143237867233e-01 1.094649287867146825e-01 1.147891229877198854e-01 1.228396404273884024e-01 1.307124074964941540e-01 1.382134291947040572e-01 1.451244795804893795e-01
2.031513906134894965e-01 2.035870461898923733e-01 2.037160075860204589e-01 2.033890609655145398e-01 2.024492722177569648e-01 2.007526930183928526e-01 1.981921621424002355e-01 1.947193058337347848e-01 1.903593419368974082e-01 1.852144027530357451e-01 1.794536809721250792e-01 1.784992937933649326e-01 1.816082051742052283e-01 1.835993704645580149e-01 1.842337269092421681e-01 1.833611308249679661e-01 1.809290732649823097e-01 1.769772405055696218e-01 1.716222636946590496e-01 1.650382893812017415e-01 1.574377750747278648e-01 1.490541652029731545e-01 1.401255508632908431e-01 1.308775810296198550e-01 1.215052657680358583e-01 1.176454348277862494e-01 1.163520171052482566e-01 1.152237661836238714e-01 1.142474252190178591e-01 1.134346163355795939e-01 1.128230525845803356e-01 1.124730896850261730e-01 1.171051844735046393e-01 1.253771917111345668e-01 1.334850505023059963e-01 1.412221810310955727e-01 1.483571395212356092e-01
2.058386946484233593e-01 2.061105000721615566e-01 2.059889200575308055e-01 2.053128349623856708e-01 2.039236712692759912e-01 2.016895765500578419e-01 1.985305783442224137e-01 1.944390026293907059e-01 1.894896168460453167e-01 1.838359241745289863e-01 1.776923590218018600e-01 1.816107814585714575e-01 1.846798686484686924e-01 1.865966488201921125e-01 1.871430466882260668e-01 1.861876425529732093e-01 1.836902804185171489e-01 1.796947363220549598e-01 1.743141230704189359e-01 1.677141731502958810e-01 1.600977289608157272e-01 1.516908331664158505e-01 1.427284747245320395e-01 1.334377082790773883e-01 1.240178415767137915e-01 1.197708424241682168e-01 1.185710215552338298e-01 1.175029810200120123e-01 1.165553285182037713e-01 1.157387390134071298e-01 1.150877558789716176e-01 1.146584546685649741e-01 1.187287263677715837e-01 1.271944900588524996e-01 1.355061807298099108e-01 1.434459208034321587e-01 1.507709259443173189e-01
2.069721988685112590e-01 2.070252967945833689e-01 2.065916224463459627e-01 2.055042076832952203e-01 2.036111951357829353e-01 2.008023792406608832e-01 1.970340562854109578e-01 1.923459830979462881e-01 1.868652514087093264e-01 1.807946797469156819e-01 1.798693312243021258e-01 1.837896428625142298e-01 1.867931414243123311e-01 1.886166073123768105e-01 1.890667033799506846e-01 1.880326526411795207e-01 1.854866383245375450e-01 1.814748865127379096e-01 1.761042763637201691e-01 1.695289426958561663e-01 1.619389852862569146e-01 1.535503559757270542e-01 1.445929413592847990e-01 1.352940473215150097e-01 1.258570584375512391e-01 1.211109000889886572e-01 1.200067698315554765e-01 1.190063240383778947e-01 1.180999531814450193e-01 1.172967150710083756e-01 1.166267364224343878e-01 1.161400426052296153e-01 1.197626171146216195e-01 1.283985675937509285e-01 1.368877112106713645e-01 1.450023154315672191e-01 1.524901708475840667e-01
2.067283518525433184e-01 2.065045926727284153e-01 2.056977071382817823e-01 2.041426243071593205e-01 2.017037107161883114e-01 1.983021457058877501e-01 1.939385215982601662e-01 1.887044568096532260e-01 1.827788961344926633e-01 1.767438410287305584e-01 1.812984542106782504e-01 1.851773441603670189e-01 1.880923840555993876e-01 1.898073576265167373e-01 1.901561030367938665e-01 1.890491841136937023e-01 1.864702718592834152e-01 1.824661047381208601e-01 1.771348502608189046e-01 1.706164956742711458e-01 1.630860911678665981e-01 1.547476077678558437e-01 1.458244552725750098e-01 1.365434195477220614e-01 1.271118923029675163e-01 1.217747413881587193e-01 1.207658348096003892e-01 1.198388650587389748e-01 1.189857086248821416e-01 1.182131873528817351e-01 1.175460649576090533e-01 1.170270328407790744e-01 1.203064630671197566e-01 1.290930674200883865e-01 1.377379841051085130e-01 1.460051647466346914e-01 1.536348457562009273e-01
2.052654145920181916e-01 2.047060496300474597e-01 2.034689095396316760e-01 2.013998659923051660e-01 1.983895037375665027e-01 1.943994635968797069e-01 1.894807492149681027e-01 1.837783118226506418e-01 1.775189629542164027e-01 1.775292070001958100e-01 1.820831296039811531e-01 1.858956430739488186e-01 1.887031583091337839e-01 1.902991730207315435e-01 1.905457133872442976e-01 1.893741301139817979e-01 1.867779256055133452e-01 1.828021792089540853e-01 1.775341677191127066e-01 1.710978520016128435e-01 1.636517541513441698e-01 1.553867589613404931e-01 1.465190243319463292e-01 1.372743949919597028e-01 1.278643079796783766e-01 1.218620980117085112e-01 1.209474319575728346e-01 1.200994714673584013e-01 1.193110701581114597e-01 1.185862558184188204e-01 1.179438044478047232e-01 1.174183188327447142e-01 1.204536580107031379e-01 1.293747714956569872e-01 1.381577480952410342e-01 1.465598017424411259e-01 1.543153771890281301e-01
