BlockUplift_2Ma_1kryTimeStep_2mmyr_k_5e-06_m_0.5_n_1.0_LinDiffusion_0.5_6x3km_30mRes_topographic__steepest_slope.txt
nrows 100
cellsize 30.0
xllcorner 0.0
ncols 200
yllcorner 0.0
[rows 68 to 84 of 100, columns 0 to 36 of 200]
0.000000000000000000e+00 1.807844184041565994e+00 1.807844183917715508e+00 1.807844183674599980e+00 1.807844183321079434e+00 1.807844182869591032e+00 1.807844182335240246e+00 1.807844181734738820e+00 1.807844181085132229e+00 1.807844180402677692e+00 1.807844179701616261e+00 1.807844178993309514e+00 1.807844178285442194e+00 1.807844177581629630e+00 1.807844176881318710e+00 1.807844176180052775e+00 1.807844175469980108e+00 1.807844174740724563e+00 1.807844173980515778e+00 1.807844173177325819e+00 1.807844172320202780e+00 1.807844171400483813e+00 1.807844170412901574e+00 1.807844169356341402e+00 1.807844168234441939e+00 1.807844167055683737e+00 1.807844165833194072e+00 1.807844164584086366e+00 1.807844163328604647e+00 1.807844162088940720e+00 1.807844160887869700e+00 1.807844159747492130e+00 1.807844158687854863e+00 1.807844157725829293e+00 1.807844156874269581e+00 1.807844156141406256e+00 1.807844155530597074e+00
0.000000000000000000e+00 1.793810820583007670e+00 1.793810820442005571e+00 1.793810820165776976e+00 1.793810819765379483e+00 1.793810819256395961e+00 1.793810818657736172e+00 1.793810817990242779e+00 1.793810817275160341e+00 1.793810816532595664e+00 1.793810815780163104e+00 1.793810815031656514e+00 1.793810814296254330e+00 1.793810813577897623e+00 1.793810812875221927e+00 1.793810812181830805e+00 1.793810811486946433e+00 1.793810810776570452e+00 1.793810810034763836e+00 1.793810809245246718e+00 1.793810808393004663e+00 1.793810807465827883e+00 1.793810806455765849e+00 1.793810805360135374e+00 1.793810804182226049e+00 1.793810802931466331e+00 1.793810801623142881e+00 1.793810800277659157e+00 1.793810798919336369e+00 1.793810797574966864e+00 1.793810796272138353e+00 1.793810795037484196e+00 1.793810793895121103e+00 1.793810792865156101e+00 1.793810791962596296e+00 1.793810791196604804e+00 1.793810790570304015e+00
0.000000000000000000e+00 1.779861966724646027e+00 1.779861966562521047e+00 1.779861966245486427e+00 1.779861965787472355e+00 1.779861965208033414e+00 1.779861964530846219e+00 1.779861963781983469e+00 1.779861962987971946e+00 1.779861962173845402e+00 1.779861961361348222e+00 1.779861960567442614e+00 1.779861959803148874e+00 1.779861959072854827e+00 1.779861958374143294e+00 1.779861957698161357e+00 1.779861957030501207e+00 1.779861956352503105e+00 1.779861955642998872e+00 1.779861954880228359e+00 1.779861954043978178e+00 1.779861953117536588e+00 1.779861952089443866e+00 1.779861950954970462e+00 1.779861949716875280e+00 1.779861948385746517e+00 1.779861946979591769e+00 1.779861945522884570e+00 1.779861944045099564e+00 1.779861942578789602e+00 1.779861941157567573e+00 1.779861939813819571e+00 1.779861938576702052e+00 1.779861937470324618e+00 1.779861936512315834e+00 1.779861935713006549e+00 1.779861935075049084e+00
0.000000000000000000e+00 1.766011700422253305e+00 1.766011700233957482e+00 1.766011699866476103e+00 1.766011699337316943e+00 1.766011698671051455e+00 1.766011697897420074e+00 1.766011697049104212e+00 1.766011696159269784e+00 1.766011695259142700e+00 1.766011694375742902e+00 1.766011693529973448e+00 1.766011692735173666e+00 1.766011691996300259e+00 1.766011691309639309e+00 1.766011690663284117e+00 1.766011690038211235e+00 1.766011689409886731e+00 1.766011688750503072e+00 1.766011688031358107e+00 1.766011687225568449e+00 1.766011686310601680e+00 1.766011685270541420e+00 1.766011684097899659e+00 1.766011682794775606e+00 1.766011681373098829e+00 1.766011679854311067e+00 1.766011678268015750e+00 1.766011676650130813e+00 1.766011675040552564e+00 1.766011673480367472e+00 1.766011672009214273e+00 1.766011670662571031e+00 1.766011669469518486e+00 1.766011668450990557e+00 1.766011667618628600e+00 1.766011666974395711e+00
0.000000000000000000e+00 1.752272688514623589e+00 1.752272688293806002e+00 1.752272687863675626e+00 1.752272687246287708e+00 1.752272686472565510e+00 1.752272685579926881e+00 1.752272684609397446e+00 1.752272683602510872e+00 1.752272682598299935e+00 1.752272681630377749e+00 1.752272680724627163e+00 1.752272679897343144e+00 1.752272679154187607e+00 1.752272678489877444e+00 1.752272677888663477e+00 1.752272677325716677e+00 1.752272676769166537e+00 1.752272676182724309e+00 1.752272675528903756e+00 1.752272674772272332e+00 1.752272673882824483e+00 1.752272672838883771e+00 1.752272671629430123e+00 1.752272670255524689e+00 1.752272668730878058e+00 1.752272667081122837e+00 1.752272665342396341e+00 1.752272663558771093e+00 1.752272661779314511e+00 1.752272660054654763e+00 1.752272658433450259e+00 1.752272656959151798e+00 1.752272655667047818e+00 1.752272654582111455e+00 1.752272653717538153e+00 1.752272653074328446e+00
0.000000000000000000e+00 1.738656273011542908e+00 1.738656272750191967e+00 1.738656272241989154e+00 1.738656271514795071e+00 1.738656270607612075e+00 1.738656269567544266e+00 1.738656268446129527e+00 1.738656267295512814e+00 1.738656266164465114e+00 1.738656265094952413e+00 1.738656264119079697e+00 1.738656263256856072e+00 1.738656262514867601e+00 1.738656261885891174e+00 1.738656261349463827e+00 1.738656260873494785e+00 1.738656260416807209e+00 1.738656259932486181e+00 1.738656259371782697e+00 1.738656258688411116e+00 1.738656257842755348e+00 1.738656256805673594e+00 1.738656255561522812e+00 1.738656254110060306e+00 1.738656252467065677e+00 1.738656250663598302e+00 1.738656248743927879e+00 1.738656246762525281e+00 1.738656244780054205e+00 1.738656242859087708e+00 1.738656241059735930e+00 1.738656239435363293e+00 1.738656238029094858e+00 1.738656236870891325e+00 1.738656235975872821e+00 1.738656235343644996e+00
0.000000000000000000e+00 1.725172554396309899e+00 1.725172554084262400e+00 1.725172553478500959e+00 1.725172552614268717e+00 1.725172551540792076e+00 1.725172550317453535e+00 1.725172549009122758e+00 1.725172547681207424e+00 1.725172546394810436e+00 1.725172545202281027e+00 1.725172544143515507e+00 1.725172543243244538e+00 1.725172542509274765e+00 1.725172541931973003e+00 1.725172541485077593e+00 1.725172541127464321e+00 1.725172540806329424e+00 1.725172540461282322e+00 1.725172540029332957e+00 1.725172539450249953e+00 1.725172538672071321e+00 1.725172537656014082e+00 1.725172536380394694e+00 1.725172534843212313e+00 1.725172533062846014e+00 1.725172531077184157e+00 1.725172528940940309e+00 1.725172526721629129e+00 1.725172524494640536e+00 1.725172522337675263e+00 1.725172520325152892e+00 1.725172518523012011e+00 1.725172516984101456e+00 1.725172515744664681e+00 1.725172514822058245e+00 1.725172514214053487e+00
0.000000000000000000e+00 1.711830471871470083e+00 1.711830471495841222e+00 1.711830470767843781e+00 1.711830469732096072e+00 1.711830468450883380e+00 1.711830466999132661e+00 1.711830465458516803e+00 1.711830463911178324e+00 1.711830462433620914e+00 1.711830461091214284e+00 1.711830459933594284e+00 1.711830458991335124e+00 1.711830458273811972e+00 1.711830457768648284e+00 1.711830457442351960e+00 1.711830457242679904e+00 1.711830457102299308e+00 1.711830456943850276e+00 1.711830456686190383e+00 1.711830456251292709e+00 1.711830455571248466e+00 1.711830454594777118e+00 1.711830453292350285e+00 1.711830451659541952e+00 1.711830449718074076e+00 1.711830447514557818e+00 1.711830445116925059e+00 1.711830442609387548e+00 1.711830440085926330e+00 1.711830437643273806e+00 1.711830435373955517e+00 1.711830433359614378e+00 1.711830431665346985e+00 1.711830430335226083e+00 1.711830429389472830e+00 1.711830428823289729e+00
0.000000000000000000e+00 1.698637880393736532e+00 1.698637879938185824e+00 1.698637879056680733e+00 1.698637877805799778e+00 1.698637876264456281e+00 1.698637874527366920e+00 1.698637872697433160e+00 1.698637870877829803e+00 1.698637869164304037e+00 1.698637867638399301e+00 1.698637866361847548e+00 1.698637865372506939e+00 1.698637864681874499e+00 1.698637864274193499e+00 1.698637864107354289e+00 1.698637864115388085e+00 1.698637864212886095e+00 1.698637864301182798e+00 1.698637864276065557e+00 1.698637864036641076e+00 1.698637863494407929e+00 1.698637862581805713e+00 1.698637861259059356e+00 1.698637859518574489e+00 1.698637857386287031e+00 1.698637854919926804e+00 1.698637852204531784e+00 1.698637849345467021e+00 1.698637846460269385e+00 1.698637843669757785e+00 1.698637841089119638e+00 1.698637838819740953e+00 1.698637836942058721e+00 1.698637835510081961e+00 1.698637834547503278e+00 1.698637834046394346e+00
0.000000000000000000e+00 1.685601624140069088e+00 1.685601623583856234e+00 1.685601622509075970e+00 1.685601620987768001e+00 1.685601619120097983e+00 1.685601617025895393e+00 1.685601614834971951e+00 1.685601612676873584e+00 1.685601610671373374e+00 1.685601608920001215e+00 1.685601607499404464e+00 1.685601606456430090e+00 1.685601605805303826e+00 1.685601605526452884e+00 1.685601605567368599e+00 1.685601605845427731e+00 1.685601606252911777e+00 1.685601606664382190e+00 1.685601606946321773e+00 1.685601606968373245e+00 1.685601606615326320e+00 1.685601605798346281e+00 1.685601604464208370e+00 1.685601602601093374e+00 1.685601600240435483e+00 1.685601597454478906e+00 1.685601594350077947e+00 1.685601591059734394e+00 1.685601587730881645e+00 1.685601584514586193e+00 1.685601581554465156e+00 1.685601578976593462e+00 1.685601576880768837e+00 1.685601575333411484e+00 1.685601574362863175e+00 1.685601573957164145e+00
0.000000000000000000e+00 1.672727605808760565e+00 1.672727605125373884e+00 1.672727603806739127e+00 1.672727601944764775e+00 1.672727599666912646e+00 1.672727597125128751e+00 1.672727594483190749e+00 1.672727591903799382e+00 1.672727589536513459e+00 1.672727587507483848e+00 1.672727585911502501e+00 1.672727584806451340e+00 1.672727584209985796e+00 1.672727584098280706e+00 1.672727584406656254e+00 1.672727585032487196e+00 1.672727585840709796e+00 1.672727586672438926e+00 1.672727587356807044e+00 1.672727587725459264e+00 1.672727587628241919e+00 1.672727586948394629e+00 1.672727585614916190e+00 1.672727583610496005e+00 1.672727580973825345e+00 1.672727577796081277e+00 1.672727574212497847e+00 1.672727570390338814e+00 1.672727566514894626e+00 1.672727562775215393e+00 1.672727559350406956e+00 1.672727556397353599e+00 1.672727554040015274e+00 1.672727552360750769e+00 1.672727551393999645e+00 1.672727551123144529e+00
0.000000000000000000e+00 1.660020851315368917e+00 1.660020850470937059e+00 1.660020848843851038e+00 1.660020846551799378e+00 1.660020843757464171e+00 1.660020840653881669e+00 1.660020837447988562e+00 1.660020834344004381e+00 1.660020831528314922e+00 1.660020829157057731e+00 1.660020827346859962e+00 1.660020826168791652e+00 1.660020825644880960e+00 1.660020825746710171e+00 1.660020826395744553e+00 1.660020827465840787e+00 1.660020828788788094e+00 1.660020830164061545e+00 1.660020831373223427e+00 1.660020832198521701e+00 1.660020832443888095e+00 1.660020831955493215e+00 1.660020830638825329e+00 1.660020828469388698e+00 1.660020825495682084e+00 1.660020821834041316e+00 1.660020817656785219e+00 1.660020813175864030e+00 1.660020808624589561e+00 1.660020804239468406e+00 1.660020800243603434e+00 1.660020796832001544e+00 1.660020794158875379e+00 1.660020792326952321e+00 1.660020791379194227e+00 1.660020791293876252e+00
0.000000000000000000e+00 1.647485570958637346e+00 1.647485569909618697e+00 1.647485567891249003e+00 1.647485565054921608e+00 1.647485561608997839e+00 1.647485557799408751e+00 1.647485553887944709e+00 1.647485550130837417e+00 1.647485546759806629e+00 1.647485543967055266e+00 1.647485541894945893e+00 1.647485540629857859e+00 1.647485540199166598e+00 1.647485540569888052e+00 1.647485541648385787e+00 1.647485543281675291e+00 1.647485545262092455e+00 1.647485547337566913e+00 1.647485549228906665e+00 1.647485550653793096e+00 1.647485551355164946e+00 1.647485551129625581e+00 1.647485549851156472e+00 1.647485547486038149e+00 1.647485544096415788e+00 1.647485539832537871e+00 1.647485534915718697e+00 1.647485529615748012e+00 1.647485524226643294e+00 1.647485519043880187e+00 1.647485514344487090e+00 1.647485510370199746e+00 1.647485507312880237e+00 1.647485505301581998e+00 1.647485504391507538e+00 1.647485504556239766e+00
0.000000000000000000e+00 1.635125222194464323e+00 1.635125220884625197e+00 1.635125218368288280e+00 1.635125214841203434e+00 1.635125210571493515e+00 1.635125205873487086e+00 1.635125201078979851e+00 1.635125196509413126e+00 1.635125192451918563e+00 1.635125189141422242e+00 1.635125186749587511e+00 1.635125185379778578e+00 1.635125185065514186e+00 1.635125185769845668e+00 1.635125187383922318e+00 1.635125189725666450e+00 1.635125192541666772e+00 1.635125195516593521e+00 1.635125198293413407e+00 1.635125200504679244e+00 1.635125201811369333e+00 1.635125201942882134e+00 1.635125200730730421e+00 1.635125198129386170e+00 1.635125194220616640e+00 1.635125189201304785e+00 1.635125183358369760e+00 1.635125177036847344e+00 1.635125170607477640e+00 1.635125164438151479e+00 1.635125158871016948e+00 1.635125154204183584e+00 1.635125150675939221e+00 1.635125148449636301e+00 1.635125147598785134e+00 1.635125148094429326e+00
0.000000000000000000e+00 1.622942585435642515e+00 1.622942583791833204e+00 1.622942580639206378e+00 1.622942576232518697e+00 1.622942570918632921e+00 1.622942565100966794e+00 1.622942559201108859e+00 1.622942553622328976e+00 1.622942548719068734e+00 1.622942544775677787e+00 1.622942541995545662e+00 1.622942540499120012e+00 1.622942540326259175e+00 1.622942541437581987e+00 1.622942543711345387e+00 1.622942546936762209e+00 1.622942550809549855e+00 1.622942554937708337e+00 1.622942558864175044e+00 1.622942562107891673e+00 1.622942564218093686e+00 1.622942564831828305e+00 1.622942563722582054e+00 1.622942560830032743e+00 1.622942556265009717e+00 1.622942550289993457e+00 1.622942543281195915e+00 1.622942535682413201e+00 1.622942527960935966e+00 1.622942520572303149e+00 1.622942513935318631e+00 1.622942508414405349e+00 1.622942504304451861e+00 1.622942501813887883e+00 1.622942501044455366e+00 1.622942501970449758e+00
0.000000000000000000e+00 1.610939866793194231e+00 1.610939864719497017e+00 1.610939860749942998e+00 1.610939855218596950e+00 1.610939848577049860e+00 1.610939841345653711e+00 1.610939834061878129e+00 1.610939827231997468e+00 1.610939821291734964e+00 1.610939816580742034e+00 1.610939813333561732e+00 1.610939811684443113e+00 1.610939811678099520e+00 1.610939813275782173e+00 1.610939816349673537e+00 1.610939820666294597e+00 1.610939825868968001e+00 1.610939831474403672e+00 1.610939836896325916e+00 1.610939841499919201e+00 1.610939844679569521e+00 1.610939845943194948e+00 1.610939844983981128e+00 1.610939841723450172e+00 1.610939836316845231e+00 1.610939829121226241e+00 1.610939820636705599e+00 1.610939811437936076e+00 1.610939802113205088e+00 1.610939793221594529e+00 1.610939785268677316e+00 1.610939778693784685e+00 1.610939773859403568e+00 1.610939771033865098e+00 1.610939770363669643e+00 1.610939771838805656e+00
0.000000000000000000e+00 1.599118823479860341e+00 1.599118820849347866e+00 1.599118815824954298e+00 1.599118808848652318e+00 1.599118800512693950e+00 1.599118791492128322e+00 1.599118782475056788e+00 1.599118774098197582e+00 1.599118766894885857e+00 1.599118761263779609e+00 1.599118757463933616e+00 1.599118755633200273e+00 1.599118755815754911e+00 1.599118757978775784e+00 1.599118762003452821e+00 1.599118767650501649e+00 1.599118774517406472e+00 1.599118782015208629e+00 1.599118789389422091e+00 1.599118795793727621e+00 1.599118800403899421e+00 1.599118802544194251e+00 1.599118801794960243e+00 1.599118798056141211e+00 1.599118791552503582e+00 1.599118782781014714e+00 1.599118772417493117e+00 1.599118761212082518e+00 1.599118749903565506e+00 1.599118739168807313e+00 1.599118729605072620e+00 1.599118721730781179e+00 1.599118715986533878e+00 1.599118712721057545e+00 1.599118712153108302e+00 1.599118714313404688e+00
