BlockUplift_2Ma_1kryTimeStep_2mmyr_k_5e-05_m_0.5_n_1.0_LinDiffusion_0.5_3x6km_30mRes_drainage_area.txt
nrows 200
cellsize 30.0
xllcorner 0.0
ncols 100
yllcorner 0.0
[rows 170 to 186 of 200, columns 0 to 36 of 100]
0.000000000000000000e+00 2.160000000000000000e+04 1.260000000000000000e+04 8.100000000000000000e+03 5.400000000000000000e+03 4.500000000000000000e+03 2.700000000000000000e+03 1.800000000000000000e+03 9.000000000000000000e+02 3.600000000000000000e+03 6.300000000000000000e+03 7.200000000000000000e+03 9.000000000000000000e+02 1.800000000000000000e+03 2.700000000000000000e+03 3.600000000000000000e+03 4.500000000000000000e+03 5.400000000000000000e+03 6.300000000000000000e+03 7.200000000000000000e+03 1.350000000000000000e+04 9.000000000000000000e+02 6.300000000000000000e+03 5.400000000000000000e+03 4.500000000000000000e+03 3.600000000000000000e+03 2.700000000000000000e+03 1.800000000000000000e+03 9.000000000000000000e+02 5.400000000000000000e+03 3.600000000000000000e+03 9.000000000000000000e+02 1.800000000000000000e+03 2.700000000000000000e+03 4.500000000000000000e+03 6.300000000000000000e+03 8.100000000000000000e+03
0.000000000000000000e+00 2.250000000000000000e+04 1.350000000000000000e+04 9.000000000000000000e+03 6.300000000000000000e+03 5.400000000000000000e+03 3.600000000000000000e+03 2.700000000000000000e+03 9.000000000000000000e+02 1.800000000000000000e+03 4.500000000000000000e+03 7.200000000000000000e+03 8.100000000000000000e+03 9.000000000000000000e+02 9.000000000000000000e+02 1.800000000000000000e+03 2.700000000000000000e+03 3.600000000000000000e+03 4.500000000000000000e+03 5.400000000000000000e+03 9.000000000000000000e+02 6.300000000000000000e+03 5.400000000000000000e+03 4.500000000000000000e+03 3.600000000000000000e+03 2.700000000000000000e+03 1.800000000000000000e+03 9.000000000000000000e+02 6.300000000000000000e+03 4.500000000000000000e+03 1.800000000000000000e+03 9.000000000000000000e+02 2.700000000000000000e+03 3.600000000000000000e+03 5.400000000000000000e+03 7.200000000000000000e+03 9.000000000000000000e+03
0.000000000000000000e+00 2.340000000000000000e+04 1.440000000000000000e+04 9.900000000000000000e+03 7.200000000000000000e+03 6.300000000000000000e+03 4.500000000000000000e+03 3.600000000000000000e+03 1.800000000000000000e+03 9.000000000000000000e+02 2.700000000000000000e+03 5.400000000000000000e+03 8.100000000000000000e+03 9.000000000000000000e+03 1.800000000000000000e+03 9.000000000000000000e+02 9.000000000000000000e+02 1.800000000000000000e+03 9.000000000000000000e+02 9.000000000000000000e+02 9.000000000000000000e+02 9.000000000000000000e+02 3.600000000000000000e+03 2.700000000000000000e+03 1.800000000000000000e+03 9.000000000000000000e+02 9.000000000000000000e+02 7.200000000000000000e+03 5.400000000000000000e+03 2.700000000000000000e+03 9.000000000000000000e+02 1.800000000000000000e+03 3.600000000000000000e+03 4.500000000000000000e+03 6.300000000000000000e+03 9.000000000000000000e+02 8.100000000000000000e+03
0.000000000000000000e+00 2.430000000000000000e+04 1.530000000000000000e+04 1.080000000000000000e+04 8.100000000000000000e+03 7.200000000000000000e+03 5.400000000000000000e+03 4.500000000000000000e+03 2.700000000000000000e+03 1.800000000000000000e+03 9.000000000000000000e+02 3.600000000000000000e+03 6.300000000000000000e+03 9.000000000000000000e+03 9.900000000000000000e+03 2.700000000000000000e+03 1.800000000000000000e+03 9.000000000000000000e+02 2.700000000000000000e+03 1.800000000000000000e+03 3.600000000000000000e+03 4.500000000000000000e+03 9.000000000000000000e+02 9.000000000000000000e+02 9.000000000000000000e+02 1.800000000000000000e+03 8.100000000000000000e+03 6.300000000000000000e+03 3.600000000000000000e+03 1.800000000000000000e+03 9.000000000000000000e+02 2.700000000000000000e+03 4.500000000000000000e+03 5.400000000000000000e+03 9.000000000000000000e+02 7.200000000000000000e+03 1.800000000000000000e+03
0.000000000000000000e+00 2.520000000000000000e+04 1.620000000000000000e+04 1.170000000000000000e+04 9.000000000000000000e+03 8.100000000000000000e+03 6.300000000000000000e+03 5.400000000000000000e+03 3.600000000000000000e+03 2.700000000000000000e+03 1.800000000000000000e+03 9.000000000000000000e+02 4.500000000000000000e+03 7.200000000000000000e+03 9.900000000000000000e+03 1.080000000000000000e+04 3.600000000000000000e+03 2.700000000000000000e+03 1.800000000000000000e+03 5.400000000000000000e+03 9.000000000000000000e+03 1.800000000000000000e+03 1.800000000000000000e+03 1.800000000000000000e+03 2.700000000000000000e+03 9.000000000000000000e+03 7.200000000000000000e+03 4.500000000000000000e+03 2.700000000000000000e+03 9.000000000000000000e+02 1.800000000000000000e+03 3.600000000000000000e+03 5.400000000000000000e+03 6.300000000000000000e+03 9.000000000000000000e+02 1.800000000000000000e+03 8.100000000000000000e+03
0.000000000000000000e+00 2.610000000000000000e+04 1.710000000000000000e+04 1.260000000000000000e+04 9.900000000000000000e+03 9.000000000000000000e+03 7.200000000000000000e+03 6.300000000000000000e+03 4.500000000000000000e+03 3.600000000000000000e+03 2.700000000000000000e+03 9.000000000000000000e+02 1.800000000000000000e+03 5.400000000000000000e+03 8.100000000000000000e+03 1.080000000000000000e+04 1.170000000000000000e+04 4.500000000000000000e+03 3.600000000000000000e+03 8.100000000000000000e+03 9.900000000000000000e+03 4.500000000000000000e+03 2.700000000000000000e+03 3.600000000000000000e+03 9.900000000000000000e+03 8.100000000000000000e+03 5.400000000000000000e+03 3.600000000000000000e+03 1.800000000000000000e+03 9.000000000000000000e+02 2.700000000000000000e+03 4.500000000000000000e+03 6.300000000000000000e+03 7.200000000000000000e+03 9.000000000000000000e+02 1.800000000000000000e+03 2.700000000000000000e+03
0.000000000000000000e+00 2.700000000000000000e+04 1.800000000000000000e+04 1.350000000000000000e+04 1.080000000000000000e+04 9.900000000000000000e+03 8.100000000000000000e+03 7.200000000000000000e+03 5.400000000000000000e+03 4.500000000000000000e+03 3.600000000000000000e+03 1.800000000000000000e+03 9.000000000000000000e+02 2.700000000000000000e+03 6.300000000000000000e+03 9.000000000000000000e+03 1.170000000000000000e+04 1.260000000000000000e+04 5.400000000000000000e+03 1.260000000000000000e+04 1.080000000000000000e+04 8.100000000000000000e+03 4.500000000000000000e+03 1.080000000000000000e+04 9.000000000000000000e+03 6.300000000000000000e+03 4.500000000000000000e+03 2.700000000000000000e+03 1.800000000000000000e+03 9.000000000000000000e+02 3.600000000000000000e+03 5.400000000000000000e+03 7.200000000000000000e+03 8.100000000000000000e+03 9.000000000000000000e+02 1.800000000000000000e+03 2.700000000000000000e+03
0.000000000000000000e+00 2.790000000000000000e+04 1.890000000000000000e+04 1.440000000000000000e+04 1.170000000000000000e+04 1.080000000000000000e+04 9.000000000000000000e+03 8.100000000000000000e+03 6.300000000000000000e+03 5.400000000000000000e+03 4.500000000000000000e+03 2.700000000000000000e+03 9.000000000000000000e+02 1.800000000000000000e+03 3.600000000000000000e+03 7.200000000000000000e+03 9.900000000000000000e+03 1.260000000000000000e+04 1.350000000000000000e+04 1.890000000000000000e+04 1.170000000000000000e+04 1.350000000000000000e+04 1.170000000000000000e+04 9.900000000000000000e+03 7.200000000000000000e+03 5.400000000000000000e+03 3.600000000000000000e+03 2.700000000000000000e+03 9.000000000000000000e+02 1.800000000000000000e+03 4.500000000000000000e+03 6.300000000000000000e+03 8.100000000000000000e+03 9.000000000000000000e+03 9.000000000000000000e+02 1.800000000000000000e+03 2.700000000000000000e+03
0.000000000000000000e+00 2.880000000000000000e+04 1.980000000000000000e+04 1.530000000000000000e+04 1.260000000000000000e+04 1.170000000000000000e+04 9.900000000000000000e+03 9.000000000000000000e+03 7.200000000000000000e+03 6.300000000000000000e+03 5.400000000000000000e+03 3.600000000000000000e+03 1.800000000000000000e+03 9.000000000000000000e+02 2.700000000000000000e+03 4.500000000000000000e+03 8.100000000000000000e+03 1.080000000000000000e+04 1.350000000000000000e+04 3.330000000000000000e+04 1.260000000000000000e+04 2.610000000000000000e+04 1.080000000000000000e+04 8.100000000000000000e+03 6.300000000000000000e+03 4.500000000000000000e+03 3.600000000000000000e+03 1.800000000000000000e+03 9.000000000000000000e+02 2.700000000000000000e+03 5.400000000000000000e+03 7.200000000000000000e+03 9.000000000000000000e+03 9.900000000000000000e+03 9.000000000000000000e+02 1.800000000000000000e+03 2.700000000000000000e+03
0.000000000000000000e+00 2.970000000000000000e+04 2.070000000000000000e+04 1.620000000000000000e+04 1.350000000000000000e+04 1.260000000000000000e+04 1.080000000000000000e+04 9.900000000000000000e+03 8.100000000000000000e+03 7.200000000000000000e+03 6.300000000000000000e+03 4.500000000000000000e+03 2.700000000000000000e+03 9.000000000000000000e+02 1.800000000000000000e+03 3.600000000000000000e+03 5.400000000000000000e+03 9.000000000000000000e+03 1.170000000000000000e+04 4.770000000000000000e+04 1.350000000000000000e+04 3.780000000000000000e+04 9.000000000000000000e+03 7.200000000000000000e+03 5.400000000000000000e+03 4.500000000000000000e+03 2.700000000000000000e+03 1.800000000000000000e+03 9.000000000000000000e+02 3.600000000000000000e+03 6.300000000000000000e+03 8.100000000000000000e+03 9.900000000000000000e+03 1.080000000000000000e+04 9.000000000000000000e+02 1.800000000000000000e+03 2.700000000000000000e+03
0.000000000000000000e+00 3.060000000000000000e+04 2.160000000000000000e+04 1.710000000000000000e+04 1.440000000000000000e+04 1.350000000000000000e+04 1.170000000000000000e+04 1.080000000000000000e+04 9.000000000000000000e+03 8.100000000000000000e+03 7.200000000000000000e+03 5.400000000000000000e+03 3.600000000000000000e+03 9.000000000000000000e+02 1.800000000000000000e+03 2.700000000000000000e+03 4.500000000000000000e+03 6.300000000000000000e+03 9.900000000000000000e+03 6.030000000000000000e+04 1.440000000000000000e+04 4.770000000000000000e+04 8.100000000000000000e+03 6.300000000000000000e+03 5.400000000000000000e+03 3.600000000000000000e+03 2.700000000000000000e+03 9.000000000000000000e+02 1.800000000000000000e+03 4.500000000000000000e+03 7.200000000000000000e+03 9.000000000000000000e+03 1.080000000000000000e+04 1.170000000000000000e+04 9.000000000000000000e+02 1.800000000000000000e+03 2.700000000000000000e+03
0.000000000000000000e+00 3.150000000000000000e+04 2.250000000000000000e+04 1.800000000000000000e+04 1.530000000000000000e+04 1.440000000000000000e+04 1.260000000000000000e+04 1.170000000000000000e+04 9.900000000000000000e+03 9.000000000000000000e+03 8.100000000000000000e+03 6.300000000000000000e+03 4.500000000000000000e+03 1.800000000000000000e+03 9.000000000000000000e+02 2.700000000000000000e+03 3.600000000000000000e+03 5.400000000000000000e+03 1.710000000000000000e+04 6.120000000000000000e+04 1.530000000000000000e+04 5.670000000000000000e+04 7.200000000000000000e+03 6.300000000000000000e+03 4.500000000000000000e+03 3.600000000000000000e+03 1.800000000000000000e+03 9.000000000000000000e+02 2.700000000000000000e+03 5.400000000000000000e+03 8.100000000000000000e+03 9.900000000000000000e+03 1.170000000000000000e+04 1.260000000000000000e+04 1.800000000000000000e+03 9.000000000000000000e+02 2.700000000000000000e+03
0.000000000000000000e+00 3.240000000000000000e+04 2.340000000000000000e+04 1.890000000000000000e+04 1.620000000000000000e+04 1.530000000000000000e+04 1.350000000000000000e+04 1.260000000000000000e+04 1.080000000000000000e+04 9.900000000000000000e+03 9.000000000000000000e+03 7.200000000000000000e+03 5.400000000000000000e+03 2.700000000000000000e+03 9.000000000000000000e+02 1.800000000000000000e+03 3.600000000000000000e+03 4.500000000000000000e+03 2.340000000000000000e+04 6.210000000000000000e+04 1.620000000000000000e+04 6.480000000000000000e+04 7.200000000000000000e+03 5.400000000000000000e+03 4.500000000000000000e+03 2.700000000000000000e+03 1.800000000000000000e+03 9.000000000000000000e+02 3.600000000000000000e+03 6.300000000000000000e+03 9.000000000000000000e+03 1.080000000000000000e+04 1.260000000000000000e+04 1.350000000000000000e+04 2.700000000000000000e+03 9.000000000000000000e+02 1.800000000000000000e+03
0.000000000000000000e+00 3.330000000000000000e+04 2.430000000000000000e+04 1.980000000000000000e+04 1.710000000000000000e+04 1.620000000000000000e+04 1.440000000000000000e+04 1.350000000000000000e+04 1.170000000000000000e+04 1.080000000000000000e+04 9.900000000000000000e+03 8.100000000000000000e+03 6.300000000000000000e+03 3.600000000000000000e+03 9.000000000000000000e+02 1.800000000000000000e+03 2.700000000000000000e+03 4.500000000000000000e+03 2.880000000000000000e+04 6.300000000000000000e+04 1.710000000000000000e+04 7.290000000000000000e+04 6.300000000000000000e+03 5.400000000000000000e+03 3.600000000000000000e+03 2.700000000000000000e+03 1.800000000000000000e+03 9.000000000000000000e+02 4.500000000000000000e+03 7.200000000000000000e+03 9.900000000000000000e+03 1.170000000000000000e+04 1.350000000000000000e+04 1.440000000000000000e+04 3.600000000000000000e+03 9.000000000000000000e+02 1.800000000000000000e+03
0.000000000000000000e+00 3.420000000000000000e+04 2.520000000000000000e+04 2.070000000000000000e+04 1.800000000000000000e+04 1.710000000000000000e+04 1.530000000000000000e+04 1.440000000000000000e+04 1.260000000000000000e+04 1.170000000000000000e+04 1.080000000000000000e+04 9.000000000000000000e+03 7.200000000000000000e+03 4.500000000000000000e+03 1.800000000000000000e+03 9.000000000000000000e+02 2.700000000000000000e+03 3.600000000000000000e+03 3.420000000000000000e+04 6.390000000000000000e+04 1.800000000000000000e+04 8.010000000000000000e+04 6.300000000000000000e+03 4.500000000000000000e+03 3.600000000000000000e+03 2.700000000000000000e+03 9.000000000000000000e+02 1.800000000000000000e+03 5.400000000000000000e+03 8.100000000000000000e+03 1.080000000000000000e+04 1.260000000000000000e+04 1.440000000000000000e+04 1.530000000000000000e+04 4.500000000000000000e+03 1.800000000000000000e+03 9.000000000000000000e+02
0.000000000000000000e+00 3.510000000000000000e+04 2.610000000000000000e+04 2.160000000000000000e+04 1.890000000000000000e+04 1.800000000000000000e+04 1.620000000000000000e+04 1.530000000000000000e+04 1.350000000000000000e+04 1.260000000000000000e+04 1.170000000000000000e+04 9.900000000000000000e+03 8.100000000000000000e+03 5.400000000000000000e+03 2.700000000000000000e+03 9.000000000000000000e+02 1.800000000000000000e+03 3.600000000000000000e+03 3.870000000000000000e+04 6.480000000000000000e+04 1.890000000000000000e+04 8.730000000000000000e+04 5.400000000000000000e+03 4.500000000000000000e+03 3.600000000000000000e+03 1.800000000000000000e+03 9.000000000000000000e+02 2.700000000000000000e+03 6.300000000000000000e+03 9.000000000000000000e+03 1.170000000000000000e+04 1.350000000000000000e+04 1.530000000000000000e+04 1.620000000000000000e+04 5.400000000000000000e+03 2.700000000000000000e+03 9.000000000000000000e+02
0.000000000000000000e+00 3.600000000000000000e+04 2.700000000000000000e+04 2.250000000000000000e+04 1.980000000000000000e+04 1.890000000000000000e+04 1.710000000000000000e+04 1.620000000000000000e+04 1.440000000000000000e+04 1.350000000000000000e+04 1.260000000000000000e+04 1.080000000000000000e+04 9.000000000000000000e+03 6.300000000000000000e+03 3.600000000000000000e+03 9.000000000000000000e+02 1.800000000000000000e+03 6.300000000000000000e+03 3.960000000000000000e+04 6.570000000000000000e+04 1.980000000000000000e+04 9.360000000000000000e+04 5.400000000000000000e+03 4.500000000000000000e+03 2.700000000000000000e+03 1.800000000000000000e+03 9.000000000000000000e+02 3.600000000000000000e+03 7.200000000000000000e+03 9.900000000000000000e+03 1.260000000000000000e+04 1.440000000000000000e+04 1.620000000000000000e+04 1.710000000000000000e+04 6.300000000000000000e+03 3.600000000000000000e+03 1.800000000000000000e+03
