BlockUplift_2Ma_1kryTimeStep_2mmyr_k_1e-05_m_0.5_n_1.0_LinDiffusion_0.25_3x6km_30mRes_flow__link_to_receiver_node.txt
nrows 200
cellsize 30.0
xllcorner 0.0
ncols 100
yllcorner 0.0
[rows 170 to 186 of 200, columns 0 to 36 of 100]
-1.000000000000000000e+00 5.672000000000000000e+03 5.673000000000000000e+03 5.674000000000000000e+03 5.675000000000000000e+03 5.676000000000000000e+03 5.677000000000000000e+03 5.678000000000000000e+03 5.679000000000000000e+03 5.680000000000000000e+03 5.681000000000000000e+03 5.682000000000000000e+03 5.683000000000000000e+03 5.684000000000000000e+03 5.685000000000000000e+03 5.686000000000000000e+03 5.687000000000000000e+03 5.688000000000000000e+03 5.689000000000000000e+03 5.690000000000000000e+03 5.691000000000000000e+03 5.692000000000000000e+03 5.693000000000000000e+03 5.694000000000000000e+03 5.695000000000000000e+03 4.529500000000000000e+04 4.529700000000000000e+04 4.529900000000000000e+04 4.530100000000000000e+04 4.530300000000000000e+04 4.530500000000000000e+04 4.530700000000000000e+04 4.530900000000000000e+04 4.531100000000000000e+04 4.531300000000000000e+04 4.531500000000000000e+04 4.531700000000000000e+04
-1.000000000000000000e+00 5.473000000000000000e+03 5.474000000000000000e+03 5.475000000000000000e+03 5.476000000000000000e+03 5.477000000000000000e+03 5.478000000000000000e+03 5.479000000000000000e+03 5.480000000000000000e+03 5.481000000000000000e+03 5.482000000000000000e+03 5.483000000000000000e+03 5.484000000000000000e+03 5.485000000000000000e+03 5.486000000000000000e+03 5.487000000000000000e+03 5.488000000000000000e+03 5.489000000000000000e+03 5.490000000000000000e+03 5.491000000000000000e+03 5.492000000000000000e+03 5.493000000000000000e+03 5.494000000000000000e+03 5.495000000000000000e+03 5.496000000000000000e+03 5.497000000000000000e+03 4.509900000000000000e+04 4.510100000000000000e+04 4.510300000000000000e+04 4.510500000000000000e+04 4.510700000000000000e+04 4.510900000000000000e+04 4.511100000000000000e+04 4.511300000000000000e+04 4.511500000000000000e+04 4.511700000000000000e+04 4.511900000000000000e+04
-1.000000000000000000e+00 5.274000000000000000e+03 5.275000000000000000e+03 5.276000000000000000e+03 5.277000000000000000e+03 5.278000000000000000e+03 5.279000000000000000e+03 5.280000000000000000e+03 5.281000000000000000e+03 5.282000000000000000e+03 5.283000000000000000e+03 5.284000000000000000e+03 5.285000000000000000e+03 5.286000000000000000e+03 5.287000000000000000e+03 5.288000000000000000e+03 5.289000000000000000e+03 5.290000000000000000e+03 5.291000000000000000e+03 5.292000000000000000e+03 5.293000000000000000e+03 5.294000000000000000e+03 5.295000000000000000e+03 5.296000000000000000e+03 5.297000000000000000e+03 5.298000000000000000e+03 4.490100000000000000e+04 4.490300000000000000e+04 4.490500000000000000e+04 4.490700000000000000e+04 4.490900000000000000e+04 4.491100000000000000e+04 4.491300000000000000e+04 4.491500000000000000e+04 4.491700000000000000e+04 4.491900000000000000e+04 4.492100000000000000e+04
-1.000000000000000000e+00 5.075000000000000000e+03 5.076000000000000000e+03 5.077000000000000000e+03 5.078000000000000000e+03 5.079000000000000000e+03 5.080000000000000000e+03 5.081000000000000000e+03 5.082000000000000000e+03 5.083000000000000000e+03 5.084000000000000000e+03 5.085000000000000000e+03 5.086000000000000000e+03 5.087000000000000000e+03 5.088000000000000000e+03 5.089000000000000000e+03 5.090000000000000000e+03 5.091000000000000000e+03 5.092000000000000000e+03 5.093000000000000000e+03 5.094000000000000000e+03 5.095000000000000000e+03 5.096000000000000000e+03 5.097000000000000000e+03 5.098000000000000000e+03 5.099000000000000000e+03 4.470300000000000000e+04 4.470500000000000000e+04 4.470700000000000000e+04 4.470900000000000000e+04 4.471100000000000000e+04 4.471300000000000000e+04 4.471500000000000000e+04 4.471700000000000000e+04 4.471900000000000000e+04 4.472100000000000000e+04 4.472300000000000000e+04
-1.000000000000000000e+00 4.876000000000000000e+03 4.877000000000000000e+03 4.878000000000000000e+03 4.879000000000000000e+03 4.880000000000000000e+03 4.881000000000000000e+03 4.882000000000000000e+03 4.883000000000000000e+03 4.884000000000000000e+03 4.885000000000000000e+03 4.886000000000000000e+03 4.887000000000000000e+03 4.888000000000000000e+03 4.889000000000000000e+03 4.890000000000000000e+03 4.891000000000000000e+03 4.892000000000000000e+03 4.893000000000000000e+03 4.894000000000000000e+03 4.895000000000000000e+03 4.896000000000000000e+03 4.897000000000000000e+03 4.898000000000000000e+03 4.899000000000000000e+03 4.900000000000000000e+03 4.901000000000000000e+03 4.450700000000000000e+04 4.450900000000000000e+04 4.451100000000000000e+04 4.451300000000000000e+04 4.451500000000000000e+04 4.451700000000000000e+04 4.451900000000000000e+04 4.452100000000000000e+04 4.452300000000000000e+04 4.452500000000000000e+04
-1.000000000000000000e+00 4.677000000000000000e+03 4.678000000000000000e+03 4.679000000000000000e+03 4.680000000000000000e+03 4.681000000000000000e+03 4.682000000000000000e+03 4.683000000000000000e+03 4.684000000000000000e+03 4.685000000000000000e+03 4.686000000000000000e+03 4.687000000000000000e+03 4.688000000000000000e+03 4.689000000000000000e+03 4.690000000000000000e+03 4.691000000000000000e+03 4.692000000000000000e+03 4.693000000000000000e+03 4.694000000000000000e+03 4.695000000000000000e+03 4.696000000000000000e+03 4.697000000000000000e+03 4.698000000000000000e+03 4.699000000000000000e+03 4.700000000000000000e+03 4.701000000000000000e+03 4.702000000000000000e+03 4.430900000000000000e+04 4.431100000000000000e+04 4.431300000000000000e+04 4.431500000000000000e+04 4.431700000000000000e+04 4.431900000000000000e+04 4.432100000000000000e+04 4.432300000000000000e+04 4.432500000000000000e+04 4.432700000000000000e+04
-1.000000000000000000e+00 4.478000000000000000e+03 4.479000000000000000e+03 4.480000000000000000e+03 4.481000000000000000e+03 4.482000000000000000e+03 4.483000000000000000e+03 4.484000000000000000e+03 4.485000000000000000e+03 4.486000000000000000e+03 4.487000000000000000e+03 4.488000000000000000e+03 4.489000000000000000e+03 4.490000000000000000e+03 4.491000000000000000e+03 4.492000000000000000e+03 4.493000000000000000e+03 4.494000000000000000e+03 4.495000000000000000e+03 4.496000000000000000e+03 4.497000000000000000e+03 4.498000000000000000e+03 4.499000000000000000e+03 4.500000000000000000e+03 4.501000000000000000e+03 4.502000000000000000e+03 4.503000000000000000e+03 4.411100000000000000e+04 4.411300000000000000e+04 4.411500000000000000e+04 4.411700000000000000e+04 4.411900000000000000e+04 4.412100000000000000e+04 4.412300000000000000e+04 4.412500000000000000e+04 4.412700000000000000e+04 4.412900000000000000e+04
-1.000000000000000000e+00 4.279000000000000000e+03 4.280000000000000000e+03 4.281000000000000000e+03 4.282000000000000000e+03 4.283000000000000000e+03 4.284000000000000000e+03 4.285000000000000000e+03 4.286000000000000000e+03 4.287000000000000000e+03 4.288000000000000000e+03 4.289000000000000000e+03 4.290000000000000000e+03 4.291000000000000000e+03 4.292000000000000000e+03 4.293000000000000000e+03 4.294000000000000000e+03 4.295000000000000000e+03 4.296000000000000000e+03 4.297000000000000000e+03 4.298000000000000000e+03 4.299000000000000000e+03 4.300000000000000000e+03 4.301000000000000000e+03 4.302000000000000000e+03 4.303000000000000000e+03 4.304000000000000000e+03 4.391300000000000000e+04 4.391500000000000000e+04 4.391700000000000000e+04 4.391900000000000000e+04 4.392100000000000000e+04 4.392300000000000000e+04 4.392500000000000000e+04 4.392700000000000000e+04 4.392900000000000000e+04 4.393100000000000000e+04
-1.000000000000000000e+00 4.080000000000000000e+03 4.081000000000000000e+03 4.082000000000000000e+03 4.083000000000000000e+03 4.084000000000000000e+03 4.085000000000000000e+03 4.086000000000000000e+03 4.087000000000000000e+03 4.088000000000000000e+03 4.089000000000000000e+03 4.090000000000000000e+03 4.091000000000000000e+03 4.092000000000000000e+03 4.093000000000000000e+03 4.094000000000000000e+03 4.095000000000000000e+03 4.096000000000000000e+03 4.097000000000000000e+03 4.098000000000000000e+03 4.099000000000000000e+03 4.100000000000000000e+03 4.101000000000000000e+03 4.102000000000000000e+03 4.103000000000000000e+03 4.104000000000000000e+03 4.105000000000000000e+03 4.106000000000000000e+03 4.371700000000000000e+04 4.371900000000000000e+04 4.372100000000000000e+04 4.372300000000000000e+04 4.372500000000000000e+04 4.372700000000000000e+04 4.372900000000000000e+04 4.373100000000000000e+04 4.373300000000000000e+04
-1.000000000000000000e+00 3.881000000000000000e+03 3.882000000000000000e+03 3.883000000000000000e+03 3.884000000000000000e+03 3.885000000000000000e+03 3.886000000000000000e+03 3.887000000000000000e+03 3.888000000000000000e+03 3.889000000000000000e+03 3.890000000000000000e+03 3.891000000000000000e+03 3.892000000000000000e+03 3.893000000000000000e+03 3.894000000000000000e+03 3.895000000000000000e+03 3.896000000000000000e+03 3.897000000000000000e+03 3.898000000000000000e+03 3.899000000000000000e+03 3.900000000000000000e+03 3.901000000000000000e+03 3.902000000000000000e+03 3.903000000000000000e+03 3.904000000000000000e+03 3.905000000000000000e+03 3.906000000000000000e+03 3.907000000000000000e+03 4.351900000000000000e+04 4.352100000000000000e+04 4.352300000000000000e+04 4.352500000000000000e+04 4.352700000000000000e+04 4.352900000000000000e+04 4.353100000000000000e+04 4.353300000000000000e+04 4.353500000000000000e+04
-1.000000000000000000e+00 3.682000000000000000e+03 3.683000000000000000e+03 3.684000000000000000e+03 3.685000000000000000e+03 3.686000000000000000e+03 3.687000000000000000e+03 3.688000000000000000e+03 3.689000000000000000e+03 3.690000000000000000e+03 3.691000000000000000e+03 3.692000000000000000e+03 3.693000000000000000e+03 3.694000000000000000e+03 3.695000000000000000e+03 3.696000000000000000e+03 3.697000000000000000e+03 3.698000000000000000e+03 3.699000000000000000e+03 3.700000000000000000e+03 3.701000000000000000e+03 3.702000000000000000e+03 3.703000000000000000e+03 3.704000000000000000e+03 3.705000000000000000e+03 3.706000000000000000e+03 3.707000000000000000e+03 3.708000000000000000e+03 4.332100000000000000e+04 4.332300000000000000e+04 4.332500000000000000e+04 4.332700000000000000e+04 4.332900000000000000e+04 4.333100000000000000e+04 4.333300000000000000e+04 4.333500000000000000e+04 4.333700000000000000e+04
-1.000000000000000000e+00 3.483000000000000000e+03 3.484000000000000000e+03 3.485000000000000000e+03 3.486000000000000000e+03 3.487000000000000000e+03 3.488000000000000000e+03 3.489000000000000000e+03 3.490000000000000000e+03 3.491000000000000000e+03 3.492000000000000000e+03 3.493000000000000000e+03 3.494000000000000000e+03 3.495000000000000000e+03 3.496000000000000000e+03 3.497000000000000000e+03 3.498000000000000000e+03 3.499000000000000000e+03 3.500000000000000000e+03 3.501000000000000000e+03 3.502000000000000000e+03 3.503000000000000000e+03 3.504000000000000000e+03 3.505000000000000000e+03 3.506000000000000000e+03 3.507000000000000000e+03 3.508000000000000000e+03 3.509000000000000000e+03 3.510000000000000000e+03 4.312500000000000000e+04 4.312700000000000000e+04 4.312900000000000000e+04 4.313100000000000000e+04 4.313300000000000000e+04 4.313500000000000000e+04 4.313700000000000000e+04 4.313900000000000000e+04
-1.000000000000000000e+00 3.284000000000000000e+03 3.285000000000000000e+03 3.286000000000000000e+03 3.287000000000000000e+03 3.288000000000000000e+03 3.289000000000000000e+03 3.290000000000000000e+03 3.291000000000000000e+03 3.292000000000000000e+03 3.293000000000000000e+03 3.294000000000000000e+03 3.295000000000000000e+03 3.296000000000000000e+03 3.297000000000000000e+03 3.298000000000000000e+03 3.299000000000000000e+03 3.300000000000000000e+03 3.301000000000000000e+03 3.302000000000000000e+03 3.303000000000000000e+03 3.304000000000000000e+03 3.305000000000000000e+03 3.306000000000000000e+03 3.307000000000000000e+03 3.308000000000000000e+03 3.309000000000000000e+03 3.310000000000000000e+03 3.311000000000000000e+03 4.292700000000000000e+04 4.292900000000000000e+04 4.293100000000000000e+04 4.293300000000000000e+04 4.293500000000000000e+04 4.293700000000000000e+04 4.293900000000000000e+04 3.319000000000000000e+03
-1.000000000000000000e+00 3.085000000000000000e+03 3.086000000000000000e+03 3.087000000000000000e+03 3.088000000000000000e+03 3.089000000000000000e+03 3.090000000000000000e+03 3.091000000000000000e+03 3.092000000000000000e+03 3.093000000000000000e+03 3.094000000000000000e+03 3.095000000000000000e+03 3.096000000000000000e+03 3.097000000000000000e+03 3.098000000000000000e+03 3.099000000000000000e+03 3.100000000000000000e+03 3.101000000000000000e+03 3.102000000000000000e+03 3.103000000000000000e+03 3.104000000000000000e+03 3.105000000000000000e+03 3.106000000000000000e+03 3.107000000000000000e+03 3.108000000000000000e+03 3.109000000000000000e+03 3.110000000000000000e+03 3.111000000000000000e+03 3.112000000000000000e+03 4.272900000000000000e+04 4.273100000000000000e+04 4.273300000000000000e+04 4.273500000000000000e+04 4.273700000000000000e+04 4.273900000000000000e+04 4.274100000000000000e+04 3.120000000000000000e+03
-1.000000000000000000e+00 2.886000000000000000e+03 2.887000000000000000e+03 2.888000000000000000e+03 2.889000000000000000e+03 2.890000000000000000e+03 2.891000000000000000e+03 2.892000000000000000e+03 2.893000000000000000e+03 2.894000000000000000e+03 2.895000000000000000e+03 2.896000000000000000e+03 2.897000000000000000e+03 2.898000000000000000e+03 2.899000000000000000e+03 2.900000000000000000e+03 2.901000000000000000e+03 2.902000000000000000e+03 2.903000000000000000e+03 2.904000000000000000e+03 2.905000000000000000e+03 2.906000000000000000e+03 2.907000000000000000e+03 2.908000000000000000e+03 2.909000000000000000e+03 2.910000000000000000e+03 2.911000000000000000e+03 2.912000000000000000e+03 2.913000000000000000e+03 2.914000000000000000e+03 4.253300000000000000e+04 4.253500000000000000e+04 4.253700000000000000e+04 4.253900000000000000e+04 4.254100000000000000e+04 4.254300000000000000e+04 2.921000000000000000e+03
-1.000000000000000000e+00 2.687000000000000000e+03 2.688000000000000000e+03 2.689000000000000000e+03 2.690000000000000000e+03 2.691000000000000000e+03 2.692000000000000000e+03 2.693000000000000000e+03 2.694000000000000000e+03 2.695000000000000000e+03 2.696000000000000000e+03 2.697000000000000000e+03 2.698000000000000000e+03 2.699000000000000000e+03 2.700000000000000000e+03 2.701000000000000000e+03 2.702000000000000000e+03 2.703000000000000000e+03 2.704000000000000000e+03 2.705000000000000000e+03 2.706000000000000000e+03 2.707000000000000000e+03 2.708000000000000000e+03 2.709000000000000000e+03 2.710000000000000000e+03 2.711000000000000000e+03 2.712000000000000000e+03 2.713000000000000000e+03 2.714000000000000000e+03 2.715000000000000000e+03 4.233500000000000000e+04 4.233700000000000000e+04 4.233900000000000000e+04 4.234100000000000000e+04 4.234300000000000000e+04 4.234500000000000000e+04 2.722000000000000000e+03
-1.000000000000000000e+00 2.488000000000000000e+03 2.489000000000000000e+03 2.490000000000000000e+03 2.491000000000000000e+03 2.492000000000000000e+03 2.493000000000000000e+03 2.494000000000000000e+03 2.495000000000000000e+03 2.496000000000000000e+03 2.497000000000000000e+03 2.498000000000000000e+03 2.499000000000000000e+03 2.500000000000000000e+03 2.501000000000000000e+03 2.502000000000000000e+03 2.503000000000000000e+03 2.504000000000000000e+03 2.505000000000000000e+03 2.506000000000000000e+03 2.507000000000000000e+03 2.508000000000000000e+03 2.509000000000000000e+03 2.510000000000000000e+03 2.511000000000000000e+03 2.512000000000000000e+03 2.513000000000000000e+03 2.514000000000000000e+03 2.515000000000000000e+03 2.516000000000000000e+03 2.517000000000000000e+03 4.213900000000000000e+04 4.214100000000000000e+04 4.214300000000000000e+04 4.214500000000000000e+04 4.214700000000000000e+04 2.523000000000000000e+03
