BlockUplift_2Ma_1kryTimeStep_2mmyr_k_0.0001_m_0.5_n_1.0_LinDiffusion_0.5_6x3km_30mRes_topographic__steepest_slope.txt
nrows 100
cellsize 30.0
xllcorner 0.0
ncols 200
yllcorner 0.0
[rows 68 to 84 of 100, columns 111 to 147 of 200]
5.151787857277913968e-02 7.044659475432084317e-02 8.588386642054782194e-02 1.010830435999575116e-01 1.186659867795867712e-01 1.285395825124614477e-01 1.296645695120768604e-01 1.213593111923017831e-01 1.034904829194317755e-01 7.670148864441633796e-02 5.937546355528187242e-02 9.141171303424652783e-02 1.318621183997275015e-01 1.678313856085850153e-01 1.965627215027233865e-01 2.159238778264614134e-01 2.245791814314944124e-01 2.221171471164855860e-01 2.090939301079406398e-01 1.869592344475906609e-01 1.859384809385820347e-01 1.863938422378472182e-01 1.837416455368232338e-01 1.781675040506816854e-01 1.880872810474297219e-01 2.019989919363666675e-01 2.056238502108142518e-01 1.982858423238296752e-01 1.805852390715098899e-01 1.543781297654644724e-01 1.225063349015913655e-01 9.321669790107023346e-02 9.342521909451197148e-02 1.131686041250621888e-01 1.299722104944538992e-01 1.430744110047786899e-01 1.517640989266967610e-01
7.005257240781664896e-02 8.862276289715929900e-02 1.045746563715246741e-01 1.155379701489648858e-01 1.251334747264403746e-01 1.323704727126302771e-01 1.299575695149390586e-01 1.175800695433802390e-01 9.551582327825276775e-02 7.862217981134599076e-02 7.069659461476192341e-02 1.112890972138161766e-01 1.497914179087327657e-01 1.830693012612255033e-01 2.086681225995448696e-01 2.247313550905575830e-01 2.301078551976505626e-01 2.244643027073753294e-01 2.083680095599141358e-01 1.832838810190123291e-01 1.772425218804253577e-01 1.768596619010812387e-01 1.739559655811471484e-01 1.687568574186495141e-01 1.871366369407871100e-01 2.031021398060095240e-01 2.087362679135484067e-01 2.033034941518496452e-01 1.873125938420504566e-01 1.624763680067795590e-01 1.314659990226876851e-01 9.882403931415240095e-02 9.638587212056801135e-02 1.188944096363870329e-01 1.382491028233720221e-01 1.534609517839810588e-01 1.636063659274850923e-01
9.010018104391027960e-02 1.079733094352704759e-01 1.244234390898819598e-01 1.351158781936763476e-01 1.397040157873374877e-01 1.383370421746498713e-01 1.314099537474103518e-01 1.194425545002236189e-01 1.031195996882190158e-01 8.340718157158776014e-02 8.943374350616419000e-02 1.288016022243375358e-01 1.650871660823379217e-01 1.956226742566676557e-01 2.182289718998319805e-01 2.312756169474685375e-01 2.337433512715206274e-01 2.253373547714542235e-01 2.066158714782076466e-01 1.790542754577557072e-01 1.691201325210746065e-01 1.680805116143285205e-01 1.650581290243797183e-01 1.603045240654338843e-01 1.861592731090108144e-01 2.037733380216916745e-01 2.110211321024179632e-01 2.071330482226479697e-01 1.925485712432126462e-01 1.688516083337000817e-01 1.385452117700184116e-01 1.047188139651083760e-01 9.856850853274465307e-02 1.234203925009720593e-01 1.449958208562534823e-01 1.620428989262513442e-01 1.734341579400602018e-01
1.101447412890403654e-01 1.275469960685559900e-01 1.444864047595370571e-01 1.549592723167264041e-01 1.585485054837603991e-01 1.554445031205048122e-01 1.461623541737016585e-01 1.313889955390034336e-01 1.120026633603518201e-01 8.917586872570938683e-02 1.058600731467168876e-01 1.435175283061431439e-01 1.775175722204265505e-01 2.054322276685145721e-01 2.253144143422179668e-01 2.357061169632116704e-01 2.356755122912179978e-01 2.249422726741968359e-01 2.040510424224052377e-01 1.744914279245320943e-01 1.616561205708559046e-01 1.601944643063125395e-01 1.572219087545353999e-01 1.578566434193480750e-01 1.852967424454232126e-01 2.042227359003188913e-01 2.127539684485175719e-01 2.101049847152482719e-01 1.966604416922737852e-01 1.738852709483132142e-01 1.441173482765858715e-01 1.102907006112102267e-01 1.018360168293933471e-01 1.265197570765811408e-01 1.499631894278011524e-01 1.685555683013348349e-01 1.809882974454985749e-01
1.288860803143165867e-01 1.463002044590070438e-01 1.637470471949159234e-01 1.740791980820956819e-01 1.768153493431470491e-01 1.721762395817625635e-01 1.607793275367206121e-01 1.434601647126116652e-01 1.212710712975891419e-01 1.028691078892734340e-01 1.193841404904975867e-01 1.552475964597500868e-01 1.870594593189411348e-01 2.126024870130173994e-01 2.301124365733799859e-01 2.382537000090929058e-01 2.361479177321218204e-01 2.235177918232202354e-01 2.008992159391121135e-01 1.698023228539996543e-01 1.548582627129353739e-01 1.532183658931809134e-01 1.504626674042796597e-01 1.560661474116463443e-01 1.845700012000728585e-01 2.045435570687502147e-01 2.141015273502950012e-01 2.124558043322216372e-01 1.999463979525790136e-01 1.779276737730637048e-01 1.485767916101981001e-01 1.146685367246621234e-01 1.036274066333476157e-01 1.282297045259905288e-01 1.531957582572265331e-01 1.730490739714612980e-01 1.863325848205495683e-01
1.449933626662115727e-01 1.631198664036724588e-01 1.811420838262063904e-01 1.914531271316190220e-01 1.935313153841005107e-01 1.876299582118520493e-01 1.744573417375617774e-01 1.549777771728615416e-01 1.303899329186513634e-01 1.153885626928409097e-01 1.298969381974726112e-01 1.640317535544984773e-01 1.938673684913443385e-01 2.173640019311304239e-01 2.328934455994586539e-01 2.391998154498565232e-01 2.354332682565122570e-01 2.213152299499725473e-01 1.973804573474724489e-01 1.651638589989694594e-01 1.486810622856395980e-01 1.470740153233274783e-01 1.446663059216803104e-01 1.545373501825665630e-01 1.839092929273070109e-01 2.047323025814299924e-01 2.151311015644919722e-01 2.143247290551678896e-01 2.026172513526562358e-01 1.812620254835747846e-01 1.522829393255678287e-01 1.182942158293241314e-01 1.044964936885842549e-01 1.288333564702195677e-01 1.550065326761943529e-01 1.758594016885680900e-01 1.898237536909775647e-01
1.572263540990268271e-01 1.769278726508286548e-01 1.956556101180727258e-01 2.061185432004579987e-01 2.077893099181581660e-01 2.009676181280884988e-01 1.864488952109766284e-01 1.653079883838366182e-01 1.388570229628691977e-01 1.259556179947509125e-01 1.375420550284552623e-01 1.701011532808704430e-01 1.982260765049657369e-01 2.200251603904711251e-01 2.339662887218320053e-01 2.388380135501941559e-01 2.337993808046711086e-01 2.185676836671901768e-01 1.936816748339195982e-01 1.607008621947712268e-01 1.430372508400049869e-01 1.416125592809919509e-01 1.396267631060624237e-01 1.531030420886939913e-01 1.831922960010496371e-01 2.047212622367074741e-01 2.158353916669634165e-01 2.157684639167222751e-01 2.047976404049155486e-01 1.840875762898658008e-01 1.555201975338896536e-01 1.215506404167077392e-01 1.050904029769242215e-01 1.287741046703785031e-01 1.558762626980126631e-01 1.774976212199269043e-01 1.919958485925473968e-01
1.646830271715273852e-01 1.868745728665991146e-01 2.064902492506573983e-01 2.173288881018530239e-01 2.188928075267809192e-01 2.115483652358274291e-01 1.961813967849293516e-01 1.739627152108170760e-01 1.462836375464193484e-01 1.345971224450020487e-01 1.426667895462079838e-01 1.738223052169419747e-01 2.004966658800605150e-01 2.209249597649113050e-01 2.336387784723508720e-01 2.374408883227188405e-01 2.314806577619736849e-01 2.154653114447536710e-01 1.899372380098269808e-01 1.564757868947659614e-01 1.378135652910084386e-01 1.366485375057967244e-01 1.350980872631912522e-01 1.515994039057148302e-01 1.822876943268208483e-01 2.044197732108201104e-01 2.161689657080407279e-01 2.167901560867102062e-01 2.065440640593288468e-01 1.865223795792764760e-01 1.584803852922296585e-01 1.247184241015507622e-01 1.060239977832641983e-01 1.285378765399868561e-01 1.563195600570115029e-01 1.785035038023738418e-01 1.934061007041658897e-01
1.670667864390963930e-01 1.925449569982772280e-01 2.132477690517452784e-01 2.247102708675863814e-01 2.264910914214535997e-01 2.190439565729110916e-01 2.033533821360244687e-01 1.806767319292837681e-01 1.524528454625907192e-01 1.415769636635625661e-01 1.457467210467142671e-01 1.756309527355718325e-01 2.010635570561618846e-01 2.203932232787227941e-01 2.321887357336268609e-01 2.352389013983366695e-01 2.286625281381461650e-01 2.121451878360041954e-01 1.862262824267874872e-01 1.524970875123028147e-01 1.328964181344370332e-01 1.320032221049018406e-01 1.308540301442585874e-01 1.499036028961444333e-01 1.810946809405184488e-01 2.037532300147751607e-01 2.160846723184743634e-01 2.173711290652952655e-01 2.078695774913780214e-01 1.886181682145937899e-01 1.612646198482284854e-01 1.279613219765831644e-01 1.077837996141965959e-01 1.285459616104809022e-01 1.567671958587464887e-01 1.793179982223932489e-01 1.944999055559060441e-01
1.648210139149924314e-01 1.940712260461447125e-01 2.160247836271289024e-01 2.283372495861306084e-01 2.306362341475903799e-01 2.234797563854934721e-01 2.079625470195594628e-01 1.854253537963879706e-01 1.573289091622467328e-01 1.473143979257741931e-01 1.472987871071576582e-01 1.759668779270765759e-01 2.002893336439388050e-01 2.187215487095760247e-01 2.298466251595205068e-01 2.324111078766184502e-01 2.254784034191205933e-01 2.086946439833575195e-01 1.825842006371245219e-01 1.487411806246793367e-01 1.282003888778589784e-01 1.275453786315405014e-01 1.267381707708764849e-01 1.479563733632800471e-01 1.795669789138026051e-01 2.026873523819505973e-01 2.155572570272205613e-01 2.174930971984241901e-01 2.087638474992296045e-01 1.903774171948552918e-01 1.638964809866148009e-01 1.313344733594987157e-01 1.106789902905186834e-01 1.290881463494289449e-01 1.574974634902486514e-01 1.802111189466518715e-01 1.955353776238320518e-01
1.604857034737101340e-01 1.920903937906590364e-01 2.153707986168301169e-01 2.286862074194524475e-01 2.317319728428107184e-01 2.251820022091604589e-01 2.102549206103884183e-01 1.883783633403856572e-01 1.610175619898332189e-01 1.522765861161929080e-01 1.497531736692489235e-01 1.752221608283859866e-01 1.984832363385258813e-01 2.161462892752260001e-01 2.267882172972333077e-01 2.290843784888102752e-01 2.220142207551014657e-01 2.051614260731693951e-01 1.790194158196789509e-01 1.451763885066116588e-01 1.236869084103498495e-01 1.232144197194069563e-01 1.226877364330344194e-01 1.457632315128086775e-01 1.777146589416550571e-01 2.012309651691424617e-01 2.145877350902805625e-01 2.171448502380537438e-01 2.092028094302212371e-01 1.917665253984426055e-01 1.663391998845492881e-01 1.348060410984333046e-01 1.148389045343255616e-01 1.303047263923892973e-01 1.586242385727352211e-01 1.812739708356206625e-01 1.965789595049253213e-01
1.544938330702248508e-01 1.875652447044220961e-01 2.121277811422530579e-01 2.264887791558727048e-01 2.304003080647606116e-01 2.246591993527857489e-01 2.106231198509480318e-01 1.898162753108955658e-01 1.636998818892205776e-01 1.568816238201084790e-01 1.540458839171833516e-01 1.737115586233322351e-01 1.958864650401513086e-01 2.128434210851560537e-01 2.231351738856933442e-01 2.253375502563940980e-01 2.183154665356825397e-01 2.015637214447956738e-01 1.755264462494170175e-01 1.417780290808651200e-01 1.193639868771687873e-01 1.190169649983279926e-01 1.187236906419442961e-01 1.433749398680679854e-01 1.755851720510909486e-01 1.994193929055155801e-01 2.131910423428315660e-01 2.163158725420193662e-01 2.091495937708742481e-01 1.927249647360038953e-01 1.685136177417137782e-01 1.382844361428589852e-01 1.202441419285364133e-01 1.322075811932948985e-01 1.601284755438431850e-01 1.824601021845264903e-01 1.975571440208011564e-01
1.472994017660215482e-01 1.815448255943601097e-01 2.072200245845192412e-01 2.225481903343274059e-01 2.273229707898626051e-01 2.224684591942876766e-01 2.094973773701916953e-01 1.900450115171518906e-01 1.655682446707320288e-01 1.614381168952140344e-01 1.584720774542560662e-01 1.716665010477591569e-01 1.926737736723688199e-01 2.089341190244655977e-01 2.189621676414648388e-01 2.212087651653468212e-01 2.143942024414730030e-01 1.978965479677801953e-01 1.720908328338343618e-01 1.385300037677020257e-01 1.152673984250654343e-01 1.149994809217645270e-01 1.149134917030518038e-01 1.408553563814645970e-01 1.732326608908293375e-01 1.972879786430236371e-01 2.113762562831205394e-01 2.149851743904120371e-01 2.085531092784554397e-01 1.931739881622339394e-01 1.703167949454630348e-01 1.416463368205303497e-01 1.267733390958180051e-01 1.347206911499903570e-01 1.619094756415626613e-01 1.836488712308773363e-01 1.983333514727421698e-01
1.399143967601662875e-01 1.749498546153432088e-01 2.014676291882524783e-01 2.175805913295375260e-01 2.231094615672866710e-01 2.191088433375910083e-01 2.072624911106448753e-01 1.893341149844914306e-01 1.667826093868066129e-01 1.661267545990511851e-01 1.631585458257636956e-01 1.692476671273010214e-01 1.889678058662127846e-01 2.044991532810204460e-01 2.143100156668456269e-01 2.167063595060210457e-01 2.102369330755425314e-01 1.941357248449452622e-01 1.686879160067256689e-01 1.354165703839724788e-01 1.114345977070485133e-01 1.112118853073023189e-01 1.113256464292329412e-01 1.382503351932791447e-01 1.706893504823278340e-01 1.948489319504876083e-01 2.091312122117809924e-01 2.131150426064140901e-01 2.073512773471571646e-01 1.930287953966881853e-01 1.716419105875856277e-01 1.447628455663691471e-01 1.342487605930041128e-01 1.377201738855418633e-01 1.638327342969923273e-01 1.847030542708844592e-01 1.987762702342662224e-01
1.330424265369507253e-01 1.684403554681424831e-01 1.954701038846166083e-01 2.121172377566907796e-01 2.182180709545908925e-01 2.149602503248458363e-01 2.042129205796965330e-01 1.878858590018542551e-01 1.705412943100990675e-01 1.710126624667590023e-01 1.681393940287563282e-01 1.665677317889422970e-01 1.848609205404321554e-01 1.995995415991477229e-01 2.092044602422619970e-01 2.118247661981815244e-01 2.058164606483711412e-01 1.902444277497580549e-01 1.652828496088662724e-01 1.324148445903957361e-01 1.078896214755507288e-01 1.076842604740870513e-01 1.080013293004071784e-01 1.355727710964632904e-01 1.679532302659511589e-01 1.920840115025257422e-01 2.064216521846313768e-01 2.106570662525134030e-01 2.054833821495946067e-01 1.922159492588352281e-01 1.723991004522731629e-01 1.475220260640773828e-01 1.424693963998554525e-01 1.410826674783114132e-01 1.657598345457355626e-01 1.855024941118192106e-01 1.987961529252250392e-01
1.270547729901494727e-01 1.623837935813946254e-01 1.895740231152645561e-01 2.064761125221251381e-01 2.129335733337607839e-01 2.102677362044106935e-01 2.005433421345151346e-01 1.858310534037110884e-01 1.750503234981725942e-01 1.760717895578238767e-01 1.733780157683099676e-01 1.671223481094571695e-01 1.804387810115092305e-01 1.943000882598164281e-01 2.036793844446626589e-01 2.065663821068590422e-01 2.011110256792341955e-01 1.861883030718264886e-01 1.618408894568343914e-01 1.295003590186087072e-01 1.046557452577564079e-01 1.044362605363768209e-01 1.049635260351990951e-01 1.328144275577547440e-01 1.650013049729669168e-01 1.889602737302222835e-01 2.032097325503005869e-01 2.075728378700688603e-01 2.029118174794494189e-01 1.906947981808289616e-01 1.725352962610769425e-01 1.498462017875569763e-01 1.512276572321217261e-01 1.500985085372614491e-01 1.675582681494076354e-01 1.859507929938889748e-01 1.983444881412047556e-01
1.220630277352832138e-01 1.569095570205066570e-01 1.839144476608890189e-01 2.007943491454967644e-01 2.073934869280488480e-01 2.051633639743961901e-01 1.963670589648802145e-01 1.832444931771143037e-01 1.796549938482674691e-01 1.812181641301748303e-01 1.787865618793086642e-01 1.724572723593174317e-01 1.758003904222810720e-01 1.886916081945472778e-01 1.978015037370882689e-01 2.009679857416305504e-01 1.961312085002210881e-01 1.819617722552946404e-01 1.583527716891693360e-01 1.266722502892339841e-01 1.018005469256384743e-01 1.015244994331145761e-01 1.022674745312125849e-01 1.299845762340401112e-01 1.618275535851944058e-01 1.854668658934125747e-01 1.994887478899007027e-01 2.038653578447858217e-01 1.996488944814106270e-01 1.884787831787367307e-01 1.720497970965760015e-01 1.576716673487714160e-01 1.603121896820435266e-01 1.593880443433974281e-01 1.690998307080255891e-01 1.859663167402003936e-01 1.973918037055893138e-01
