BlockUplift_10Myr_500yrTimeStep_halfmmyr_k_1e-05_m_0.5_n_1.0_LinDiffusion_0.05_15x7km_30mRes1000.txt
nrows 250
cellsize 30.0
xllcorner 0.0
ncols 500
yllcorner 0.0
[rows 221 to 237 of 250, columns 37 to 73 of 500]
2.860646788278857002e+02 2.676934606558916698e+02 2.499755515113165245e+02 2.329721895607815441e+02 2.166991872300633020e+02 2.011420388144452716e+02 1.862675541247573676e+02 1.720325031986589863e+02 1.583899012357505001e+02 1.452935466826488664e+02 1.327029090035719605e+02 1.205595860641074637e+02 1.090391108264596767e+02 1.021706299954406205e+02 1.096044680379271199e+02 1.220285872181872264e+02 1.352420934081189898e+02 1.489920346211411299e+02 1.633552256016080264e+02 1.783988516731224365e+02 1.941912879779444836e+02 2.107942323810069638e+02 2.282506453679985725e+02 2.465660561827245942e+02 2.656811938355414782e+02 2.854339322127349305e+02 3.055094203054985087e+02 3.253795942102624394e+02 3.442379314998414657e+02 3.609436840862608733e+02 3.740021037683321197e+02 3.816429502555125168e+02 3.822996731067051996e+02 3.758301888861162752e+02 3.636850833395722020e+02 3.476569281284437238e+02 3.293003432606674323e+02
2.876580802198801052e+02 2.690431217587312176e+02 2.509801586402552971e+02 2.335720028874509637e+02 2.168661580081309808e+02 2.008707959829373522e+02 1.855677740561984876e+02 1.709226615420304540e+02 1.568920751675125302e+02 1.434286207743737123e+02 1.304839596028226367e+02 1.179961025701685600e+02 1.062014886287548592e+02 9.925565357043578274e+01 1.067395441318477509e+02 1.192430637133516882e+02 1.325540315129756266e+02 1.464222951983392420e+02 1.609241139028517011e+02 1.761242241996441180e+02 1.920862976854835722e+02 2.088648586851633979e+02 2.264931274220844273e+02 2.449644872228037400e+02 2.642057369036069190e+02 2.840403774010896996e+02 3.041410610239428820e+02 3.239725188823477424e+02 3.427306500405201746e+02 3.592911938176254125e+02 3.721948414678777795e+02 3.797273541558588477e+02 3.804087344602194207e+02 3.740970447734382560e+02 3.621355824360636575e+02 3.462593714386344459e+02 3.279999481212108776e+02
2.895884147241989695e+02 2.708155833827128163e+02 2.524463310010901864e+02 2.346381589064289415e+02 2.174808356292260498e+02 2.010134310134147029e+02 1.852391184222571781e+02 1.701370292636148349e+02 1.556712243852307438e+02 1.417970921716832322e+02 1.284662262333331455e+02 1.156140042063929343e+02 1.035055350237885960e+02 9.640864488642226604e+01 1.039273080700409935e+02 1.165326203599627917e+02 1.299726328395672397e+02 1.439948611086695109e+02 1.586741656471227486e+02 1.740713680803407613e+02 1.902434462010504888e+02 2.072351116680663097e+02 2.250664306725585107e+02 2.437144046176523204e+02 2.630869697205299076e+02 2.829880343191317138e+02 3.030730578309920702e+02 3.227967091068581453e+02 3.413578153967604294e+02 3.576542902635871428e+02 3.702673558529648972e+02 3.775708382268675223e+02 3.782386153375391018e+02 3.721356236451007362e+02 3.604615850502559624e+02 3.448468141215727769e+02 3.267761272974191797e+02
2.914439465322557794e+02 2.726763579224200953e+02 2.541015032875467341e+02 2.359472567475826850e+02 2.183584995160086066e+02 2.014155556273700824e+02 1.851512764801468904e+02 1.695651523771136908e+02 1.546342736575455774e+02 1.403215528495211117e+02 1.265825070633426748e+02 1.133550598194030243e+02 1.009111549571671418e+02 9.359954225749261525e+01 1.011514025739180767e+02 1.138939612336872500e+02 1.275059322155103558e+02 1.417292528740201760e+02 1.566360113417902937e+02 1.722803839327637832e+02 1.887093897363312465e+02 2.059539494863385301e+02 2.240161382183545413e+02 2.428508445474009818e+02 2.623407076047166129e+02 2.822634580133591271e+02 3.022517627138797138e+02 3.217475095211220264e+02 3.399558360217751556e+02 3.558054704186384924e+02 3.679428290059453843e+02 3.748655322342252134e+02 3.754183029357888586e+02 3.695068695732791184e+02 3.582279767010945193e+02 3.430363416458829420e+02 3.253170942395737484e+02
2.928622524309330402e+02 2.743419842795461818e+02 2.557259598329337678e+02 2.373301566738623478e+02 2.193693602190830632e+02 2.019771805931637800e+02 1.852262172164398351e+02 1.691447708985047313e+02 1.537298217432914100e+02 1.389568419306965268e+02 1.247879344639883072e+02 1.111624358086028650e+02 9.835272722025163716e+01 9.077726465917631060e+01 9.836414425771562264e+01 1.112741157897449824e+02 1.251060514676002668e+02 1.395863883668729954e+02 1.547772541499888064e+02 1.707215078367646584e+02 1.874514476774938032e+02 2.049787094525891575e+02 2.232808740054469183e+02 2.422832270923128988e+02 2.618349637638968943e+02 2.816796157074394387e+02 3.014206205856716565e+02 3.204853554740876689e+02 3.380928256413834561e+02 3.532401429724239961e+02 3.647072779613678222e+02 3.712038835078648731e+02 3.717191694293836690e+02 3.662058571304390284e+02 3.556271533716597446e+02 3.411404944765178584e+02 3.239935482276331413e+02
2.934504572544872758e+02 2.755072926960518203e+02 2.570853521543248235e+02 2.386103991694975264e+02 2.203826249247582609e+02 2.026018589805594843e+02 1.853917815538938498e+02 1.688196183785558162e+02 1.529109646440721804e+02 1.376608163080842928e+02 1.230425626371838490e+02 1.089987778720908409e+02 9.580354183546396030e+01 8.797011134197938986e+01 9.567946215000914378e+01 1.088638941093366554e+02 1.230176960654034986e+02 1.378523853971298649e+02 1.534198362853960873e+02 1.697487342818929790e+02 1.868520144317913037e+02 2.047156832949383443e+02 2.232848643870664205e+02 2.424458263344659770e+02 2.620038130839770929e+02 2.816571177031655679e+02 3.009697367793582998e+02 3.193459239965493452e+02 3.360210125816716982e+02 3.500542320726885919e+02 3.604590900283329233e+02 3.662986735496367032e+02 3.667700395755367708e+02 3.618841351096540961e+02 3.523293012721147761e+02 3.389222597589078418e+02 3.226707461751386745e+02
2.927875634636468476e+02 2.758317574204941138e+02 2.579148150103118837e+02 2.395878933214282256e+02 2.212517689761887141e+02 2.031841114479138355e+02 1.855712741658952893e+02 1.685308719020705439e+02 1.521280370940059186e+02 1.363872741039493519e+02 1.213019079700377034e+02 1.068240623974520958e+02 9.323685394006959370e+01 8.518308985745147766e+01 9.314918635806822067e+01 1.067563617535269174e+02 1.213623859193283039e+02 1.366691345219563232e+02 1.527201075769550016e+02 1.695267543103685739e+02 1.870768363892303512e+02 2.053226765080232497e+02 2.241670020902915041e+02 2.434456469616527272e+02 2.629074676910358903e+02 2.821929148503996316e+02 3.008126970098627453e+02 3.181415531444889666e+02 3.333968688163720344e+02 3.457890433676629414e+02 3.547135702597201430e+02 3.596089145551139268e+02 3.599539571759884211e+02 3.558011945007532972e+02 3.474416541781002365e+02 3.354797791744934443e+02 3.205902837323996550e+02
2.903663899640677073e+02 2.748998015219463582e+02 2.578618026685124391e+02 2.399810163839176198e+02 2.217595303270257716e+02 2.035592673540020598e+02 1.856388077896148729e+02 1.681778537564007081e+02 1.512936681664289722e+02 1.350534385000613042e+02 1.194842448389035638e+02 1.045619172680208635e+02 9.058851228110407305e+01 8.235836805585006459e+01 9.066546158538098155e+01 1.047943111312327318e+02 1.199508653259301525e+02 1.358202223588540960e+02 1.524298862284773293e+02 1.697662844608530293e+02 1.877827243881765185e+02 2.063869946797277635e+02 2.254273108093533438e+02 2.446763770739474921e+02 2.638146923526072669e+02 2.824126254280205330e+02 2.999233971591822296e+02 3.156525994001449362e+02 3.289298268167124206e+02 3.393621246703258976e+02 3.466699866845707447e+02 3.505092296046702245e+02 3.507714582416991789e+02 3.476331768438073482e+02 3.408687003269060369e+02 3.308301680344724218e+02 3.178919836688377814e+02
2.857957157189146642e+02 2.721789165823470853e+02 2.564473307226722341e+02 2.393864792000464377e+02 2.215819645828976832e+02 2.034726341507724783e+02 1.853944655636365155e+02 1.675995199121344115e+02 1.502698178746083784e+02 1.335299404357440380e+02 1.174591476535368884e+02 1.020806535758740239e+02 8.776010263959395274e+01 7.944777372323746079e+01 8.819462100637913693e+01 1.029259523122792928e+02 1.187130922423807675e+02 1.352126158980988748e+02 1.524256103017113730e+02 1.703021965425495239e+02 1.887489289057536155e+02 2.076156934872322495e+02 2.266822917041863832e+02 2.456452153043804003e+02 2.641051885412558136e+02 2.815628969880590944e+02 2.973702427710530856e+02 3.109214181899470191e+02 3.219660384109195661e+02 3.304177828304920581e+02 3.360290700148603378e+02 3.387019831760015904e+02 3.388714291005181281e+02 3.368561918999686782e+02 3.318885814760928952e+02 3.239127868058312174e+02 3.132196036735395523e+02
2.795228673290466759e+02 2.678882615660767215e+02 2.539266100547154679e+02 2.381416007730004480e+02 2.211278371765779411e+02 2.033831765891421526e+02 1.853266277182262343e+02 1.672935058441941294e+02 1.495425497446006489e+02 1.322683502244861415e+02 1.156161886774577425e+02 9.968387308197767993e+01 8.492371420048019104e+01 7.647205002179096311e+01 8.574080536593679369e+01 1.011677135927527047e+02 1.176548127457141248e+02 1.348318214321186019e+02 1.526604047965999200e+02 1.710410381481815136e+02 1.898192755379451171e+02 2.087722890398741526e+02 2.275965451218589521e+02 2.458996079300868303e+02 2.632002641413714628e+02 2.789018556156772775e+02 2.924334952053263805e+02 3.036346273306813259e+02 3.125419136541054286e+02 3.189514129495411225e+02 3.226950142651901388e+02 3.241892217710721980e+02 3.242798195839035884e+02 3.233322223352482183e+02 3.202537462058140250e+02 3.144239401384772350e+02 3.059602729005952710e+02
2.726383704138067969e+02 2.635589529199749563e+02 2.519950525579156135e+02 2.380881650560860407e+02 2.222775102244587231e+02 2.051656675536928276e+02 1.872758698125619219e+02 1.690426952736471833e+02 1.508148055411836594e+02 1.328650222622230785e+02 1.154037716055591005e+02 9.856897617693131508e+01 8.285406135161549912e+01 7.373911761761895889e+01 8.338491413554956466e+01 9.955297443078471531e+01 1.167959151384510506e+02 1.346693293929898232e+02 1.530815989747688661e+02 1.718686271212259271e+02 1.908004010900961021e+02 2.095660822252216917e+02 2.277660435408715216e+02 2.449023763341047868e+02 2.603997498725043442e+02 2.737847666672022342e+02 2.849648972035865881e+02 2.940320138399053462e+02 3.007739858581713861e+02 3.049261153486777403e+02 3.068193686470774537e+02 3.073300228050301826e+02 3.073651869157801002e+02 3.072801113327926146e+02 3.059784344295325695e+02 3.024396048506677630e+02 2.962623481525295119e+02
2.637402747133049274e+02 2.572102263454762578e+02 2.480067647813228575e+02 2.363526338101698911e+02 2.223368044316956684e+02 2.063392887619908720e+02 1.889817260902534883e+02 1.708144178687146280e+02 1.522768608895408420e+02 1.337265813497000408e+02 1.154478698651786459e+02 9.763564669184732736e+01 8.083553396914210509e+01 7.093791794583385979e+01 8.103558023800094645e+01 9.803593377826757660e+01 1.160655848730144015e+02 1.346047671742763043e+02 1.534970291124497237e+02 1.725007252501548010e+02 1.912972149309701138e+02 2.094782692987510870e+02 2.265206489299272334e+02 2.418415923504115597e+02 2.550483914624966246e+02 2.661794178293583286e+02 2.753586019124394397e+02 2.823022432008064584e+02 2.866179610359501453e+02 2.885379217173780262e+02 2.889082301230088774e+02 2.886713770956366147e+02 2.886594365282635408e+02 2.892182193854669094e+02 2.893380164937463519e+02 2.879770113891465257e+02 2.842793348940981559e+02
2.523986024769745029e+02 2.483431427915848815e+02 2.411412293809135861e+02 2.314154287273359785e+02 2.194473599230684044e+02 2.051959797949337485e+02 1.889508223909410844e+02 1.713214594138850657e+02 1.528393266099322432e+02 1.339507266359697439e+02 1.150268582720529764e+02 9.634295307233220740e+01 7.854014133146863230e+01 6.793246133631387806e+01 7.854841272906004690e+01 9.638548708832715306e+01 1.151473652019403602e+02 1.342200024095901938e+02 1.533643186170073989e+02 1.722488118730312863e+02 1.904638624729210505e+02 2.074712749025857192e+02 2.226995353292025470e+02 2.358582947368813052e+02 2.471153263520500900e+02 2.566124675678813674e+02 2.638689410273660769e+02 2.683701980231624589e+02 2.702602218285817344e+02 2.703545515945359057e+02 2.695810010687991394e+02 2.687807551360547791e+02 2.687284504451492921e+02 2.697537531381306053e+02 2.709203562094692757e+02 2.712956219807956586e+02 2.699830363877375703e+02
2.388683289064960036e+02 2.372954419304865041e+02 2.321578921292615405e+02 2.239364916183697858e+02 2.135235787223903685e+02 2.011555073937122984e+02 1.866534650040575798e+02 1.701902528651465047e+02 1.522740941892170667e+02 1.334290876033206814e+02 1.141341584988757631e+02 9.475671334184484351e+01 7.604531616634400848e+01 6.476276376556613457e+01 7.590634024391590629e+01 9.453471193051164789e+01 1.138991250685214993e+02 1.332692230176947987e+02 1.523097484433526461e+02 1.705959340358935492e+02 1.876142090817054395e+02 2.028138750636107659e+02 2.160102601416081995e+02 2.275173049985943123e+02 2.375590068356128768e+02 2.455137098529363584e+02 2.504083350445831684e+02 2.523840458704619323e+02 2.522806252164999989e+02 2.510140874725329923e+02 2.493974147432199970e+02 2.481932345676991929e+02 2.481062663188652095e+02 2.494463629340291106e+02 2.513587076887472165e+02 2.529998840499079904e+02 2.535892331404214133e+02
2.236469077641851584e+02 2.242381594805452778e+02 2.214481400354048617e+02 2.149533123475259231e+02 2.055629083894649511e+02 1.943933672808319386e+02 1.816205598428403221e+02 1.668859026520625548e+02 1.501801865675320471e+02 1.319197005936035509e+02 1.126472421079532182e+02 9.284937829009234633e+01 7.337183201351368211e+01 6.145622683769961014e+01 7.313051789346950216e+01 9.245952375274389112e+01 1.122060141908731055e+02 1.315165261387193709e+02 1.499433501046320600e+02 1.669745852466427891e+02 1.821721180018714108e+02 1.954656988682693850e+02 2.072997806309601003e+02 2.179813375491137322e+02 2.268646131623561644e+02 2.327120528441100191e+02 2.350492805591722458e+02 2.349020077701572120e+02 2.333039298968729440e+02 2.310455163591836367e+02 2.288432274967871081e+02 2.273678592109731937e+02 2.272521889546481475e+02 2.287836914380410747e+02 2.311885184453692261e+02 2.337202577703173176e+02 2.356901322443474953e+02
2.073084397952323457e+02 2.095280662539938987e+02 2.089749539210835110e+02 2.047230792730308906e+02 1.966272071787737161e+02 1.859698299071372674e+02 1.739565343979510317e+02 1.606506592262754509e+02 1.455827052651317501e+02 1.285759292958780691e+02 1.099406566427411889e+02 9.019239209319003692e+01 7.029508320078124939e+01 5.793163771511271420e+01 7.013352835387233597e+01 8.996976546162366617e+01 1.097340040650844628e+02 1.284372810048524229e+02 1.455674476305489122e+02 1.607786862544645317e+02 1.741906084045295700e+02 1.864022874757747843e+02 1.978025437229141517e+02 2.077419221154045772e+02 2.147736483104955312e+02 2.181184282636569947e+02 2.182337905412447583e+02 2.164902451403926591e+02 2.138136648088209313e+02 2.108823479458192480e+02 2.083085739963237870e+02 2.066721793017330242e+02 2.065343201687258556e+02 2.081590396884151914e+02 2.108512716351733332e+02 2.139588490450104246e+02 2.168943408001245814e+02
1.902943639244417398e+02 1.936924633011065282e+02 1.949325798486106294e+02 1.930012870020607636e+02 1.869107905939335410e+02 1.771002868680521090e+02 1.651557770944498600e+02 1.522093958307530954e+02 1.382882627337993995e+02 1.228161317026190602e+02 1.054811349429708827e+02 8.647354759275241065e+01 6.666934506854855158e+01 5.408785045700928151e+01 6.658213902335182865e+01 8.646089854443110312e+01 1.055997695155893581e+02 1.229715431501995084e+02 1.383650212225708742e+02 1.520632375111299552e+02 1.647617366658923288e+02 1.769306841964052524e+02 1.880040768210553779e+02 1.964576487174035719e+02 2.010528019406486635e+02 2.020593992162306165e+02 2.004775498847826611e+02 1.975922078303614455e+02 1.941962486387395188e+02 1.908584194990699814e+02 1.880894829904396488e+02 1.863820455950221060e+02 1.862288970608109935e+02 1.878707296595358400e+02 1.906866707665748777e+02 1.941138323968664281e+02 1.976620262489481661e+02
