BlockUplift_2Ma_1kryTimeStep_5mmyr_k_5e-05_m_0.5_n_1.0_LinDiffusion_1.0_6x3km_30mRes_topographic__elevation.txt
nrows 100
cellsize 30.0
xllcorner 0.0
ncols 200
yllcorner 0.0
[rows 34 to 50 of 100, columns 0 to 36 of 200]
7.097052615938138128e-04 1.399447114931837461e+02 1.405360054355986392e+02 1.416980631262014469e+02 1.433923059426639952e+02 1.455665753157689721e+02 1.481607238955140247e+02 1.511123113749394236e+02 1.543614741823105874e+02 1.578543247510418439e+02 1.615446279229191475e+02 1.653938857776407474e+02 1.693702414538421124e+02 1.734467355561116335e+02 1.775994174533293517e+02 1.818056734736130977e+02 1.860429504807426895e+02 1.902878881447075514e+02 1.945157665305834769e+02 1.987001404844083652e+02 2.028125590019863012e+02 2.068223332729096171e+02 2.106963944353316265e+02 2.143993470605255425e+02 2.178938591269586311e+02 2.211415236875994879e+02 2.241042799509536962e+02 2.267463988520594569e+02 2.290369344862097876e+02 2.309524369244317370e+02 2.324796338462609526e+02 2.336177349378086774e+02 2.343800046822920820e+02 2.347942890136115466e+02 2.349022653841579995e+02 2.347573052823570094e+02 2.344209818019903082e+02
7.865496834250549317e-04 1.381103193020941546e+02 1.387457803217409094e+02 1.399924870183113228e+02 1.418051165425776787e+02 1.441227822791558140e+02 1.468758612913234458e+02 1.499927900177718811e+02 1.534056858369970939e+02 1.570540762072641883e+02 1.608865414681067705e+02 1.648605439751439690e+02 1.689410121312356523e+02 1.730983332918069095e+02 1.773063150878437284e+02 1.815404753372233984e+02 1.857768009895884234e+02 1.899909423111263607e+02 1.941577129678383642e+02 1.982507513020217687e+02 2.022422429436998925e+02 2.061026810162790071e+02 2.098007193387343534e+02 2.133032338067247053e+02 2.165757327442426003e+02 2.195832415044765753e+02 2.222917309880785695e+02 2.246700729738179518e+02 2.266924029447802411e+02 2.283406730893588872e+02 2.296071036056814876e+02 2.304962037234344052e+02 2.310260415552659481e+02 2.312284924064054223e+02 2.311482808415501609e+02 2.308407423013603363e+02 2.303683554816061871e+02
5.208326457469299306e-04 1.365373989012955462e+02 1.372166760243475494e+02 1.385471766826029238e+02 1.404765365395630283e+02 1.429347202835319024e+02 1.458421220202359336e+02 1.491175157495538883e+02 1.526844997958503711e+02 1.564756348412322779e+02 1.604341270649443061e+02 1.645134553840042315e+02 1.686756567219040051e+02 1.728890374221424793e+02 1.771259297764323719e+02 1.813608620358603218e+02 1.855692593586986163e+02 1.897266109908565852e+02 1.938079521703138823e+02 1.977875089611452495e+02 2.016384116488401048e+02 2.053324637468408582e+02 2.088400301526520764e+02 2.121301592651068972e+02 2.151710684791928543e+02 2.179310969624164329e+02 2.203801680377038110e+02 2.224917169507473318e+02 2.242449449413709601e+02 2.256271763539185429e+02 2.266360388344958778e+02 2.272811679565477334e+02 2.275851589394967505e+02 2.275835439891996543e+02 2.273236545334201537e+02 2.268623235715486715e+02 2.262624877830245111e+02
1.061506977583670546e-05 1.352138933399784833e+02 1.359353766938507704e+02 1.373463368460524805e+02 1.393871520753151856e+02 1.419783494352092248e+02 1.450300214858939967e+02 1.484509884267449138e+02 1.521561299411280856e+02 1.560709944088464169e+02 1.601335701722262854e+02 1.642937328835487278e+02 1.685112213423021217e+02 1.727530239268108403e+02 1.769908608828989145e+02 1.811991511374045842e+02 1.853535723568393507e+02 1.894301318120199369e+02 1.934045840213585450e+02 1.972520411823042252e+02 2.009466875107844146e+02 2.044615909819358990e+02 2.077686763482650463e+02 2.108389637674585231e+02 2.136431801442266760e+02 2.161528158395661592e+02 2.183416350177827212e+02 2.201875665417335597e+02 2.216748205840484331e+02 2.227960107949821520e+02 2.235540257866636864e+02 2.239633924455524152e+02 2.240509047358253270e+02 2.238553469873797610e+02 2.234262104147141486e+02 2.228213786963468692e+02 2.221038405722119933e+02
7.959797615366401074e-04 1.341172755180874674e+02 1.348780762858575883e+02 1.363636749211304107e+02 1.385071182836140906e+02 1.412194162965904241e+02 1.444003112767069013e+02 1.479486952445190013e+02 1.517708731897731695e+02 1.557856789072728816e+02 1.599263520123629689e+02 1.641397984395222807e+02 1.683842233652671325e+02 1.726261364547383721e+02 1.768374897757623501e+02 1.809933689655289015e+02 1.850703493799627779e+02 1.890454265362941726e+02 1.928953500123419076e+02 1.965962059919853573e+02 2.001231622819186384e+02 2.034503694180600348e+02 2.065510731576816852e+02 2.093980219740770110e+02 2.119642444773505758e+02 2.142242306354490324e+02 2.161554876833480989e+02 2.177403707797619745e+02 2.189680250489286095e+02 2.198362327372746563e+02 2.203529444684792225e+02 2.205372873129518894e+02 2.204198783551873078e+02 2.200423212359012837e+02 2.194558167809882434e+02 2.187188743357733642e+02 2.178941706143520491e+02
6.663241685299370071e-05 1.332149979017763144e+02 1.340110675653609178e+02 1.355632578435015034e+02 1.377973910537079121e+02 1.406151360246582271e+02 1.439061469380036726e+02 1.475597538802085182e+02 1.514741716276120087e+02 1.555621261733604683e+02 1.597528262173709095e+02 1.639910075560265454e+02 1.682341771720269890e+02 1.724491801365795425e+02 1.766089331485727598e+02 1.806897866887931627e+02 1.846696390379782997e+02 1.885267091384039588e+02 1.922387930397214291e+02 1.957828468660545127e+02 1.991348078187072019e+02 2.022696390292536819e+02 2.051616352605341547e+02 2.077850424507659000e+02 2.101150257110569157e+02 2.121289764656895898e+02 2.138080929381020212e+02 2.151391132189717155e+02 2.161160391595303736e+02 2.167416704484605248e+02 2.170287733014689309e+02 2.170007326095614246e+02 2.166915713506406291e+02 2.161452577189206465e+02 2.154142542003683047e+02 2.145572958478336432e+02 2.136364252237890753e+02
1.729906051994496458e-04 1.324660251337206773e+02 1.332923829051862015e+02 1.349013561310860894e+02 1.372118443743553087e+02 1.401166185013914287e+02 1.434958181559054253e+02 1.472299008905751236e+02 1.512097766051398082e+02 1.553429177768183536e+02 1.595553899572767023e+02 1.637906364599742801e+02 1.680062846681312010e+02 1.721702253785743437e+02 1.762568990156466384e+02 1.802442987037196360e+02 1.841118302660852635e+02 1.878389366362908959e+02 1.914043066437906191e+02 1.947855050487697213e+02 1.979589260273222351e+02 2.009000387879851246e+02 2.035839338715699114e+02 2.059861835711695335e+02 2.080840051991791313e+02 2.098576741865641111e+02 2.112920896506657868e+02 2.123783607060981922e+02 2.131152656657955617e+02 2.135104407171824050e+02 2.135811758024455855e+02 2.133547247925300780e+02 2.128680649286453388e+02 2.121670603556999879e+02 2.113049964574626074e+02 2.103404631836232568e+02 2.093345891160431052e+02
1.150140003748908400e-04 1.318231112990428073e+02 1.326741340901909609e+02 1.343288969800948394e+02 1.366998655794938315e+02 1.396716057580360371e+02 1.431155969247859900e+02 1.469043898715533203e+02 1.509226134184386012e+02 1.550735138904172459e+02 1.592809911287541809e+02 1.634880729958518941e+02 1.676532391355843572e+02 1.717459772367960511e+02 1.757425996527806262e+02 1.796228820930594168e+02 1.833676837099763475e+02 1.869574567476170159e+02 1.903714581099783629e+02 1.935874875704516000e+02 1.965820365994723318e+02 1.993307889117291438e+02 2.018094428973286654e+02 2.039948227725076606e+02 2.058662192411004241e+02 2.074068669451855271e+02 2.086054393303319614e+02 2.094574312564083414e+02 2.099663086824803884e+02 2.101443293859555865e+02 2.100129702267268499e+02 2.096029241930820604e+02 2.089536456457189217e+02 2.081124220240085663e+02 2.071329401423714387e+02 2.060733077564519249e+02 2.049935022778779512e+02
9.284983614657486492e-04 1.312353740731013261e+02 1.321051034740741272e+02 1.337940813846685160e+02 1.362089927937865923e+02 1.392271057462550630e+02 1.427123249891273247e+02 1.465304744750405632e+02 1.505610923838468125e+02 1.547043230484820242e+02 1.588828931826917596e+02 1.630402250157468984e+02 1.671362420564290119e+02 1.711423839468855590e+02 1.750369536583437196e+02 1.788014114995792738e+02 1.824177943528198398e+02 1.858671666203347854e+02 1.891289022904263959e+02 1.921806022683226729e+02 1.949985020966338993e+02 1.975582726402770390e+02 1.998361367919368661e+02 2.018102184482862640e+02 2.034620189957047671e+02 2.047778976878810511e+02 2.057504280213591414e+02 2.063795174823012815e+02 2.066732099226321111e+02 2.066481292580973275e+02 2.063295581284656635e+02 2.057511646034747059e+02 2.049543879747713220e+02 2.039874731345624923e+02 2.029041126236765820e+02 2.017616330179982072e+02 2.006186659661905765e+02
2.331898860335473870e-04 1.306507585031192207e+02 1.315331916881544885e+02 1.332447958099250798e+02 1.356872638138708851e+02 1.387316437015366262e+02 1.422355258477833502e+02 1.460593347816789844e+02 1.500788027536231084e+02 1.541921204353998291e+02 1.583217819999159985e+02 1.624122901737645179e+02 1.664254219013983800e+02 1.703347032765225038e+02 1.741203111613914700e+02 1.777650671416317039e+02 1.812517185423373860e+02 1.845614062433764389e+02 1.876730977548371300e+02 1.905637584919392680e+02 1.932090757757129325e+02 1.955845892473126639e+02 1.976670974930786144e+02 1.994362068189126376e+02 2.008758792904398263e+02 2.019758388986316788e+02 2.027327157680844891e+02 2.031508481545652387e+02 2.032427119984764659e+02 2.030289948713148931e+02 2.025383619440725909e+02 2.018069668690422986e+02 2.008777383599088751e+02 1.997994309245779050e+02 1.986253808899984108e+02 1.974118763180336202e+02 1.962160502992610702e+02
7.633174337476930464e-04 1.300181445488092891e+02 1.309074944059356369e+02 1.326306263276163691e+02 1.350851340610465741e+02 1.381370487829680940e+02 1.416390242973151601e+02 1.454474948301144082e+02 1.494356959510532761e+02 1.535009688763612701e+02 1.575664024547487259e+02 1.615780928658001301e+02 1.654998644160027652e+02 1.693072285970941380e+02 1.729818889711547172e+02 1.765075043117251141e+02 1.798669153754033516e+02 1.830407203519067423e+02 1.860069459618597705e+02 1.887415437151539379e+02 1.912194735531694221e+02 1.934161714080165382e+02 1.953092150844490789e+02 1.968800095382347308e+02 1.981153230515330392e+02 1.990085326441116820e+02 1.995604839717356072e+02 1.997799316462197510e+02 1.996835871476518491e+02 1.992958480340920460e+02 1.986483016048574370e+02 1.977790828492555590e+02 1.967321235377545747e+02 1.955562686867687034e+02 1.943041770302673115e+02 1.930308846334185375e+02 1.917919132366848487e+02
7.449411691745792341e-04 1.292890615000671062e+02 1.301799876784891410e+02 1.319044852662545679e+02 1.343570141304143135e+02 1.373998713712075528e+02 1.408822120602558812e+02 1.446579056665332246e+02 1.485989566449380277e+02 1.526028512671209114e+02 1.565939297638343533e+02 1.605201782093514566e+02 1.643474214275367729e+02 1.680528157302564978e+02 1.716190318957702630e+02 1.750298799580365596e+02 1.782675830311247296e+02 1.813115598098703174e+02 1.841384187924160472e+02 1.867228377425788892e+02 1.890390282987747526e+02 1.910625205984239585e+02 1.927720300087243857e+02 1.941511931005103406e+02 1.951899955979800154e+02 1.958857691512610586e+02 1.962437042277758223e+02 1.962769017259992950e+02 1.960060499794711859e+02 1.954588515943123639e+02 1.946693267379885413e+02 1.936770852155128750e+02 1.925265971403540561e+02 1.912664171593963829e+02 1.899482506089785545e+02 1.886257124718623857e+02 1.873526374874114993e+02
3.338090559643221134e-04 1.284191445106468734e+02 1.293069650625410816e+02 1.310240075876538981e+02 1.334626006181803177e+02 1.364826193429570651e+02 1.399311564739636538e+02 1.436608905236254827e+02 1.475437476411620992e+02 1.514781803812790884e+02 1.553902148691942102e+02 1.592297729766567898e+02 1.629643804078632172e+02 1.665722703901407158e+02 1.700363450324053360e+02 1.733397738212452168e+02 1.764634264736022260e+02 1.793849615674518247e+02 1.820792170567104904e+02 1.845195090390486428e+02 1.866794698875377208e+02 1.885350996301522741e+02 1.900667492104961411e+02 1.912608047224760242e+02 1.921109062705199619e+02 1.926186157895535587e+02 1.927935370090856679e+02 1.926529725243378266e+02 1.922212609263835645e+02 1.915289586676414331e+02 1.906120122610824410e+02 1.895110110918055852e+02 1.882705322667856365e+02 1.869385049974701758e+02 1.855654538279104884e+02 1.842034467540005664e+02 1.829045891541378808e+02
5.009433488312518661e-04 1.273695417750434729e+02 1.282504320451897399e+02 1.299529157364520131e+02 1.323681873627051004e+02 1.353549829807449498e+02 1.387596982267207579e+02 1.424350690511648736e+02 1.462539131553445202e+02 1.501162381475428447e+02 1.539499270537417885e+02 1.577066147668778626e+02 1.613549834578080038e+02 1.648735821937133323e+02 1.682446890112402968e+02 1.714500080298380738e+02 1.744683745787554585e+02 1.772752379449997875e+02 1.798434991164581049e+02 1.821452349470347372e+02 1.841538697206645736e+02 1.858464136799161963e+02 1.872054580390754666e+02 1.882206970264282404e+02 1.888898419713383134e+02 1.892188959668536654e+02 1.892218574103736728e+02 1.889199998120841144e+02 1.883409188037929596e+02 1.875175374453302766e+02 1.864872189990891798e+02 1.852910621245611082e+02 1.839733629623516151e+02 1.825811411476909711e+02 1.811635619202596104e+02 1.797710606711919752e+02 1.784539997114295033e+02
6.506472705330868921e-04 1.261084359472631320e+02 1.269796094575112164e+02 1.286624817759976906e+02 1.310480539410434631e+02 1.339951071037096710e+02 1.373505558121645720e+02 1.409682388713794410e+02 1.447225851302524688e+02 1.485154650037478916e+02 1.522765024964192548e+02 1.559585592822018612e+02 1.595307187135549896e+02 1.629709504054065405e+02 1.662600102592188591e+02 1.693773640421479740e+02 1.722992679463873174e+02 1.749987113354262362e+02 1.774467217045547329e+02 1.796144855903481812e+02 1.814757810231142230e+02 1.830092993210271857e+02 1.842005352635737268e+02 1.850430387197157245e+02 1.855389430061642599e+02 1.856988051698481570e+02 1.855408951020507686e+02 1.850901376885452976e+02 1.843769344207192944e+02 1.834360663488004661e+02 1.823058163414909245e+02 1.810273594901515537e+02 1.796443739264049668e+02 1.782027387972368615e+02 1.767501285601165648e+02 1.753352963461387901e+02 1.740068712055864069e+02
2.119093354088733439e-04 1.246127044786454832e+02 1.254725556894121041e+02 1.271330691094337482e+02 1.294858776808013374e+02 1.323908175619127405e+02 1.356963076305780476e+02 1.392580576965489456e+02 1.429525210470242200e+02 1.466834283121430360e+02 1.503817436489410113e+02 1.540008394771346047e+02 1.575092954455907375e+02 1.608835532125090140e+02 1.641019958576159183e+02 1.671412166388945479e+02 1.699745564100664126e+02 1.725725408370947207e+02 1.749046363105142916e+02 1.769417038802067736e+02 1.786585922805277562e+02 1.800364234606041407e+02 1.810642601721854419e+02 1.817399915593787227e+02 1.820704175081247342e+02 1.820706404577039734e+02 1.817629676056076846e+02 1.811755739449122871e+02 1.803411728061148267e+02 1.792958907581456458e+02 1.780784608671759202e+02 1.767297495366222506e+02 1.752925352140699999e+02 1.738113783101688341e+02 1.723323741581779700e+02 1.709025745684389790e+02 1.695689033416336713e+02
7.446033872363642166e-04 1.228695649638241605e+02 1.237177433335544947e+02 1.253555710569836492e+02 1.276759648213793383e+02 1.305405785462443475e+02 1.338000171559730802e+02 1.373122930340643393e+02 1.409559568550141364e+02 1.446362847537420464e+02 1.482849273913741399e+02 1.518548842631700779e+02 1.553132607220793204e+02 1.586340628543744344e+02 1.617925889946281472e+02 1.647621408853738956e+02 1.675130678035157814e+02 1.700136955770967688e+02 1.722324802629755993e+02 1.741407007716404962e+02 1.757150929872435654e+02 1.769399748114229283e+02 1.778085832753812952e+02 1.783235199286972943e+02 1.784963607230533000e+02 1.783466132522049747e+02 1.779002821518574819e+02 1.771883251099716858e+02 1.762452500965972604e+02 1.751080312121738416e+02 1.738154234749837883e+02 1.724076542784789581e+02 1.709263772170605762e+02 1.694147051924717005e+02 1.679171037275422975e+02 1.664789289050944490e+02 1.651454403533687412e+02
