BlockUplift_2Ma_1kryTimeStep_2mmyr_k_0.0001_m_0.5_n_1.0_LinDiffusion_0.5_6x3km_30mRes_topographic__steepest_slope.txt
nrows 100
cellsize 30.0
xllcorner 0.0
ncols 200
yllcorner 0.0
[rows 17 to 33 of 100, columns 37 to 73 of 200]
7.991146670973135746e-02 7.489129021253689011e-02 7.726737061274017992e-02 7.876628389797701857e-02 7.954614065625852104e-02 9.474639835031806179e-02 1.103681580519678546e-01 1.246595024864073087e-01 1.374967069939997955e-01 1.488511362591896647e-01 1.587296176622462751e-01 1.670414776268931423e-01 1.734355025419005991e-01 1.771778410027343431e-01 1.796133113974415496e-01 1.746705086177352539e-01 1.605323213831940377e-01 1.421268669262702733e-01 1.171773376275748735e-01 8.725561253220227853e-02 9.127909760128252725e-02 1.295450255303296216e-01 1.628905046940269663e-01 1.893260762536928266e-01 2.079599677049646655e-01 2.188403968237242203e-01 2.225880331850544624e-01 2.199704684137708255e-01 2.115812606610230906e-01 1.977411578040343121e-01 1.786466922324044526e-01 1.546842289899787726e-01 1.267519322480988031e-01 1.196207673847860947e-01 1.221794771464724677e-01 1.254968401751549723e-01 1.428705073706439121e-01
7.373407200094267422e-02 6.290519270116400052e-02 6.549736180280092690e-02 6.716740061712679621e-02 6.924898270114966670e-02 8.637207525096600447e-02 1.020746974096856524e-01 1.161780305860719148e-01 1.286387058285244633e-01 1.395157481896635854e-01 1.488773609404880349e-01 1.605085042961822694e-01 1.718621272914769293e-01 1.796574451760079572e-01 1.819476713588481231e-01 1.764423498047885119e-01 1.610463922556202021e-01 1.345439026257357340e-01 1.021714933343838561e-01 7.110888206730853200e-02 8.163665807027317700e-02 1.199218359459631317e-01 1.528716110623025148e-01 1.786352080450392954e-01 1.965322296118828804e-01 2.068400913403165287e-01 2.103701588581480819e-01 2.080022443201692828e-01 2.003463354730393164e-01 1.876479080974520486e-01 1.699600657085694744e-01 1.474974559259540074e-01 1.210032717788184636e-01 1.098230534321553847e-01 1.132840147487409327e-01 1.173032109676408197e-01 1.343405783310798463e-01
6.858559965100660683e-02 5.299115189267622483e-02 5.473946523149398474e-02 5.640188171006741552e-02 6.103574096115881725e-02 7.855324307242650406e-02 9.443503563536446987e-02 1.085210794959088343e-01 1.208199414568670998e-01 1.336650909751350980e-01 1.495022080368282047e-01 1.635785962402091231e-01 1.751375229166939052e-01 1.827846290171455113e-01 1.845544379742544150e-01 1.781941863079898325e-01 1.616750578889290524e-01 1.338537030245599280e-01 9.509153445632895219e-02 5.667954518813740628e-02 7.218223248437877215e-02 1.100103769171408563e-01 1.455137129710522004e-01 1.750903401799613901e-01 1.939208064894074879e-01 2.028396034052718788e-01 2.032686644963215827e-01 1.965148002402022087e-01 1.887602361153831731e-01 1.773137455193183054e-01 1.611091066271950756e-01 1.401905942651028858e-01 1.151379087601278745e-01 9.873477148421917760e-02 1.032356260009701515e-01 1.079379279333892300e-01 1.246295333965811991e-01
6.458576152812185722e-02 4.819529900431748781e-02 4.533207125517246111e-02 4.681401539579042176e-02 5.372951127088004819e-02 7.168271899596667662e-02 8.788432742742147141e-02 1.021763028359050779e-01 1.186421801894586708e-01 1.367112841018069957e-01 1.531016559246713427e-01 1.674710155935050238e-01 1.789705057133725574e-01 1.861772834639509600e-01 1.871682683332077657e-01 1.797829697550554218e-01 1.621001004456199268e-01 1.330698005417180751e-01 9.312233783626690242e-02 4.530854913241807308e-02 6.410666348358382005e-02 1.110122413706354366e-01 1.511651284230007830e-01 1.807249021231920605e-01 1.993003349362519883e-01 2.077964997555615811e-01 2.077263677737306580e-01 2.004996860872050035e-01 1.869269011395971458e-01 1.679248492835278272e-01 1.530341986337790949e-01 1.334424826736608227e-01 1.095700126152718140e-01 8.668413528287335912e-02 9.212303453186526658e-02 9.732351378572445810e-02 1.138095591177188393e-01
6.173297663395915097e-02 4.442485002703997626e-02 3.756202877666321022e-02 3.873275588953219856e-02 4.764559804169173768e-02 6.607339366802061909e-02 8.273491975137252374e-02 1.010920748086978904e-01 1.216462410470692673e-01 1.403884436188538587e-01 1.572158505709012333e-01 1.716923716672776323e-01 1.829197154047325913e-01 1.894926740880890637e-01 1.895707478437155258e-01 1.811169075426382336e-01 1.623394302296039260e-01 1.322925629662373981e-01 9.146788652186993440e-02 4.212083759702712343e-02 6.575961869344458532e-02 1.147747501952721960e-01 1.552353342028832683e-01 1.850691377658762460e-01 2.038930863826266260e-01 2.126043934716894401e-01 2.127021962038033454e-01 2.055930692248324476e-01 1.921046461935266847e-01 1.723581121023859963e-01 1.465628319515537847e-01 1.278691821134314566e-01 1.047050249574674186e-01 7.812520612452591995e-02 8.034411212457635842e-02 8.571014874744188605e-02 1.022560100430189162e-01
5.988905291900877004e-02 4.162991277430965614e-02 3.156160826240845402e-02 3.235302594799899928e-02 4.295238527408813678e-02 6.186422450023887354e-02 8.027729484766060741e-02 1.035630231895472292e-01 1.248929528086307472e-01 1.442227151536475960e-01 1.613590673461724745e-01 1.757990879025622122e-01 1.866270576194684339e-01 1.924814573022189390e-01 1.916205442697588579e-01 1.821401407364552083e-01 1.623858833036545546e-01 1.315234471310664788e-01 9.010650698718146445e-02 4.039286179082637179e-02 6.779413828083230564e-02 1.169462490931247600e-01 1.576598172928176667e-01 1.879147210811282775e-01 2.073245177022092489e-01 2.167296909864783461e-01 2.175414357102454233e-01 2.110800000753935424e-01 1.981142175655349891e-01 1.787387802641328960e-01 1.526315202435625795e-01 1.238251798550619454e-01 1.008057344648634890e-01 7.402189595663978550e-02 6.850111732802494080e-02 7.363771389505681386e-02 9.059087711425116429e-02
5.879078082747459660e-02 3.964474012027748712e-02 2.723691683492669713e-02 2.764329942013622060e-02 3.961231525037819945e-02 5.897241023495104068e-02 8.191144315582524205e-02 1.059909534292576977e-01 1.280040707998996996e-01 1.478198444714195203e-01 1.651661915372585610e-01 1.794913683761895640e-01 1.898767445403905241e-01 1.950092231485806848e-01 1.932419626028452908e-01 1.827985950494867839e-01 1.621641128895390804e-01 1.306273600121168610e-01 8.881941128438862465e-02 3.900649990306419290e-02 6.884007614182034718e-02 1.178458841457844103e-01 1.586305555125941680e-01 1.892648416545057444e-01 2.093709188400661447e-01 2.197167418833013697e-01 2.215870809237458217e-01 2.161624828777291840e-01 2.040933559264705710e-01 1.853909496452340877e-01 1.596771171359828712e-01 1.267206592839528467e-01 9.796007489590942419e-02 7.044413904092343415e-02 5.727880307419184330e-02 6.183163511951950825e-02 7.954964248192265830e-02
5.824956974161447226e-02 3.819816092552518610e-02 2.426172822798567524e-02 2.432299583286029118e-02 3.738446349961620924e-02 5.711145786511003658e-02 8.338865594743841148e-02 1.081299624140096144e-01 1.307176072569120606e-01 1.509357310814863351e-01 1.684386907992158344e-01 1.826297972947941162e-01 1.925842635917471568e-01 1.970254608246098937e-01 1.943855483826941455e-01 1.830054818876040712e-01 1.615135275596988607e-01 1.293428577313534278e-01 8.723369458576447910e-02 3.748865245533276186e-02 6.944317565036992046e-02 1.179561669462259460e-01 1.584933950069436492e-01 1.892661276195307662e-01 2.099399118231010108e-01 2.212249921510798800e-01 2.242739389088029556e-01 2.201026335105315812e-01 2.092018110494061889e-01 1.914471153357273636e-01 1.663498342376830974e-01 1.335892020887314291e-01 9.615527637989509935e-02 6.752682789761084436e-02 4.736062136551026647e-02 5.107829159976422922e-02 6.983675560061371190e-02
5.890758986754273535e-02 3.695680678535905733e-02 2.214392927564006255e-02 2.192284026229174287e-02 3.588887788635116566e-02 5.743538854950808875e-02 8.458574945944122292e-02 1.098477356967170748e-01 1.329119988598383428e-01 1.534771325138658826e-01 1.711200247521494078e-01 1.851897720068166053e-01 1.947392550871721029e-01 1.985071228947485056e-01 1.949847693729623299e-01 1.826214975871806590e-01 1.601989137661329610e-01 1.273258425597286192e-01 8.489724905656241549e-02 3.820162579918349316e-02 7.020193325382137473e-02 1.178148221272370677e-01 1.576614983331504904e-01 1.881529246246032017e-01 2.090516394940967471e-01 2.210498003445224013e-01 2.251883400612437469e-01 2.223169805551426237e-01 2.127424273513194575e-01 1.961604841694982726e-01 1.719159498703476119e-01 1.395438116784996907e-01 9.940842388483588088e-02 6.543749792703135171e-02 3.939837058644286849e-02 4.212653123756714135e-02 6.203524292942314000e-02
5.890181111585850865e-02 3.559208016482919706e-02 2.034245294856968159e-02 1.990556577406721317e-02 3.470836100852130179e-02 5.799746277496069247e-02 8.546645245858049134e-02 1.111208258082352074e-01 1.345811821939993935e-01 1.554562568762586638e-01 1.732344819123037838e-01 1.871935039552018454e-01 1.963417336577549521e-01 1.994097791501379391e-01 1.949303812274564562e-01 1.814570203785763058e-01 1.579410724273856148e-01 1.242054837583699139e-01 8.135360994686682834e-02 4.153320344444937084e-02 7.813860550586290699e-02 1.179569878298896840e-01 1.565795956947719503e-01 1.862343161366122046e-01 2.068462387385854584e-01 2.191465125263543368e-01 2.241048915703563182e-01 2.224226237837096110e-01 2.142138818970048819e-01 1.989611709102878934e-01 1.757918967087514772e-01 1.440418242990053332e-01 1.039308493037272713e-01 6.438365353862907092e-02 3.400392890354548420e-02 3.563337361151563271e-02 5.659232094925820133e-02
5.837215772433902716e-02 3.385328920026699911e-02 1.839672936363285702e-02 1.780366184194785359e-02 3.349313068852512176e-02 5.842372945969506043e-02 8.606593092591006966e-02 1.120034689879200046e-01 1.357889141561836877e-01 1.569350444109232912e-01 1.748286138085679287e-01 1.886570750712536493e-01 1.973626699246059102e-01 1.996474704312409532e-01 1.940722403366966775e-01 1.792953725046516067e-01 1.544582540023460016e-01 1.196384753858003164e-01 7.620233981304143367e-02 5.205598871160915797e-02 9.035586564811587396e-02 1.233628143664813187e-01 1.557244965218207711e-01 1.839106356251865859e-01 2.036108931687721224e-01 2.156613977428691042e-01 2.210151698863218883e-01 2.202593704214052539e-01 2.133241455492196903e-01 1.994605369710124310e-01 1.775396511909264063e-01 1.466504620630672551e-01 1.068269339905507792e-01 6.455851886308378029e-02 3.170959477302991159e-02 3.213244761159330526e-02 5.384461298662374801e-02
5.747832754052903392e-02 3.163022587536515329e-02 1.603572528185092522e-02 1.533531929999962067e-02 3.204204661206169064e-02 5.876061105171383192e-02 8.646487087653630110e-02 1.125921883055165523e-01 1.366284492829976105e-01 1.579857857542502075e-01 1.759388725512707197e-01 1.895701627392630539e-01 1.977389283221820393e-01 1.991036528858302346e-01 1.922448785226843482e-01 1.759300215368199416e-01 1.495110534767680466e-01 1.133574345904880404e-01 7.417664390989937850e-02 6.582841904637634634e-02 1.043229364804162673e-01 1.369457476317007538e-01 1.620960897032567294e-01 1.816772234811935560e-01 1.997925465073042972e-01 2.109499468330123251e-01 2.161472887282618049e-01 2.159061776649195963e-01 2.100001998342956311e-01 1.974519104158815597e-01 1.768575447446750215e-01 1.470278056133357270e-01 1.077774335141327838e-01 6.603963098032168688e-02 3.286139153309666772e-02 3.198200189592530912e-02 5.401573731146980945e-02
5.638120355997860295e-02 2.899720761148030790e-02 1.325284575993634917e-02 1.248173296968862686e-02 3.044367194147146877e-02 5.907763612691212252e-02 8.676708995813935121e-02 1.130010854739888770e-01 1.372006495348595534e-01 1.586768193746669053e-01 1.765882849564017476e-01 1.899051217571013639e-01 1.973942196605207866e-01 1.976619689913386990e-01 1.893052027699297923e-01 1.712061660549380748e-01 1.429452819211851078e-01 1.052133917261490609e-01 7.227168053361605893e-02 8.065080837496985122e-02 1.192946441513177691e-01 1.514696462401980970e-01 1.757554480725123658e-01 1.919750043814894280e-01 2.009123316447131158e-01 2.055533965536890662e-01 2.099572351356196465e-01 2.096865331972357638e-01 2.044044142044829926e-01 1.929336442326520795e-01 1.736055601589356345e-01 1.449466541990327983e-01 1.065351995696242199e-01 6.868629483035358640e-02 3.745878308794298867e-02 3.526509229440553950e-02 5.714017206077636607e-02
5.523155456348737002e-02 2.675762615837697783e-02 1.034976719474135082e-02 9.529045414889006707e-03 3.098579789594187520e-02 5.945756769322466800e-02 8.708778199804215192e-02 1.133522139119643585e-01 1.376103746393511074e-01 1.590776968958995952e-01 1.768014299920319388e-01 1.896410827287941803e-01 1.962703751883481118e-01 1.952421774229198548e-01 1.851706011408538188e-01 1.650590222787637062e-01 1.347292751210725781e-01 9.521217937544576571e-02 6.815720983706008429e-02 9.568296612601658035e-02 1.343135462632510102e-01 1.658946309026445298e-01 1.892048160150580915e-01 2.042652104891180265e-01 2.120133476197732791e-01 2.138277906905940995e-01 2.110518709432493423e-01 2.046092574447680723e-01 1.969392357221484702e-01 1.861424197004197256e-01 1.678612889904987637e-01 1.403652932439077572e-01 1.078288259087894913e-01 7.208886223811145078e-02 4.500588959829201346e-02 4.166137432614315517e-02 6.292869004674628286e-02
5.416162127003568832e-02 2.578657976030740429e-02 7.952146897258672090e-03 7.698443007490859621e-03 3.164794918988604600e-02 5.999493491816186574e-02 8.755242404440176374e-02 1.137773806192740322e-01 1.379733014798574797e-01 1.592721703817772949e-01 1.766235946708832327e-01 1.887883578496854509e-01 1.943556092714553984e-01 1.918308073618523735e-01 1.798506595678266706e-01 1.575454784420704246e-01 1.249847013279207913e-01 8.621103921673443915e-02 6.637354781084241206e-02 1.099482109427446924e-01 1.482641282452369091e-01 1.790022026779500564e-01 2.011566505968781227e-01 2.149500073333948380e-01 2.214660131300211499e-01 2.221631388816241726e-01 2.184094278755196461e-01 2.111180754040191399e-01 2.005248943318092281e-01 1.861557962396676036e-01 1.670476625280837568e-01 1.422431617763827427e-01 1.114502902947460405e-01 7.560312679522714074e-02 5.446027997506443230e-02 5.035669703368720468e-02 7.065125429759276654e-02
5.327505264346635988e-02 2.489978706409961759e-02 6.982682236377020860e-03 7.629688876426497270e-03 3.249224129593054899e-02 6.080081306833638732e-02 8.830138451976855818e-02 1.144236274601164866e-01 1.384231771279331724e-01 1.593678138727398219e-01 1.761330791305984744e-01 1.874035874392546985e-01 1.917025889766733882e-01 1.875020786061545042e-01 1.734704856600558232e-01 1.488688038776075362e-01 1.140111245307366544e-01 7.812606570171283515e-02 7.896848551393410853e-02 1.224229854690307290e-01 1.599858582438873356e-01 1.895341567519324977e-01 2.102895749518180479e-01 2.226720789283248569e-01 2.278968800294627339e-01 2.274827919179819857e-01 2.228039015275228574e-01 2.147509826291302826e-01 2.035344442232693285e-01 1.886727852236568803e-01 1.692279838464110509e-01 1.443056322222312782e-01 1.137070422174018408e-01 7.846824367183076465e-02 6.433882366777936290e-02 6.006835819669049947e-02 7.913034607174604385e-02
5.263193729531583792e-02 2.411500318280654018e-02 8.559130265217618563e-03 9.423112084599793298e-03 3.360864074271508600e-02 6.200817629905467504e-02 8.949249732108910393e-02 1.154535231857048844e-01 1.391106470010441964e-01 1.594945394256967464e-01 1.754408229597847479e-01 1.855919715763292288e-01 1.884344908819059472e-01 1.824282971244334250e-01 1.662848797722205063e-01 1.393948167473865740e-01 1.023013920754200085e-01 6.903968420232226011e-02 8.948186229134356962e-02 1.321663280062826407e-01 1.684347192901455292e-01 1.963861056803409000e-01 2.154728041577570474e-01 2.262977577727752487e-01 2.301832710936937421e-01 2.286818515475371183e-01 2.231514936223995271e-01 2.144491270888640999e-01 2.027644203851124705e-01 1.876316550306522668e-01 1.681755688625355127e-01 1.436036503871618297e-01 1.138303442181844705e-01 7.997414113168326011e-02 7.297727152802148398e-02 6.922606049348777046e-02 8.689567361016577174e-02
