BlockUplift_2Ma_1kryTimeStep_2mmyr_k_5e-05_m_0.5_n_1.0_LinDiffusion_0.25_3x6km_30mRes_flow__link_to_receiver_node.txt
nrows 200
cellsize 30.0
xllcorner 0.0
ncols 100
yllcorner 0.0
[rows 17 to 33 of 200, columns 0 to 36 of 100]
-1.000000000000000000e+00 7.554100000000000000e+04 3.622000000000000000e+04 3.622100000000000000e+04 3.622200000000000000e+04 3.622300000000000000e+04 3.622400000000000000e+04 3.622500000000000000e+04 3.622600000000000000e+04 3.622700000000000000e+04 7.555900000000000000e+04 7.556100000000000000e+04 7.556300000000000000e+04 7.556500000000000000e+04 3.613200000000000000e+04 3.613300000000000000e+04 3.613400000000000000e+04 7.557000000000000000e+04 7.557200000000000000e+04 7.557400000000000000e+04 7.557600000000000000e+04 7.557800000000000000e+04 7.558000000000000000e+04 7.558200000000000000e+04 3.614200000000000000e+04 7.558900000000000000e+04 7.559100000000000000e+04 7.559300000000000000e+04 3.624600000000000000e+04 3.624700000000000000e+04 3.624800000000000000e+04 3.624900000000000000e+04 3.625000000000000000e+04 3.625100000000000000e+04 3.625200000000000000e+04 3.625300000000000000e+04 7.561100000000000000e+04
-1.000000000000000000e+00 3.602000000000000000e+04 3.602100000000000000e+04 3.602200000000000000e+04 3.602300000000000000e+04 3.602400000000000000e+04 3.602500000000000000e+04 3.602600000000000000e+04 3.602700000000000000e+04 3.602800000000000000e+04 3.602900000000000000e+04 7.536300000000000000e+04 7.536500000000000000e+04 7.536700000000000000e+04 3.593300000000000000e+04 3.593400000000000000e+04 3.593500000000000000e+04 7.537200000000000000e+04 7.537400000000000000e+04 7.537600000000000000e+04 7.537800000000000000e+04 7.538000000000000000e+04 7.538200000000000000e+04 7.538400000000000000e+04 3.594300000000000000e+04 3.594400000000000000e+04 7.539300000000000000e+04 7.539500000000000000e+04 7.539700000000000000e+04 3.604800000000000000e+04 3.604900000000000000e+04 3.605000000000000000e+04 3.605100000000000000e+04 3.605200000000000000e+04 3.605300000000000000e+04 3.605400000000000000e+04 3.605500000000000000e+04
-1.000000000000000000e+00 3.582100000000000000e+04 3.582200000000000000e+04 3.582300000000000000e+04 3.582400000000000000e+04 3.582500000000000000e+04 3.582600000000000000e+04 3.582700000000000000e+04 3.582800000000000000e+04 3.582900000000000000e+04 3.583000000000000000e+04 3.583100000000000000e+04 7.516700000000000000e+04 7.516900000000000000e+04 7.517100000000000000e+04 3.573500000000000000e+04 3.573600000000000000e+04 7.517400000000000000e+04 7.517600000000000000e+04 7.517800000000000000e+04 7.518000000000000000e+04 7.518200000000000000e+04 7.518400000000000000e+04 7.518600000000000000e+04 3.574400000000000000e+04 3.574500000000000000e+04 7.519500000000000000e+04 7.519700000000000000e+04 7.519900000000000000e+04 7.520100000000000000e+04 3.585000000000000000e+04 3.585100000000000000e+04 3.585200000000000000e+04 3.585300000000000000e+04 3.585400000000000000e+04 3.585500000000000000e+04 3.585600000000000000e+04
-1.000000000000000000e+00 3.562200000000000000e+04 3.562300000000000000e+04 3.562400000000000000e+04 3.562500000000000000e+04 3.562600000000000000e+04 3.562700000000000000e+04 3.562800000000000000e+04 3.562900000000000000e+04 3.563000000000000000e+04 3.563100000000000000e+04 3.563200000000000000e+04 3.563300000000000000e+04 7.497100000000000000e+04 7.497300000000000000e+04 3.553600000000000000e+04 3.553700000000000000e+04 7.497600000000000000e+04 7.497800000000000000e+04 7.498000000000000000e+04 7.498200000000000000e+04 7.498400000000000000e+04 7.498600000000000000e+04 3.554400000000000000e+04 3.554500000000000000e+04 3.554600000000000000e+04 3.554700000000000000e+04 7.499900000000000000e+04 7.500100000000000000e+04 7.500300000000000000e+04 7.500500000000000000e+04 3.565200000000000000e+04 3.565300000000000000e+04 3.565400000000000000e+04 3.565500000000000000e+04 3.565600000000000000e+04 3.565700000000000000e+04
-1.000000000000000000e+00 3.542300000000000000e+04 3.542400000000000000e+04 3.542500000000000000e+04 3.542600000000000000e+04 3.542700000000000000e+04 3.542800000000000000e+04 3.542900000000000000e+04 3.543000000000000000e+04 3.543100000000000000e+04 3.543200000000000000e+04 3.543300000000000000e+04 3.543400000000000000e+04 3.543500000000000000e+04 7.477500000000000000e+04 3.533700000000000000e+04 3.533800000000000000e+04 7.477800000000000000e+04 7.478000000000000000e+04 7.478200000000000000e+04 7.478400000000000000e+04 7.478600000000000000e+04 7.478800000000000000e+04 3.534500000000000000e+04 3.534600000000000000e+04 3.534700000000000000e+04 3.534800000000000000e+04 7.480100000000000000e+04 7.480300000000000000e+04 7.480500000000000000e+04 7.480700000000000000e+04 7.480900000000000000e+04 7.481100000000000000e+04 7.481300000000000000e+04 3.545600000000000000e+04 3.545700000000000000e+04 3.545800000000000000e+04
-1.000000000000000000e+00 3.522400000000000000e+04 3.522500000000000000e+04 3.522600000000000000e+04 3.522700000000000000e+04 3.522800000000000000e+04 3.522900000000000000e+04 3.523000000000000000e+04 3.523100000000000000e+04 3.523200000000000000e+04 3.523300000000000000e+04 3.523400000000000000e+04 3.523500000000000000e+04 3.523600000000000000e+04 7.457700000000000000e+04 7.457900000000000000e+04 3.513900000000000000e+04 3.514000000000000000e+04 7.458200000000000000e+04 7.458400000000000000e+04 7.458600000000000000e+04 7.458800000000000000e+04 7.459000000000000000e+04 3.514600000000000000e+04 3.514700000000000000e+04 3.514800000000000000e+04 3.514900000000000000e+04 3.515000000000000000e+04 7.460500000000000000e+04 7.460700000000000000e+04 7.460900000000000000e+04 7.461100000000000000e+04 7.461300000000000000e+04 7.461500000000000000e+04 7.461700000000000000e+04 7.461900000000000000e+04 7.462100000000000000e+04
-1.000000000000000000e+00 3.502500000000000000e+04 3.502600000000000000e+04 3.502700000000000000e+04 3.502800000000000000e+04 3.502900000000000000e+04 3.503000000000000000e+04 3.503100000000000000e+04 3.503200000000000000e+04 3.503300000000000000e+04 3.503400000000000000e+04 3.503500000000000000e+04 3.503600000000000000e+04 3.503700000000000000e+04 3.503800000000000000e+04 7.438100000000000000e+04 3.494000000000000000e+04 3.494100000000000000e+04 7.438400000000000000e+04 7.438600000000000000e+04 7.438800000000000000e+04 7.439000000000000000e+04 3.494600000000000000e+04 3.494700000000000000e+04 3.494800000000000000e+04 3.494900000000000000e+04 3.495000000000000000e+04 3.495100000000000000e+04 7.440700000000000000e+04 7.440900000000000000e+04 7.441100000000000000e+04 7.441300000000000000e+04 7.441500000000000000e+04 7.441700000000000000e+04 7.441900000000000000e+04 7.442100000000000000e+04 7.442300000000000000e+04
-1.000000000000000000e+00 3.482600000000000000e+04 3.482700000000000000e+04 3.482800000000000000e+04 3.482900000000000000e+04 3.483000000000000000e+04 3.483100000000000000e+04 3.483200000000000000e+04 3.483300000000000000e+04 3.483400000000000000e+04 3.483500000000000000e+04 3.483600000000000000e+04 3.483700000000000000e+04 3.483800000000000000e+04 3.483900000000000000e+04 7.418300000000000000e+04 7.418500000000000000e+04 3.474200000000000000e+04 3.474300000000000000e+04 7.418800000000000000e+04 7.419000000000000000e+04 3.474600000000000000e+04 3.474700000000000000e+04 3.474800000000000000e+04 3.474900000000000000e+04 3.475000000000000000e+04 3.475100000000000000e+04 3.475200000000000000e+04 3.475300000000000000e+04 7.421100000000000000e+04 7.421300000000000000e+04 7.421500000000000000e+04 7.421700000000000000e+04 7.421900000000000000e+04 7.422100000000000000e+04 7.422300000000000000e+04 7.422500000000000000e+04
-1.000000000000000000e+00 3.462700000000000000e+04 3.462800000000000000e+04 3.462900000000000000e+04 3.463000000000000000e+04 3.463100000000000000e+04 3.463200000000000000e+04 3.463300000000000000e+04 3.463400000000000000e+04 3.463500000000000000e+04 3.463600000000000000e+04 3.463700000000000000e+04 3.463800000000000000e+04 3.463900000000000000e+04 3.464000000000000000e+04 7.398500000000000000e+04 7.398700000000000000e+04 3.454300000000000000e+04 3.454400000000000000e+04 3.454500000000000000e+04 3.454600000000000000e+04 3.454700000000000000e+04 3.454800000000000000e+04 3.454900000000000000e+04 3.455000000000000000e+04 3.455100000000000000e+04 3.455200000000000000e+04 3.455300000000000000e+04 3.455400000000000000e+04 7.401300000000000000e+04 7.401500000000000000e+04 7.401700000000000000e+04 7.401900000000000000e+04 7.402100000000000000e+04 7.402300000000000000e+04 7.402500000000000000e+04 3.456200000000000000e+04
-1.000000000000000000e+00 3.442800000000000000e+04 3.442900000000000000e+04 3.443000000000000000e+04 3.443100000000000000e+04 3.443200000000000000e+04 3.443300000000000000e+04 3.443400000000000000e+04 3.443500000000000000e+04 3.443600000000000000e+04 3.443700000000000000e+04 3.443800000000000000e+04 3.443900000000000000e+04 3.444000000000000000e+04 3.444100000000000000e+04 3.444200000000000000e+04 7.378900000000000000e+04 7.379100000000000000e+04 3.434500000000000000e+04 3.434600000000000000e+04 3.434700000000000000e+04 3.434800000000000000e+04 3.434900000000000000e+04 3.435000000000000000e+04 3.435100000000000000e+04 3.435200000000000000e+04 3.435300000000000000e+04 3.435400000000000000e+04 3.435500000000000000e+04 7.381500000000000000e+04 7.381700000000000000e+04 7.381900000000000000e+04 7.382100000000000000e+04 7.382300000000000000e+04 7.382500000000000000e+04 7.382700000000000000e+04 3.436300000000000000e+04
-1.000000000000000000e+00 3.422900000000000000e+04 3.423000000000000000e+04 3.423100000000000000e+04 3.423200000000000000e+04 3.423300000000000000e+04 3.423400000000000000e+04 3.423500000000000000e+04 3.423600000000000000e+04 3.423700000000000000e+04 3.423800000000000000e+04 3.423900000000000000e+04 3.424000000000000000e+04 3.424100000000000000e+04 3.424200000000000000e+04 3.424300000000000000e+04 3.424400000000000000e+04 7.359300000000000000e+04 7.359500000000000000e+04 3.414700000000000000e+04 3.414800000000000000e+04 3.414900000000000000e+04 3.415000000000000000e+04 3.415100000000000000e+04 3.415200000000000000e+04 3.415300000000000000e+04 3.415400000000000000e+04 3.415500000000000000e+04 3.415600000000000000e+04 3.415700000000000000e+04 7.361900000000000000e+04 7.362100000000000000e+04 7.362300000000000000e+04 7.362500000000000000e+04 7.362700000000000000e+04 3.416300000000000000e+04 3.416400000000000000e+04
-1.000000000000000000e+00 3.403000000000000000e+04 3.403100000000000000e+04 3.403200000000000000e+04 3.403300000000000000e+04 3.403400000000000000e+04 3.403500000000000000e+04 3.403600000000000000e+04 3.403700000000000000e+04 3.403800000000000000e+04 3.403900000000000000e+04 3.404000000000000000e+04 3.404100000000000000e+04 3.404200000000000000e+04 3.404300000000000000e+04 3.404400000000000000e+04 3.404500000000000000e+04 3.404600000000000000e+04 7.339700000000000000e+04 7.339900000000000000e+04 7.340100000000000000e+04 3.395000000000000000e+04 3.395100000000000000e+04 3.395200000000000000e+04 3.395300000000000000e+04 3.395400000000000000e+04 3.395500000000000000e+04 3.395600000000000000e+04 3.395700000000000000e+04 3.395800000000000000e+04 7.342100000000000000e+04 7.342300000000000000e+04 7.342500000000000000e+04 7.342700000000000000e+04 7.342900000000000000e+04 3.396400000000000000e+04 3.396500000000000000e+04
-1.000000000000000000e+00 3.383100000000000000e+04 3.383200000000000000e+04 3.383300000000000000e+04 3.383400000000000000e+04 3.383500000000000000e+04 3.383600000000000000e+04 3.383700000000000000e+04 3.383800000000000000e+04 3.383900000000000000e+04 3.384000000000000000e+04 3.384100000000000000e+04 3.384200000000000000e+04 3.384300000000000000e+04 3.384400000000000000e+04 3.384500000000000000e+04 3.384600000000000000e+04 3.384700000000000000e+04 3.384800000000000000e+04 3.384900000000000000e+04 7.320300000000000000e+04 7.320500000000000000e+04 7.320700000000000000e+04 7.320900000000000000e+04 3.375400000000000000e+04 3.375500000000000000e+04 3.375600000000000000e+04 3.375700000000000000e+04 3.375800000000000000e+04 3.375900000000000000e+04 7.322300000000000000e+04 7.322500000000000000e+04 7.322700000000000000e+04 7.322900000000000000e+04 3.376400000000000000e+04 3.376500000000000000e+04 3.376600000000000000e+04
-1.000000000000000000e+00 7.316400000000000000e+04 3.363300000000000000e+04 3.363400000000000000e+04 3.363500000000000000e+04 3.363600000000000000e+04 3.363700000000000000e+04 3.363800000000000000e+04 3.363900000000000000e+04 3.364000000000000000e+04 7.318200000000000000e+04 7.318400000000000000e+04 7.318600000000000000e+04 7.318800000000000000e+04 7.319000000000000000e+04 7.319200000000000000e+04 7.319400000000000000e+04 7.319600000000000000e+04 3.364900000000000000e+04 3.365000000000000000e+04 3.365100000000000000e+04 3.365200000000000000e+04 7.300900000000000000e+04 7.301100000000000000e+04 7.301300000000000000e+04 7.301500000000000000e+04 3.355700000000000000e+04 3.355800000000000000e+04 3.355900000000000000e+04 3.356000000000000000e+04 7.302500000000000000e+04 7.302700000000000000e+04 7.302900000000000000e+04 7.303100000000000000e+04 3.356500000000000000e+04 3.356600000000000000e+04 7.303400000000000000e+04
-1.000000000000000000e+00 7.296600000000000000e+04 7.296800000000000000e+04 3.343500000000000000e+04 3.343600000000000000e+04 3.343700000000000000e+04 7.297600000000000000e+04 7.297800000000000000e+04 7.298000000000000000e+04 7.298200000000000000e+04 7.298400000000000000e+04 7.298600000000000000e+04 7.298800000000000000e+04 7.299000000000000000e+04 7.299200000000000000e+04 7.299400000000000000e+04 7.299600000000000000e+04 7.299800000000000000e+04 7.300000000000000000e+04 7.300200000000000000e+04 3.345200000000000000e+04 3.345300000000000000e+04 3.345400000000000000e+04 3.345500000000000000e+04 3.345600000000000000e+04 7.281700000000000000e+04 7.281900000000000000e+04 7.282100000000000000e+04 7.282300000000000000e+04 7.282500000000000000e+04 7.282700000000000000e+04 7.282900000000000000e+04 7.283100000000000000e+04 7.283300000000000000e+04 3.336600000000000000e+04 3.336700000000000000e+04 7.283600000000000000e+04
-1.000000000000000000e+00 7.276800000000000000e+04 7.277000000000000000e+04 7.277200000000000000e+04 7.277400000000000000e+04 7.277600000000000000e+04 7.277800000000000000e+04 7.278000000000000000e+04 7.278200000000000000e+04 7.278400000000000000e+04 7.278600000000000000e+04 7.278800000000000000e+04 7.279000000000000000e+04 7.279200000000000000e+04 7.279400000000000000e+04 7.279600000000000000e+04 7.279800000000000000e+04 7.280000000000000000e+04 7.280200000000000000e+04 7.280400000000000000e+04 7.280600000000000000e+04 7.280800000000000000e+04 3.325500000000000000e+04 3.325600000000000000e+04 3.325700000000000000e+04 3.325800000000000000e+04 3.325900000000000000e+04 3.326000000000000000e+04 7.262500000000000000e+04 7.262700000000000000e+04 7.262900000000000000e+04 7.263100000000000000e+04 7.263300000000000000e+04 7.263500000000000000e+04 7.263700000000000000e+04 3.316800000000000000e+04 7.263800000000000000e+04
-1.000000000000000000e+00 7.257000000000000000e+04 7.257200000000000000e+04 7.257400000000000000e+04 7.257600000000000000e+04 7.257800000000000000e+04 7.258000000000000000e+04 7.258200000000000000e+04 7.258400000000000000e+04 7.258600000000000000e+04 7.258800000000000000e+04 7.259000000000000000e+04 7.259200000000000000e+04 7.259400000000000000e+04 7.259600000000000000e+04 7.259800000000000000e+04 7.260000000000000000e+04 7.260200000000000000e+04 7.260400000000000000e+04 7.260600000000000000e+04 7.260800000000000000e+04 7.261000000000000000e+04 7.261200000000000000e+04 7.261400000000000000e+04 7.261600000000000000e+04 7.261800000000000000e+04 3.306000000000000000e+04 3.306100000000000000e+04 3.306200000000000000e+04 3.306300000000000000e+04 3.306400000000000000e+04 3.306500000000000000e+04 3.306600000000000000e+04 3.306700000000000000e+04 7.243900000000000000e+04 3.296900000000000000e+04 3.297000000000000000e+04
