BlockUplift_2Ma_1kryTimeStep_2mmyr_k_5e-05_m_0.5_n_1.0_LinDiffusion_0.5_3x6km_30mRes_drainage_area.txt
nrows 200
cellsize 30.0
xllcorner 0.0
ncols 100
yllcorner 0.0
[rows 51 to 67 of 200, columns 37 to 73 of 100]
1.350000000000000000e+04 1.440000000000000000e+04 1.530000000000000000e+04 1.620000000000000000e+04 1.710000000000000000e+04 1.800000000000000000e+04 1.890000000000000000e+04 1.980000000000000000e+04 2.070000000000000000e+04 2.160000000000000000e+04 2.250000000000000000e+04 2.340000000000000000e+04 2.430000000000000000e+04 2.520000000000000000e+04 2.610000000000000000e+04 2.700000000000000000e+04 2.790000000000000000e+04 2.880000000000000000e+04 2.970000000000000000e+04 3.060000000000000000e+04 3.150000000000000000e+04 3.150000000000000000e+05 6.480000000000000000e+04 2.127600000000000000e+06 1.890000000000000000e+04 1.620000000000000000e+04 1.350000000000000000e+04 1.483200000000000000e+06 3.060000000000000000e+04 5.490000000000000000e+04 2.880000000000000000e+04 8.100000000000000000e+04 2.700000000000000000e+04 2.610000000000000000e+04 2.520000000000000000e+04 2.430000000000000000e+04 2.340000000000000000e+04
1.170000000000000000e+04 1.260000000000000000e+04 1.350000000000000000e+04 1.440000000000000000e+04 1.530000000000000000e+04 1.620000000000000000e+04 1.710000000000000000e+04 1.800000000000000000e+04 1.890000000000000000e+04 1.980000000000000000e+04 2.070000000000000000e+04 2.160000000000000000e+04 2.250000000000000000e+04 2.340000000000000000e+04 2.430000000000000000e+04 2.520000000000000000e+04 2.610000000000000000e+04 2.700000000000000000e+04 2.790000000000000000e+04 2.880000000000000000e+04 2.970000000000000000e+04 3.060000000000000000e+04 3.465000000000000000e+05 6.570000000000000000e+04 2.147400000000000000e+06 1.710000000000000000e+04 1.497600000000000000e+06 3.150000000000000000e+04 5.580000000000000000e+04 2.970000000000000000e+04 1.098000000000000000e+05 2.790000000000000000e+04 2.700000000000000000e+04 2.610000000000000000e+04 2.520000000000000000e+04 2.430000000000000000e+04 2.340000000000000000e+04
1.080000000000000000e+04 1.170000000000000000e+04 1.260000000000000000e+04 1.350000000000000000e+04 1.440000000000000000e+04 1.530000000000000000e+04 1.620000000000000000e+04 1.710000000000000000e+04 1.800000000000000000e+04 1.890000000000000000e+04 1.980000000000000000e+04 2.070000000000000000e+04 2.160000000000000000e+04 2.250000000000000000e+04 2.340000000000000000e+04 2.430000000000000000e+04 2.520000000000000000e+04 2.610000000000000000e+04 2.700000000000000000e+04 2.790000000000000000e+04 2.880000000000000000e+04 2.970000000000000000e+04 3.060000000000000000e+04 3.780000000000000000e+05 2.214000000000000000e+06 1.800000000000000000e+04 1.530000000000000000e+06 5.670000000000000000e+04 3.060000000000000000e+04 1.395000000000000000e+05 2.880000000000000000e+04 2.790000000000000000e+04 2.700000000000000000e+04 2.610000000000000000e+04 2.520000000000000000e+04 2.430000000000000000e+04 2.340000000000000000e+04
1.260000000000000000e+04 1.350000000000000000e+04 1.440000000000000000e+04 1.530000000000000000e+04 1.620000000000000000e+04 1.710000000000000000e+04 1.800000000000000000e+04 1.890000000000000000e+04 1.980000000000000000e+04 2.070000000000000000e+04 2.160000000000000000e+04 2.250000000000000000e+04 2.340000000000000000e+04 2.430000000000000000e+04 2.520000000000000000e+04 2.610000000000000000e+04 2.700000000000000000e+04 2.790000000000000000e+04 2.880000000000000000e+04 2.970000000000000000e+04 3.060000000000000000e+04 3.150000000000000000e+04 3.240000000000000000e+04 3.330000000000000000e+04 3.789000000000000000e+05 2.232900000000000000e+06 1.587600000000000000e+06 3.150000000000000000e+04 1.701000000000000000e+05 2.970000000000000000e+04 2.880000000000000000e+04 2.790000000000000000e+04 2.700000000000000000e+04 2.610000000000000000e+04 2.520000000000000000e+04 2.430000000000000000e+04 2.340000000000000000e+04
9.900000000000000000e+03 1.080000000000000000e+04 1.170000000000000000e+04 1.260000000000000000e+04 1.350000000000000000e+04 1.440000000000000000e+04 1.530000000000000000e+04 1.620000000000000000e+04 1.710000000000000000e+04 1.800000000000000000e+04 1.890000000000000000e+04 1.980000000000000000e+04 2.070000000000000000e+04 2.160000000000000000e+04 2.250000000000000000e+04 2.340000000000000000e+04 2.430000000000000000e+04 2.520000000000000000e+04 2.610000000000000000e+04 2.700000000000000000e+04 2.790000000000000000e+04 2.880000000000000000e+04 2.970000000000000000e+04 3.060000000000000000e+04 6.480000000000000000e+04 2.612700000000000000e+06 1.620000000000000000e+06 2.016000000000000000e+05 3.060000000000000000e+04 2.970000000000000000e+04 2.880000000000000000e+04 2.790000000000000000e+04 2.700000000000000000e+04 2.610000000000000000e+04 2.520000000000000000e+04 2.430000000000000000e+04 2.340000000000000000e+04
1.080000000000000000e+04 1.170000000000000000e+04 1.260000000000000000e+04 1.350000000000000000e+04 1.440000000000000000e+04 1.530000000000000000e+04 1.620000000000000000e+04 1.710000000000000000e+04 1.800000000000000000e+04 1.890000000000000000e+04 1.980000000000000000e+04 2.070000000000000000e+04 2.160000000000000000e+04 2.250000000000000000e+04 2.340000000000000000e+04 2.430000000000000000e+04 2.520000000000000000e+04 2.610000000000000000e+04 2.700000000000000000e+04 2.790000000000000000e+04 2.880000000000000000e+04 2.970000000000000000e+04 3.060000000000000000e+04 3.150000000000000000e+04 3.240000000000000000e+04 2.710800000000000000e+06 1.822500000000000000e+06 3.150000000000000000e+04 3.060000000000000000e+04 2.970000000000000000e+04 2.880000000000000000e+04 2.790000000000000000e+04 2.700000000000000000e+04 2.610000000000000000e+04 2.520000000000000000e+04 2.430000000000000000e+04 2.340000000000000000e+04
9.000000000000000000e+03 9.900000000000000000e+03 1.080000000000000000e+04 1.170000000000000000e+04 1.260000000000000000e+04 1.350000000000000000e+04 1.440000000000000000e+04 1.530000000000000000e+04 1.620000000000000000e+04 1.710000000000000000e+04 1.800000000000000000e+04 1.890000000000000000e+04 1.980000000000000000e+04 2.070000000000000000e+04 2.160000000000000000e+04 2.250000000000000000e+04 2.340000000000000000e+04 2.430000000000000000e+04 2.520000000000000000e+04 2.610000000000000000e+04 2.700000000000000000e+04 2.790000000000000000e+04 2.880000000000000000e+04 2.970000000000000000e+04 3.060000000000000000e+04 3.150000000000000000e+04 4.597200000000000000e+06 3.150000000000000000e+04 3.060000000000000000e+04 2.970000000000000000e+04 2.880000000000000000e+04 2.790000000000000000e+04 2.700000000000000000e+04 2.610000000000000000e+04 2.520000000000000000e+04 2.430000000000000000e+04 2.340000000000000000e+04
9.900000000000000000e+03 1.080000000000000000e+04 1.170000000000000000e+04 1.260000000000000000e+04 1.350000000000000000e+04 1.440000000000000000e+04 1.530000000000000000e+04 1.620000000000000000e+04 1.710000000000000000e+04 1.800000000000000000e+04 1.890000000000000000e+04 1.980000000000000000e+04 2.070000000000000000e+04 2.160000000000000000e+04 2.250000000000000000e+04 2.340000000000000000e+04 2.430000000000000000e+04 2.520000000000000000e+04 2.610000000000000000e+04 2.700000000000000000e+04 2.790000000000000000e+04 2.880000000000000000e+04 2.970000000000000000e+04 3.060000000000000000e+04 3.150000000000000000e+04 3.240000000000000000e+04 4.661100000000000000e+06 3.150000000000000000e+04 3.060000000000000000e+04 2.970000000000000000e+04 2.880000000000000000e+04 2.790000000000000000e+04 2.700000000000000000e+04 2.610000000000000000e+04 2.520000000000000000e+04 2.430000000000000000e+04 2.340000000000000000e+04
8.100000000000000000e+03 9.000000000000000000e+03 9.900000000000000000e+03 1.080000000000000000e+04 1.170000000000000000e+04 1.260000000000000000e+04 1.350000000000000000e+04 1.440000000000000000e+04 1.530000000000000000e+04 1.620000000000000000e+04 1.710000000000000000e+04 1.800000000000000000e+04 1.890000000000000000e+04 1.980000000000000000e+04 2.070000000000000000e+04 2.160000000000000000e+04 2.250000000000000000e+04 2.340000000000000000e+04 2.430000000000000000e+04 2.520000000000000000e+04 2.610000000000000000e+04 2.700000000000000000e+04 2.790000000000000000e+04 2.880000000000000000e+04 2.970000000000000000e+04 3.060000000000000000e+04 4.725900000000000000e+06 3.150000000000000000e+04 3.060000000000000000e+04 2.970000000000000000e+04 2.880000000000000000e+04 2.790000000000000000e+04 2.700000000000000000e+04 2.610000000000000000e+04 2.520000000000000000e+04 2.430000000000000000e+04 2.340000000000000000e+04
9.000000000000000000e+03 9.900000000000000000e+03 1.080000000000000000e+04 1.170000000000000000e+04 1.260000000000000000e+04 1.350000000000000000e+04 1.440000000000000000e+04 1.530000000000000000e+04 1.620000000000000000e+04 1.710000000000000000e+04 1.800000000000000000e+04 1.890000000000000000e+04 1.980000000000000000e+04 2.070000000000000000e+04 2.160000000000000000e+04 2.250000000000000000e+04 2.340000000000000000e+04 2.430000000000000000e+04 2.520000000000000000e+04 2.610000000000000000e+04 2.700000000000000000e+04 2.790000000000000000e+04 2.880000000000000000e+04 2.970000000000000000e+04 3.060000000000000000e+04 3.150000000000000000e+04 4.788000000000000000e+06 3.060000000000000000e+04 2.970000000000000000e+04 2.880000000000000000e+04 2.790000000000000000e+04 2.700000000000000000e+04 2.610000000000000000e+04 2.520000000000000000e+04 2.430000000000000000e+04 2.340000000000000000e+04 2.250000000000000000e+04
7.200000000000000000e+03 8.100000000000000000e+03 9.000000000000000000e+03 9.900000000000000000e+03 1.080000000000000000e+04 1.170000000000000000e+04 1.260000000000000000e+04 1.350000000000000000e+04 1.440000000000000000e+04 1.530000000000000000e+04 1.620000000000000000e+04 1.710000000000000000e+04 1.800000000000000000e+04 1.890000000000000000e+04 1.980000000000000000e+04 2.070000000000000000e+04 2.160000000000000000e+04 2.250000000000000000e+04 2.340000000000000000e+04 2.430000000000000000e+04 2.520000000000000000e+04 2.610000000000000000e+04 2.700000000000000000e+04 2.790000000000000000e+04 2.880000000000000000e+04 2.970000000000000000e+04 4.850100000000000000e+06 2.970000000000000000e+04 2.880000000000000000e+04 2.790000000000000000e+04 2.700000000000000000e+04 2.610000000000000000e+04 2.520000000000000000e+04 2.430000000000000000e+04 2.340000000000000000e+04 2.250000000000000000e+04 2.160000000000000000e+04
8.100000000000000000e+03 9.000000000000000000e+03 9.900000000000000000e+03 1.080000000000000000e+04 1.170000000000000000e+04 1.260000000000000000e+04 1.350000000000000000e+04 1.440000000000000000e+04 1.530000000000000000e+04 1.620000000000000000e+04 1.710000000000000000e+04 1.800000000000000000e+04 1.890000000000000000e+04 1.980000000000000000e+04 2.070000000000000000e+04 2.160000000000000000e+04 2.250000000000000000e+04 2.340000000000000000e+04 2.430000000000000000e+04 2.520000000000000000e+04 2.610000000000000000e+04 2.700000000000000000e+04 2.790000000000000000e+04 2.880000000000000000e+04 2.970000000000000000e+04 3.060000000000000000e+04 4.880700000000000000e+06 3.150000000000000000e+04 3.060000000000000000e+04 2.970000000000000000e+04 2.880000000000000000e+04 2.790000000000000000e+04 2.700000000000000000e+04 2.610000000000000000e+04 2.520000000000000000e+04 2.430000000000000000e+04 2.340000000000000000e+04
6.300000000000000000e+03 7.200000000000000000e+03 8.100000000000000000e+03 9.000000000000000000e+03 9.900000000000000000e+03 1.080000000000000000e+04 1.170000000000000000e+04 1.260000000000000000e+04 1.350000000000000000e+04 1.440000000000000000e+04 1.530000000000000000e+04 1.620000000000000000e+04 1.710000000000000000e+04 1.800000000000000000e+04 1.890000000000000000e+04 1.980000000000000000e+04 2.070000000000000000e+04 2.160000000000000000e+04 2.250000000000000000e+04 2.340000000000000000e+04 2.430000000000000000e+04 2.520000000000000000e+04 2.610000000000000000e+04 2.700000000000000000e+04 2.790000000000000000e+04 2.880000000000000000e+04 4.943700000000000000e+06 2.880000000000000000e+04 2.790000000000000000e+04 2.700000000000000000e+04 2.610000000000000000e+04 2.520000000000000000e+04 2.430000000000000000e+04 2.340000000000000000e+04 2.250000000000000000e+04 2.160000000000000000e+04 2.070000000000000000e+04
7.200000000000000000e+03 8.100000000000000000e+03 9.000000000000000000e+03 9.900000000000000000e+03 1.080000000000000000e+04 1.170000000000000000e+04 1.260000000000000000e+04 1.350000000000000000e+04 1.440000000000000000e+04 1.530000000000000000e+04 1.620000000000000000e+04 1.710000000000000000e+04 1.800000000000000000e+04 1.890000000000000000e+04 1.980000000000000000e+04 2.070000000000000000e+04 2.160000000000000000e+04 2.250000000000000000e+04 2.340000000000000000e+04 2.430000000000000000e+04 2.520000000000000000e+04 2.610000000000000000e+04 2.700000000000000000e+04 2.790000000000000000e+04 2.880000000000000000e+04 2.970000000000000000e+04 5.002200000000000000e+06 2.790000000000000000e+04 2.700000000000000000e+04 2.610000000000000000e+04 2.520000000000000000e+04 2.430000000000000000e+04 2.340000000000000000e+04 2.250000000000000000e+04 2.160000000000000000e+04 2.070000000000000000e+04 1.980000000000000000e+04
5.400000000000000000e+03 6.300000000000000000e+03 7.200000000000000000e+03 8.100000000000000000e+03 9.000000000000000000e+03 9.900000000000000000e+03 1.080000000000000000e+04 1.170000000000000000e+04 1.260000000000000000e+04 1.350000000000000000e+04 1.440000000000000000e+04 1.530000000000000000e+04 1.620000000000000000e+04 1.710000000000000000e+04 1.800000000000000000e+04 1.890000000000000000e+04 1.980000000000000000e+04 2.070000000000000000e+04 2.160000000000000000e+04 2.250000000000000000e+04 2.340000000000000000e+04 2.430000000000000000e+04 2.520000000000000000e+04 2.610000000000000000e+04 2.700000000000000000e+04 2.790000000000000000e+04 5.060700000000000000e+06 2.700000000000000000e+04 2.610000000000000000e+04 2.520000000000000000e+04 2.430000000000000000e+04 2.340000000000000000e+04 2.250000000000000000e+04 2.160000000000000000e+04 2.070000000000000000e+04 1.980000000000000000e+04 1.890000000000000000e+04
7.200000000000000000e+03 8.100000000000000000e+03 9.000000000000000000e+03 9.900000000000000000e+03 1.080000000000000000e+04 1.170000000000000000e+04 1.260000000000000000e+04 1.350000000000000000e+04 1.440000000000000000e+04 1.530000000000000000e+04 1.620000000000000000e+04 1.710000000000000000e+04 1.800000000000000000e+04 1.890000000000000000e+04 1.980000000000000000e+04 2.070000000000000000e+04 2.160000000000000000e+04 2.250000000000000000e+04 2.340000000000000000e+04 2.430000000000000000e+04 2.520000000000000000e+04 2.610000000000000000e+04 2.700000000000000000e+04 2.790000000000000000e+04 2.880000000000000000e+04 2.970000000000000000e+04 5.116500000000000000e+06 2.520000000000000000e+04 2.430000000000000000e+04 2.340000000000000000e+04 2.250000000000000000e+04 2.160000000000000000e+04 2.070000000000000000e+04 1.980000000000000000e+04 1.890000000000000000e+04 1.800000000000000000e+04 1.710000000000000000e+04
4.500000000000000000e+03 5.400000000000000000e+03 6.300000000000000000e+03 7.200000000000000000e+03 8.100000000000000000e+03 9.000000000000000000e+03 9.900000000000000000e+03 1.080000000000000000e+04 1.170000000000000000e+04 1.260000000000000000e+04 1.350000000000000000e+04 1.440000000000000000e+04 1.530000000000000000e+04 1.620000000000000000e+04 1.710000000000000000e+04 1.800000000000000000e+04 1.890000000000000000e+04 1.980000000000000000e+04 2.070000000000000000e+04 2.160000000000000000e+04 2.250000000000000000e+04 2.340000000000000000e+04 2.430000000000000000e+04 2.520000000000000000e+04 2.610000000000000000e+04 2.700000000000000000e+04 5.172300000000000000e+06 2.430000000000000000e+04 2.340000000000000000e+04 2.250000000000000000e+04 2.160000000000000000e+04 2.070000000000000000e+04 1.980000000000000000e+04 1.890000000000000000e+04 1.800000000000000000e+04 1.710000000000000000e+04 1.620000000000000000e+04
