BlockUplift_2Ma_1kryTimeStep_2mmyr_k_5e-05_m_0.5_n_1.0_LinDiffusion_1_6x3km_30mRes_flow__link_to_receiver_node.txt
nrows 100
cellsize 30.0
xllcorner 0.0
ncols 200
yllcorner 0.0
[rows 34 to 50 of 100, columns 74 to 110 of 200]
6.531800000000000000e+04 6.532000000000000000e+04 6.532200000000000000e+04 6.532400000000000000e+04 6.532600000000000000e+04 6.532800000000000000e+04 2.581500000000000000e+04 2.581600000000000000e+04 2.581700000000000000e+04 2.581800000000000000e+04 2.581900000000000000e+04 6.534300000000000000e+04 6.534500000000000000e+04 6.534700000000000000e+04 6.534900000000000000e+04 6.535100000000000000e+04 6.535300000000000000e+04 6.535500000000000000e+04 6.535700000000000000e+04 6.535900000000000000e+04 6.536100000000000000e+04 6.536300000000000000e+04 6.536500000000000000e+04 6.536700000000000000e+04 6.536900000000000000e+04 6.537100000000000000e+04 6.537300000000000000e+04 6.537500000000000000e+04 6.537700000000000000e+04 6.537900000000000000e+04 2.583900000000000000e+04 2.584000000000000000e+04 2.584100000000000000e+04 6.538400000000000000e+04 6.538600000000000000e+04 6.538800000000000000e+04 6.539000000000000000e+04
6.492000000000000000e+04 6.492200000000000000e+04 6.492400000000000000e+04 6.492600000000000000e+04 6.492800000000000000e+04 6.493000000000000000e+04 2.541600000000000000e+04 2.541700000000000000e+04 2.541800000000000000e+04 2.541900000000000000e+04 2.542000000000000000e+04 6.494500000000000000e+04 6.494700000000000000e+04 6.494900000000000000e+04 6.495100000000000000e+04 6.495300000000000000e+04 6.495500000000000000e+04 6.495700000000000000e+04 6.495900000000000000e+04 6.496100000000000000e+04 6.496300000000000000e+04 6.496500000000000000e+04 6.496700000000000000e+04 6.496900000000000000e+04 6.497100000000000000e+04 6.497300000000000000e+04 6.497500000000000000e+04 6.497700000000000000e+04 6.497900000000000000e+04 6.498100000000000000e+04 2.544000000000000000e+04 2.544100000000000000e+04 2.544200000000000000e+04 6.498600000000000000e+04 6.498800000000000000e+04 6.499000000000000000e+04 6.499200000000000000e+04
6.452200000000000000e+04 6.452400000000000000e+04 6.452600000000000000e+04 6.452800000000000000e+04 6.453000000000000000e+04 6.453200000000000000e+04 2.501700000000000000e+04 2.501800000000000000e+04 2.501900000000000000e+04 2.502000000000000000e+04 2.502100000000000000e+04 6.454700000000000000e+04 6.454900000000000000e+04 6.455100000000000000e+04 6.455300000000000000e+04 6.455500000000000000e+04 6.455700000000000000e+04 6.455900000000000000e+04 6.456100000000000000e+04 6.456300000000000000e+04 6.456500000000000000e+04 6.456700000000000000e+04 6.456900000000000000e+04 6.457100000000000000e+04 6.457300000000000000e+04 6.457500000000000000e+04 6.457700000000000000e+04 6.457900000000000000e+04 6.458100000000000000e+04 6.458300000000000000e+04 2.504100000000000000e+04 2.504200000000000000e+04 6.458600000000000000e+04 6.458800000000000000e+04 6.459000000000000000e+04 6.459200000000000000e+04 2.524600000000000000e+04
6.412400000000000000e+04 6.412600000000000000e+04 6.412800000000000000e+04 6.413000000000000000e+04 6.413200000000000000e+04 6.413400000000000000e+04 2.461800000000000000e+04 2.461900000000000000e+04 2.462000000000000000e+04 2.462100000000000000e+04 2.462200000000000000e+04 6.414900000000000000e+04 6.415100000000000000e+04 6.415300000000000000e+04 6.415500000000000000e+04 6.415700000000000000e+04 6.415900000000000000e+04 6.416100000000000000e+04 6.416300000000000000e+04 6.416500000000000000e+04 6.416700000000000000e+04 6.416900000000000000e+04 6.417100000000000000e+04 6.417300000000000000e+04 6.417500000000000000e+04 6.417700000000000000e+04 6.417900000000000000e+04 6.418100000000000000e+04 6.418300000000000000e+04 2.464100000000000000e+04 2.464200000000000000e+04 2.464300000000000000e+04 6.418800000000000000e+04 6.419000000000000000e+04 6.419200000000000000e+04 2.484600000000000000e+04 2.484700000000000000e+04
6.372600000000000000e+04 6.372800000000000000e+04 6.373000000000000000e+04 6.373200000000000000e+04 6.373400000000000000e+04 6.373600000000000000e+04 2.421900000000000000e+04 2.422000000000000000e+04 2.422100000000000000e+04 2.422200000000000000e+04 2.422300000000000000e+04 2.422400000000000000e+04 6.375300000000000000e+04 6.375500000000000000e+04 6.375700000000000000e+04 6.375900000000000000e+04 6.376100000000000000e+04 6.376300000000000000e+04 6.376500000000000000e+04 6.376700000000000000e+04 6.376900000000000000e+04 6.377100000000000000e+04 6.377300000000000000e+04 6.377500000000000000e+04 6.377700000000000000e+04 6.377900000000000000e+04 6.378100000000000000e+04 6.378300000000000000e+04 6.378500000000000000e+04 2.424200000000000000e+04 2.424300000000000000e+04 2.424400000000000000e+04 6.379000000000000000e+04 6.379200000000000000e+04 2.444600000000000000e+04 2.444700000000000000e+04 2.444800000000000000e+04
6.332800000000000000e+04 6.333000000000000000e+04 6.333200000000000000e+04 6.333400000000000000e+04 6.333600000000000000e+04 6.333800000000000000e+04 2.382000000000000000e+04 2.382100000000000000e+04 2.382200000000000000e+04 2.382300000000000000e+04 2.382400000000000000e+04 2.382500000000000000e+04 6.335500000000000000e+04 6.335700000000000000e+04 6.335900000000000000e+04 6.336100000000000000e+04 6.336300000000000000e+04 6.336500000000000000e+04 6.336700000000000000e+04 6.336900000000000000e+04 6.337100000000000000e+04 6.337300000000000000e+04 2.403600000000000000e+04 2.403700000000000000e+04 6.337900000000000000e+04 6.338100000000000000e+04 6.338300000000000000e+04 6.338500000000000000e+04 6.338700000000000000e+04 2.384300000000000000e+04 2.384400000000000000e+04 6.339000000000000000e+04 6.339200000000000000e+04 2.404600000000000000e+04 2.404700000000000000e+04 2.404800000000000000e+04 2.404900000000000000e+04
6.293000000000000000e+04 6.293200000000000000e+04 6.293400000000000000e+04 6.293600000000000000e+04 6.293800000000000000e+04 2.342000000000000000e+04 2.342100000000000000e+04 2.342200000000000000e+04 2.342300000000000000e+04 2.342400000000000000e+04 2.342500000000000000e+04 2.342600000000000000e+04 6.295700000000000000e+04 6.295900000000000000e+04 6.296100000000000000e+04 6.296300000000000000e+04 6.296500000000000000e+04 6.296700000000000000e+04 6.296900000000000000e+04 6.297100000000000000e+04 6.297300000000000000e+04 2.363600000000000000e+04 2.363700000000000000e+04 2.363800000000000000e+04 2.363900000000000000e+04 2.364000000000000000e+04 6.298500000000000000e+04 6.298700000000000000e+04 6.298900000000000000e+04 2.344400000000000000e+04 2.344500000000000000e+04 6.299200000000000000e+04 6.299400000000000000e+04 2.364700000000000000e+04 2.364800000000000000e+04 2.364900000000000000e+04 2.365000000000000000e+04
6.253200000000000000e+04 6.253400000000000000e+04 6.253600000000000000e+04 6.253800000000000000e+04 6.254000000000000000e+04 2.302100000000000000e+04 2.302200000000000000e+04 2.302300000000000000e+04 2.302400000000000000e+04 2.302500000000000000e+04 2.302600000000000000e+04 2.302700000000000000e+04 6.255900000000000000e+04 6.256100000000000000e+04 6.256300000000000000e+04 6.256500000000000000e+04 6.256700000000000000e+04 6.256900000000000000e+04 6.257100000000000000e+04 6.257300000000000000e+04 2.323600000000000000e+04 2.323700000000000000e+04 2.323800000000000000e+04 2.323900000000000000e+04 2.324000000000000000e+04 2.324100000000000000e+04 2.324200000000000000e+04 2.324300000000000000e+04 6.259100000000000000e+04 2.304500000000000000e+04 2.304600000000000000e+04 6.259400000000000000e+04 2.324700000000000000e+04 2.324800000000000000e+04 2.324900000000000000e+04 2.325000000000000000e+04 2.325100000000000000e+04
6.213400000000000000e+04 6.213600000000000000e+04 6.213800000000000000e+04 6.214000000000000000e+04 6.214200000000000000e+04 2.262200000000000000e+04 2.262300000000000000e+04 2.262400000000000000e+04 2.262500000000000000e+04 2.262600000000000000e+04 2.262700000000000000e+04 2.262800000000000000e+04 2.262900000000000000e+04 6.216300000000000000e+04 6.216500000000000000e+04 6.216700000000000000e+04 6.216900000000000000e+04 6.217100000000000000e+04 6.217300000000000000e+04 6.217500000000000000e+04 2.283700000000000000e+04 2.283800000000000000e+04 2.283900000000000000e+04 2.284000000000000000e+04 2.284100000000000000e+04 2.284200000000000000e+04 2.284300000000000000e+04 2.284400000000000000e+04 6.219300000000000000e+04 2.264600000000000000e+04 2.264700000000000000e+04 6.219600000000000000e+04 2.284800000000000000e+04 2.284900000000000000e+04 2.285000000000000000e+04 2.285100000000000000e+04 2.285200000000000000e+04
6.173600000000000000e+04 6.173800000000000000e+04 6.174000000000000000e+04 6.174200000000000000e+04 6.174400000000000000e+04 2.222300000000000000e+04 2.222400000000000000e+04 2.222500000000000000e+04 2.222600000000000000e+04 2.222700000000000000e+04 2.222800000000000000e+04 2.222900000000000000e+04 2.223000000000000000e+04 6.176500000000000000e+04 6.176700000000000000e+04 6.176900000000000000e+04 6.177100000000000000e+04 6.177300000000000000e+04 6.177500000000000000e+04 6.177700000000000000e+04 2.243800000000000000e+04 2.243900000000000000e+04 2.244000000000000000e+04 2.244100000000000000e+04 2.244200000000000000e+04 2.244300000000000000e+04 2.244400000000000000e+04 2.244500000000000000e+04 2.244600000000000000e+04 2.224700000000000000e+04 2.224800000000000000e+04 2.244800000000000000e+04 2.244900000000000000e+04 2.245000000000000000e+04 2.245100000000000000e+04 2.245200000000000000e+04 2.245300000000000000e+04
6.133800000000000000e+04 6.134000000000000000e+04 6.134200000000000000e+04 6.134400000000000000e+04 2.182300000000000000e+04 2.182400000000000000e+04 2.182500000000000000e+04 2.182600000000000000e+04 2.182700000000000000e+04 2.182800000000000000e+04 2.182900000000000000e+04 2.183000000000000000e+04 2.183100000000000000e+04 6.136700000000000000e+04 6.136900000000000000e+04 6.137100000000000000e+04 6.137300000000000000e+04 6.137500000000000000e+04 6.137700000000000000e+04 6.137900000000000000e+04 2.203900000000000000e+04 2.204000000000000000e+04 2.204100000000000000e+04 2.204200000000000000e+04 2.204300000000000000e+04 2.204400000000000000e+04 2.204500000000000000e+04 2.204600000000000000e+04 2.204700000000000000e+04 2.184800000000000000e+04 6.139800000000000000e+04 2.204900000000000000e+04 2.205000000000000000e+04 2.205100000000000000e+04 2.205200000000000000e+04 2.205300000000000000e+04 2.205400000000000000e+04
6.094000000000000000e+04 6.094200000000000000e+04 6.094400000000000000e+04 6.094600000000000000e+04 2.142400000000000000e+04 2.142500000000000000e+04 2.142600000000000000e+04 2.142700000000000000e+04 2.142800000000000000e+04 2.142900000000000000e+04 2.143000000000000000e+04 2.143100000000000000e+04 2.143200000000000000e+04 2.143300000000000000e+04 6.097100000000000000e+04 6.097300000000000000e+04 6.097500000000000000e+04 6.097700000000000000e+04 6.097900000000000000e+04 6.098100000000000000e+04 6.098300000000000000e+04 2.164100000000000000e+04 2.164200000000000000e+04 2.164300000000000000e+04 2.164400000000000000e+04 2.164500000000000000e+04 2.164600000000000000e+04 2.164700000000000000e+04 6.099900000000000000e+04 2.144900000000000000e+04 6.100000000000000000e+04 2.165000000000000000e+04 2.165100000000000000e+04 2.165200000000000000e+04 2.165300000000000000e+04 2.165400000000000000e+04 2.165500000000000000e+04
6.054200000000000000e+04 6.054400000000000000e+04 6.054600000000000000e+04 6.054800000000000000e+04 2.102500000000000000e+04 2.102600000000000000e+04 2.102700000000000000e+04 2.102800000000000000e+04 2.102900000000000000e+04 2.103000000000000000e+04 2.103100000000000000e+04 2.103200000000000000e+04 2.103300000000000000e+04 2.103400000000000000e+04 6.057300000000000000e+04 6.057500000000000000e+04 6.057700000000000000e+04 6.057900000000000000e+04 6.058100000000000000e+04 6.058300000000000000e+04 6.058500000000000000e+04 6.058700000000000000e+04 2.124300000000000000e+04 2.124400000000000000e+04 2.124500000000000000e+04 2.124600000000000000e+04 2.124700000000000000e+04 6.059900000000000000e+04 6.060100000000000000e+04 2.105000000000000000e+04 6.060200000000000000e+04 2.125100000000000000e+04 2.125200000000000000e+04 2.125300000000000000e+04 2.125400000000000000e+04 2.125500000000000000e+04 2.125600000000000000e+04
6.014400000000000000e+04 6.014600000000000000e+04 6.014800000000000000e+04 2.062500000000000000e+04 2.062600000000000000e+04 2.062700000000000000e+04 2.062800000000000000e+04 2.062900000000000000e+04 2.063000000000000000e+04 2.063100000000000000e+04 2.063200000000000000e+04 2.063300000000000000e+04 2.063400000000000000e+04 2.063500000000000000e+04 6.017500000000000000e+04 6.017700000000000000e+04 6.017900000000000000e+04 6.018100000000000000e+04 6.018300000000000000e+04 6.018500000000000000e+04 6.018700000000000000e+04 6.018900000000000000e+04 6.019100000000000000e+04 6.019300000000000000e+04 2.084600000000000000e+04 6.019700000000000000e+04 6.019900000000000000e+04 6.020100000000000000e+04 6.020300000000000000e+04 2.065100000000000000e+04 6.020400000000000000e+04 6.020600000000000000e+04 2.085300000000000000e+04 2.085400000000000000e+04 2.085500000000000000e+04 2.085600000000000000e+04 2.085700000000000000e+04
5.974600000000000000e+04 5.974800000000000000e+04 5.975000000000000000e+04 2.022600000000000000e+04 2.022700000000000000e+04 2.022800000000000000e+04 2.022900000000000000e+04 2.023000000000000000e+04 2.023100000000000000e+04 2.023200000000000000e+04 2.023300000000000000e+04 2.023400000000000000e+04 2.023500000000000000e+04 2.023600000000000000e+04 2.023700000000000000e+04 5.977900000000000000e+04 5.978100000000000000e+04 5.978300000000000000e+04 5.978500000000000000e+04 5.978700000000000000e+04 5.978900000000000000e+04 5.979100000000000000e+04 5.979300000000000000e+04 5.979500000000000000e+04 5.979700000000000000e+04 5.979900000000000000e+04 5.980100000000000000e+04 5.980300000000000000e+04 2.025100000000000000e+04 2.025200000000000000e+04 5.980600000000000000e+04 5.980800000000000000e+04 2.045400000000000000e+04 2.045500000000000000e+04 2.045600000000000000e+04 2.045700000000000000e+04 2.045800000000000000e+04
5.934800000000000000e+04 5.935000000000000000e+04 5.935200000000000000e+04 1.982700000000000000e+04 1.982800000000000000e+04 1.982900000000000000e+04 1.983000000000000000e+04 1.983100000000000000e+04 1.983200000000000000e+04 1.983300000000000000e+04 1.983400000000000000e+04 1.983500000000000000e+04 1.983600000000000000e+04 1.983700000000000000e+04 1.983800000000000000e+04 5.938100000000000000e+04 5.938300000000000000e+04 5.938500000000000000e+04 5.938700000000000000e+04 5.938900000000000000e+04 5.939100000000000000e+04 5.939300000000000000e+04 5.939500000000000000e+04 5.939700000000000000e+04 5.939900000000000000e+04 5.940100000000000000e+04 5.940300000000000000e+04 5.940500000000000000e+04 1.985200000000000000e+04 1.985300000000000000e+04 5.940800000000000000e+04 5.941000000000000000e+04 5.941200000000000000e+04 2.005600000000000000e+04 2.005700000000000000e+04 2.005800000000000000e+04 2.005900000000000000e+04
5.895000000000000000e+04 5.895200000000000000e+04 1.942700000000000000e+04 1.942800000000000000e+04 1.942900000000000000e+04 1.943000000000000000e+04 1.943100000000000000e+04 1.943200000000000000e+04 1.943300000000000000e+04 1.943400000000000000e+04 1.943500000000000000e+04 1.943600000000000000e+04 1.943700000000000000e+04 1.943800000000000000e+04 1.943900000000000000e+04 1.944000000000000000e+04 5.898500000000000000e+04 5.898700000000000000e+04 5.898900000000000000e+04 5.899100000000000000e+04 5.899300000000000000e+04 5.899500000000000000e+04 5.899700000000000000e+04 5.899900000000000000e+04 5.900100000000000000e+04 5.900300000000000000e+04 5.900500000000000000e+04 5.900700000000000000e+04 1.945300000000000000e+04 1.945400000000000000e+04 5.901000000000000000e+04 5.901200000000000000e+04 5.901400000000000000e+04 5.901600000000000000e+04 5.901800000000000000e+04 1.965900000000000000e+04 1.966000000000000000e+04
