BlockUplift_2Ma_1kryTimeStep_2mmyr_k_5e-05_m_0.5_n_1.0_LinDiffusion_0.5_3x6km_30mRes_topographic__steepest_slope.txt
nrows 200
cellsize 30.0
xllcorner 0.0
ncols 100
yllcorner 0.0
[rows 170 to 186 of 200, columns 0 to 36 of 100]
0.000000000000000000e+00 3.457156877882236468e-01 3.413521085196938309e-01 3.325808866740165848e-01 3.194001208433045469e-01 3.019797543437278131e-01 2.807689033479959795e-01 2.565217024959375869e-01 2.324261951848884955e-01 2.362147383266298695e-01 2.390411318428585785e-01 2.411646102331568287e-01 2.469984206683704941e-01 2.721576222597017480e-01 2.908028828799710253e-01 2.960637847933166311e-01 2.792914732123061294e-01 2.333251674341293436e-01 1.566253352456129788e-01 8.702972695730240571e-02 6.704792597619947669e-02 8.554684101445293731e-02 1.567842102197297416e-01 2.335984098881690729e-01 2.807105848971360729e-01 2.975190195778679714e-01 2.904944878573066380e-01 2.678467724601242828e-01 2.362823366272550629e-01 2.096739066417685204e-01 1.996028417273664202e-01 1.877335723746410279e-01 2.017067340799163222e-01 2.273822684919252768e-01 2.519686262740227223e-01 2.749358877419979530e-01 2.956862662389217467e-01
0.000000000000000000e+00 3.520010918101301178e-01 3.483330927292058732e-01 3.408941330473036491e-01 3.295686043763472184e-01 3.143706310372295087e-01 2.955773080968924771e-01 2.737925757795835469e-01 2.499056214628164185e-01 2.340941852462510853e-01 2.390570040822215525e-01 2.436839623339597527e-01 2.479025030850046940e-01 2.507555923004197718e-01 2.664845296716815137e-01 2.731359443519124630e-01 2.587444410278133544e-01 2.164127206201982290e-01 1.446104551951113704e-01 5.776610007435441230e-02 3.178251628733903822e-02 6.040416112882818905e-02 1.488436670096263126e-01 2.212756570684860091e-01 2.637486408771744784e-01 2.771345731537972479e-01 2.678001426117380679e-01 2.436701403928310528e-01 2.226332791511423659e-01 2.114205606149105743e-01 1.983257023638619887e-01 1.918518240975023159e-01 2.138710527770001646e-01 2.352435212374056617e-01 2.557293690853422730e-01 2.780945110743998083e-01 2.960129080593875139e-01
0.000000000000000000e+00 3.569530997566043307e-01 3.539725126462334170e-01 3.478621496948013370e-01 3.384118188205415545e-01 3.254949989729823412e-01 3.092175157164926413e-01 2.900143506680573635e-01 2.686532947086372469e-01 2.461325472322547225e-01 2.402808594366558637e-01 2.476428680321720310e-01 2.549360742173877314e-01 2.610828137856245346e-01 2.634609214218797124e-01 2.577014106685567296e-01 2.406181241029571594e-01 2.019135840372510426e-01 1.475295075272813616e-01 8.055772855757516171e-02 6.997041805374616674e-02 8.756437103734655836e-02 1.504474390536763018e-01 2.107813195827693276e-01 2.492487520175027671e-01 2.597563730699543050e-01 2.505546469978517377e-01 2.432272037605083259e-01 2.310851001130320159e-01 2.164521632424004083e-01 2.001875717699339030e-01 2.084234413824087029e-01 2.260350599530833449e-01 2.429465144905577634e-01 2.622079326826890489e-01 2.882837896483119167e-01 3.033082890368013484e-01
0.000000000000000000e+00 3.604676726658444519e-01 3.581382439618882585e-01 3.532973246003289769e-01 3.456620912124255818e-01 3.349869309840499687e-01 3.212162565550973903e-01 3.046047108635529521e-01 2.857636494873929678e-01 2.656096828565713275e-01 2.452167270485375583e-01 2.518232448299175252e-01 2.622214291850049617e-01 2.717473382791734116e-01 2.776705489443099251e-01 2.755743459875194534e-01 2.601996444597230451e-01 2.274690603516010268e-01 1.770106928582160788e-01 1.260665080331572485e-01 1.221000001664663132e-01 1.248438592542311931e-01 1.844188957838139575e-01 2.310242723169910195e-01 2.597772698895207122e-01 2.709616026014403656e-01 2.684571614900649883e-01 2.572571754264388333e-01 2.414749699918353198e-01 2.235168900085532095e-01 2.104715458766567848e-01 2.245933007282133187e-01 2.380377310864143225e-01 2.506598357276421662e-01 2.729450564282104863e-01 2.962566573920409896e-01 3.089147039257482130e-01
0.000000000000000000e+00 3.625188304617514290e-01 3.607858219186672044e-01 3.571175844966394952e-01 3.511812692976453154e-01 3.426382218909253541e-01 3.312906537905983551e-01 3.172131853619627462e-01 3.008331666959350170e-01 2.829302574844623219e-01 2.645397561337963221e-01 2.553297401721794091e-01 2.685744487572249151e-01 2.812283386681342923e-01 2.904159359272633911e-01 2.916290144426667563e-01 2.795784847527385542e-01 2.501740931824091851e-01 2.029686749308608484e-01 1.695842013283453409e-01 1.669916473455108075e-01 1.664182649242851031e-01 2.144811429807508274e-01 2.583070987517604999e-01 2.839219440528494287e-01 2.917673711560047622e-01 2.858345345660804337e-01 2.712363861479126781e-01 2.522388048473642175e-01 2.314012271752695638e-01 2.292977079477869495e-01 2.400207721895858126e-01 2.497976582052321703e-01 2.585381014424171786e-01 2.813806847512704823e-01 3.023805459605081181e-01 3.131838478986075369e-01
0.000000000000000000e+00 3.631436089543039203e-01 3.619422374510529727e-01 3.593280005279174127e-01 3.549389533065834823e-01 3.483710642913233069e-01 3.393111077751910787e-01 3.276675619813375073e-01 3.136717234731378201e-01 2.979204746690167216e-01 2.813348817894525955e-01 2.650222905452134792e-01 2.733029483023000084e-01 2.886164374531748344e-01 3.005545483644858074e-01 3.044880294822965294e-01 2.950784438924812236e-01 2.682276392370882556e-01 2.234476378804939600e-01 2.029222324415807521e-01 2.016004490395611470e-01 2.013707223987305783e-01 2.381946242961149041e-01 2.803546295840166347e-01 3.039215040793684652e-01 3.094179689780129361e-01 3.009186727229655745e-01 2.836753890270323764e-01 2.621544758173627310e-01 2.391186809842387184e-01 2.464859891183853735e-01 2.545098318543485560e-01 2.612356220873863211e-01 2.666254560622746683e-01 2.878256379659214770e-01 3.069287772879299436e-01 3.163417482854272156e-01
0.000000000000000000e+00 3.624258339641272531e-01 3.616880829752365800e-01 3.600001079902663270e-01 3.569882528898072338e-01 3.522092866816659007e-01 3.452654186842049056e-01 3.359249684465728247e-01 3.242304279220756258e-01 3.105712519097873492e-01 2.956926324307526666e-01 2.806133707879401862e-01 2.762019080103082502e-01 2.936328071667826944e-01 3.077393660141586329e-01 3.137536683609519206e-01 3.062750944577132262e-01 2.812057437285621631e-01 2.380564137671726255e-01 2.259529431857070503e-01 2.255832861970238357e-01 2.257789364244738861e-01 2.548879811365998282e-01 2.963019563835881942e-01 3.188074147535087666e-01 3.229221027554083356e-01 3.127612426618812669e-01 2.937124827645044567e-01 2.704636798297518907e-01 2.548226140355742131e-01 2.619631038952500712e-01 2.679596184099930500e-01 2.722462648007261121e-01 2.748415381035177463e-01 2.925044445207445887e-01 3.100626161569293160e-01 3.184870754821291783e-01
0.000000000000000000e+00 3.604809355610664734e-01 3.601405782933672639e-01 3.592519138446590432e-01 3.574424070497883577e-01 3.542517791427087781e-01 3.492285364658508917e-01 3.420345881311827041e-01 3.325484976082217492e-01 3.209533146584940821e-01 3.077836014212541049e-01 2.938979108334279777e-01 2.803523577883737516e-01 2.964774979333843485e-01 3.122281836830191337e-01 3.197686667561572826e-01 3.136255619840716546e-01 2.897055917821458881e-01 2.475520496819201277e-01 2.404448817789036352e-01 2.405768346477250019e-01 2.411406716058299426e-01 2.652875274403579953e-01 3.065390987824425095e-01 3.286934043543699446e-01 3.321898552029939888e-01 3.211415817234912762e-01 3.010559455892461989e-01 2.768398923002258205e-01 2.696737426350911959e-01 2.758009068816543730e-01 2.803251770690593503e-01 2.827069224347061316e-01 2.830256480542137631e-01 2.955744135631583336e-01 3.118692635331810625e-01 3.196410161587944776e-01
0.000000000000000000e+00 3.574429440779093858e-01 3.574388243136970567e-01 3.572301623112309477e-01 3.564537573462795428e-01 3.546489527561258459e-01 3.513377386436123406e-01 3.461114201670833501e-01 3.387211373259930158e-01 3.291671521040522297e-01 3.177688822432230831e-01 3.051821867235948726e-01 2.923286191976776083e-01 2.975945714234439765e-01 3.145783552933790195e-01 3.232306351285896828e-01 3.179972091756950725e-01 2.947895807198568918e-01 2.532075208421904478e-01 2.489889857347198643e-01 2.491325916619729353e-01 2.498931411434976158e-01 2.708758046850608392e-01 3.121767717025973332e-01 3.343472587432071430e-01 3.377017006375480634e-01 3.263194369066811928e-01 3.058056449436018509e-01 2.812656504558087578e-01 2.825913415106792170e-01 2.881265775472267587e-01 2.915902535201676526e-01 2.924995135508747235e-01 2.909952636382172608e-01 2.971638492717118551e-01 3.124115305915792784e-01 3.198024048652265972e-01
0.000000000000000000e+00 3.534540857523087998e-01 3.537318656597401856e-01 3.540956360153207361e-01 3.541957948605111706e-01 3.535822397127513228e-01 3.517715804879581465e-01 3.483170914104221083e-01 3.428828035326801915e-01 3.353241617689424747e-01 3.257660509372850011e-01 3.146501413128068858e-01 3.027129303493021895e-01 2.974529743800966575e-01 3.153630504206328955e-01 3.248376016942410849e-01 3.202405703824806049e-01 2.974892677053466161e-01 2.562563599678332471e-01 2.540642604202417720e-01 2.537769910304708554e-01 2.545078061729412755e-01 2.732819949488139444e-01 3.145258831533915278e-01 3.367648068665217154e-01 3.401730928109129026e-01 3.287799670163246701e-01 3.082653748508456526e-01 2.870415549993708959e-01 2.938735699012425817e-01 2.990649213859673528e-01 3.017513949029052012e-01 3.015266426157628410e-01 2.985865781284862686e-01 2.973986583969648323e-01 3.117577894053021881e-01 3.189781699413484772e-01
0.000000000000000000e+00 3.486569490736153853e-01 3.491696568656531552e-01 3.500118003972782499e-01 3.508487382159122259e-01 3.512468120607205035e-01 3.507315319840264012e-01 3.488438982467859661e-01 3.451978980648315321e-01 3.395466831220431692e-01 3.318564287122171552e-01 3.223680818820421901e-01 3.116114108173055341e-01 3.003402959566879304e-01 3.149957399626711618e-01 3.250758735277284317e-01 3.209411770148832832e-01 2.985237385872633320e-01 2.602240990059442316e-01 2.574995319975726948e-01 2.564582137267431561e-01 2.569537053113312708e-01 2.738841094005551868e-01 3.147521146170400574e-01 3.368843679282578774e-01 3.403281390828014064e-01 3.290604818471394855e-01 3.088138344064758067e-01 2.966960588522435383e-01 3.037529171072994583e-01 3.087158167481315330e-01 3.108111260190203895e-01 3.097169387660178019e-01 3.056707121293584239e-01 2.994663331435162834e-01 3.099912208892616206e-01 3.171923149127012231e-01
0.000000000000000000e+00 3.431889382656635457e-01 3.438967089993753001e-01 3.451367386546896343e-01 3.465888765455303888e-01 3.478379645313443569e-01 3.484263601726477755e-01 3.479003049160108163e-01 3.458529299411992608e-01 3.419739369559872677e-01 3.361112776804797142e-01 3.283339534226504264e-01 3.189676998085161364e-01 3.085726296994749651e-01 3.136808462247226426e-01 3.241702713525999036e-01 3.203704113982776547e-01 2.982502742734978174e-01 2.643820153955118712e-01 2.603478736634248780e-01 2.583975707014786738e-01 2.585426189552947340e-01 2.736501240157268589e-01 3.137305950162562196e-01 3.354624345707949429e-01 3.387983355081962134e-01 3.276706080761246365e-01 3.078428203812600961e-01 3.051684406430988927e-01 3.123968453512134258e-01 3.171546186281147817e-01 3.187769080229713725e-01 3.170242291307554527e-01 3.121565204338764832e-01 3.049371105863921683e-01 3.072166275327828933e-01 3.144954804972725504e-01
0.000000000000000000e+00 3.371786101396035407e-01 3.380479967263539942e-01 3.396180149198879117e-01 3.415815645205403372e-01 3.435415007782646746e-01 3.450599658664609826e-01 3.456981469243724514e-01 3.450478847848652553e-01 3.427656225728659134e-01 3.386180881758983907e-01 3.325368977676428361e-01 3.246633041429533018e-01 3.153575084229818803e-01 3.114576836432956797e-01 3.221503063697344071e-01 3.185736196473912818e-01 2.967698766238565100e-01 2.683119767146422419e-01 2.630343109286428782e-01 2.602064059831112330e-01 2.600190076252119065e-01 2.731452928989915319e-01 3.120365835129227938e-01 3.330549605481187836e-01 3.360993311428477903e-01 3.250676387465787909e-01 3.057331547019371265e-01 3.126595500996908750e-01 3.199229681492908872e-01 3.244387008464731936e-01 3.256611119702521595e-01 3.234245821905261664e-01 3.179895417632725985e-01 3.100585988486737055e-01 3.035763799047107581e-01 3.109866306151202187e-01
0.000000000000000000e+00 3.307434624862755634e-01 3.317466148492163591e-01 3.335898807478362982e-01 3.359773654199017523e-01 3.385279992605101373e-01 3.408232159238082093e-01 3.424426380414085092e-01 3.429873952096660905e-01 3.421006820281329852e-01 3.394970294578996683e-01 3.350039325950357472e-01 3.286067635423648992e-01 3.204796977769774347e-01 3.109894285576340622e-01 3.189619718487534672e-01 3.155062998420212761e-01 2.940810482727161390e-01 2.718828479475310922e-01 2.655984753821182265e-01 2.620929136958409233e-01 2.617272490538738450e-01 2.726085354397325133e-01 3.099879707269304618e-01 3.300330851693427658e-01 3.326273660389546527e-01 3.216409266346289542e-01 3.099753907164095046e-01 3.192918034640835345e-01 3.264060633767996711e-01 3.306080792085888675e-01 3.314769171431038441e-01 3.289095819213647132e-01 3.231454578919842335e-01 3.147984389211908596e-01 3.048641030849552069e-01 3.068320996050843963e-01
0.000000000000000000e+00 3.239887694163428589e-01 3.251026707088290890e-01 3.271721435715079229e-01 3.299105494393292926e-01 3.329502844099806458e-01 3.358896014756169168e-01 3.383258698035964129e-01 3.398731647532438616e-01 3.401723274353097848e-01 3.389056460054149511e-01 3.358245003324365485e-01 3.307895911001840772e-01 3.238156718665635703e-01 3.151109557079905810e-01 3.145661442512228123e-01 3.111463984837877783e-01 2.901992933408680808e-01 2.748468933187609986e-01 2.679019279873064985e-01 2.640352889903103684e-01 2.637447961055537915e-01 2.720314751462881153e-01 3.076856125267479758e-01 3.265910485452333534e-01 3.286435092697402860e-01 3.176821055580106301e-01 3.159297780569128578e-01 3.251053207787615862e-01 3.318723864381619704e-01 3.356779711960238277e-01 3.362283365117472722e-01 3.334725633664277211e-01 3.276113854254570357e-01 3.191466716793504022e-01 3.089326553434432188e-01 3.022534629537067530e-01
0.000000000000000000e+00 3.170071161755733669e-01 3.182129603059806189e-01 3.204700477320751584e-01 3.234990601095176777e-01 3.269430627395232825e-01 3.304138073812358245e-01 3.335234747712263470e-01 3.358983634179367184e-01 3.371811827592845479e-01 3.370340291006679312e-01 3.351535707154634225e-01 3.313051145160102462e-01 3.253760091959189138e-01 3.174431466437293015e-01 3.089928975276045597e-01 3.055488651092052588e-01 2.865400068828208302e-01 2.769756392393015743e-01 2.697505548872958792e-01 2.658811349098627597e-01 2.659540387373283687e-01 2.712219872606808635e-01 3.050430963002476736e-01 3.227460051846756661e-01 3.242510239611137157e-01 3.133494037741038074e-01 3.212833134486250963e-01 3.300500491036046924e-01 3.362923005658378650e-01 3.396306717996026014e-01 3.398988547731704446e-01 3.370903588059244727e-01 3.313563393308707195e-01 3.230708177268326042e-01 3.129208815703852786e-01 3.019370748418234718e-01
0.000000000000000000e+00 3.098783744118464023e-01 3.111610910759499693e-01 3.135746616387986019e-01 3.168451804480275080e-01 3.206236544251913068e-01 3.245319290880355201e-01 3.281933383515057701e-01 3.312436243433727889e-01 3.333276395200982511e-01 3.340936174649272172e-01 3.331986305133568527e-01 3.303372088643565241e-01 3.253006031199324188e-01 3.180659211201861125e-01 3.089004520070848803e-01 2.988448519850427920e-01 2.877418911696816850e-01 2.781116722026491517e-01 2.709473605407746732e-01 2.673968479396246489e-01 2.680857252567018234e-01 2.729703830939172460e-01 3.018267464789775034e-01 3.183552226381978212e-01 3.193934114711728389e-01 3.155855153993797901e-01 3.258442559675264194e-01 3.339964473824409419e-01 3.395869219407700035e-01 3.424177257109761174e-01 3.424477476642768803e-01 3.397108524909394078e-01 3.343055194267331443e-01 3.264716183127537308e-01 3.167118109737145915e-01 3.058700862871660542e-01
