BlockUplift_2Ma_1kryTimeStep_5mmyr_k_0.0001_m_0.5_n_1.0_LinDiffusion_1.0_6x3km_30mRes_drainage_area.txt
nrows 100
cellsize 30.0
xllcorner 0.0
ncols 200
yllcorner 0.0
[rows 68 to 84 of 100, columns 0 to 36 of 200]
0.000000000000000000e+00 9.000000000000000000e+02 1.800000000000000000e+03 2.700000000000000000e+03 9.000000000000000000e+02 1.800000000000000000e+03 2.700000000000000000e+03 3.600000000000000000e+03 4.500000000000000000e+03 5.400000000000000000e+03 6.300000000000000000e+03 7.200000000000000000e+03 8.100000000000000000e+03 9.000000000000000000e+03 9.900000000000000000e+03 1.080000000000000000e+04 1.170000000000000000e+04 1.260000000000000000e+04 1.350000000000000000e+04 1.440000000000000000e+04 1.530000000000000000e+04 1.279800000000000000e+06 1.290600000000000000e+06 1.440000000000000000e+04 1.350000000000000000e+04 1.260000000000000000e+04 1.170000000000000000e+04 1.080000000000000000e+04 9.900000000000000000e+03 9.000000000000000000e+03 8.100000000000000000e+03 7.200000000000000000e+03 6.300000000000000000e+03 5.400000000000000000e+03 4.500000000000000000e+03 3.600000000000000000e+03 2.700000000000000000e+03
0.000000000000000000e+00 9.000000000000000000e+02 1.800000000000000000e+03 2.700000000000000000e+03 3.600000000000000000e+03 9.000000000000000000e+02 1.800000000000000000e+03 2.700000000000000000e+03 3.600000000000000000e+03 4.500000000000000000e+03 5.400000000000000000e+03 6.300000000000000000e+03 7.200000000000000000e+03 8.100000000000000000e+03 9.000000000000000000e+03 9.900000000000000000e+03 1.080000000000000000e+04 1.170000000000000000e+04 1.260000000000000000e+04 1.350000000000000000e+04 1.440000000000000000e+04 1.295100000000000000e+06 1.309500000000000000e+06 1.800000000000000000e+04 1.710000000000000000e+04 1.620000000000000000e+04 1.530000000000000000e+04 1.440000000000000000e+04 1.350000000000000000e+04 1.260000000000000000e+04 1.170000000000000000e+04 1.080000000000000000e+04 9.900000000000000000e+03 9.000000000000000000e+03 8.100000000000000000e+03 7.200000000000000000e+03 6.300000000000000000e+03
0.000000000000000000e+00 1.800000000000000000e+03 9.000000000000000000e+02 2.700000000000000000e+03 3.600000000000000000e+03 4.500000000000000000e+03 9.000000000000000000e+02 1.800000000000000000e+03 2.700000000000000000e+03 3.600000000000000000e+03 4.500000000000000000e+03 5.400000000000000000e+03 6.300000000000000000e+03 7.200000000000000000e+03 8.100000000000000000e+03 9.000000000000000000e+03 9.900000000000000000e+03 1.080000000000000000e+04 1.170000000000000000e+04 1.260000000000000000e+04 1.350000000000000000e+04 1.309500000000000000e+06 1.323900000000000000e+06 1.350000000000000000e+04 1.260000000000000000e+04 1.170000000000000000e+04 1.080000000000000000e+04 9.900000000000000000e+03 9.000000000000000000e+03 8.100000000000000000e+03 7.200000000000000000e+03 6.300000000000000000e+03 5.400000000000000000e+03 4.500000000000000000e+03 3.600000000000000000e+03 2.700000000000000000e+03 1.800000000000000000e+03
0.000000000000000000e+00 2.700000000000000000e+03 9.000000000000000000e+02 1.800000000000000000e+03 3.600000000000000000e+03 4.500000000000000000e+03 5.400000000000000000e+03 9.000000000000000000e+02 1.800000000000000000e+03 2.700000000000000000e+03 3.600000000000000000e+03 4.500000000000000000e+03 5.400000000000000000e+03 6.300000000000000000e+03 7.200000000000000000e+03 8.100000000000000000e+03 9.000000000000000000e+03 9.900000000000000000e+03 1.080000000000000000e+04 1.170000000000000000e+04 1.260000000000000000e+04 1.323000000000000000e+06 1.337400000000000000e+06 1.260000000000000000e+04 1.170000000000000000e+04 1.080000000000000000e+04 9.900000000000000000e+03 9.000000000000000000e+03 8.100000000000000000e+03 7.200000000000000000e+03 6.300000000000000000e+03 5.400000000000000000e+03 4.500000000000000000e+03 3.600000000000000000e+03 2.700000000000000000e+03 1.800000000000000000e+03 9.000000000000000000e+02
0.000000000000000000e+00 3.600000000000000000e+03 9.000000000000000000e+02 1.800000000000000000e+03 2.700000000000000000e+03 4.500000000000000000e+03 5.400000000000000000e+03 6.300000000000000000e+03 9.000000000000000000e+02 1.800000000000000000e+03 2.700000000000000000e+03 3.600000000000000000e+03 4.500000000000000000e+03 5.400000000000000000e+03 6.300000000000000000e+03 7.200000000000000000e+03 8.100000000000000000e+03 9.000000000000000000e+03 9.900000000000000000e+03 1.080000000000000000e+04 1.170000000000000000e+04 1.335600000000000000e+06 1.350000000000000000e+06 1.170000000000000000e+04 1.080000000000000000e+04 9.900000000000000000e+03 9.000000000000000000e+03 8.100000000000000000e+03 7.200000000000000000e+03 6.300000000000000000e+03 5.400000000000000000e+03 4.500000000000000000e+03 3.600000000000000000e+03 2.700000000000000000e+03 1.800000000000000000e+03 9.000000000000000000e+02 5.400000000000000000e+03
0.000000000000000000e+00 4.500000000000000000e+03 1.800000000000000000e+03 9.000000000000000000e+02 2.700000000000000000e+03 3.600000000000000000e+03 5.400000000000000000e+03 6.300000000000000000e+03 7.200000000000000000e+03 9.000000000000000000e+02 1.800000000000000000e+03 2.700000000000000000e+03 3.600000000000000000e+03 4.500000000000000000e+03 5.400000000000000000e+03 6.300000000000000000e+03 7.200000000000000000e+03 8.100000000000000000e+03 9.000000000000000000e+03 9.900000000000000000e+03 1.080000000000000000e+04 1.347300000000000000e+06 1.368000000000000000e+06 1.710000000000000000e+04 1.620000000000000000e+04 1.530000000000000000e+04 1.440000000000000000e+04 1.350000000000000000e+04 1.260000000000000000e+04 1.170000000000000000e+04 1.080000000000000000e+04 9.900000000000000000e+03 9.000000000000000000e+03 8.100000000000000000e+03 7.200000000000000000e+03 6.300000000000000000e+03 5.400000000000000000e+03
0.000000000000000000e+00 5.400000000000000000e+03 2.700000000000000000e+03 9.000000000000000000e+02 1.800000000000000000e+03 3.600000000000000000e+03 4.500000000000000000e+03 6.300000000000000000e+03 7.200000000000000000e+03 8.100000000000000000e+03 9.000000000000000000e+03 9.900000000000000000e+03 1.080000000000000000e+04 1.170000000000000000e+04 1.260000000000000000e+04 1.350000000000000000e+04 1.440000000000000000e+04 1.530000000000000000e+04 1.620000000000000000e+04 1.710000000000000000e+04 1.800000000000000000e+04 1.366200000000000000e+06 1.379700000000000000e+06 1.080000000000000000e+04 9.900000000000000000e+03 9.000000000000000000e+03 8.100000000000000000e+03 7.200000000000000000e+03 6.300000000000000000e+03 5.400000000000000000e+03 4.500000000000000000e+03 3.600000000000000000e+03 2.700000000000000000e+03 1.800000000000000000e+03 9.000000000000000000e+02 6.300000000000000000e+03 5.400000000000000000e+03
0.000000000000000000e+00 6.300000000000000000e+03 3.600000000000000000e+03 1.800000000000000000e+03 9.000000000000000000e+02 2.700000000000000000e+03 4.500000000000000000e+03 5.400000000000000000e+03 7.200000000000000000e+03 8.100000000000000000e+03 9.000000000000000000e+02 1.800000000000000000e+03 2.700000000000000000e+03 3.600000000000000000e+03 4.500000000000000000e+03 5.400000000000000000e+03 6.300000000000000000e+03 7.200000000000000000e+03 8.100000000000000000e+03 9.000000000000000000e+03 9.900000000000000000e+03 1.377000000000000000e+06 1.390500000000000000e+06 9.900000000000000000e+03 9.000000000000000000e+03 8.100000000000000000e+03 7.200000000000000000e+03 6.300000000000000000e+03 5.400000000000000000e+03 4.500000000000000000e+03 3.600000000000000000e+03 2.700000000000000000e+03 1.800000000000000000e+03 9.000000000000000000e+02 7.200000000000000000e+03 6.300000000000000000e+03 4.500000000000000000e+03
0.000000000000000000e+00 7.200000000000000000e+03 4.500000000000000000e+03 2.700000000000000000e+03 9.000000000000000000e+02 1.800000000000000000e+03 3.600000000000000000e+03 5.400000000000000000e+03 6.300000000000000000e+03 8.100000000000000000e+03 9.000000000000000000e+03 9.000000000000000000e+02 9.000000000000000000e+02 1.800000000000000000e+03 2.700000000000000000e+03 3.600000000000000000e+03 4.500000000000000000e+03 5.400000000000000000e+03 6.300000000000000000e+03 7.200000000000000000e+03 8.100000000000000000e+03 1.377900000000000000e+06 1.391400000000000000e+06 9.000000000000000000e+03 8.100000000000000000e+03 7.200000000000000000e+03 6.300000000000000000e+03 5.400000000000000000e+03 4.500000000000000000e+03 3.600000000000000000e+03 2.700000000000000000e+03 1.800000000000000000e+03 9.000000000000000000e+02 8.100000000000000000e+03 7.200000000000000000e+03 5.400000000000000000e+03 4.500000000000000000e+03
0.000000000000000000e+00 8.100000000000000000e+03 5.400000000000000000e+03 3.600000000000000000e+03 1.800000000000000000e+03 9.000000000000000000e+02 2.700000000000000000e+03 4.500000000000000000e+03 6.300000000000000000e+03 7.200000000000000000e+03 9.000000000000000000e+03 9.900000000000000000e+03 1.800000000000000000e+03 9.000000000000000000e+02 1.800000000000000000e+03 2.700000000000000000e+03 3.600000000000000000e+03 4.500000000000000000e+03 5.400000000000000000e+03 6.300000000000000000e+03 7.200000000000000000e+03 1.386900000000000000e+06 1.401300000000000000e+06 8.100000000000000000e+03 7.200000000000000000e+03 6.300000000000000000e+03 5.400000000000000000e+03 4.500000000000000000e+03 3.600000000000000000e+03 2.700000000000000000e+03 1.800000000000000000e+03 9.000000000000000000e+02 9.000000000000000000e+03 8.100000000000000000e+03 6.300000000000000000e+03 5.400000000000000000e+03 3.600000000000000000e+03
0.000000000000000000e+00 9.000000000000000000e+03 6.300000000000000000e+03 4.500000000000000000e+03 2.700000000000000000e+03 1.800000000000000000e+03 9.000000000000000000e+02 3.600000000000000000e+03 5.400000000000000000e+03 7.200000000000000000e+03 8.100000000000000000e+03 9.900000000000000000e+03 1.080000000000000000e+04 2.700000000000000000e+03 9.000000000000000000e+02 1.800000000000000000e+03 2.700000000000000000e+03 3.600000000000000000e+03 4.500000000000000000e+03 5.400000000000000000e+03 9.000000000000000000e+02 1.395000000000000000e+06 1.410300000000000000e+06 9.000000000000000000e+02 6.300000000000000000e+03 5.400000000000000000e+03 4.500000000000000000e+03 3.600000000000000000e+03 2.700000000000000000e+03 1.800000000000000000e+03 9.000000000000000000e+02 9.900000000000000000e+03 9.000000000000000000e+03 7.200000000000000000e+03 6.300000000000000000e+03 4.500000000000000000e+03 2.700000000000000000e+03
0.000000000000000000e+00 9.900000000000000000e+03 7.200000000000000000e+03 5.400000000000000000e+03 3.600000000000000000e+03 2.700000000000000000e+03 9.000000000000000000e+02 1.800000000000000000e+03 4.500000000000000000e+03 6.300000000000000000e+03 8.100000000000000000e+03 9.000000000000000000e+03 1.080000000000000000e+04 1.170000000000000000e+04 3.600000000000000000e+03 9.000000000000000000e+02 9.000000000000000000e+02 9.000000000000000000e+02 9.000000000000000000e+02 9.000000000000000000e+02 6.300000000000000000e+03 1.396800000000000000e+06 1.412100000000000000e+06 7.200000000000000000e+03 9.000000000000000000e+02 3.600000000000000000e+03 2.700000000000000000e+03 1.800000000000000000e+03 9.000000000000000000e+02 9.000000000000000000e+02 1.080000000000000000e+04 9.900000000000000000e+03 8.100000000000000000e+03 7.200000000000000000e+03 5.400000000000000000e+03 3.600000000000000000e+03 9.000000000000000000e+02
0.000000000000000000e+00 1.080000000000000000e+04 8.100000000000000000e+03 6.300000000000000000e+03 4.500000000000000000e+03 3.600000000000000000e+03 1.800000000000000000e+03 9.000000000000000000e+02 2.700000000000000000e+03 5.400000000000000000e+03 7.200000000000000000e+03 9.000000000000000000e+03 9.900000000000000000e+03 1.170000000000000000e+04 1.260000000000000000e+04 4.500000000000000000e+03 1.800000000000000000e+03 1.800000000000000000e+03 1.800000000000000000e+03 1.800000000000000000e+03 1.800000000000000000e+03 1.404000000000000000e+06 1.420200000000000000e+06 1.800000000000000000e+03 4.500000000000000000e+03 9.000000000000000000e+02 9.000000000000000000e+02 9.000000000000000000e+02 1.800000000000000000e+03 1.170000000000000000e+04 1.080000000000000000e+04 9.000000000000000000e+03 8.100000000000000000e+03 6.300000000000000000e+03 4.500000000000000000e+03 1.800000000000000000e+03 9.000000000000000000e+02
0.000000000000000000e+00 1.170000000000000000e+04 9.000000000000000000e+03 7.200000000000000000e+03 5.400000000000000000e+03 4.500000000000000000e+03 2.700000000000000000e+03 1.800000000000000000e+03 9.000000000000000000e+02 3.600000000000000000e+03 6.300000000000000000e+03 8.100000000000000000e+03 9.900000000000000000e+03 1.080000000000000000e+04 1.260000000000000000e+04 1.350000000000000000e+04 5.400000000000000000e+03 2.700000000000000000e+03 2.700000000000000000e+03 2.700000000000000000e+03 2.700000000000000000e+03 1.406700000000000000e+06 1.422900000000000000e+06 5.400000000000000000e+03 1.800000000000000000e+03 1.800000000000000000e+03 1.800000000000000000e+03 2.700000000000000000e+03 1.260000000000000000e+04 1.170000000000000000e+04 9.900000000000000000e+03 9.000000000000000000e+03 7.200000000000000000e+03 5.400000000000000000e+03 2.700000000000000000e+03 9.000000000000000000e+02 1.800000000000000000e+03
0.000000000000000000e+00 1.260000000000000000e+04 9.900000000000000000e+03 8.100000000000000000e+03 6.300000000000000000e+03 5.400000000000000000e+03 3.600000000000000000e+03 2.700000000000000000e+03 1.800000000000000000e+03 9.000000000000000000e+02 4.500000000000000000e+03 7.200000000000000000e+03 9.000000000000000000e+03 1.080000000000000000e+04 1.170000000000000000e+04 1.350000000000000000e+04 1.440000000000000000e+04 6.300000000000000000e+03 3.600000000000000000e+03 3.600000000000000000e+03 3.600000000000000000e+03 1.410300000000000000e+06 1.429200000000000000e+06 2.700000000000000000e+03 2.700000000000000000e+03 2.700000000000000000e+03 3.600000000000000000e+03 1.350000000000000000e+04 1.260000000000000000e+04 1.080000000000000000e+04 9.900000000000000000e+03 8.100000000000000000e+03 6.300000000000000000e+03 3.600000000000000000e+03 9.000000000000000000e+02 1.800000000000000000e+03 2.700000000000000000e+03
0.000000000000000000e+00 1.350000000000000000e+04 1.080000000000000000e+04 9.000000000000000000e+03 7.200000000000000000e+03 6.300000000000000000e+03 4.500000000000000000e+03 3.600000000000000000e+03 2.700000000000000000e+03 9.000000000000000000e+02 1.800000000000000000e+03 5.400000000000000000e+03 8.100000000000000000e+03 9.900000000000000000e+03 1.170000000000000000e+04 1.260000000000000000e+04 1.440000000000000000e+04 1.530000000000000000e+04 7.200000000000000000e+03 4.500000000000000000e+03 8.100000000000000000e+03 1.411200000000000000e+06 1.432800000000000000e+06 3.600000000000000000e+03 3.600000000000000000e+03 4.500000000000000000e+03 1.440000000000000000e+04 1.350000000000000000e+04 1.170000000000000000e+04 1.080000000000000000e+04 9.000000000000000000e+03 7.200000000000000000e+03 4.500000000000000000e+03 1.800000000000000000e+03 9.000000000000000000e+02 2.700000000000000000e+03 3.600000000000000000e+03
0.000000000000000000e+00 1.440000000000000000e+04 1.170000000000000000e+04 9.900000000000000000e+03 8.100000000000000000e+03 7.200000000000000000e+03 5.400000000000000000e+03 4.500000000000000000e+03 3.600000000000000000e+03 1.800000000000000000e+03 9.000000000000000000e+02 2.700000000000000000e+03 6.300000000000000000e+03 9.000000000000000000e+03 1.080000000000000000e+04 1.260000000000000000e+04 1.350000000000000000e+04 1.530000000000000000e+04 1.620000000000000000e+04 8.100000000000000000e+03 1.350000000000000000e+04 1.412100000000000000e+06 1.433700000000000000e+06 8.100000000000000000e+03 5.400000000000000000e+03 1.530000000000000000e+04 1.440000000000000000e+04 1.260000000000000000e+04 1.170000000000000000e+04 9.900000000000000000e+03 8.100000000000000000e+03 5.400000000000000000e+03 2.700000000000000000e+03 9.000000000000000000e+02 1.800000000000000000e+03 3.600000000000000000e+03 4.500000000000000000e+03
