BlockUplift_2Ma_1kryTimeStep_2mmyr_k_1e-05_m_0.5_n_1.0_LinDiffusion_0.25_3x6km_30mRes_flow__link_to_receiver_node.txt
nrows 200
cellsize 30.0
xllcorner 0.0
ncols 100
yllcorner 0.0
[rows 17 to 33 of 200, columns 0 to 36 of 100]
-1.000000000000000000e+00 3.611900000000000000e+04 3.612000000000000000e+04 3.612100000000000000e+04 3.612200000000000000e+04 7.554900000000000000e+04 7.555100000000000000e+04 7.555300000000000000e+04 7.555500000000000000e+04 7.555700000000000000e+04 7.555900000000000000e+04 7.556100000000000000e+04 7.556300000000000000e+04 7.556500000000000000e+04 7.556700000000000000e+04 7.556900000000000000e+04 7.557100000000000000e+04 7.557300000000000000e+04 7.557500000000000000e+04 7.557700000000000000e+04 7.557900000000000000e+04 7.558100000000000000e+04 7.558300000000000000e+04 7.558500000000000000e+04 7.558700000000000000e+04 7.558900000000000000e+04 7.559100000000000000e+04 7.559300000000000000e+04 7.559500000000000000e+04 7.559700000000000000e+04 7.559900000000000000e+04 7.560100000000000000e+04 7.560300000000000000e+04 7.560500000000000000e+04 7.560700000000000000e+04 7.560900000000000000e+04 7.561100000000000000e+04
-1.000000000000000000e+00 3.592000000000000000e+04 3.592100000000000000e+04 3.592200000000000000e+04 3.592300000000000000e+04 7.535100000000000000e+04 7.535300000000000000e+04 7.535500000000000000e+04 7.535700000000000000e+04 7.535900000000000000e+04 7.536100000000000000e+04 7.536300000000000000e+04 7.536500000000000000e+04 7.536700000000000000e+04 7.536900000000000000e+04 7.537100000000000000e+04 7.537300000000000000e+04 7.537500000000000000e+04 7.537700000000000000e+04 7.537900000000000000e+04 7.538100000000000000e+04 7.538300000000000000e+04 7.538500000000000000e+04 7.538700000000000000e+04 7.538900000000000000e+04 7.539100000000000000e+04 7.539300000000000000e+04 7.539500000000000000e+04 7.539700000000000000e+04 7.539900000000000000e+04 7.540100000000000000e+04 7.540300000000000000e+04 7.540500000000000000e+04 7.540700000000000000e+04 7.540900000000000000e+04 7.541100000000000000e+04 7.541300000000000000e+04
-1.000000000000000000e+00 3.572100000000000000e+04 3.572200000000000000e+04 3.572300000000000000e+04 3.572400000000000000e+04 7.515300000000000000e+04 7.515500000000000000e+04 7.515700000000000000e+04 7.515900000000000000e+04 7.516100000000000000e+04 7.516300000000000000e+04 7.516500000000000000e+04 7.516700000000000000e+04 7.516900000000000000e+04 7.517100000000000000e+04 7.517300000000000000e+04 7.517500000000000000e+04 7.517700000000000000e+04 7.517900000000000000e+04 7.518100000000000000e+04 7.518300000000000000e+04 7.518500000000000000e+04 7.518700000000000000e+04 7.518900000000000000e+04 7.519100000000000000e+04 7.519300000000000000e+04 7.519500000000000000e+04 7.519700000000000000e+04 7.519900000000000000e+04 7.520100000000000000e+04 7.520300000000000000e+04 7.520500000000000000e+04 7.520700000000000000e+04 7.520900000000000000e+04 7.521100000000000000e+04 7.521300000000000000e+04 7.521500000000000000e+04
-1.000000000000000000e+00 3.552200000000000000e+04 3.552300000000000000e+04 3.552400000000000000e+04 3.552500000000000000e+04 3.552600000000000000e+04 7.495700000000000000e+04 7.495900000000000000e+04 7.496100000000000000e+04 7.496300000000000000e+04 7.496500000000000000e+04 7.496700000000000000e+04 7.496900000000000000e+04 7.497100000000000000e+04 7.497300000000000000e+04 7.497500000000000000e+04 7.497700000000000000e+04 7.497900000000000000e+04 7.498100000000000000e+04 7.498300000000000000e+04 7.498500000000000000e+04 7.498700000000000000e+04 7.498900000000000000e+04 7.499100000000000000e+04 7.499300000000000000e+04 7.499500000000000000e+04 7.499700000000000000e+04 7.499900000000000000e+04 7.500100000000000000e+04 7.500300000000000000e+04 7.500500000000000000e+04 7.500700000000000000e+04 7.500900000000000000e+04 7.501100000000000000e+04 7.501300000000000000e+04 7.501500000000000000e+04 7.501700000000000000e+04
-1.000000000000000000e+00 3.532300000000000000e+04 3.532400000000000000e+04 3.532500000000000000e+04 3.532600000000000000e+04 3.532700000000000000e+04 7.475900000000000000e+04 7.476100000000000000e+04 7.476300000000000000e+04 7.476500000000000000e+04 7.476700000000000000e+04 7.476900000000000000e+04 7.477100000000000000e+04 7.477300000000000000e+04 7.477500000000000000e+04 7.477700000000000000e+04 7.477900000000000000e+04 7.478100000000000000e+04 7.478300000000000000e+04 7.478500000000000000e+04 7.478700000000000000e+04 7.478900000000000000e+04 7.479100000000000000e+04 7.479300000000000000e+04 7.479500000000000000e+04 7.479700000000000000e+04 7.479900000000000000e+04 7.480100000000000000e+04 7.480300000000000000e+04 7.480500000000000000e+04 7.480700000000000000e+04 7.480900000000000000e+04 7.481100000000000000e+04 7.481300000000000000e+04 7.481500000000000000e+04 7.481700000000000000e+04 7.481900000000000000e+04
-1.000000000000000000e+00 3.512400000000000000e+04 3.512500000000000000e+04 3.512600000000000000e+04 3.512700000000000000e+04 3.512800000000000000e+04 7.456100000000000000e+04 7.456300000000000000e+04 7.456500000000000000e+04 7.456700000000000000e+04 7.456900000000000000e+04 7.457100000000000000e+04 7.457300000000000000e+04 7.457500000000000000e+04 7.457700000000000000e+04 7.457900000000000000e+04 7.458100000000000000e+04 7.458300000000000000e+04 7.458500000000000000e+04 7.458700000000000000e+04 7.458900000000000000e+04 7.459100000000000000e+04 7.459300000000000000e+04 7.459500000000000000e+04 7.459700000000000000e+04 7.459900000000000000e+04 7.460100000000000000e+04 7.460300000000000000e+04 7.460500000000000000e+04 7.460700000000000000e+04 7.460900000000000000e+04 7.461100000000000000e+04 7.461300000000000000e+04 7.461500000000000000e+04 7.461700000000000000e+04 7.461900000000000000e+04 7.462100000000000000e+04
-1.000000000000000000e+00 3.492500000000000000e+04 3.492600000000000000e+04 3.492700000000000000e+04 3.492800000000000000e+04 3.492900000000000000e+04 7.436300000000000000e+04 7.436500000000000000e+04 7.436700000000000000e+04 7.436900000000000000e+04 7.437100000000000000e+04 7.437300000000000000e+04 7.437500000000000000e+04 7.437700000000000000e+04 7.437900000000000000e+04 7.438100000000000000e+04 7.438300000000000000e+04 7.438500000000000000e+04 7.438700000000000000e+04 7.438900000000000000e+04 7.439100000000000000e+04 7.439300000000000000e+04 7.439500000000000000e+04 7.439700000000000000e+04 7.439900000000000000e+04 7.440100000000000000e+04 7.440300000000000000e+04 7.440500000000000000e+04 7.440700000000000000e+04 7.440900000000000000e+04 7.441100000000000000e+04 7.441300000000000000e+04 7.441500000000000000e+04 7.441700000000000000e+04 7.441900000000000000e+04 7.442100000000000000e+04 7.442300000000000000e+04
-1.000000000000000000e+00 3.472600000000000000e+04 3.472700000000000000e+04 3.472800000000000000e+04 3.472900000000000000e+04 3.473000000000000000e+04 7.416500000000000000e+04 7.416700000000000000e+04 7.416900000000000000e+04 7.417100000000000000e+04 7.417300000000000000e+04 7.417500000000000000e+04 7.417700000000000000e+04 7.417900000000000000e+04 7.418100000000000000e+04 7.418300000000000000e+04 7.418500000000000000e+04 7.418700000000000000e+04 7.418900000000000000e+04 7.419100000000000000e+04 7.419300000000000000e+04 7.419500000000000000e+04 7.419700000000000000e+04 7.419900000000000000e+04 7.420100000000000000e+04 7.420300000000000000e+04 7.420500000000000000e+04 7.420700000000000000e+04 7.420900000000000000e+04 7.421100000000000000e+04 7.421300000000000000e+04 7.421500000000000000e+04 7.421700000000000000e+04 7.421900000000000000e+04 7.422100000000000000e+04 7.422300000000000000e+04 7.422500000000000000e+04
-1.000000000000000000e+00 3.452700000000000000e+04 3.452800000000000000e+04 3.452900000000000000e+04 3.453000000000000000e+04 3.453100000000000000e+04 7.396700000000000000e+04 7.396900000000000000e+04 7.397100000000000000e+04 7.397300000000000000e+04 7.397500000000000000e+04 7.397700000000000000e+04 7.397900000000000000e+04 7.398100000000000000e+04 7.398300000000000000e+04 7.398500000000000000e+04 7.398700000000000000e+04 7.398900000000000000e+04 7.399100000000000000e+04 7.399300000000000000e+04 7.399500000000000000e+04 7.399700000000000000e+04 7.399900000000000000e+04 7.400100000000000000e+04 7.400300000000000000e+04 7.400500000000000000e+04 7.400700000000000000e+04 7.400900000000000000e+04 7.401100000000000000e+04 7.401300000000000000e+04 7.401500000000000000e+04 7.401700000000000000e+04 7.401900000000000000e+04 7.402100000000000000e+04 7.402300000000000000e+04 7.402500000000000000e+04 7.402700000000000000e+04
-1.000000000000000000e+00 3.432800000000000000e+04 3.432900000000000000e+04 3.433000000000000000e+04 3.433100000000000000e+04 3.433200000000000000e+04 7.376900000000000000e+04 7.377100000000000000e+04 7.377300000000000000e+04 7.377500000000000000e+04 7.377700000000000000e+04 7.377900000000000000e+04 7.378100000000000000e+04 7.378300000000000000e+04 7.378500000000000000e+04 7.378700000000000000e+04 7.378900000000000000e+04 7.379100000000000000e+04 7.379300000000000000e+04 7.379500000000000000e+04 7.379700000000000000e+04 7.379900000000000000e+04 7.380100000000000000e+04 7.380300000000000000e+04 7.380500000000000000e+04 7.380700000000000000e+04 7.380900000000000000e+04 7.381100000000000000e+04 7.381300000000000000e+04 7.381500000000000000e+04 7.381700000000000000e+04 7.381900000000000000e+04 7.382100000000000000e+04 7.382300000000000000e+04 7.382500000000000000e+04 7.382700000000000000e+04 7.382900000000000000e+04
-1.000000000000000000e+00 3.412900000000000000e+04 3.413000000000000000e+04 3.413100000000000000e+04 3.413200000000000000e+04 3.413300000000000000e+04 7.357100000000000000e+04 7.357300000000000000e+04 7.357500000000000000e+04 7.357700000000000000e+04 7.357900000000000000e+04 7.358100000000000000e+04 7.358300000000000000e+04 7.358500000000000000e+04 7.358700000000000000e+04 7.358900000000000000e+04 7.359100000000000000e+04 7.359300000000000000e+04 7.359500000000000000e+04 7.359700000000000000e+04 7.359900000000000000e+04 7.360100000000000000e+04 7.360300000000000000e+04 7.360500000000000000e+04 7.360700000000000000e+04 7.360900000000000000e+04 7.361100000000000000e+04 7.361300000000000000e+04 7.361500000000000000e+04 7.361700000000000000e+04 7.361900000000000000e+04 7.362100000000000000e+04 7.362300000000000000e+04 7.362500000000000000e+04 7.362700000000000000e+04 7.362900000000000000e+04 7.363100000000000000e+04
-1.000000000000000000e+00 3.393000000000000000e+04 3.393100000000000000e+04 3.393200000000000000e+04 3.393300000000000000e+04 3.393400000000000000e+04 7.337300000000000000e+04 7.337500000000000000e+04 7.337700000000000000e+04 7.337900000000000000e+04 7.338100000000000000e+04 7.338300000000000000e+04 7.338500000000000000e+04 7.338700000000000000e+04 7.338900000000000000e+04 7.339100000000000000e+04 7.339300000000000000e+04 7.339500000000000000e+04 7.339700000000000000e+04 7.339900000000000000e+04 7.340100000000000000e+04 7.340300000000000000e+04 7.340500000000000000e+04 7.340700000000000000e+04 7.340900000000000000e+04 7.341100000000000000e+04 7.341300000000000000e+04 7.341500000000000000e+04 7.341700000000000000e+04 7.341900000000000000e+04 7.342100000000000000e+04 7.342300000000000000e+04 7.342500000000000000e+04 7.342700000000000000e+04 7.342900000000000000e+04 7.343100000000000000e+04 7.343300000000000000e+04
-1.000000000000000000e+00 3.373100000000000000e+04 3.373200000000000000e+04 3.373300000000000000e+04 3.373400000000000000e+04 3.373500000000000000e+04 3.373600000000000000e+04 7.317700000000000000e+04 7.317900000000000000e+04 7.318100000000000000e+04 7.318300000000000000e+04 7.318500000000000000e+04 7.318700000000000000e+04 7.318900000000000000e+04 7.319100000000000000e+04 7.319300000000000000e+04 7.319500000000000000e+04 7.319700000000000000e+04 7.319900000000000000e+04 7.320100000000000000e+04 7.320300000000000000e+04 7.320500000000000000e+04 7.320700000000000000e+04 7.320900000000000000e+04 7.321100000000000000e+04 7.321300000000000000e+04 7.321500000000000000e+04 7.321700000000000000e+04 7.321900000000000000e+04 7.322100000000000000e+04 7.322300000000000000e+04 7.322500000000000000e+04 7.322700000000000000e+04 7.322900000000000000e+04 7.323100000000000000e+04 7.323300000000000000e+04 7.323500000000000000e+04
-1.000000000000000000e+00 3.353200000000000000e+04 3.353300000000000000e+04 3.353400000000000000e+04 3.353500000000000000e+04 3.353600000000000000e+04 3.353700000000000000e+04 7.297900000000000000e+04 7.298100000000000000e+04 7.298300000000000000e+04 7.298500000000000000e+04 7.298700000000000000e+04 7.298900000000000000e+04 7.299100000000000000e+04 7.299300000000000000e+04 7.299500000000000000e+04 7.299700000000000000e+04 7.299900000000000000e+04 7.300100000000000000e+04 7.300300000000000000e+04 7.300500000000000000e+04 7.300700000000000000e+04 7.300900000000000000e+04 7.301100000000000000e+04 7.301300000000000000e+04 7.301500000000000000e+04 7.301700000000000000e+04 7.301900000000000000e+04 7.302100000000000000e+04 7.302300000000000000e+04 7.302500000000000000e+04 7.302700000000000000e+04 7.302900000000000000e+04 7.303100000000000000e+04 7.303300000000000000e+04 7.303500000000000000e+04 7.303700000000000000e+04
-1.000000000000000000e+00 3.333300000000000000e+04 3.333400000000000000e+04 3.333500000000000000e+04 3.333600000000000000e+04 3.333700000000000000e+04 3.333800000000000000e+04 7.278100000000000000e+04 7.278300000000000000e+04 7.278500000000000000e+04 7.278700000000000000e+04 7.278900000000000000e+04 7.279100000000000000e+04 7.279300000000000000e+04 7.279500000000000000e+04 7.279700000000000000e+04 7.279900000000000000e+04 7.280100000000000000e+04 7.280300000000000000e+04 7.280500000000000000e+04 7.280700000000000000e+04 7.280900000000000000e+04 7.281100000000000000e+04 7.281300000000000000e+04 7.281500000000000000e+04 7.281700000000000000e+04 7.281900000000000000e+04 7.282100000000000000e+04 7.282300000000000000e+04 7.282500000000000000e+04 7.282700000000000000e+04 7.282900000000000000e+04 7.283100000000000000e+04 7.283300000000000000e+04 7.283500000000000000e+04 7.283700000000000000e+04 7.283900000000000000e+04
-1.000000000000000000e+00 3.313400000000000000e+04 3.313500000000000000e+04 3.313600000000000000e+04 3.313700000000000000e+04 3.313800000000000000e+04 3.313900000000000000e+04 7.258300000000000000e+04 7.258500000000000000e+04 7.258700000000000000e+04 7.258900000000000000e+04 7.259100000000000000e+04 7.259300000000000000e+04 7.259500000000000000e+04 7.259700000000000000e+04 7.259900000000000000e+04 7.260100000000000000e+04 7.260300000000000000e+04 7.260500000000000000e+04 7.260700000000000000e+04 7.260900000000000000e+04 7.261100000000000000e+04 7.261300000000000000e+04 7.261500000000000000e+04 7.261700000000000000e+04 7.261900000000000000e+04 7.262100000000000000e+04 7.262300000000000000e+04 7.262500000000000000e+04 7.262700000000000000e+04 7.262900000000000000e+04 7.263100000000000000e+04 7.263300000000000000e+04 7.263500000000000000e+04 7.263700000000000000e+04 7.263900000000000000e+04 7.264100000000000000e+04
-1.000000000000000000e+00 3.293500000000000000e+04 3.293600000000000000e+04 3.293700000000000000e+04 3.293800000000000000e+04 3.293900000000000000e+04 3.294000000000000000e+04 7.238500000000000000e+04 7.238700000000000000e+04 7.238900000000000000e+04 7.239100000000000000e+04 7.239300000000000000e+04 7.239500000000000000e+04 7.239700000000000000e+04 7.239900000000000000e+04 7.240100000000000000e+04 7.240300000000000000e+04 7.240500000000000000e+04 7.240700000000000000e+04 7.240900000000000000e+04 7.241100000000000000e+04 7.241300000000000000e+04 7.241500000000000000e+04 7.241700000000000000e+04 7.241900000000000000e+04 7.242100000000000000e+04 7.242300000000000000e+04 7.242500000000000000e+04 7.242700000000000000e+04 7.242900000000000000e+04 7.243100000000000000e+04 7.243300000000000000e+04 7.243500000000000000e+04 7.243700000000000000e+04 7.243900000000000000e+04 7.244100000000000000e+04 7.244300000000000000e+04
