BlockUplift_2Ma_1kryTimeStep_2mmyr_k_5e-05_m_0.5_n_1.0_LinDiffusion_1_6x3km_30mRes_topographic__steepest_slope.txt
nrows 100
cellsize 30.0
xllcorner 0.0
ncols 200
yllcorner 0.0
[rows 0 to 16 of 100, columns 74 to 110 of 200]
0.000000000000000000e+00 0.000000000000000000e+00 0.000000000000000000e+00 0.000000000000000000e+00 0.000000000000000000e+00 0.000000000000000000e+00 0.000000000000000000e+00 0.000000000000000000e+00 0.000000000000000000e+00 0.000000000000000000e+00 0.000000000000000000e+00 0.000000000000000000e+00 0.000000000000000000e+00 0.000000000000000000e+00 0.000000000000000000e+00 0.000000000000000000e+00 0.000000000000000000e+00 0.000000000000000000e+00 0.000000000000000000e+00 0.000000000000000000e+00 0.000000000000000000e+00 0.000000000000000000e+00 0.000000000000000000e+00 0.000000000000000000e+00 0.000000000000000000e+00 0.000000000000000000e+00 0.000000000000000000e+00 0.000000000000000000e+00 0.000000000000000000e+00 0.000000000000000000e+00 0.000000000000000000e+00 0.000000000000000000e+00 0.000000000000000000e+00 0.000000000000000000e+00 0.000000000000000000e+00 0.000000000000000000e+00 0.000000000000000000e+00
7.380279088723540326e-02 6.932169840260020421e-02 6.390091300261178942e-02 5.779635950121506799e-02 5.126153772775467882e-02 4.451996712241523824e-02 3.774909408718993969e-02 3.245533898796111594e-02 3.269636131160875286e-02 3.464076653556401320e-02 4.093503438553617452e-02 4.694517620335130620e-02 5.257542870201271229e-02 5.770927733472191318e-02 6.221904484591565809e-02 6.598144704880871958e-02 6.889543129088694651e-02 7.089803384721961310e-02 7.197448160836947273e-02 7.216025702702470734e-02 7.153494021088487032e-02 7.020969881010112601e-02 6.831166630279843222e-02 6.596872587111558828e-02 6.329739022465501186e-02 6.039491111673851026e-02 5.733506222875634634e-02 5.416581394779812486e-02 5.090677539578739724e-02 4.754495563531240671e-02 4.645921582652666471e-02 4.666774933787110058e-02 4.689965847177290925e-02 4.715377842233010874e-02 4.741856368448225251e-02 4.767098420983302554e-02 4.811502827072407229e-02
9.916475372595243143e-02 9.384179168209191846e-02 8.768588024910269063e-02 8.097809471281382232e-02 7.398244715946945826e-02 6.691997473664833274e-02 6.374580223552281377e-02 6.400480747977325968e-02 6.447958345314266926e-02 6.515486254861571624e-02 6.602720925524560580e-02 7.123541386110159024e-02 7.745847540850943347e-02 8.325112264177207677e-02 8.847147452161453762e-02 9.297548146549555748e-02 9.663649296098250630e-02 9.936392005039833275e-02 1.011167064111289093e-01 1.019086602197325497e-01 1.018048101426537871e-01 1.009101978766020480e-01 9.935419902297770722e-02 9.727406668020580072e-02 9.480080497021527164e-02 9.204900894274914425e-02 9.008056531902183806e-02 9.055994800644763532e-02 9.096039471929770470e-02 9.132587243760781348e-02 9.169424312632751262e-02 9.209376477338461486e-02 9.253946210760659319e-02 9.302930732504818834e-02 9.354072641818902967e-02 9.402853260218080322e-02 9.442569646696483132e-02
1.237044402139194227e-01 1.174924428291793110e-01 1.105368403469268596e-01 1.031510787583354988e-01 9.561578108231927331e-02 9.339278959170087269e-02 9.342916171561152505e-02 9.381344048022507986e-02 9.450657779171933726e-02 9.548888170149136267e-02 9.675787324176023108e-02 9.832211211514732541e-02 1.014933107772468535e-01 1.079838469076867119e-01 1.139460782301921493e-01 1.192104861890379008e-01 1.236204983682354375e-01 1.270548686582973208e-01 1.294452052812045117e-01 1.307848876960504558e-01 1.311278199479789797e-01 1.305780130723174226e-01 1.292730721715886488e-01 1.288215789165216563e-01 1.302771942024492091e-01 1.314192068673454006e-01 1.323022444236774675e-01 1.329925523995939274e-01 1.335600623129986897e-01 1.340714667059501042e-01 1.345843091455662943e-01 1.351416007242202399e-01 1.357664214746212850e-01 1.364564148101938545e-01 1.371788909061706363e-01 1.378680902569764666e-01 1.384265983573641223e-01
1.467462342873742387e-01 1.396318412022919953e-01 1.318474205117020071e-01 1.237427707660461867e-01 1.210378045071706793e-01 1.206074094004255387e-01 1.206766515793181865e-01 1.211775406338157779e-01 1.220641837365102761e-01 1.233158530806652692e-01 1.249338315842237479e-01 1.269333375331522518e-01 1.293322414065301018e-01 1.321385327586161451e-01 1.380165369870639258e-01 1.440491768063365263e-01 1.492023346223766977e-01 1.533212305262810771e-01 1.563087949367138463e-01 1.581385152488102019e-01 1.588555950667429051e-01 1.615773381618851035e-01 1.644397256070230240e-01 1.668283801093859153e-01 1.687490462961022675e-01 1.702445551590320294e-01 1.713857237266286915e-01 1.722603923519197278e-01 1.729624849483343552e-01 1.735822254151382082e-01 1.741977298636205318e-01 1.748675133962933614e-01 1.756233083230692160e-01 1.764630886926132347e-01 1.773451650728437301e-01 1.781852357466884029e-01 1.788588126391914557e-01
1.677603929325648113e-01 1.597579300421910764e-01 1.511460250674623584e-01 1.464343380190371025e-01 1.453145131655408651e-01 1.448559623603425106e-01 1.449653063805574904e-01 1.455664822291510008e-01 1.466111314952210365e-01 1.480812854106640375e-01 1.499850894740309970e-01 1.523470324619893290e-01 1.551945347343348658e-01 1.585430141061351661e-01 1.623817802482979689e-01 1.669656403190710736e-01 1.728505622289858434e-01 1.776301042723675838e-01 1.811768262106357719e-01 1.858822437079122036e-01 1.904061690522515504e-01 1.945010531615177229e-01 1.980620182247738170e-01 2.010350263089776546e-01 2.034191177357721758e-01 2.052613440318434013e-01 2.066461861432041247e-01 2.076819731103569100e-01 2.084867189612774896e-01 2.091750318099646622e-01 2.098467019885106311e-01 2.105767188470963336e-01 2.114061913577794938e-01 2.123341113150293835e-01 2.133109266548710026e-01 2.142360040760763751e-01 2.149616158015154044e-01
1.863899991349152463e-01 1.775342647210935432e-01 1.694262965659883435e-01 1.674433643229652491e-01 1.662764391910513950e-01 1.658183010140229785e-01 1.659666540897584697e-01 1.666421359676064640e-01 1.677983659324392418e-01 1.694238180123041615e-01 1.715364235296533424e-01 1.741724213592723003e-01 1.773712958675143225e-01 1.811589123509747823e-01 1.855312768706615656e-01 1.904416046425126408e-01 1.957933255223754943e-01 2.014410392833610730e-01 2.072001800697686746e-01 2.128644442324760522e-01 2.182282992308425262e-01 2.231106378085466191e-01 2.273752847145184830e-01 2.309447499479082011e-01 2.338051666170220810e-01 2.360022920119831669e-01 2.376302117440028949e-01 2.388154783232228906e-01 2.396995985295727050e-01 2.404221472352901512e-01 2.411057066593305931e-01 2.418428345392044376e-01 2.426848238806352809e-01 2.436323509218330796e-01 2.446290628262810796e-01 2.455602186204108306e-01 2.462589691366323108e-01
2.024555184697910126e-01 1.927944568187261731e-01 1.869792310578153038e-01 1.849736522303601360e-01 1.838091964809943080e-01 1.833678484528377395e-01 1.835429835959265232e-01 1.842566028827794244e-01 1.854682992026406851e-01 1.871760472732527658e-01 1.894098258828686709e-01 1.922195210873761939e-01 1.956587852458293864e-01 1.997667970303306506e-01 2.045502746490759083e-01 2.099685065940396500e-01 2.159242887135026934e-01 2.222631948657370626e-01 2.287824273655208740e-01 2.352487310666106224e-01 2.414229130125742639e-01 2.470869303263611982e-01 2.520687841960504438e-01 2.562608451200465987e-01 2.596286526789223781e-01 2.622092774322595798e-01 2.641004082588513935e-01 2.654428540431770789e-01 2.663997572786456769e-01 2.671354830096751010e-01 2.677961870140393441e-01 2.684930147932808042e-01 2.692882654072491500e-01 2.701849588333857244e-01 2.711209632961678606e-01 2.719696682019616674e-01 2.725494281931863383e-01
2.159398088072133626e-01 2.055279409310029337e-01 2.010662627276587899e-01 1.991026436658444310e-01 1.979713706362645209e-01 1.975478195218443034e-01 1.977256920990688172e-01 1.984324952498961181e-01 1.996369035946637949e-01 2.013483933625328237e-01 2.036101707076454770e-01 2.064866539442429538e-01 2.100468960811705810e-01 2.143456036855923286e-01 2.194038969901612179e-01 2.251925169959425321e-01 2.316205085039541589e-01 2.385321639806155247e-01 2.457140136367267358e-01 2.529119576177890627e-01 2.598565939412765258e-01 2.662929227510744679e-01 2.720094464425566461e-01 2.768616140402249126e-01 2.807856473584820489e-01 2.838007556879991733e-01 2.860000436926194989e-01 2.875324043720373646e-01 2.885788618092419711e-01 2.893269999629296541e-01 2.899464746524813563e-01 2.905676318650042278e-01 2.912644877147803069e-01 2.920431086378850183e-01 2.928367259242880549e-01 2.935092920501043978e-01 2.938690051373934464e-01
2.269590286674906532e-01 2.158522897775674576e-01 2.119288739422131584e-01 2.100451646576630138e-01 2.089563021641576424e-01 2.085358596144184784e-01 2.086822740831583700e-01 2.093318530503173180e-01 2.104642733340938432e-01 2.121011825239899340e-01 2.142988323296587394e-01 2.171357159395218561e-01 2.206962296158584136e-01 2.250516493108572491e-01 2.302402567384395637e-01 2.362491194880287082e-01 2.430005334760001745e-01 2.503461460228663671e-01 2.580710640545210710e-01 2.659087877677507317e-01 2.735658187135641128e-01 2.807527130329276477e-01 2.872167325257161674e-01 2.927705768724308544e-01 2.973122185910142545e-01 3.008325240456807825e-01 3.034097016258215374e-01 3.051920326764578362e-01 3.063721848795959435e-01 3.071572968737049103e-01 3.077389479434297637e-01 3.082664230512932590e-01 3.088258400223556355e-01 3.094270978077209855e-01 3.100002855318356176e-01 3.104028593390883994e-01 3.104380738637360082e-01
2.357259654359428747e-01 2.239783029518995494e-01 2.199009066704699367e-01 2.181074284961861676e-01 2.170496179123082015e-01 2.166043430738530673e-01 2.166786524969059602e-01 2.172199021820423182e-01 2.182193902050888201e-01 2.197102066184356828e-01 2.217600244485765926e-01 2.244594562361006129e-01 2.279066119009182101e-01 2.321887666432833897e-01 2.373625988261703068e-01 2.434548394888662315e-01 2.526945110259274374e-01 2.604497542844914082e-01 2.664148832679870127e-01 2.744536537193804637e-01 2.827387372235610763e-01 2.906318129081644774e-01 2.978401894353623902e-01 3.041301867895148114e-01 3.093535619692981409e-01 3.134619456239799429e-01 3.165066917087112075e-01 3.186242699977886450e-01 3.200098942378076794e-01 3.208838773322478799e-01 3.214559600525035421e-01 3.218926685400409493e-01 3.222919653979829380e-01 3.226684283683312060e-01 3.229510775986341176e-01 3.229946780949072838e-01 3.226036561042860962e-01
2.425119990218444488e-01 2.301737623755138462e-01 2.253613412466885790e-01 2.236437392572459826e-01 2.225889932524826864e-01 2.220822648628882345e-01 2.220423348417322473e-01 2.224287586657321125e-01 2.232438547682250030e-01 2.245301762640413701e-01 2.263638943799605729e-01 2.288443585844599226e-01 2.320801303358583367e-01 2.361720627280874396e-01 2.411944933888283404e-01 2.509845935054419441e-01 2.607988139304679431e-01 2.690747876631112701e-01 2.754703039987057012e-01 2.797803460782401497e-01 2.876976035925660202e-01 2.962206046987565511e-01 3.041424661528556728e-01 3.111829151196389143e-01 3.171418573645458650e-01 3.219216437847308154e-01 3.255341026046456587e-01 3.280906596073085435e-01 3.297771126067573499e-01 3.308174714084808898e-01 3.314331151191538538e-01 3.318041111475811822e-01 3.320389824401369649e-01 3.321577754484223988e-01 3.320912341954965763e-01 3.316963984032213486e-01 3.307861757113982892e-01
2.476126453729437515e-01 2.347305074754847398e-01 2.286954375075727908e-01 2.270206707137655544e-01 2.259304136141812025e-01 2.253226250880932813e-01 2.251300478120432103e-01 2.253245792241083678e-01 2.259179835967226324e-01 2.269593781089194462e-01 2.285295591051294539e-01 2.307321119492295736e-01 2.336813653492602894e-01 2.374875280160760327e-01 2.448682629182668546e-01 2.563232283754623975e-01 2.666635305476581785e-01 2.754230672489419995e-01 2.822258065136751815e-01 2.868365005029617776e-01 2.891908850054758506e-01 2.979190627590772578e-01 3.064863674957754025e-01 3.142590178082817487e-01 3.209830804615914079e-01 3.265038878339377448e-01 3.307816765243880019e-01 3.338885189027375189e-01 3.359864483330075591e-01 3.372906161856879526e-01 3.380244481990757888e-01 3.383754115555556718e-01 3.384598950716300458e-01 3.383039463706931094e-01 3.378435528953180889e-01 3.369443013979264157e-01 3.354362388924774785e-01
2.513198850928471395e-01 2.379378270668915663e-01 2.302668732851960443e-01 2.285909479647368070e-01 2.274229036445641894e-01 2.266771611292028865e-01 2.263017194141715149e-01 2.262801429872108028e-01 2.266314438666654496e-01 2.274079292108467654e-01 2.286906903910335132e-01 2.305824340033079123e-01 2.331976223687661220e-01 2.366501702024606801e-01 2.478332429614799881e-01 2.597630040582906141e-01 2.705743664125396797e-01 2.797731033830208047e-01 2.869535952763722642e-01 2.918521068531339524e-01 2.943805013959930883e-01 2.962190659290911410e-01 3.053220391349858454e-01 3.137672093953730035e-01 3.212494504055863898e-01 3.275530399837274786e-01 3.325766859191939262e-01 3.363390808428789458e-01 3.389627425943255168e-01 3.406388522569254174e-01 3.415803270655260460e-01 3.419732811596171707e-01 3.419375931059278062e-01 3.415053523818035730e-01 3.406219010491876586e-01 3.391688931101858318e-01 3.370034585636195179e-01
2.539027073893199704e-01 2.400635055899540404e-01 2.304010761741021041e-01 2.286771128979391277e-01 2.273918267144760252e-01 2.264786752713310591e-01 2.259013096588053660e-01 2.256537122086342551e-01 2.257596994475420671e-01 2.262713899452743760e-01 2.272659296109698912e-01 2.288400343697920281e-01 2.311023820722728772e-01 2.363484759211645081e-01 2.492733231903813407e-01 2.616157571224344558e-01 2.728387440441706335e-01 2.824265737395298959e-01 2.899496024495127888e-01 2.951187022316464903e-01 2.978216471397710507e-01 2.981367452439988575e-01 3.011702317567748199e-01 3.101836395700994786e-01 3.183727402329926126e-01 3.254614712240898600e-01 3.312806668170821811e-01 3.357834725392402908e-01 3.390371395496989404e-01 3.411922461040205468e-01 3.424362855440316600e-01 3.429428749195968518e-01 3.428292790148096403e-01 3.421329908492320437e-01 3.408131657628473699e-01 3.387760197012805174e-01 3.359166784459413635e-01
2.555957865586185318e-01 2.413424693670585264e-01 2.293782046336332314e-01 2.275635976249986980e-01 2.261296411873369439e-01 2.250301823401400780e-01 2.242441185707586271e-01 2.237742708776750133e-01 2.236469083892150822e-01 2.239109900831673938e-01 2.246360676908542020e-01 2.259083741785313237e-01 2.278253388796201706e-01 2.362317129417141615e-01 2.494962642728097979e-01 2.621899774014996853e-01 2.737636461444813984e-01 2.836873805090655565e-01 2.915140487559272353e-01 2.969333556769006011e-01 2.998098181760206482e-01 3.002002480095002923e-01 2.983487461630962012e-01 3.040358001667622379e-01 3.128342993370040181e-01 3.206643963306456957e-01 3.272874135402503160e-01 3.325821679139248088e-01 3.365465225219869128e-01 3.392737547035039603e-01 3.409097553330127650e-01 3.416027791529908653e-01 3.414599146849392475e-01 3.405226848804924766e-01 3.387685696494391885e-01 3.361373554392211305e-01 3.325734789540736869e-01
2.565951171012138543e-01 2.419719868516547190e-01 2.274332894493113488e-01 2.254950917212302786e-01 2.238924074262702846e-01 2.225995931495958757e-01 2.216097198219548203e-01 2.209327440857199176e-01 2.205953714319851544e-01 2.206411281877573571e-01 2.211292897534841984e-01 2.221322412682373570e-01 2.237318285960971653e-01 2.352305612616504837e-01 2.487843865842930269e-01 2.617712954783138479e-01 2.736363856234111935e-01 2.838430974541793494e-01 2.919338642739828238e-01 2.975822353177302038e-01 3.006311914058811818e-01 3.011139324940725892e-01 2.992545558863221045e-01 2.958804023010581097e-01 3.051496310394024025e-01 3.136305836188322815e-01 3.210186569410798940e-01 3.271141394728639962e-01 3.318346127229972464e-01 3.352009722807186565e-01 3.373015501486918422e-01 3.382457463983523094e-01 3.381220647213656894e-01 3.369740812785247952e-01 3.348018802694525675e-01 3.315877447899841513e-01 3.273363610867439655e-01
