BlockUplift_2Ma_1kryTimeStep_2mmyr_k_5e-05_m_0.5_n_1.0_LinDiffusion_0.25_3x6km_30mRes_surface_water__discharge.txt
nrows 200
cellsize 30.0
xllcorner 0.0
ncols 100
yllcorner 0.0
[rows 17 to 33 of 200, columns 37 to 73 of 100]
1.530000000000000000e+04 1.530000000000000000e+04 1.377000000000000000e+05 1.530000000000000000e+04 1.404000000000000000e+05 1.440000000000000000e+04 1.791000000000000000e+05 1.647000000000000000e+05 1.530000000000000000e+04 1.440000000000000000e+04 1.350000000000000000e+04 1.260000000000000000e+04 1.170000000000000000e+04 1.080000000000000000e+04 9.900000000000000000e+03 9.000000000000000000e+03 8.100000000000000000e+03 7.200000000000000000e+03 6.300000000000000000e+03 5.400000000000000000e+03 4.500000000000000000e+03 3.600000000000000000e+03 2.700000000000000000e+03 1.800000000000000000e+03 9.000000000000000000e+02 9.000000000000000000e+02 1.800000000000000000e+03 2.700000000000000000e+03 2.700000000000000000e+03 3.600000000000000000e+03 4.500000000000000000e+03 5.400000000000000000e+03 1.440000000000000000e+04 6.300000000000000000e+03 7.200000000000000000e+03 8.100000000000000000e+03 9.000000000000000000e+03
7.650000000000000000e+04 1.620000000000000000e+04 1.539000000000000000e+05 1.566000000000000000e+05 1.530000000000000000e+04 1.971000000000000000e+05 1.710000000000000000e+04 1.620000000000000000e+04 1.530000000000000000e+04 1.440000000000000000e+04 1.350000000000000000e+04 1.260000000000000000e+04 1.170000000000000000e+04 1.080000000000000000e+04 9.900000000000000000e+03 9.000000000000000000e+03 8.100000000000000000e+03 7.200000000000000000e+03 6.300000000000000000e+03 5.400000000000000000e+03 4.500000000000000000e+03 3.600000000000000000e+03 2.700000000000000000e+03 1.800000000000000000e+03 9.000000000000000000e+02 9.000000000000000000e+02 1.800000000000000000e+03 4.500000000000000000e+03 8.100000000000000000e+03 1.170000000000000000e+04 1.620000000000000000e+04 2.160000000000000000e+04 6.300000000000000000e+03 1.530000000000000000e+04 7.200000000000000000e+03 8.100000000000000000e+03 9.000000000000000000e+03
7.200000000000000000e+03 8.460000000000000000e+04 1.710000000000000000e+05 1.728000000000000000e+05 2.160000000000000000e+05 1.800000000000000000e+04 1.710000000000000000e+04 1.620000000000000000e+04 1.530000000000000000e+04 1.440000000000000000e+04 1.350000000000000000e+04 1.260000000000000000e+04 1.170000000000000000e+04 1.080000000000000000e+04 9.900000000000000000e+03 9.000000000000000000e+03 8.100000000000000000e+03 7.200000000000000000e+03 6.300000000000000000e+03 5.400000000000000000e+03 4.500000000000000000e+03 3.600000000000000000e+03 2.700000000000000000e+03 1.800000000000000000e+03 9.000000000000000000e+02 9.000000000000000000e+02 2.700000000000000000e+03 3.600000000000000000e+03 4.500000000000000000e+03 5.400000000000000000e+03 6.300000000000000000e+03 7.200000000000000000e+03 2.970000000000000000e+04 3.690000000000000000e+04 1.620000000000000000e+04 8.100000000000000000e+03 9.000000000000000000e+03
6.300000000000000000e+03 7.200000000000000000e+03 2.565000000000000000e+05 4.086000000000000000e+05 1.890000000000000000e+04 1.800000000000000000e+04 1.710000000000000000e+04 1.620000000000000000e+04 1.530000000000000000e+04 1.440000000000000000e+04 1.350000000000000000e+04 1.260000000000000000e+04 1.170000000000000000e+04 1.080000000000000000e+04 9.900000000000000000e+03 9.000000000000000000e+03 8.100000000000000000e+03 7.200000000000000000e+03 6.300000000000000000e+03 5.400000000000000000e+03 4.500000000000000000e+03 3.600000000000000000e+03 2.700000000000000000e+03 1.800000000000000000e+03 9.000000000000000000e+02 9.000000000000000000e+02 1.800000000000000000e+03 2.700000000000000000e+03 3.600000000000000000e+03 4.500000000000000000e+03 5.400000000000000000e+03 6.300000000000000000e+03 7.200000000000000000e+03 8.100000000000000000e+03 4.590000000000000000e+04 6.300000000000000000e+04 9.000000000000000000e+03
3.600000000000000000e+03 4.500000000000000000e+03 2.646000000000000000e+05 4.275000000000000000e+05 1.800000000000000000e+04 1.710000000000000000e+04 1.620000000000000000e+04 1.530000000000000000e+04 1.440000000000000000e+04 1.350000000000000000e+04 1.260000000000000000e+04 1.170000000000000000e+04 1.080000000000000000e+04 9.900000000000000000e+03 9.000000000000000000e+03 8.100000000000000000e+03 7.200000000000000000e+03 6.300000000000000000e+03 5.400000000000000000e+03 4.500000000000000000e+03 3.600000000000000000e+03 2.700000000000000000e+03 1.800000000000000000e+03 9.000000000000000000e+02 9.000000000000000000e+02 1.800000000000000000e+03 2.700000000000000000e+03 3.600000000000000000e+03 4.500000000000000000e+03 5.400000000000000000e+03 6.300000000000000000e+03 7.200000000000000000e+03 8.100000000000000000e+03 9.000000000000000000e+03 9.900000000000000000e+03 1.080000000000000000e+04 7.470000000000000000e+04
9.000000000000000000e+02 9.000000000000000000e+02 6.975000000000000000e+05 1.890000000000000000e+04 1.800000000000000000e+04 1.710000000000000000e+04 1.620000000000000000e+04 1.530000000000000000e+04 1.440000000000000000e+04 1.350000000000000000e+04 1.260000000000000000e+04 1.170000000000000000e+04 1.080000000000000000e+04 9.900000000000000000e+03 9.000000000000000000e+03 8.100000000000000000e+03 7.200000000000000000e+03 6.300000000000000000e+03 5.400000000000000000e+03 4.500000000000000000e+03 3.600000000000000000e+03 2.700000000000000000e+03 1.800000000000000000e+03 9.000000000000000000e+02 9.000000000000000000e+02 1.800000000000000000e+03 2.700000000000000000e+03 3.600000000000000000e+03 4.500000000000000000e+03 5.400000000000000000e+03 6.300000000000000000e+03 7.200000000000000000e+03 8.100000000000000000e+03 9.000000000000000000e+03 9.900000000000000000e+03 1.080000000000000000e+04 1.170000000000000000e+04
1.800000000000000000e+03 2.700000000000000000e+03 7.173000000000000000e+05 1.890000000000000000e+04 1.800000000000000000e+04 1.710000000000000000e+04 1.620000000000000000e+04 1.530000000000000000e+04 1.440000000000000000e+04 1.350000000000000000e+04 1.260000000000000000e+04 1.170000000000000000e+04 1.080000000000000000e+04 9.900000000000000000e+03 9.000000000000000000e+03 8.100000000000000000e+03 7.200000000000000000e+03 6.300000000000000000e+03 5.400000000000000000e+03 4.500000000000000000e+03 3.600000000000000000e+03 2.700000000000000000e+03 1.800000000000000000e+03 9.000000000000000000e+02 9.000000000000000000e+02 1.800000000000000000e+03 2.700000000000000000e+03 3.600000000000000000e+03 4.500000000000000000e+03 5.400000000000000000e+03 6.300000000000000000e+03 7.200000000000000000e+03 8.100000000000000000e+03 9.000000000000000000e+03 9.900000000000000000e+03 1.080000000000000000e+04 1.170000000000000000e+04
2.700000000000000000e+03 5.400000000000000000e+03 7.560000000000000000e+05 1.890000000000000000e+04 1.800000000000000000e+04 1.710000000000000000e+04 1.620000000000000000e+04 1.530000000000000000e+04 1.440000000000000000e+04 1.350000000000000000e+04 1.260000000000000000e+04 1.170000000000000000e+04 1.080000000000000000e+04 9.900000000000000000e+03 9.000000000000000000e+03 8.100000000000000000e+03 7.200000000000000000e+03 6.300000000000000000e+03 5.400000000000000000e+03 4.500000000000000000e+03 3.600000000000000000e+03 2.700000000000000000e+03 1.800000000000000000e+03 9.000000000000000000e+02 9.000000000000000000e+02 9.000000000000000000e+02 1.800000000000000000e+03 2.700000000000000000e+03 3.600000000000000000e+03 4.500000000000000000e+03 5.400000000000000000e+03 6.300000000000000000e+03 7.200000000000000000e+03 8.100000000000000000e+03 9.000000000000000000e+03 9.900000000000000000e+03 1.080000000000000000e+04
7.200000000000000000e+03 7.623000000000000000e+05 1.890000000000000000e+04 1.800000000000000000e+04 1.710000000000000000e+04 1.620000000000000000e+04 1.530000000000000000e+04 1.440000000000000000e+04 1.350000000000000000e+04 1.260000000000000000e+04 1.170000000000000000e+04 1.080000000000000000e+04 9.900000000000000000e+03 9.000000000000000000e+03 8.100000000000000000e+03 7.200000000000000000e+03 6.300000000000000000e+03 5.400000000000000000e+03 4.500000000000000000e+03 3.600000000000000000e+03 2.700000000000000000e+03 1.800000000000000000e+03 9.000000000000000000e+02 9.000000000000000000e+02 9.000000000000000000e+02 1.800000000000000000e+03 2.700000000000000000e+03 3.600000000000000000e+03 4.500000000000000000e+03 5.400000000000000000e+03 6.300000000000000000e+03 7.200000000000000000e+03 8.100000000000000000e+03 9.000000000000000000e+03 9.900000000000000000e+03 1.080000000000000000e+04 1.170000000000000000e+04
8.100000000000000000e+03 8.001000000000000000e+05 1.800000000000000000e+04 1.710000000000000000e+04 1.620000000000000000e+04 1.530000000000000000e+04 1.440000000000000000e+04 1.350000000000000000e+04 1.260000000000000000e+04 1.170000000000000000e+04 1.080000000000000000e+04 9.900000000000000000e+03 9.000000000000000000e+03 8.100000000000000000e+03 7.200000000000000000e+03 6.300000000000000000e+03 5.400000000000000000e+03 4.500000000000000000e+03 3.600000000000000000e+03 2.700000000000000000e+03 1.800000000000000000e+03 9.000000000000000000e+02 1.800000000000000000e+03 1.800000000000000000e+03 9.000000000000000000e+02 9.000000000000000000e+02 1.800000000000000000e+03 2.700000000000000000e+03 3.600000000000000000e+03 4.500000000000000000e+03 5.400000000000000000e+03 6.300000000000000000e+03 7.200000000000000000e+03 8.100000000000000000e+03 9.000000000000000000e+03 9.900000000000000000e+03 1.080000000000000000e+04
8.091000000000000000e+05 1.710000000000000000e+04 1.620000000000000000e+04 1.530000000000000000e+04 1.440000000000000000e+04 1.350000000000000000e+04 1.260000000000000000e+04 1.170000000000000000e+04 1.080000000000000000e+04 9.900000000000000000e+03 9.000000000000000000e+03 8.100000000000000000e+03 7.200000000000000000e+03 6.300000000000000000e+03 5.400000000000000000e+03 4.500000000000000000e+03 3.600000000000000000e+03 2.700000000000000000e+03 1.800000000000000000e+03 9.000000000000000000e+02 9.000000000000000000e+02 2.700000000000000000e+03 2.700000000000000000e+03 1.800000000000000000e+03 9.000000000000000000e+02 9.000000000000000000e+02 9.000000000000000000e+02 1.800000000000000000e+03 2.700000000000000000e+03 3.600000000000000000e+03 4.500000000000000000e+03 5.400000000000000000e+03 6.300000000000000000e+03 7.200000000000000000e+03 8.100000000000000000e+03 9.000000000000000000e+03 9.900000000000000000e+03
1.800000000000000000e+04 1.350000000000000000e+04 1.260000000000000000e+04 1.170000000000000000e+04 1.080000000000000000e+04 9.900000000000000000e+03 9.000000000000000000e+03 8.100000000000000000e+03 7.200000000000000000e+03 6.300000000000000000e+03 5.400000000000000000e+03 4.500000000000000000e+03 3.600000000000000000e+03 2.700000000000000000e+03 1.800000000000000000e+03 9.000000000000000000e+02 9.000000000000000000e+02 9.000000000000000000e+02 9.000000000000000000e+02 1.800000000000000000e+03 3.600000000000000000e+03 3.600000000000000000e+03 2.700000000000000000e+03 1.800000000000000000e+03 9.000000000000000000e+02 9.000000000000000000e+02 1.800000000000000000e+03 2.700000000000000000e+03 3.600000000000000000e+03 4.500000000000000000e+03 5.400000000000000000e+03 6.300000000000000000e+03 7.200000000000000000e+03 8.100000000000000000e+03 9.000000000000000000e+03 9.900000000000000000e+03 1.080000000000000000e+04
2.520000000000000000e+04 1.080000000000000000e+04 9.900000000000000000e+03 9.000000000000000000e+03 8.100000000000000000e+03 7.200000000000000000e+03 6.300000000000000000e+03 5.400000000000000000e+03 4.500000000000000000e+03 3.600000000000000000e+03 2.700000000000000000e+03 1.800000000000000000e+03 9.000000000000000000e+02 9.000000000000000000e+02 9.000000000000000000e+02 1.800000000000000000e+03 1.800000000000000000e+03 1.800000000000000000e+03 2.700000000000000000e+03 4.500000000000000000e+03 4.500000000000000000e+03 3.600000000000000000e+03 2.700000000000000000e+03 1.800000000000000000e+03 9.000000000000000000e+02 9.000000000000000000e+02 1.800000000000000000e+03 2.700000000000000000e+03 3.600000000000000000e+03 4.500000000000000000e+03 5.400000000000000000e+03 6.300000000000000000e+03 7.200000000000000000e+03 8.100000000000000000e+03 9.000000000000000000e+03 9.900000000000000000e+03 1.080000000000000000e+04
8.100000000000000000e+03 7.200000000000000000e+03 6.300000000000000000e+03 5.400000000000000000e+03 4.500000000000000000e+03 3.600000000000000000e+03 2.700000000000000000e+03 1.800000000000000000e+03 9.000000000000000000e+02 9.000000000000000000e+02 9.000000000000000000e+02 9.000000000000000000e+02 1.800000000000000000e+03 1.800000000000000000e+03 2.700000000000000000e+03 2.700000000000000000e+03 2.700000000000000000e+03 3.600000000000000000e+03 5.400000000000000000e+03 5.400000000000000000e+03 4.500000000000000000e+03 3.600000000000000000e+03 2.700000000000000000e+03 1.800000000000000000e+03 1.800000000000000000e+03 9.000000000000000000e+02 9.000000000000000000e+02 9.000000000000000000e+02 1.800000000000000000e+03 2.700000000000000000e+03 3.600000000000000000e+03 4.500000000000000000e+03 5.400000000000000000e+03 6.300000000000000000e+03 7.200000000000000000e+03 8.100000000000000000e+03 9.000000000000000000e+03
4.500000000000000000e+03 3.600000000000000000e+03 2.700000000000000000e+03 1.800000000000000000e+03 9.000000000000000000e+02 9.000000000000000000e+02 9.000000000000000000e+02 9.000000000000000000e+02 1.800000000000000000e+03 1.800000000000000000e+03 1.800000000000000000e+03 2.700000000000000000e+03 2.700000000000000000e+03 3.600000000000000000e+03 3.600000000000000000e+03 3.600000000000000000e+03 4.500000000000000000e+03 6.300000000000000000e+03 6.300000000000000000e+03 5.400000000000000000e+03 4.500000000000000000e+03 3.600000000000000000e+03 2.700000000000000000e+03 2.700000000000000000e+03 1.800000000000000000e+03 9.000000000000000000e+02 9.000000000000000000e+02 1.800000000000000000e+03 2.700000000000000000e+03 3.600000000000000000e+03 4.500000000000000000e+03 5.400000000000000000e+03 6.300000000000000000e+03 7.200000000000000000e+03 8.100000000000000000e+03 9.000000000000000000e+03 9.900000000000000000e+03
9.000000000000000000e+02 9.000000000000000000e+02 9.000000000000000000e+02 9.000000000000000000e+02 1.800000000000000000e+03 1.800000000000000000e+03 1.800000000000000000e+03 2.700000000000000000e+03 2.700000000000000000e+03 2.700000000000000000e+03 3.600000000000000000e+03 3.600000000000000000e+03 4.500000000000000000e+03 4.500000000000000000e+03 4.500000000000000000e+03 5.400000000000000000e+03 7.200000000000000000e+03 7.200000000000000000e+03 6.300000000000000000e+03 5.400000000000000000e+03 4.500000000000000000e+03 3.600000000000000000e+03 3.600000000000000000e+03 2.700000000000000000e+03 1.800000000000000000e+03 9.000000000000000000e+02 9.000000000000000000e+02 1.800000000000000000e+03 2.700000000000000000e+03 3.600000000000000000e+03 4.500000000000000000e+03 5.400000000000000000e+03 6.300000000000000000e+03 7.200000000000000000e+03 8.100000000000000000e+03 9.000000000000000000e+03 9.900000000000000000e+03
1.800000000000000000e+03 1.800000000000000000e+03 1.800000000000000000e+03 2.700000000000000000e+03 2.700000000000000000e+03 2.700000000000000000e+03 3.600000000000000000e+03 3.600000000000000000e+03 3.600000000000000000e+03 4.500000000000000000e+03 4.500000000000000000e+03 5.400000000000000000e+03 5.400000000000000000e+03 5.400000000000000000e+03 6.300000000000000000e+03 8.100000000000000000e+03 8.100000000000000000e+03 7.200000000000000000e+03 6.300000000000000000e+03 5.400000000000000000e+03 4.500000000000000000e+03 4.500000000000000000e+03 3.600000000000000000e+03 2.700000000000000000e+03 1.800000000000000000e+03 9.000000000000000000e+02 9.000000000000000000e+02 1.800000000000000000e+03 9.000000000000000000e+02 1.800000000000000000e+03 2.700000000000000000e+03 3.600000000000000000e+03 4.500000000000000000e+03 5.400000000000000000e+03 6.300000000000000000e+03 7.200000000000000000e+03 8.100000000000000000e+03
