BlockTilt_5Ma_1mmyr_m1_n5_k1Minus5_10kyrTimeStep_wLinDiffp005_30mRes_7p5kmBy15km.txt
nrows 250
cellsize 30.0
xllcorner 0.0
ncols 500
yllcorner 0.0
[rows 187 to 203 of 250, columns 111 to 147 of 500]
6.176325824614091289e+02 6.253798095612092993e+02 6.433343614204534333e+02 7.009928359401676516e+02 7.582021371913838266e+02 8.171731102844083807e+02 8.408310004554314219e+02 8.151927663337030481e+02 7.654403929210710658e+02 7.192947653266717225e+02 6.736466540672449810e+02 6.362217073627733726e+02 6.007012258869781363e+02 5.707250520668587797e+02 5.409363474486319774e+02 5.130211917471486913e+02 4.763828079529885144e+02 4.327077193157986130e+02 3.921294205686928080e+02 4.008018859238516143e+02 3.438732357225302394e+02 3.385690131008335584e+02 3.850944350062644617e+02 4.371065929227442552e+02 4.882925281423576962e+02 5.287873934340034339e+02 5.075845998553274399e+02 4.356580603756057144e+02 4.744917478057064955e+02 5.250263044486906665e+02 5.829762223167483626e+02 6.501633857070197564e+02 7.137301118730458711e+02 7.123941063635372757e+02 6.632467404311546488e+02 6.173895015227196836e+02 5.775244555000541595e+02
5.430662229570687032e+02 5.522334856538590202e+02 5.995254232164824089e+02 6.502273646747838711e+02 7.122503537670470450e+02 7.798610668948117564e+02 8.277997744572959391e+02 8.443035228130145242e+02 8.214205321117137828e+02 7.760208717054227918e+02 7.325771097632718920e+02 6.881564943610962928e+02 6.506618261662467830e+02 6.137860277351966261e+02 5.804194276508168286e+02 5.429781558798064225e+02 5.037060497088631905e+02 4.648504239233311068e+02 4.347134947253927066e+02 4.543969878578342900e+02 4.145887652487281230e+02 3.804875969221156993e+02 3.348249983524659683e+02 3.794971140839746795e+02 4.320127239271470785e+02 4.829352052432799951e+02 4.781903532465626085e+02 4.101378997322240139e+02 4.579116830270945115e+02 5.133211099831939919e+02 5.744693996208726503e+02 6.410716563778069030e+02 6.928424229529794047e+02 6.741174865868063080e+02 6.162470941194960687e+02 5.606695611754554420e+02 5.178270276984336533e+02
4.779233365266168221e+02 5.156943699486593005e+02 5.567229324935026398e+02 6.067529781253556393e+02 6.665076435053366595e+02 7.282036115715610549e+02 7.942825249523315279e+02 8.390125390825677414e+02 8.529220921313416284e+02 8.323932166276606495e+02 7.889281056598596251e+02 7.458337232506767123e+02 7.003484593173627673e+02 6.600734018012987008e+02 6.181926030010209843e+02 5.788452315573157421e+02 5.396080742514732265e+02 5.021312384676348870e+02 5.025516360526140147e+02 5.175671965922417712e+02 4.788411881886995047e+02 4.265537548639674696e+02 3.776760085724477563e+02 3.294874690700921747e+02 3.785712466102390863e+02 4.323683569247580181e+02 4.462160143760454503e+02 3.864529409333200078e+02 4.419921639081509284e+02 5.038749709824536467e+02 5.710190970868361546e+02 6.382520297246757082e+02 6.646084346127386198e+02 6.300168944106005711e+02 5.694694844209230951e+02 5.137685739086720105e+02 4.657858129859280325e+02
4.478292111057550642e+02 4.810614935536751204e+02 5.200214454952530332e+02 5.665392923364105400e+02 6.215316564584967409e+02 6.821318127904903577e+02 7.471999052949353199e+02 8.031573666881450890e+02 8.424756413716384031e+02 8.615784688448973156e+02 8.435073060794426283e+02 7.998023737255923606e+02 7.549431233567202071e+02 7.072099511929521896e+02 6.655149651721407054e+02 6.247877593896627104e+02 5.806699413641351839e+02 5.676943441265676711e+02 5.735157271821464064e+02 5.764130417077269612e+02 5.321492724617174872e+02 4.835231685056335209e+02 4.309451709381083333e+02 3.777970668773100442e+02 3.242781003630102532e+02 3.769943602616088469e+02 4.044613456049532374e+02 3.647212170350432530e+02 4.215469098463324258e+02 4.868077120592811298e+02 5.573800943980323837e+02 6.239605310977364070e+02 6.329225350446462244e+02 5.769423224672607375e+02 5.176087185590575928e+02 4.671080578614711953e+02 4.254094763278609435e+02
4.997345127955124440e+02 5.329694107528592895e+02 5.667573071873318895e+02 6.036047554781198414e+02 6.414170980918916030e+02 6.657112943657282358e+02 6.963760780869492919e+02 7.421036155815613711e+02 8.006234713992581646e+02 8.469330042101794334e+02 8.707445456371403907e+02 8.510842253114534515e+02 8.056189368176544576e+02 7.636458627047202299e+02 7.243133354766806633e+02 6.844346186868770019e+02 6.482792766938532623e+02 6.397955115272857256e+02 6.438846681832960712e+02 6.262367173003677863e+02 5.836559177161657317e+02 5.348155373145137901e+02 4.836808216992325811e+02 4.281123437152537008e+02 3.703062336342460412e+02 3.169472035247941335e+02 3.618437489150944657e+02 3.483661447318173146e+02 4.025412041726339680e+02 4.677804399062970333e+02 5.421827470022813031e+02 6.125223733153758303e+02 6.104976212180230277e+02 5.396600071474560991e+02 4.678529823045327589e+02 4.102985197269018727e+02 3.957236195974412567e+02
4.965272976757818242e+02 5.192180216400066683e+02 5.448755309336199844e+02 5.711874604645033742e+02 5.973448305560066274e+02 5.955401024940680372e+02 6.301766521710377447e+02 6.834748629297903335e+02 7.415174881639060231e+02 8.086770542157728414e+02 8.583526974221028922e+02 8.732998486438477812e+02 8.473970106946541136e+02 8.143423578061795070e+02 7.834891813521599033e+02 7.499031009303852215e+02 7.199923571217018434e+02 7.035919128758932857e+02 6.883835235334590834e+02 6.428188119050536216e+02 5.873204860005790806e+02 5.327687231110105586e+02 4.811752139677836908e+02 4.299784642495901039e+02 3.718639348171910228e+02 3.113410190185421698e+02 3.252548258314450891e+02 3.924667299112926457e+02 4.560609191186250087e+02 5.159841212003258306e+02 5.705751820648752073e+02 6.256236385902446955e+02 6.105013437854755693e+02 5.400968750344209184e+02 4.670349941195609631e+02 4.012988580430831576e+02 3.443566710533181094e+02
4.328340440731031435e+02 4.492691337842675239e+02 4.722175003172873176e+02 4.949263841398791897e+02 5.309282588625266044e+02 5.314931319127887264e+02 5.777794737899200754e+02 6.278817639680420370e+02 6.910109560046585102e+02 7.591367676938519935e+02 8.273539316028690109e+02 8.488815662778758906e+02 8.276442265814800976e+02 8.023589520699966897e+02 7.946904916146168034e+02 7.658934511143210102e+02 7.338685594353919441e+02 7.073572819199812329e+02 6.821536125004865880e+02 6.178675382393500968e+02 5.474822205904761176e+02 4.826750886131915195e+02 4.248916879213039692e+02 3.751689419997068740e+02 3.343910533344539431e+02 3.098516465929200194e+02 3.563202679412352722e+02 3.995565667264820604e+02 4.618231398524994233e+02 5.291904577167994148e+02 5.970323838725335008e+02 6.415817565293029929e+02 6.161717982755554885e+02 5.451017701467994812e+02 4.736008439165876212e+02 4.104125486600259478e+02 3.559674230764209710e+02
3.598135843665289713e+02 3.809280042339634065e+02 4.048957400147608610e+02 4.306785271571437761e+02 4.606212984683924105e+02 4.931299977921631239e+02 5.346019036522824308e+02 5.857566417760292552e+02 6.496638700307748877e+02 7.262784417109968444e+02 7.957928465025572677e+02 8.019080867892508877e+02 7.618950194235849267e+02 7.299359469320496601e+02 7.480787419367685516e+02 7.205961210460843631e+02 6.795370924251902807e+02 6.475392446126146524e+02 6.585550894038764227e+02 6.340391575000875264e+02 5.881726614746791029e+02 5.280232237479473270e+02 4.747769565788113937e+02 4.273265104037988635e+02 3.654718015642333171e+02 3.091443009257800441e+02 3.422796044731409779e+02 3.934935784908861365e+02 4.553580452792621713e+02 5.232888396047076185e+02 5.935339406935776196e+02 6.441464086076307467e+02 6.184865940048255197e+02 5.485588741087651670e+02 4.771168301541103460e+02 4.132318788473515951e+02 3.576672370675718184e+02
3.733882184299391724e+02 4.227453566422666995e+02 4.567121827789452482e+02 4.860097967454191803e+02 5.159974541906117338e+02 5.500133023211992622e+02 5.948513103368716202e+02 6.445849293706514800e+02 7.055900333994528637e+02 7.554179888753384375e+02 7.798876544669565192e+02 7.540621597957982658e+02 7.010264179944119860e+02 6.568037183682849900e+02 6.948898613551367589e+02 6.840005373635170827e+02 6.226713276606946010e+02 5.787141792347927094e+02 6.037800431837746373e+02 6.111281139398196274e+02 6.017443959927560400e+02 5.637729206436582672e+02 5.061063629521162852e+02 4.306289314822452639e+02 3.571666842731451652e+02 3.074289699209271021e+02 3.398769476264757259e+02 3.946185132098221402e+02 4.605590538706563848e+02 5.327356875362304436e+02 6.041962093002086931e+02 6.421670448380627931e+02 6.140281059325237720e+02 5.518193214503220361e+02 4.817077987087864699e+02 4.160471553633537383e+02 3.581689741086154299e+02
4.281630925860810635e+02 4.720969937650096426e+02 5.144951800983525345e+02 5.500008337218552015e+02 5.826689052572414766e+02 6.167494901317858194e+02 6.570520775221245913e+02 7.095008826297125779e+02 7.508022705463816919e+02 7.696556862402276238e+02 7.468629387704448845e+02 6.964357604384589422e+02 6.456249455139939073e+02 5.982499297896133612e+02 6.463133957301446344e+02 6.468890347265423770e+02 5.886447190447292996e+02 5.228976863208713439e+02 5.281854675347370858e+02 5.463421328799671528e+02 5.629278989775336868e+02 5.506930846864224804e+02 5.012701743043597844e+02 4.268072487305773848e+02 3.533915798807591955e+02 3.060824806887085856e+02 3.382631855309259095e+02 3.947396326847528485e+02 4.637806643934603699e+02 5.372877695258392805e+02 5.996450487486828251e+02 6.112986349939451429e+02 5.810124049441226362e+02 5.567219782012733731e+02 4.957275401907176047e+02 4.291892339810290764e+02 3.669146400811623039e+02
4.855677908888142156e+02 5.227737817092269097e+02 5.626998357932978934e+02 6.010783742663974181e+02 6.372164331488630751e+02 6.735718776281440796e+02 7.123238538093054331e+02 7.515553686381457510e+02 7.726649380688728570e+02 7.474699646677277087e+02 6.957806418032877218e+02 6.452286185502671287e+02 5.931809414440043611e+02 5.497524143954592546e+02 6.015936076171178684e+02 6.059377742316789863e+02 5.596566210196698421e+02 5.109477361469564016e+02 4.527242278725695428e+02 4.751285551456628582e+02 4.950748396968926386e+02 5.002184276481013967e+02 4.666210327719204543e+02 4.193612497692715237e+02 3.529238744435018589e+02 3.050454811669281412e+02 3.399085014264774145e+02 4.014236061244412781e+02 4.762142817825347834e+02 5.488546198794530255e+02 5.825555159914251817e+02 5.626351202304839489e+02 5.196763621258266994e+02 5.326347337806541873e+02 4.973464740775827977e+02 4.434532129129740952e+02 3.852842907231979552e+02
4.804727198362899685e+02 5.136669221384295270e+02 5.487135425794172079e+02 5.852290907250625196e+02 6.236829443313948786e+02 6.654863839973422728e+02 7.111419112373553162e+02 7.534181200787877515e+02 7.566280443667454847e+02 7.039634521899695301e+02 6.476227132732216205e+02 5.937409836597832964e+02 5.496053342749248714e+02 5.079449402730941188e+02 5.565174927425438227e+02 5.553216159078148166e+02 5.152202350199609100e+02 4.657973384282766460e+02 4.072318941729066637e+02 4.105991735668311549e+02 4.242467944399737121e+02 4.289322877282298236e+02 4.192761296072776531e+02 3.741036420917205874e+02 3.384053258695918771e+02 3.048900633739087311e+02 3.432131594241954531e+02 4.068115249751729152e+02 4.838844998050931849e+02 5.467201958499124430e+02 5.472827147750224412e+02 5.001748210010877074e+02 4.527409576506198050e+02 4.844562892461150909e+02 4.588439258594263492e+02 4.013066916487395588e+02 3.524835713935755166e+02
4.169943642229675334e+02 4.485137814884872682e+02 4.824080934889425407e+02 5.195885894199459472e+02 5.611855811909301792e+02 6.094171870132006461e+02 6.673578638866587198e+02 7.301085549306714029e+02 7.348670669732307488e+02 6.693925204050552793e+02 6.027998946975997114e+02 5.497209998422706576e+02 5.066528319244016529e+02 4.712449422092740861e+02 5.005387851793595360e+02 4.891386359145137135e+02 4.549466053001735304e+02 4.222272143072078165e+02 3.998807360684509717e+02 3.541925326517992403e+02 3.607019337674387884e+02 3.584201219763631343e+02 3.523972312159044122e+02 3.351766487587350980e+02 3.032026152862233062e+02 3.448683037902209207e+02 3.964515369378819400e+02 4.530716100135201145e+02 5.089000478304074591e+02 5.391743533268937654e+02 5.068390669076960648e+02 4.467335492700632926e+02 3.942593289648133918e+02 4.325639259700051866e+02 4.094340739152144693e+02 3.535755849524184669e+02 3.083718648829517406e+02
3.535098606339943217e+02 3.848708845061348711e+02 4.196557883138558509e+02 4.587946084427542246e+02 5.041866526342595876e+02 5.599291982550946614e+02 6.352907366750629308e+02 7.139227959945386601e+02 7.307273280273021783e+02 6.679592857856958972e+02 6.016417063341239100e+02 5.485196460937744405e+02 5.051723131359986496e+02 4.666400804896578052e+02 4.325181238043310827e+02 4.068859721171382375e+02 3.821304169177276435e+02 3.617395495198254025e+02 3.443284042927874111e+02 3.283610497424654682e+02 3.189406114660042704e+02 3.114778777472184288e+02 3.050378261553472043e+02 2.994580597710738630e+02 3.177415439204796712e+02 3.610982401228337153e+02 4.099709441383967601e+02 4.590655532304381268e+02 5.032252352111967753e+02 5.162343786359205069e+02 4.597837703875796365e+02 3.928733328048757016e+02 3.470782789156103831e+02 3.805390305696532778e+02 3.564799565719329166e+02 3.098697913553937155e+02 2.759581609113372451e+02
4.021884813366808089e+02 4.419416209923651309e+02 4.796677747612960161e+02 5.171366370853354510e+02 5.581754084388046522e+02 6.046661825179502330e+02 6.574757255342256030e+02 7.279607935173328315e+02 7.497361881096676370e+02 7.018038405448990034e+02 6.468096282311860250e+02 5.959012703902379826e+02 5.526271272147556601e+02 5.161500879338210552e+02 4.826946854561060718e+02 4.535978928908673993e+02 4.216067724677932347e+02 4.217354701003804394e+02 4.069565977999109236e+02 3.899109279949079792e+02 3.760718020710680776e+02 3.701810747383848366e+02 3.603874291921002282e+02 3.278262338712843302e+02 2.985182062910404284e+02 3.245466751866774757e+02 3.634580572361539907e+02 4.094847084888055520e+02 4.621694427489862278e+02 4.865413416697178945e+02 4.468591269951841696e+02 3.799925072327779390e+02 3.137734540719947063e+02 3.309786309045222197e+02 3.037516109830264668e+02 2.724695695326772693e+02 2.959351101795637078e+02
4.557389935309836346e+02 4.971956405916706672e+02 5.426793187593409584e+02 5.765951605723000739e+02 6.123365975059124366e+02 6.501885608652747806e+02 6.947328004023320318e+02 7.429546596753112908e+02 7.695704845610310940e+02 7.466051989599718581e+02 6.999999452263446074e+02 6.519506793638348654e+02 6.097996107741852256e+02 5.683264889700510594e+02 5.331185239931257911e+02 4.954433505287564685e+02 4.887648562195845443e+02 4.933764818821663312e+02 4.822321528336079837e+02 4.664000426801485446e+02 4.521573620015612391e+02 4.463451895973744854e+02 4.212423514992278797e+02 3.701090358995321026e+02 3.260895468857589776e+02 2.968596196890060810e+02 3.177610091913871315e+02 3.578242152122999187e+02 4.037268807603620644e+02 4.438557648366581248e+02 4.162960650377505090e+02 3.447992990401516522e+02 2.897724322747985752e+02 2.921216620671618784e+02 2.681383961104360196e+02 2.966179241773450599e+02 3.316169289964429368e+02
5.006038546230001884e+02 5.379505602173188663e+02 5.669232918189107977e+02 5.772374731695817900e+02 6.025954490036752986e+02 6.238513269442618139e+02 6.618801253862943668e+02 7.066363885625345347e+02 7.475021665612561037e+02 7.669869049041433300e+02 7.485921456154133011e+02 7.144889478005426326e+02 6.671345252858349113e+02 6.241932723192263666e+02 5.806996148327363017e+02 5.662411318108274827e+02 5.600530724509300171e+02 5.646444469301420668e+02 5.530226918787097929e+02 5.353638079173507549e+02 5.152506072963658426e+02 4.907926121732855336e+02 4.527689982462215426e+02 4.091488605538804109e+02 3.640359435991320538e+02 3.222247310746071207e+02 2.945439447467890659e+02 3.147185354878105841e+02 3.572170039510291417e+02 4.042739794977507017e+02 3.912619713705016125e+02 3.370135918226951617e+02 2.903790257180268100e+02 2.633753670963506011e+02 2.945854509793426246e+02 3.361520963317791484e+02 3.830315897534409828e+02
