BlockUplift_2Ma_1kryTimeStep_2mmyr_k_0.0001_m_0.5_n_1.0_LinDiffusion_0.5_3x6km_30mRes_topographic__steepest_slope.txt
nrows 200
cellsize 30.0
xllcorner 0.0
ncols 100
yllcorner 0.0
[rows 170 to 186 of 200, columns 37 to 73 of 100]
1.818931157400830445e-01 1.957506666192108669e-01 2.150517947489899717e-01 2.348653561907366738e-01 2.535088756357397055e-01 2.688434826743201222e-01 2.780200019318699867e-01 2.775190254386252775e-01 2.638062107047207672e-01 2.346312093533915455e-01 1.905065119992117584e-01 1.355306626723188357e-01 1.207461995429203738e-01 1.249495970512962545e-01 1.581163248064016980e-01 2.096450046986091109e-01 2.469161175145402898e-01 2.692904540551507853e-01 2.792683882212384505e-01 2.807619492116131266e-01 2.773919117228479947e-01 2.714707807567833253e-01 2.637974233925323153e-01 2.540082545818018733e-01 2.411405078752303366e-01 2.241651403189151570e-01 2.023799375728844163e-01 1.756341138986313721e-01 1.443905493369324056e-01 1.258814663779844467e-01 1.211057115417346342e-01 1.401547552101087557e-01 1.553118128909915796e-01 1.709266474944996506e-01 1.950542748682323746e-01 2.140806997777389142e-01 2.286230080253280617e-01
1.833709890476304394e-01 1.864250017393392911e-01 2.060118168427810259e-01 2.262319480515674608e-01 2.452311894988707108e-01 2.607735264522488272e-01 2.700529839233447027e-01 2.697349133431627410e-01 2.565336991382848875e-01 2.283821238045357638e-01 1.857905314362400528e-01 1.326274480436042957e-01 1.144366190909333197e-01 1.190464716035397885e-01 1.499221539052450203e-01 2.011785169586007005e-01 2.387453564789285276e-01 2.618949114324519156e-01 2.729397359004662738e-01 2.755944272813665719e-01 2.733383845900166920e-01 2.684264089309705281e-01 2.616837130498504971e-01 2.528464870598835512e-01 2.411093853828007449e-01 2.256304123624782998e-01 2.058740778093818558e-01 1.817670087419873126e-01 1.536961510052581026e-01 1.392430361969568819e-01 1.317918578018094367e-01 1.436098994854736188e-01 1.587148139577251316e-01 1.702927845910145732e-01 1.820517679605804517e-01 2.019882861285680065e-01 2.175888008787675576e-01
1.841078693482728623e-01 1.760454458636918906e-01 1.956323869239084967e-01 2.160287165890591721e-01 2.352250918977531469e-01 2.508804846688382773e-01 2.620073040452737811e-01 2.653325707533051858e-01 2.494223915216314535e-01 2.201815804947261090e-01 1.791200724604753158e-01 1.277847952544459154e-01 1.048050271198315841e-01 1.100419054241745243e-01 1.393958603442366218e-01 1.907173560182001959e-01 2.288858789716678999e-01 2.530430300407567890e-01 2.652940939892590166e-01 2.691552249923268025e-01 2.679753498057638184e-01 2.639678208225409994e-01 2.580014665173879784e-01 2.499297243516353517e-01 2.391245543213007807e-01 2.249562107349416806e-01 2.070868489733906914e-01 1.855526154760654689e-01 1.606884099379871922e-01 1.518305111478412128e-01 1.462476917863407833e-01 1.470434443487106668e-01 1.618311220717879861e-01 1.735392923888104399e-01 1.823563714003914316e-01 1.896985884939141331e-01 2.060663427381001500e-01
1.843319127126127055e-01 1.693853404914411331e-01 1.843816133076183472e-01 2.047318402440906904e-01 2.239822519253804878e-01 2.396916770519811057e-01 2.568022113049759358e-01 2.617690690135446863e-01 2.473511352611031666e-01 2.110334468621473947e-01 1.714441886712830820e-01 1.219946339514932365e-01 9.315803053221950736e-02 9.913305174358270910e-02 1.271818150471970554e-01 1.788308525843443908e-01 2.178671065939228879e-01 2.432426530478737359e-01 2.568223929977907494e-01 2.619151401704384319e-01 2.617477128269513620e-01 2.585092952117027387e-01 2.531322797722497242e-01 2.456074023588537547e-01 2.355046384339252730e-01 2.224295677376034730e-01 2.062679699263954558e-01 1.871918970813639393e-01 1.655046896129336864e-01 1.634858638495340355e-01 1.595329269323940424e-01 1.520809991014355489e-01 1.641793325374471813e-01 1.758441103167156516e-01 1.851587865645183684e-01 1.921214967778881177e-01 1.967183425916556871e-01
1.841785387399160756e-01 1.696499445848739240e-01 1.726491951252774326e-01 1.927355520611685469e-01 2.119089025826326467e-01 2.276491332819902957e-01 2.496683344492836854e-01 2.568525135791285829e-01 2.445822283711668321e-01 2.104974038275746751e-01 1.637083955164649329e-01 1.162510497116700375e-01 8.092590755826875593e-02 8.761801029105242833e-02 1.140566004208823508e-01 1.661650387815796215e-01 2.062340193250010723e-01 2.329636039526819524e-01 2.479386258368760365e-01 2.542454505491867911e-01 2.549930405027803770e-01 2.523621066331079854e-01 2.473688916958097228e-01 2.401622210803429913e-01 2.305298199290853611e-01 2.183312569069686682e-01 2.036942029642516971e-01 1.869448295203767485e-01 1.727281237168976358e-01 1.741483695647777497e-01 1.715322913320193321e-01 1.649840797868155906e-01 1.654199501655581883e-01 1.767983695301901803e-01 1.865186927402501804e-01 1.944040660513271512e-01 2.002117207354221218e-01
1.837435123391240321e-01 1.699483294815953005e-01 1.607783802383933314e-01 1.803941539384057158e-01 1.993749446663410363e-01 2.151584940649613198e-01 2.403539353247836630e-01 2.502296838993165462e-01 2.407390686790080170e-01 2.095422172804594085e-01 1.571874236198264330e-01 1.114234795416901153e-01 6.946272727795890778e-02 7.671660005082969747e-02 1.008410945489919275e-01 1.533888696514469907e-01 1.945200092933668523e-01 2.226287572992197983e-01 2.389819586880671809e-01 2.464258520566804667e-01 2.479518191795075654e-01 2.457446415938024931e-01 2.409230967838270343e-01 2.338137599454551685e-01 2.244388835376969760e-01 2.129239285348880628e-01 1.996464220473953832e-01 1.850945717583800387e-01 1.809803360914420123e-01 1.838068322180816949e-01 1.822373823466004183e-01 1.763480081732031468e-01 1.669186475371475242e-01 1.761814348308427813e-01 1.861106372950366017e-01 1.948376504886474569e-01 2.018884707037212622e-01
1.831097967703324003e-01 1.703115243694867387e-01 1.548137359112274625e-01 1.680673039037307304e-01 1.867693397575228287e-01 2.026480998667278821e-01 2.288653984743007075e-01 2.417828331450223855e-01 2.356223735176181944e-01 2.079330306271988948e-01 1.590548437635604384e-01 1.081748463330299143e-01 6.019151423177192956e-02 6.744165172455988955e-02 8.832571193441679513e-02 1.411458341495580304e-01 1.832229493810048904e-01 2.126091886156016297e-01 2.302246284180625435e-01 2.386595152471250036e-01 2.407854855610817579e-01 2.388004579233916624e-01 2.339415649270210062e-01 2.267299410717170949e-01 2.174341579109346778e-01 2.064484890172851028e-01 1.943958047869418504e-01 1.819222219958921694e-01 1.885555078242532601e-01 1.924521673662420995e-01 1.916787081443554197e-01 1.862768708542698048e-01 1.769874462827241701e-01 1.739800619447723906e-01 1.838367139879650836e-01 1.931834615043589998e-01 2.013246551796491202e-01
1.823482469059797551e-01 1.707656070413851868e-01 1.561129366650751138e-01 1.561316410255325082e-01 1.745129558078969689e-01 1.905787802551691390e-01 2.154369025130795368e-01 2.316149992168661242e-01 2.292103452065291092e-01 2.055404220172022123e-01 1.606189121881068105e-01 1.068936517794732421e-01 6.061214924550252514e-02 6.050181237542678198e-02 7.719951908442823640e-02 1.300033014761457495e-01 1.727763690862185453e-01 2.032143585852706491e-01 2.218761268567723821e-01 2.310860890943715051e-01 2.335940208203075574e-01 2.316173473755859524e-01 2.265239243859371587e-01 2.190418816388177425e-01 2.096909847847528707e-01 1.991264857427354762e-01 1.881983451962660203e-01 1.865585433205126376e-01 1.953996701519580825e-01 2.000478978954902121e-01 1.998732424994462409e-01 1.948807164631138622e-01 1.857214409889432205e-01 1.735843590282342974e-01 1.798325064814781937e-01 1.894828148602926698e-01 1.984213764902213462e-01
1.815045996024736152e-01 1.713160742088409849e-01 1.578250916074769861e-01 1.449448875017784188e-01 1.630085151915138808e-01 1.793778446442092778e-01 2.004748004531549666e-01 2.199984115681999641e-01 2.216178265819664372e-01 2.023153342253171671e-01 1.616797239694648114e-01 1.076216988705961941e-01 6.283381037938265412e-02 5.621349990792907925e-02 6.796769081600896600e-02 1.203891652246914939e-01 1.635082765941834049e-01 1.947861520418735781e-01 2.156591792857625589e-01 2.237890289886599882e-01 2.264303386349236502e-01 2.242452800395473012e-01 2.187413681491416073e-01 2.108605414706076209e-01 2.013701148617946524e-01 1.911667949971656844e-01 1.812958177997380516e-01 1.920508579869742161e-01 2.014211678585752507e-01 2.065253011702907204e-01 2.068017335557243430e-01 2.022236758020691527e-01 1.933120410643283660e-01 1.810823466221184730e-01 1.744256343618989236e-01 1.840399921797652993e-01 1.934264626778390284e-01
1.805881538265457775e-01 1.719273160580887805e-01 1.598648609253122688e-01 1.446614534613109015e-01 1.525509307586673802e-01 1.693259404721985384e-01 1.844818720553969282e-01 2.072994832421287126e-01 2.130337704810083832e-01 1.982497436246343225e-01 1.620398343777821881e-01 1.100002088786330434e-01 6.643925224259247808e-02 5.443198112446907821e-02 6.174865129194320734e-02 1.125185936465296355e-01 1.555896328965021558e-01 1.882128349381252119e-01 2.098871166616234629e-01 2.179492864513349615e-01 2.193115227537467404e-01 2.167127925356038820e-01 2.106547356296271656e-01 2.022935058512405904e-01 1.926308585673890961e-01 1.827739808684412381e-01 1.841086072254957684e-01 1.969987625536428200e-01 2.065088456786649262e-01 2.117984692732610141e-01 2.124145833829923502e-01 2.083108584756208359e-01 1.998552046147229477e-01 1.878281183826847611e-01 1.733805576792481762e-01 1.773462709007209981e-01 1.868635982974064247e-01
1.795726153631818645e-01 1.725176547409347505e-01 1.620789367668407921e-01 1.483389375096644813e-01 1.432534272218860816e-01 1.604675723780352170e-01 1.748162702141094482e-01 1.938902066744584429e-01 2.036516705544845762e-01 1.933392260680217023e-01 1.615064302538669894e-01 1.132936725243070958e-01 7.069720587176855919e-02 5.455658819823791528e-02 6.058508218032822301e-02 1.063403921689945464e-01 1.489933854647549072e-01 1.818835387379119650e-01 2.039484087113720423e-01 2.116715847122828675e-01 2.122291897047573206e-01 2.090419980614902640e-01 2.023306574751164433e-01 1.934593977045179769e-01 1.836418782231401536e-01 1.741549225336775086e-01 1.885468837940426912e-01 2.012697664117543694e-01 2.105556422627202495e-01 2.157884789528087821e-01 2.166548695426414040e-01 2.131053509474597207e-01 2.053516064243249561e-01 1.939077773013252737e-01 1.796318228601331557e-01 1.699705504171291071e-01 1.793962208697263971e-01
1.784104307061899763e-01 1.729769655980907261e-01 1.642694697301441409e-01 1.522016121176368586e-01 1.372204470311231828e-01 1.526117000842062976e-01 1.680781385105761805e-01 1.800608092619133405e-01 1.936050102967172282e-01 1.875536947932649467e-01 1.599039964652893275e-01 1.165424004900538907e-01 7.472386401636411934e-02 5.567458354246070801e-02 6.027740456387107454e-02 1.015497350868849319e-01 1.434991011954698803e-01 1.758885169607940779e-01 1.978372644514242440e-01 2.047159562624240037e-01 2.051632869236001411e-01 2.012632104270332400e-01 1.938546112841113556e-01 1.844975637130334689e-01 1.745867895065408848e-01 1.777228008356218081e-01 1.925986502687725421e-01 2.047418667078896304e-01 2.134796389809556216e-01 2.184460305595569141e-01 2.194847584070506175e-01 2.165592448575689444e-01 2.097380643761624641e-01 1.992683680537742363e-01 1.856868733419872741e-01 1.698853721841473430e-01 1.716727101986953719e-01
1.770535721165941712e-01 1.731981809067169309e-01 1.662429166981984341e-01 1.559416083785445661e-01 1.425495211284735775e-01 1.454365650739052329e-01 1.617558466683033103e-01 1.735827861189014887e-01 1.829229140231670159e-01 1.808186020887537493e-01 1.570859455536681992e-01 1.188320945757782160e-01 7.773563238269559639e-02 5.685280421556626607e-02 6.011461120295251426e-02 9.769712969312921436e-02 1.387689091658304841e-01 1.701524934345944873e-01 1.914233281062052983e-01 1.972489637085940162e-01 1.981033356221070241e-01 1.934304105828756615e-01 1.853405379167454570e-01 1.755720093370785051e-01 1.657909826113661833e-01 1.820266636411029537e-01 1.961200137331753635e-01 2.073186766430112071e-01 2.152378681555542073e-01 2.197658758014024161e-01 2.209051589736683863e-01 2.186437197943201793e-01 2.129305281093508140e-01 2.037697861799159793e-01 1.913829643169824013e-01 1.763486047845025384e-01 1.642012500748022408e-01
1.754706470302792864e-01 1.731057032390324879e-01 1.678573530048192708e-01 1.593294314265459033e-01 1.475761505336166124e-01 1.386491154748134280e-01 1.554288774224571457e-01 1.683157449250754500e-01 1.737477124725680389e-01 1.730125375796764675e-01 1.529376024802222844e-01 1.195903762967026052e-01 7.931242854812699250e-02 5.749213992360466957e-02 5.967567925184814187e-02 9.437285690973144792e-02 1.344845406199760007e-01 1.644240439798039799e-01 1.844551995681603385e-01 1.909916153508458836e-01 1.910764249136522042e-01 1.856369466804567436e-01 1.769367789739343666e-01 1.668699149304704310e-01 1.706631706979114538e-01 1.860684917471535360e-01 1.989849498727063459e-01 2.089383594395897714e-01 2.158317240768042322e-01 2.197910930227569282e-01 2.209642749648949578e-01 2.193691257099449898e-01 2.148627010458454833e-01 2.072459110268714821e-01 1.964564605894286442e-01 1.827624269873301954e-01 1.668658392537210600e-01
1.736535232134083229e-01 1.726672868963551877e-01 1.690440724604670153e-01 1.622515744551800421e-01 1.521413993433341771e-01 1.390795880433150500e-01 1.489188910456226700e-01 1.623933215312985678e-01 1.688867769505671967e-01 1.649102314220864118e-01 1.481988747651748484e-01 1.187841147643287909e-01 7.956039041691208291e-02 5.759450764713752030e-02 5.904703348708485039e-02 9.139319623892502853e-02 1.304932356783116421e-01 1.596368758801151866e-01 1.774381583852185640e-01 1.848558793415156776e-01 1.841735600415483065e-01 1.780270825230522436e-01 1.688268607404853627e-01 1.592873871315760026e-01 1.755387447826000369e-01 1.896850836929094841e-01 2.010936377774470429e-01 2.095770307210993166e-01 2.153052319723499919e-01 2.186087468704035475e-01 2.197556594107766270e-01 2.187925409838574753e-01 2.155116565642690718e-01 2.095570375032408950e-01 2.006291657004714013e-01 1.887102505531084717e-01 1.742214462449453438e-01
1.716133118910628808e-01 1.718871535617850499e-01 1.697971081138978378e-01 1.646957446044282902e-01 1.562419334716437791e-01 1.445631936014417362e-01 1.423488752572494576e-01 1.559844307109964912e-01 1.631637805021549092e-01 1.602865074432167636e-01 1.449196283607950275e-01 1.169262895089124704e-01 7.909367771469590080e-02 5.780811181050490855e-02 5.885744603818802295e-02 8.889793753820450506e-02 1.268918867075948531e-01 1.552180638255704903e-01 1.722922138047972840e-01 1.789726965114459001e-01 1.775603113736877459e-01 1.707958329706844303e-01 1.612220534963330620e-01 1.651986964790618517e-01 1.802160818756490812e-01 1.927296184357407127e-01 2.023778495870146854e-01 2.092477724979185383e-01 2.137383919139916599e-01 2.163400416547527072e-01 2.174090582300976793e-01 2.170147677930051033e-01 2.149084777265088120e-01 2.106238220102369385e-01 2.036768111522183344e-01 1.938019131781866522e-01 1.811447977851902980e-01
1.693707857099714942e-01 1.707883113051598400e-01 1.701426396209674008e-01 1.667006667290796829e-01 1.599519650749243738e-01 1.497918086566646934e-01 1.366425804257114518e-01 1.495604273852376154e-01 1.571614895805437950e-01 1.552395855904644129e-01 1.412429743020674755e-01 1.148849759580836266e-01 7.883082942470071020e-02 5.921010769493359471e-02 6.008913807610246488e-02 8.730275480866273030e-02 1.239994790770245076e-01 1.513684221005929254e-01 1.676344279407177562e-01 1.735589857444426176e-01 1.714592110503143640e-01 1.641701463859031040e-01 1.555791931561813501e-01 1.711430601262118045e-01 1.844973053642869898e-01 1.950801366410246374e-01 2.028031504557437359e-01 2.079962712225627286e-01 2.112378034232278989e-01 2.131281540433391797e-01 2.140778954022602987e-01 2.141706164762965103e-01 2.131362199280203984e-01 2.104404381656612144e-01 2.054677878354060627e-01 1.977506533216711604e-01 1.871793808552155158e-01
