BlockUplift_2Ma_1kryTimeStep_2mmyr_k_5e-05_m_0.5_n_1.0_LinDiffusion_0.75_6x3km_30mRes_topographic__elevation.txt
nrows 100
cellsize 30.0
xllcorner 0.0
ncols 200
yllcorner 0.0
[rows 0 to 16 of 100, columns 111 to 147 of 200]
5.578973482226888721e-04 5.468817468359675645e-04 8.943110160626248188e-04 6.512038232593590596e-04 7.262225603759876920e-04 1.302899978783396233e-04 5.096412085934448393e-04 6.918436149691720854e-04 4.832437373317386418e-04 5.102188913405557259e-04 8.402681846978554518e-04 5.484835176268328897e-04 8.556301646748641502e-04 5.311395434724739718e-04 7.781395985118388968e-04 6.568705200946208444e-04 8.539694782400537821e-04 2.906974407051425980e-04 6.242074356719247473e-04 6.842923542470422636e-04 1.735110767804223244e-04 8.332537879295619275e-04 7.019637427747907853e-04 8.454025365013902778e-04 9.539364575839251329e-04 3.219259278417879711e-04 2.159773778730802475e-04 6.268871253572448924e-04 1.045459763517682150e-04 2.377983701773748126e-04 1.769740504514126771e-04 7.986504321063530101e-04 3.855540078366339858e-04 3.004626869253258499e-04 1.782048383544686406e-04 7.529831673509440127e-04 7.247375957382417612e-05
5.323952408154873410e+02 5.281190533925642967e+02 5.244721438942539180e+02 5.214777070750383245e+02 5.191313519175952251e+02 5.174061653455210035e+02 5.162633854897447918e+02 5.156659379073403215e+02 5.155908747202795439e+02 5.160369002577875790e+02 5.170246425328815576e+02 5.185896161228683923e+02 5.207701166229127239e+02 5.235937934659087887e+02 5.270668514407765315e+02 5.311686943296970185e+02 5.358528227467137413e+02 5.410527387731855242e+02 5.466902742792195795e+02 5.526835520750374826e+02 5.589525834637664730e+02 5.654217773081077212e+02 5.720197753344365310e+02 5.786776421497368119e+02 5.853264723251190844e+02 5.918951435459666754e+02 5.983085442821953848e+02 6.044863591852563331e+02 6.103424722361246495e+02 6.157851715557333137e+02 6.207184644595938607e+02 6.250448030516683957e+02 6.286693219887616806e+02 6.315053429728161518e+02 6.334805229026746929e+02 6.345427514148911996e+02 6.346648348419015520e+02
5.306365633282654244e+02 5.263060214375589112e+02 5.226148873439192357e+02 5.195874671386693535e+02 5.172188830164143383e+02 5.154803520126412195e+02 5.143304833140192613e+02 5.137296714429128315e+02 5.136533567391159067e+02 5.141000695256882409e+02 5.150917472476153307e+02 5.166662581715515898e+02 5.188645214177483922e+02 5.217162264022672389e+02 5.252283722056906754e+02 5.293796293915856950e+02 5.341213848061216822e+02 5.393841283283444454e+02 5.450864155779705698e+02 5.511434219537021590e+02 5.574729534625904535e+02 5.639981361136071882e+02 5.706472193436147791e+02 5.773515835040600450e+02 5.840430829781844295e+02 5.906515123397419984e+02 5.971025689605593243e+02 6.033164315326639553e+02 6.092070443728327973e+02 6.146823098746922369e+02 6.196454951278099088e+02 6.239981229058994359e+02 6.276443954320434386e+02 6.304968466872578574e+02 6.324825602313627542e+02 6.335490555989813402e+02 6.336689155419995814e+02
5.271835193409916656e+02 5.227485057898562673e+02 5.189723913065688521e+02 5.158816240415829952e+02 5.134703883069760195e+02 5.117062906739407708e+02 5.105428587659046116e+02 5.099355902681306247e+02 5.098568037178849863e+02 5.103046892044368406e+02 5.113037174545194148e+02 5.128963160430100743e+02 5.151284911233052526e+02 5.180338940467119073e+02 5.216210777201476958e+02 5.258673131225075394e+02 5.307199216076382982e+02 5.361036004888673006e+02 5.419306196929719590e+02 5.481105261671611970e+02 5.545569506431384070e+02 5.611906336413662757e+02 5.679391477853138213e+02 5.747345301247128191e+02 5.815100963045330218e+02 5.881973430204535589e+02 5.947234028108480288e+02 6.010092408966089579e+02 6.069687380799949779e+02 6.125088913855894361e+02 6.175314259201488767e+02 6.219360230307538586e+02 6.256251057723311533e+02 6.285097630602609797e+02 6.305160757086397325e+02 6.315909492650073389e+02 6.317066027223396532e+02
5.221593710659449243e+02 5.175773748615310978e+02 5.136816719455129032e+02 5.105017501202298149e+02 5.080304962029151170e+02 5.062304353178809038e+02 5.050479165898983638e+02 5.044315039576197250e+02 5.043490854316789864e+02 5.047983597781665708e+02 5.058073846360262564e+02 5.074250555007960770e+02 5.097046022110135368e+02 5.126853083853906128e+02 5.163779466189682807e+02 5.207578257975768565e+02 5.257665426211859767e+02 5.313206549119405508e+02 5.373236427309886949e+02 5.436772484026491838e+02 5.502893988874343449e+02 5.570776765861031663e+02 5.639688795356715900e+02 5.708960712584974999e+02 5.777946052846992870e+02 5.845982124028590761e+02 5.912357504330560687e+02 5.976289050616501299e+02 6.036910537395948495e+02 6.093275512205266295e+02 6.144376953819732989e+02 6.189184707780328836e+02 6.226698490382742648e+02 6.256010642007740898e+02 6.276370299156963029e+02 6.287240221424051470e+02 6.288339050223409004e+02
5.157362287549708526e+02 5.109742569958758622e+02 5.069318746461296428e+02 5.036423647519444557e+02 5.010971320935436779e+02 4.992525707021234780e+02 4.980462878665809967e+02 4.974183618130036848e+02 4.973312356939161418e+02 4.977819875362117159e+02 4.988030646981327436e+02 5.004512965370789175e+02 5.027887744624727020e+02 5.058616804023284885e+02 5.096834857280626352e+02 5.142270698052078615e+02 5.194270169014617977e+02 5.251899804652070998e+02 5.314088375408915681e+02 5.379760395646186453e+02 5.447928735156560833e+02 5.517734152270303412e+02 5.588438062994355278e+02 5.659385044371704225e+02 5.729952771816033419e+02 5.799502691326673585e+02 5.867339183072253945e+02 5.932681280087497271e+02 5.994649740786413759e+02 6.052272149360818503e+02 6.104507929678929941e+02 6.150292684255351787e+02 6.188597512363102169e+02 6.218495471115436430e+02 6.239225807055829591e+02 6.250247690830482270e+02 6.251278136735008957e+02
5.081214015906053874e+02 5.031562828154899876e+02 4.989476062368671023e+02 4.955330954472794929e+02 4.929027646022183262e+02 4.910063967047853453e+02 4.897719885385960197e+02 4.891302015407164845e+02 4.890373936696233272e+02 4.894899198144964316e+02 4.905250986956054362e+02 4.922085859077014334e+02 4.946123109844124315e+02 4.977900584410944589e+02 5.017581743331166422e+02 5.064866862497851230e+02 5.119022734536143275e+02 5.179005864579228273e+02 5.243628925401601464e+02 5.311716666756771019e+02 5.382212874581121014e+02 5.454224233024222031e+02 5.527008652790246970e+02 5.599927668666010732e+02 5.672384098885205503e+02 5.743761192000016536e+02 5.813373058335721453e+02 5.880431678233538833e+02 5.944033810596264402e+02 6.003170243915936908e+02 6.056758132257247098e+02 6.103693768671856787e+02 6.142918872318489321e+02 6.173490291374848766e+02 6.194642781739369184e+02 6.205837517965585448e+02 6.206793599132060990e+02
4.995418662019972089e+02 4.943592112527163636e+02 4.899709441664323890e+02 4.864198178063589353e+02 4.836949161110621844e+02 4.817396190416395143e+02 4.804722594276500445e+02 4.798138703856666325e+02 4.797145154397055649e+02 4.801697548689433575e+02 4.812218878038949015e+02 4.829456160128221995e+02 4.854228936714503675e+02 4.887151168018303338e+02 4.928412671056852332e+02 4.977680739186432106e+02 5.034137940149695396e+02 5.096626619790609993e+02 5.163841701885163502e+02 5.234509556351990796e+02 5.307508781911385540e+02 5.381916965013882646e+02 5.456992673985554347e+02 5.532115942612283561e+02 5.606712411183635822e+02 5.680180583176505706e+02 5.751834123822131914e+02 5.820865599782406434e+02 5.886335217393806261e+02 5.947186364072847482e+02 6.002287095404363981e+02 6.050492431580361199e+02 6.090717655182970702e+02 6.122010167716771321e+02 6.143608806018254427e+02 6.154984689081734359e+02 6.155864096329659105e+02
4.902287480394943486e+02 4.848210908655557319e+02 4.802445032733671155e+02 4.765473508673129572e+02 4.737186728554243018e+02 4.716964011275621829e+02 4.703900220406073345e+02 4.697114928656380357e+02 4.696048306393249732e+02 4.700647630029826587e+02 4.711382822860422834e+02 4.729086350871317563e+02 4.754671284370570561e+02 4.788820060770856344e+02 4.831741572766212016e+02 4.883064810691982416e+02 4.941886226162254161e+02 5.006936335009384607e+02 5.076798611788491939e+02 5.150110004296632269e+02 5.225693481341373854e+02 5.302605403371952661e+02 5.380109213322310779e+02 5.457602777391217614e+02 5.534528749807108170e+02 5.610290675931601072e+02 5.684188730814986457e+02 5.755382303038364853e+02 5.822882832690182795e+02 5.885577658160476631e+02 5.942282032724685905e+02 5.991811399273431107e+02 6.033061102975598260e+02 6.065078834389497615e+02 6.087118246065920175e+02 6.098669706091967555e+02 6.099472480891946589e+02
4.804036092662788633e+02 4.747682977952893566e+02 4.699974212921179060e+02 4.661455657830940709e+02 4.632030344064935434e+02 4.611039930465942120e+02 4.597507449419076693e+02 4.590474676893862238e+02 4.589328270840528035e+02 4.594007151800471433e+02 4.605021443774996897e+02 4.623276972269293879e+02 4.649765144900339919e+02 4.685221533606618891e+02 4.729861814297053684e+02 4.783270175893914029e+02 4.844457763532813033e+02 4.912051159445903181e+02 4.984535428291716812e+02 5.060473157264104316e+02 5.138645330250693632e+02 5.218096407434406956e+02 5.298097940815048332e+02 5.378062363385532763e+02 5.457440439239155694e+02 5.535628034999620013e+02 5.611897664923044431e+02 5.685362392057401166e+02 5.754974939713566755e+02 5.819561383804524439e+02 5.877884378167148043e+02 5.928725136266435811e+02 5.970968403277826155e+02 6.003673664294562968e+02 6.026120909848352767e+02 6.037829208809708916e+02 6.038556547938161430e+02
4.702678926723417021e+02 4.644051844599038077e+02 4.594353572218243471e+02 4.554198489097051379e+02 4.523518934049041604e+02 4.501641980028063017e+02 4.487542851311231402e+02 4.480205076548086254e+02 4.478972775538126143e+02 4.483776851161798049e+02 4.495157493990822672e+02 4.514075510507241233e+02 4.541577920712238097e+02 4.578431255250520167e+02 4.624841232440496697e+02 4.680339604660892405e+02 4.743855106630645651e+02 4.813922574139480162e+02 4.888946644428328341e+02 4.967434666350108614e+02 5.048141433497133335e+02 5.130108806393724308e+02 5.212617954752171272e+02 5.295090144155383314e+02 5.376973220488481502e+02 5.457641761233551279e+02 5.536327270037289736e+02 5.612085856885842077e+02 5.683805351422363401e+02 5.750249649919410331e+02 5.810133013573206426e+02 5.862210798334597257e+02 5.905368145374156938e+02 5.938688141035203216e+02 5.961487958312080764e+02 5.973323769396189391e+02 5.973977212478874890e+02
4.599961905556604620e+02 4.539078208666661567e+02 4.487347809615515644e+02 4.445459896984839361e+02 4.413395201099933729e+02 4.390493852255054890e+02 4.375712940186666629e+02 4.368002504850804257e+02 4.366678387666095205e+02 4.371664206925445910e+02 4.383517444593607593e+02 4.403230556675429739e+02 4.431877555114697884e+02 4.470228498331655373e+02 4.518459082903710851e+02 4.576040190991903387e+02 4.641822507632546717e+02 4.714264076246040531e+02 4.791709898435085506e+02 4.872632978055857507e+02 4.955777910511650930e+02 5.040192019616941366e+02 5.125165617858024234e+02 5.210121288335830059e+02 5.294492228286742375e+02 5.377619033586983051e+02 5.458681465330766969e+02 5.536672000268274587e+02 5.610411976336417865e+02 5.678606565389676462e+02 5.739929237115736669e+02 5.793119756261029352e+02 5.837074901437559902e+02 5.870912020300266931e+02 5.893994364268813797e+02 5.905921617357824971e+02 5.906502662625720177e+02
4.497332760449560283e+02 4.434215894918988852e+02 4.380411345603106952e+02 4.336688966235475391e+02 4.303097928017447202e+02 4.279021560268969324e+02 4.263431999296671506e+02 4.255274057644446088e+02 4.253851929736747479e+02 4.259083117074188181e+02 4.271527942145952466e+02 4.292183919194069972e+02 4.322119610455142720e+02 4.362077915119965610e+02 4.412182559408609563e+02 4.471834813077669537e+02 4.539812514554178620e+02 4.614513036828279837e+02 4.694243181508330167e+02 4.777462103144014804e+02 4.862918759451886217e+02 4.949672038993217598e+02 5.037019220293785793e+02 5.124376031529562852e+02 5.211150199981748301e+02 5.296638233940052487e+02 5.379961368089931284e+02 5.460046430662438297e+02 5.535651244212496067e+02 5.605429413226861470e+02 5.668023458937034320e+02 5.722168332003311662e+02 5.766782568520744690e+02 5.801026128384390859e+02 5.824314428697641688e+02 5.836294535540812376e+02 5.836804568005036344e+02
4.395942424678073053e+02 4.330618553571502503e+02 4.274699724913994601e+02 4.229041457464186351e+02 4.193780905823234093e+02 4.168375106340176899e+02 4.151845691562373872e+02 4.143162205682744457e+02 4.141635223339072240e+02 4.147177772617847609e+02 4.160337922487821629e+02 4.182090199354252604e+02 4.213463646112925858e+02 4.255142146460176491e+02 4.307175100434506589e+02 4.368885610944549853e+02 4.438984121280278714e+02 4.515823149009415260e+02 4.597691490473824274e+02 4.683052831018846405e+02 4.770672559854962174e+02 4.859625124163798091e+02 4.949211619688634869e+02 5.038833408062916419e+02 5.127864317826865772e+02 5.215550474006612376e+02 5.300952399118677931e+02 5.382933858778351350e+02 5.460195977447202722e+02 5.531350439393556826e+02 5.595019484135830226e+02 5.649943185723401484e+02 5.695069760960827807e+02 5.729607120215654277e+02 5.753025773307781492e+02 5.765021396324073066e+02 5.765461745292300293e+02
4.296667694477484361e+02 4.229166616470082545e+02 4.171099839635070907e+02 4.123412355912029739e+02 4.086347068317318190e+02 4.059463685162322122e+02 4.041866991476199473e+02 4.032581218008509154e+02 4.030941798240639855e+02 4.036859420685950681e+02 4.050855121811080721e+02 4.073852621676757622e+02 4.106807769196603317e+02 4.150314295087983965e+02 4.204325809327060028e+02 4.268079295562614561e+02 4.340223001301808381e+02 4.419078940341676685e+02 4.502935506498955078e+02 4.590276132130180144e+02 4.679891827606869015e+02 4.770874860213375541e+02 4.862526996936975934e+02 4.954229606365003065e+02 5.045317648850573278e+02 5.134984955049084192e+02 5.222233652619919440e+02 5.305870877440346476e+02 5.384550472267706027e+02 5.456852879312084497e+02 5.521390161252568305e+02 5.576915537995317891e+02 5.622411997267432753e+02 5.657137528299820133e+02 5.680617628297520696e+02 5.692595440908589808e+02 5.692967402850936196e+02
4.200144980091928915e+02 4.130504042311386570e+02 4.070268479670093598e+02 4.020475174243813399e+02 3.981487832699699538e+02 3.952994758215320417e+02 3.934215051491133863e+02 3.924256116600903397e+02 3.922496317691378067e+02 3.928846582383591226e+02 3.943787219109992748e+02 3.968164935825150792e+02 4.002830762021815758e+02 4.048259368391493922e+02 4.104289013071294221e+02 4.170063528916022051e+02 4.244173591201343356e+02 4.324922902661646162e+02 4.410613784547293790e+02 4.499761152438308613e+02 4.591188176007864854e+02 4.684006193703822873e+02 4.777515469949619273e+02 4.871074513799092074e+02 4.963978373336636309e+02 5.055370925721780395e+02 5.144201973260098839e+02 5.229231072749283840e+02 5.309075340646732002e+02 5.382294277747889737e+02 5.447498201897997205e+02 5.503458927822531450e+02 5.549196301483360685e+02 5.584017547649302742e+02 5.607500491717955811e+02 5.619432745560400235e+02 5.619737475233234818e+02
4.106806857101871060e+02 4.035076499945590172e+02 3.972671042992377579e+02 3.920720219145421765e+02 3.879720329944487958e+02 3.849510137985016627e+02 3.829450471975843584e+02 3.818757760375563635e+02 3.816870209035055836e+02 3.823701874414463759e+02 3.839680237933092712e+02 3.865551405282161568e+02 3.902033214997458686e+02 3.949455684792390002e+02 4.007524777142470498e+02 4.075285328192700831e+02 4.151274408111192429e+02 4.233787258704734313e+02 4.321151167192311391e+02 4.411921108170635648e+02 4.504956957682105099e+02 4.599390198857054770e+02 4.694519126656418280e+02 4.789679651281392694e+02 4.884129614717418804e+02 4.976968788229874576e+02 5.067103273927579039e+02 5.153255293004940540e+02 5.234015538432331596e+02 5.307931369387389395e+02 5.373617420921179928e+02 5.429866762373723077e+02 5.475735400372849426e+02 5.510576502354554123e+02 5.534015659000298228e+02 5.545880689985935987e+02 5.546118935178343463e+02
