BlockUplift_2Ma_1kryTimeStep_2mmyr_k_5e-05_m_0.5_n_1.0_LinDiffusion_0.75_6x3km_30mRes_flow__link_to_receiver_node.txt
nrows 100
cellsize 30.0
xllcorner 0.0
ncols 200
yllcorner 0.0
[rows 0 to 16 of 100, columns 0 to 36 of 200]
-1.000000000000000000e+00 -1.000000000000000000e+00 -1.000000000000000000e+00 -1.000000000000000000e+00 -1.000000000000000000e+00 -1.000000000000000000e+00 -1.000000000000000000e+00 -1.000000000000000000e+00 -1.000000000000000000e+00 -1.000000000000000000e+00 -1.000000000000000000e+00 -1.000000000000000000e+00 -1.000000000000000000e+00 -1.000000000000000000e+00 -1.000000000000000000e+00 -1.000000000000000000e+00 -1.000000000000000000e+00 -1.000000000000000000e+00 -1.000000000000000000e+00 -1.000000000000000000e+00 -1.000000000000000000e+00 -1.000000000000000000e+00 -1.000000000000000000e+00 -1.000000000000000000e+00 -1.000000000000000000e+00 -1.000000000000000000e+00 -1.000000000000000000e+00 -1.000000000000000000e+00 -1.000000000000000000e+00 -1.000000000000000000e+00 -1.000000000000000000e+00 -1.000000000000000000e+00 -1.000000000000000000e+00 -1.000000000000000000e+00 -1.000000000000000000e+00 -1.000000000000000000e+00 -1.000000000000000000e+00
-1.000000000000000000e+00 7.830900000000000000e+04 7.831100000000000000e+04 7.831300000000000000e+04 3.910600000000000000e+04 3.910700000000000000e+04 3.910800000000000000e+04 3.910900000000000000e+04 3.911000000000000000e+04 3.911100000000000000e+04 3.911200000000000000e+04 3.911300000000000000e+04 3.911400000000000000e+04 3.911500000000000000e+04 3.911600000000000000e+04 3.911700000000000000e+04 7.833900000000000000e+04 7.834100000000000000e+04 7.834300000000000000e+04 7.834500000000000000e+04 7.834700000000000000e+04 7.834900000000000000e+04 3.892400000000000000e+04 3.892500000000000000e+04 3.892600000000000000e+04 3.892700000000000000e+04 7.835600000000000000e+04 7.835800000000000000e+04 7.836000000000000000e+04 7.836200000000000000e+04 7.836400000000000000e+04 3.913200000000000000e+04 3.913300000000000000e+04 3.913400000000000000e+04 3.913500000000000000e+04 3.913600000000000000e+04 3.913700000000000000e+04
-1.000000000000000000e+00 7.791100000000000000e+04 7.791300000000000000e+04 7.791500000000000000e+04 7.791700000000000000e+04 7.791900000000000000e+04 7.792100000000000000e+04 7.792300000000000000e+04 7.792500000000000000e+04 7.792700000000000000e+04 7.792900000000000000e+04 7.793100000000000000e+04 7.793300000000000000e+04 7.793500000000000000e+04 7.793700000000000000e+04 7.793900000000000000e+04 7.794100000000000000e+04 7.794300000000000000e+04 7.794500000000000000e+04 7.794700000000000000e+04 7.794900000000000000e+04 3.852400000000000000e+04 3.852500000000000000e+04 3.852600000000000000e+04 3.852700000000000000e+04 3.852800000000000000e+04 3.852900000000000000e+04 7.796000000000000000e+04 7.796200000000000000e+04 7.796400000000000000e+04 7.796600000000000000e+04 7.796800000000000000e+04 7.797000000000000000e+04 7.797200000000000000e+04 7.797400000000000000e+04 7.797600000000000000e+04 7.797800000000000000e+04
-1.000000000000000000e+00 3.810500000000000000e+04 7.751500000000000000e+04 7.751700000000000000e+04 7.751900000000000000e+04 7.752100000000000000e+04 7.752300000000000000e+04 7.752500000000000000e+04 7.752700000000000000e+04 7.752900000000000000e+04 7.753100000000000000e+04 7.753300000000000000e+04 7.753500000000000000e+04 7.753700000000000000e+04 7.753900000000000000e+04 7.754100000000000000e+04 7.754300000000000000e+04 7.754500000000000000e+04 7.754700000000000000e+04 7.754900000000000000e+04 3.812400000000000000e+04 3.812500000000000000e+04 3.812600000000000000e+04 3.812700000000000000e+04 3.812800000000000000e+04 3.812900000000000000e+04 3.813000000000000000e+04 3.813100000000000000e+04 7.756400000000000000e+04 7.756600000000000000e+04 7.756800000000000000e+04 7.757000000000000000e+04 7.757200000000000000e+04 7.757400000000000000e+04 7.757600000000000000e+04 7.757800000000000000e+04 7.758000000000000000e+04
-1.000000000000000000e+00 3.770600000000000000e+04 7.711700000000000000e+04 7.711900000000000000e+04 7.712100000000000000e+04 7.712300000000000000e+04 7.712500000000000000e+04 7.712700000000000000e+04 7.712900000000000000e+04 7.713100000000000000e+04 7.713300000000000000e+04 7.713500000000000000e+04 7.713700000000000000e+04 7.713900000000000000e+04 7.714100000000000000e+04 7.714300000000000000e+04 7.714500000000000000e+04 7.714700000000000000e+04 7.714900000000000000e+04 3.772400000000000000e+04 3.772500000000000000e+04 3.772600000000000000e+04 3.772700000000000000e+04 3.772800000000000000e+04 3.772900000000000000e+04 3.773000000000000000e+04 3.773100000000000000e+04 3.773200000000000000e+04 7.716600000000000000e+04 7.716800000000000000e+04 7.717000000000000000e+04 7.717200000000000000e+04 7.717400000000000000e+04 7.717600000000000000e+04 7.717800000000000000e+04 7.718000000000000000e+04 7.718200000000000000e+04
-1.000000000000000000e+00 3.730700000000000000e+04 3.730800000000000000e+04 7.672100000000000000e+04 7.672300000000000000e+04 7.672500000000000000e+04 7.672700000000000000e+04 7.672900000000000000e+04 7.673100000000000000e+04 7.673300000000000000e+04 7.673500000000000000e+04 7.673700000000000000e+04 7.673900000000000000e+04 7.674100000000000000e+04 7.674300000000000000e+04 7.674500000000000000e+04 7.674700000000000000e+04 7.674900000000000000e+04 7.675100000000000000e+04 3.732500000000000000e+04 3.732600000000000000e+04 3.732700000000000000e+04 3.732800000000000000e+04 3.732900000000000000e+04 3.733000000000000000e+04 3.733100000000000000e+04 3.733200000000000000e+04 3.733300000000000000e+04 3.733400000000000000e+04 7.677000000000000000e+04 7.677200000000000000e+04 7.677400000000000000e+04 7.677600000000000000e+04 7.677800000000000000e+04 7.678000000000000000e+04 7.678200000000000000e+04 7.678400000000000000e+04
-1.000000000000000000e+00 3.690800000000000000e+04 3.690900000000000000e+04 7.632300000000000000e+04 7.632500000000000000e+04 7.632700000000000000e+04 7.632900000000000000e+04 7.633100000000000000e+04 7.633300000000000000e+04 7.633500000000000000e+04 7.633700000000000000e+04 7.633900000000000000e+04 7.634100000000000000e+04 7.634300000000000000e+04 7.634500000000000000e+04 7.634700000000000000e+04 7.634900000000000000e+04 7.635100000000000000e+04 3.692500000000000000e+04 3.692600000000000000e+04 3.692700000000000000e+04 3.692800000000000000e+04 3.692900000000000000e+04 3.693000000000000000e+04 3.693100000000000000e+04 3.693200000000000000e+04 3.693300000000000000e+04 3.693400000000000000e+04 3.693500000000000000e+04 7.637200000000000000e+04 7.637400000000000000e+04 7.637600000000000000e+04 7.637800000000000000e+04 7.638000000000000000e+04 7.638200000000000000e+04 7.638400000000000000e+04 7.638600000000000000e+04
-1.000000000000000000e+00 3.650900000000000000e+04 3.651000000000000000e+04 7.592500000000000000e+04 7.592700000000000000e+04 7.592900000000000000e+04 7.593100000000000000e+04 7.593300000000000000e+04 7.593500000000000000e+04 7.593700000000000000e+04 7.593900000000000000e+04 7.594100000000000000e+04 7.594300000000000000e+04 7.594500000000000000e+04 7.594700000000000000e+04 7.594900000000000000e+04 7.595100000000000000e+04 7.595300000000000000e+04 3.652600000000000000e+04 3.652700000000000000e+04 3.652800000000000000e+04 3.652900000000000000e+04 3.653000000000000000e+04 3.653100000000000000e+04 3.653200000000000000e+04 3.653300000000000000e+04 3.653400000000000000e+04 3.653500000000000000e+04 3.653600000000000000e+04 7.597400000000000000e+04 7.597600000000000000e+04 7.597800000000000000e+04 7.598000000000000000e+04 7.598200000000000000e+04 7.598400000000000000e+04 7.598600000000000000e+04 7.598800000000000000e+04
-1.000000000000000000e+00 3.611000000000000000e+04 3.611100000000000000e+04 7.552700000000000000e+04 7.552900000000000000e+04 7.553100000000000000e+04 7.553300000000000000e+04 7.553500000000000000e+04 7.553700000000000000e+04 7.553900000000000000e+04 7.554100000000000000e+04 7.554300000000000000e+04 7.554500000000000000e+04 7.554700000000000000e+04 7.554900000000000000e+04 7.555100000000000000e+04 7.555300000000000000e+04 7.555500000000000000e+04 3.612700000000000000e+04 3.612800000000000000e+04 3.612900000000000000e+04 3.613000000000000000e+04 3.613100000000000000e+04 3.613200000000000000e+04 3.613300000000000000e+04 3.613400000000000000e+04 3.613500000000000000e+04 3.613600000000000000e+04 3.613700000000000000e+04 7.557600000000000000e+04 7.557800000000000000e+04 7.558000000000000000e+04 7.558200000000000000e+04 7.558400000000000000e+04 7.558600000000000000e+04 7.558800000000000000e+04 7.559000000000000000e+04
-1.000000000000000000e+00 3.571100000000000000e+04 3.571200000000000000e+04 7.512900000000000000e+04 7.513100000000000000e+04 7.513300000000000000e+04 7.513500000000000000e+04 7.513700000000000000e+04 7.513900000000000000e+04 7.514100000000000000e+04 7.514300000000000000e+04 7.514500000000000000e+04 7.514700000000000000e+04 7.514900000000000000e+04 7.515100000000000000e+04 7.515300000000000000e+04 7.515500000000000000e+04 7.515700000000000000e+04 3.572800000000000000e+04 3.572900000000000000e+04 3.573000000000000000e+04 3.573100000000000000e+04 3.573200000000000000e+04 3.573300000000000000e+04 3.573400000000000000e+04 3.573500000000000000e+04 3.573600000000000000e+04 3.573700000000000000e+04 3.573800000000000000e+04 7.517800000000000000e+04 7.518000000000000000e+04 7.518200000000000000e+04 7.518400000000000000e+04 7.518600000000000000e+04 7.518800000000000000e+04 7.519000000000000000e+04 7.519200000000000000e+04
-1.000000000000000000e+00 3.531200000000000000e+04 3.531300000000000000e+04 7.473100000000000000e+04 7.473300000000000000e+04 7.473500000000000000e+04 7.473700000000000000e+04 7.473900000000000000e+04 7.474100000000000000e+04 7.474300000000000000e+04 7.474500000000000000e+04 7.474700000000000000e+04 7.474900000000000000e+04 7.475100000000000000e+04 7.475300000000000000e+04 7.475500000000000000e+04 7.475700000000000000e+04 7.475900000000000000e+04 3.532900000000000000e+04 3.533000000000000000e+04 3.533100000000000000e+04 3.533200000000000000e+04 3.533300000000000000e+04 3.533400000000000000e+04 3.533500000000000000e+04 3.533600000000000000e+04 3.533700000000000000e+04 3.533800000000000000e+04 3.533900000000000000e+04 7.478000000000000000e+04 7.478200000000000000e+04 7.478400000000000000e+04 7.478600000000000000e+04 7.478800000000000000e+04 7.479000000000000000e+04 7.479200000000000000e+04 7.479400000000000000e+04
-1.000000000000000000e+00 3.491300000000000000e+04 3.491400000000000000e+04 7.433300000000000000e+04 7.433500000000000000e+04 7.433700000000000000e+04 7.433900000000000000e+04 7.434100000000000000e+04 7.434300000000000000e+04 7.434500000000000000e+04 7.434700000000000000e+04 7.434900000000000000e+04 7.435100000000000000e+04 7.435300000000000000e+04 7.435500000000000000e+04 7.435700000000000000e+04 7.435900000000000000e+04 7.436100000000000000e+04 7.436300000000000000e+04 3.493100000000000000e+04 3.493200000000000000e+04 3.493300000000000000e+04 3.493400000000000000e+04 3.493500000000000000e+04 3.493600000000000000e+04 3.493700000000000000e+04 3.493800000000000000e+04 3.493900000000000000e+04 3.494000000000000000e+04 7.438200000000000000e+04 7.438400000000000000e+04 7.438600000000000000e+04 7.438800000000000000e+04 7.439000000000000000e+04 7.439200000000000000e+04 7.439400000000000000e+04 7.439600000000000000e+04
-1.000000000000000000e+00 3.451400000000000000e+04 3.451500000000000000e+04 7.393500000000000000e+04 7.393700000000000000e+04 7.393900000000000000e+04 7.394100000000000000e+04 7.394300000000000000e+04 7.394500000000000000e+04 7.394700000000000000e+04 7.394900000000000000e+04 7.395100000000000000e+04 7.395300000000000000e+04 7.395500000000000000e+04 7.395700000000000000e+04 7.395900000000000000e+04 7.396100000000000000e+04 7.396300000000000000e+04 7.396500000000000000e+04 3.453200000000000000e+04 3.453300000000000000e+04 3.453400000000000000e+04 3.453500000000000000e+04 3.453600000000000000e+04 3.453700000000000000e+04 3.453800000000000000e+04 3.453900000000000000e+04 3.454000000000000000e+04 7.398200000000000000e+04 7.398400000000000000e+04 7.398600000000000000e+04 7.398800000000000000e+04 7.399000000000000000e+04 7.399200000000000000e+04 7.399400000000000000e+04 7.399600000000000000e+04 7.399800000000000000e+04
-1.000000000000000000e+00 3.411500000000000000e+04 3.411600000000000000e+04 7.353700000000000000e+04 7.353900000000000000e+04 7.354100000000000000e+04 7.354300000000000000e+04 7.354500000000000000e+04 7.354700000000000000e+04 7.354900000000000000e+04 7.355100000000000000e+04 7.355300000000000000e+04 7.355500000000000000e+04 7.355700000000000000e+04 7.355900000000000000e+04 7.356100000000000000e+04 7.356300000000000000e+04 7.356500000000000000e+04 7.356700000000000000e+04 3.413300000000000000e+04 3.413400000000000000e+04 3.413500000000000000e+04 3.413600000000000000e+04 3.413700000000000000e+04 3.413800000000000000e+04 3.413900000000000000e+04 3.414000000000000000e+04 3.414100000000000000e+04 7.358400000000000000e+04 7.358600000000000000e+04 7.358800000000000000e+04 7.359000000000000000e+04 7.359200000000000000e+04 7.359400000000000000e+04 7.359600000000000000e+04 7.359800000000000000e+04 7.360000000000000000e+04
-1.000000000000000000e+00 3.371600000000000000e+04 3.371700000000000000e+04 7.313900000000000000e+04 7.314100000000000000e+04 7.314300000000000000e+04 7.314500000000000000e+04 7.314700000000000000e+04 7.314900000000000000e+04 7.315100000000000000e+04 7.315300000000000000e+04 7.315500000000000000e+04 7.315700000000000000e+04 7.315900000000000000e+04 7.316100000000000000e+04 7.316300000000000000e+04 7.316500000000000000e+04 7.316700000000000000e+04 7.316900000000000000e+04 3.373400000000000000e+04 3.373500000000000000e+04 3.373600000000000000e+04 3.373700000000000000e+04 3.373800000000000000e+04 3.373900000000000000e+04 3.374000000000000000e+04 3.374100000000000000e+04 3.374200000000000000e+04 7.318600000000000000e+04 7.318800000000000000e+04 7.319000000000000000e+04 7.319200000000000000e+04 7.319400000000000000e+04 7.319600000000000000e+04 7.319800000000000000e+04 7.320000000000000000e+04 7.320200000000000000e+04
-1.000000000000000000e+00 3.331700000000000000e+04 3.331800000000000000e+04 7.274100000000000000e+04 7.274300000000000000e+04 7.274500000000000000e+04 7.274700000000000000e+04 7.274900000000000000e+04 7.275100000000000000e+04 7.275300000000000000e+04 7.275500000000000000e+04 7.275700000000000000e+04 7.275900000000000000e+04 7.276100000000000000e+04 7.276300000000000000e+04 7.276500000000000000e+04 7.276700000000000000e+04 7.276900000000000000e+04 7.277100000000000000e+04 7.277300000000000000e+04 3.333600000000000000e+04 3.333700000000000000e+04 3.333800000000000000e+04 3.333900000000000000e+04 3.334000000000000000e+04 3.334100000000000000e+04 3.334200000000000000e+04 3.334300000000000000e+04 7.278800000000000000e+04 7.279000000000000000e+04 7.279200000000000000e+04 7.279400000000000000e+04 7.279600000000000000e+04 7.279800000000000000e+04 7.280000000000000000e+04 7.280200000000000000e+04 7.280400000000000000e+04
-1.000000000000000000e+00 3.291800000000000000e+04 3.291900000000000000e+04 7.234300000000000000e+04 7.234500000000000000e+04 7.234700000000000000e+04 7.234900000000000000e+04 7.235100000000000000e+04 7.235300000000000000e+04 7.235500000000000000e+04 7.235700000000000000e+04 7.235900000000000000e+04 7.236100000000000000e+04 7.236300000000000000e+04 7.236500000000000000e+04 7.236700000000000000e+04 7.236900000000000000e+04 7.237100000000000000e+04 7.237300000000000000e+04 7.237500000000000000e+04 3.293700000000000000e+04 3.293800000000000000e+04 3.293900000000000000e+04 3.294000000000000000e+04 3.294100000000000000e+04 3.294200000000000000e+04 3.294300000000000000e+04 7.238800000000000000e+04 7.239000000000000000e+04 7.239200000000000000e+04 7.239400000000000000e+04 7.239600000000000000e+04 7.239800000000000000e+04 7.240000000000000000e+04 7.240200000000000000e+04 7.240400000000000000e+04 7.240600000000000000e+04
