BlockUplift_2Ma_1kryTimeStep_5mmyr_k_1e-05_m_0.5_n_1.0_LinDiffusion_1.0_6x3km_30mRes_topographic__elevation.txt
nrows 100
cellsize 30.0
xllcorner 0.0
ncols 200
yllcorner 0.0
[rows 0 to 16 of 100, columns 0 to 36 of 200]
4.958860154717253162e-04 6.147936763459492786e-04 9.584487523550086789e-04 4.623249246550352790e-04 2.448736235010656628e-04 8.778263461504934220e-04 1.976695417041751765e-04 7.979753164377012672e-04 4.989359889450660761e-04 2.900541526161691985e-04 7.064944010589555793e-04 2.727333844385725482e-04 1.131817610165635136e-04 5.659509532783025014e-04 4.344319523449432369e-04 5.941867985423623542e-04 5.466274137938524234e-04 8.991197892315248418e-04 4.817324424888194180e-04 4.635103909694752045e-04 3.418153269453847527e-04 7.653172505935168621e-05 2.735457322506884537e-04 9.030470100633144689e-04 7.969992963173771604e-04 3.283617560931149254e-04 5.286195992573782323e-04 8.214636983962220716e-04 2.847810243317452331e-04 5.818685962083278585e-04 1.286825163648823835e-04 8.905448589143283365e-05 3.427704006379719078e-04 5.903210667310190276e-04 9.972022173706193184e-04 8.323100810228710889e-04 8.435133725161731268e-04
4.092705047137166108e-04 6.148988457025006028e+03 6.148988457035709871e+03 6.148988457057104824e+03 6.148988457089166332e+03 6.148988457131858922e+03 6.148988457185135303e+03 6.148988457248936356e+03 6.148988457323191142e+03 6.148988457407818714e+03 6.148988457502729943e+03 6.148988457607822056e+03 6.148988457722985004e+03 6.148988457848100552e+03 6.148988457983043190e+03 6.148988458127678314e+03 6.148988458281868589e+03 6.148988458445465767e+03 6.148988458618321602e+03 6.148988458800282388e+03 6.148988458991190782e+03 6.148988459190886715e+03 6.148988459399211024e+03 6.148988459616004548e+03 6.148988459841106305e+03 6.148988460074358954e+03 6.148988460315606972e+03 6.148988460564699380e+03 6.148988460821487934e+03 6.148988461085831659e+03 6.148988461357594133e+03 6.148988461636645297e+03 6.148988461922865099e+03 6.148988462216140761e+03 6.148988462516368600e+03 6.148988462823454938e+03 6.148988463137317922e+03
3.978426562322375805e-04 6.144763047840609033e+03 6.144763047851321062e+03 6.144763047872732386e+03 6.144763047904820269e+03 6.144763047947547420e+03 6.144763048000865638e+03 6.144763048064715804e+03 6.144763048139027887e+03 6.144763048223719125e+03 6.144763048318699475e+03 6.144763048423867986e+03 6.144763048539110969e+03 6.144763048664312919e+03 6.144763048799343778e+03 6.144763048944072580e+03 6.144763049098356532e+03 6.144763049262049208e+03 6.144763049435002358e+03 6.144763049617058641e+03 6.144763049808060714e+03 6.144763050007850325e+03 6.144763050216264674e+03 6.144763050433142780e+03 6.144763050658326392e+03 6.144763050891653620e+03 6.144763051132970759e+03 6.144763051382123194e+03 6.144763051638964498e+03 6.144763051903350970e+03 6.144763052175145276e+03 6.144763052454219178e+03 6.144763052740448074e+03 6.144763053033721008e+03 6.144763053333934295e+03 6.144763053640990620e+03 6.144763053954809948e+03
8.387608860180041084e-04 6.136338484988953496e+03 6.136338484999681896e+03 6.136338485021128690e+03 6.136338485053267505e+03 6.136338485096062868e+03 6.136338485149464759e+03 6.136338485213414970e+03 6.136338485287839831e+03 6.136338485372659306e+03 6.136338485467780629e+03 6.136338485573099206e+03 6.136338485688505898e+03 6.136338485813877014e+03 6.136338485949087953e+03 6.136338486093999563e+03 6.136338486248472691e+03 6.136338486412359089e+03 6.136338486585504143e+03 6.136338486767752329e+03 6.136338486958945396e+03 6.136338487158920543e+03 6.136338487367514972e+03 6.136338487584565883e+03 6.136338487809910475e+03 6.136338488043389589e+03 6.136338488284843152e+03 6.136338488534118369e+03 6.136338488791064265e+03 6.136338489055536229e+03 6.136338489327396928e+03 6.136338489606513576e+03 6.136338489892764301e+03 6.136338490186032686e+03 6.136338490486215051e+03 6.136338490793214987e+03 6.136338491106946094e+03
8.274658215697287995e-04 6.123766010289028600e+03 6.123766010299784284e+03 6.123766010321282920e+03 6.123766010353499041e+03 6.123766010396396268e+03 6.123766010449924579e+03 6.123766010514022128e+03 6.123766010588618883e+03 6.123766010673630262e+03 6.123766010768960768e+03 6.123766010874508538e+03 6.123766010990157156e+03 6.123766011115786569e+03 6.123766011251264899e+03 6.123766011396455724e+03 6.123766011551212614e+03 6.123766011715386412e+03 6.123766011888821595e+03 6.123766012071360819e+03 6.123766012262839467e+03 6.123766012463094739e+03 6.123766012671959288e+03 6.123766012889269405e+03 6.123766013114857742e+03 6.123766013348563320e+03 6.123766013590224247e+03 6.123766013839684092e+03 6.123766014096789149e+03 6.123766014361392990e+03 6.123766014633354644e+03 6.123766014912538594e+03 6.123766015198822060e+03 6.123766015492086808e+03 6.123766015792224607e+03 6.123766016099139051e+03 6.123766016412743738e+03
8.145779429955592741e-04 6.107119503700760106e+03 6.107119503711550351e+03 6.107119503733117199e+03 6.107119503765437003e+03 6.107119503808469744e+03 6.107119503862166312e+03 6.107119503926464859e+03 6.107119504001289897e+03 6.107119504086555935e+03 6.107119504182168384e+03 6.107119504288019925e+03 6.107119504403995052e+03 6.107119504529966434e+03 6.107119504665804925e+03 6.107119504811365005e+03 6.107119504966502063e+03 6.107119505131063306e+03 6.107119505304887753e+03 6.107119505487813512e+03 6.107119505679675058e+03 6.107119505880305042e+03 6.107119506089533388e+03 6.107119506307190022e+03 6.107119506533107597e+03 6.107119506767118764e+03 6.107119507009058907e+03 6.107119507258767044e+03 6.107119507516086742e+03 6.107119507780867934e+03 6.107119508052966921e+03 6.107119508332244550e+03 6.107119508618574400e+03 6.107119508911837329e+03 6.107119509211920558e+03 6.107119509518725863e+03 6.107119509832165022e+03
6.963818555170028747e-04 6.086492388546193979e+03 6.086492388557027880e+03 6.086492388578682039e+03 6.086492388611130991e+03 6.086492388654335628e+03 6.086492388708242288e+03 6.086492388772790036e+03 6.086492388847901566e+03 6.086492388933488655e+03 6.086492389029453989e+03 6.086492389135686608e+03 6.086492389252070097e+03 6.086492389378473490e+03 6.086492389514761271e+03 6.086492389660787921e+03 6.086492389816402465e+03 6.086492389981446649e+03 6.086492390155760404e+03 6.086492390339172744e+03 6.086492390531516321e+03 6.086492390732618333e+03 6.086492390942303246e+03 6.086492391160398256e+03 6.086492391386729651e+03 6.086492391621126444e+03 6.086492391863418561e+03 6.086492392113441383e+03 6.086492392371034839e+03 6.086492392636042496e+03 6.086492392908317925e+03 6.086492393187718335e+03 6.086492393474113669e+03 6.086492393767377507e+03 6.086492394067399800e+03 6.086492394374075047e+03 6.086492394687312299e+03
3.274947719497592748e-04 6.061994184716879317e+03 6.061994184727765060e+03 6.061994184749523811e+03 6.061994184782128286e+03 6.061994184825538468e+03 6.061994184879699787e+03 6.061994184944548579e+03 6.061994185020005716e+03 6.061994185105979341e+03 6.061994185202369408e+03 6.061994185309063141e+03 6.061994185425937758e+03 6.061994185552860472e+03 6.061994185689690312e+03 6.061994185836279939e+03 6.061994185992470193e+03 6.061994186158100092e+03 6.061994186333002290e+03 6.061994186517003982e+03 6.061994186709929636e+03 6.061994186911601901e+03 6.061994187121840696e+03 6.061994187340465942e+03 6.061994187567299377e+03 6.061994187802163651e+03 6.061994188044885050e+03 6.061994188295292588e+03 6.061994188553219828e+03 6.061994188818507610e+03 6.061994189091002227e+03 6.061994189370557251e+03 6.061994189657038078e+03 6.061994189950314649e+03 6.061994190250270549e+03 6.061994190556797548e+03 6.061994190869803788e+03
3.929906607532629258e-05 6.033747081529100797e+03 6.033747081540048384e+03 6.033747081561929917e+03 6.033747081594716292e+03 6.033747081638367490e+03 6.033747081692828033e+03 6.033747081758029708e+03 6.033747081833889752e+03 6.033747081920318124e+03 6.033747082017206594e+03 6.033747082124440567e+03 6.033747082241891803e+03 6.033747082369423879e+03 6.033747082506892184e+03 6.033747082654140286e+03 6.033747082811007203e+03 6.033747082977324681e+03 6.033747083152920823e+03 6.033747083337614640e+03 6.033747083531226053e+03 6.033747083733570435e+03 6.033747083944461338e+03 6.033747084163712316e+03 6.033747084391138742e+03 6.033747084626557807e+03 6.033747084869788523e+03 6.033747085120653537e+03 6.033747085378980955e+03 6.033747085644603430e+03 6.033747085917363620e+03 6.033747086197110548e+03 6.033747086483701423e+03 6.033747086777003460e+03 6.033747087076892967e+03 6.033747087383261714e+03 6.033747087696008748e+03
5.866571410753084219e-04 6.001882813257566340e+03 6.001882813268583959e+03 6.001882813290605554e+03 6.001882813323602932e+03 6.001882813367531526e+03 6.001882813422334948e+03 6.001882813487941348e+03 6.001882813564267963e+03 6.001882813651216566e+03 6.001882813748678927e+03 6.001882813856534085e+03 6.001882813974650162e+03 6.001882814102884367e+03 6.001882814241084816e+03 6.001882814389093255e+03 6.001882814546740519e+03 6.001882814713851076e+03 6.001882814890246664e+03 6.001882815075739927e+03 6.001882815270141691e+03 6.001882815473262781e+03 6.001882815684908564e+03 6.001882815904885319e+03 6.001882816133000233e+03 6.001882816369064130e+03 6.001882816612887837e+03 6.001882816864286724e+03 6.001882817123081622e+03 6.001882817389101547e+03 6.001882817662178240e+03 6.001882817942157089e+03 6.001882818228888027e+03 6.001882818522232810e+03 6.001882818822063200e+03 6.001882819128266419e+03 6.001882819440735148e+03
3.050046558999352988e-05 5.966540000374307056e+03 5.966540000385404710e+03 5.966540000407586376e+03 5.966540000440822041e+03 5.966540000485064411e+03 5.966540000540255278e+03 5.966540000606321883e+03 5.966540000683176004e+03 5.966540000770715778e+03 5.966540000868828429e+03 5.966540000977388445e+03 5.966540001096256674e+03 5.966540001225286687e+03 5.966540001364322052e+03 5.966540001513191783e+03 5.966540001671723985e+03 5.966540001839736760e+03 5.966540002017040933e+03 5.966540002203442782e+03 5.966540002398746765e+03 5.966540002602751883e+03 5.966540002815258958e+03 5.966540003036065173e+03 5.966540003264967709e+03 5.966540003501770116e+03 5.966540003746275033e+03 5.966540003998289649e+03 5.966540004257628425e+03 5.966540004524108554e+03 5.966540004797559959e+03 5.966540005077817113e+03 5.966540005364723584e+03 5.966540005658134760e+03 5.966540005957918765e+03 5.966540006263952819e+03 5.966540006576128690e+03
8.292865108206092699e-04 5.927862003492189615e+03 5.927862003503378219e+03 5.927862003525737236e+03 5.927862003559238474e+03 5.927862003603832818e+03 5.927862003659460242e+03 5.927862003726040712e+03 5.927862003803485095e+03 5.927862003891687891e+03 5.927862003990529956e+03 5.927862004099879414e+03 5.927862004219593473e+03 5.927862004349516610e+03 5.927862004489486026e+03 5.927862004639325278e+03 5.927862004798852468e+03 5.927862004967876601e+03 5.927862005146203046e+03 5.927862005333628986e+03 5.927862005529947965e+03 5.927862005734950799e+03 5.927862005948429214e+03 5.927862006170171298e+03 5.927862006399966958e+03 5.927862006637607919e+03 5.927862006882886817e+03 5.927862007135605381e+03 5.927862007395566252e+03 5.927862007662581163e+03 5.927862007936467307e+03 5.927862008217053699e+03 5.927862008504177538e+03 5.927862008797686030e+03 5.927862009097440023e+03 5.927862009403311276e+03 5.927862009715185195e+03
5.810741496071486099e-04 5.885995250109427616e+03 5.885995250120715355e+03 5.885995250143273552e+03 5.885995250177070375e+03 5.885995250222055802e+03 5.885995250278166168e+03 5.885995250345319619e+03 5.885995250423419748e+03 5.885995250512358325e+03 5.885995250612010750e+03 5.885995250722237870e+03 5.885995250842891437e+03 5.885995250973808652e+03 5.885995251114817620e+03 5.885995251265735533e+03 5.885995251426370487e+03 5.885995251596524213e+03 5.885995251775989345e+03 5.885995251964555791e+03 5.885995252162008910e+03 5.885995252368128604e+03 5.885995252582695684e+03 5.885995252805487326e+03 5.885995253036282520e+03 5.885995253274866627e+03 5.885995253521021368e+03 5.885995253774534831e+03 5.885995254035204198e+03 5.885995254302829380e+03 5.885995254577221203e+03 5.885995254858195040e+03 5.885995255145584451e+03 5.885995255439227549e+03 5.885995255738975175e+03 5.885995256044694543e+03 5.885995256356265600e+03
2.731506685667756161e-04 5.841087946479279708e+03 5.841087946490676586e+03 5.841087946513453971e+03 5.841087946547576394e+03 5.841087946592992012e+03 5.841087946649635342e+03 5.841087946717419072e+03 5.841087946796244069e+03 5.841087946885994825e+03 5.841087946986541283e+03 5.841087947097737924e+03 5.841087947219429225e+03 5.841087947351444200e+03 5.841087947493601860e+03 5.841087947645710301e+03 5.841087947807571254e+03 5.841087947978972807e+03 5.841087948159701227e+03 5.841087948349533690e+03 5.841087948548242821e+03 5.841087948755601246e+03 5.841087948971377955e+03 5.841087949195338297e+03 5.841087949427251260e+03 5.841087949666888562e+03 5.841087949914023739e+03 5.841087950168433053e+03 5.841087950429901866e+03 5.841087950698222812e+03 5.841087950973192164e+03 5.841087951254622567e+03 5.841087951542331211e+03 5.841087951836150751e+03 5.841087952135925661e+03 5.841087952441514062e+03 5.841087952752787714e+03
7.072251649383355784e-04 5.793289074743946912e+03 5.793289074755464753e+03 5.793289074778481336e+03 5.793289074812960280e+03 5.793289074858849744e+03 5.793289074916076970e+03 5.793289074984551917e+03 5.793289075064170902e+03 5.793289075154812963e+03 5.793289075256338947e+03 5.793289075368599697e+03 5.793289075491429685e+03 5.793289075624649740e+03 5.793289075768069779e+03 5.793289075921487893e+03 5.793289076084695807e+03 5.793289076257472516e+03 5.793289076439590644e+03 5.793289076630817362e+03 5.793289076830913473e+03 5.793289077039640688e+03 5.793289077256753444e+03 5.793289077482007087e+03 5.793289077715159692e+03 5.793289077955968423e+03 5.793289078204195903e+03 5.793289078459608390e+03 5.793289078721976693e+03 5.793289078991083443e+03 5.793289079266715817e+03 5.793289079548671907e+03 5.793289079836763449e+03 5.793289080130812181e+03 5.793289080430652575e+03 5.793289080736134565e+03 5.793289081047124455e+03
7.341330560963944428e-04 5.742747587399838267e+03 5.742747587411487075e+03 5.742747587434765592e+03 5.742747587469635619e+03 5.742747587516039857e+03 5.742747587573902820e+03 5.742747587643133556e+03 5.742747587723619290e+03 5.742747587815232691e+03 5.742747587917830060e+03 5.742747588031253144e+03 5.742747588155327321e+03 5.742747588289864325e+03 5.742747588434664067e+03 5.742747588589515544e+03 5.742747588754198659e+03 5.742747588928479672e+03 5.742747589112120295e+03 5.742747589304875873e+03 5.742747589506496297e+03 5.742747589716725997e+03 5.742747589935310316e+03 5.742747590161990956e+03 5.742747590396511441e+03 5.742747590638618021e+03 5.742747590888056948e+03 5.742747591144585385e+03 5.742747591407959590e+03 5.742747591677952187e+03 5.742747591954336713e+03 5.742747592236900346e+03 5.742747592525444816e+03 5.742747592819780948e+03 5.742747593119734120e+03 5.742747593425146079e+03 5.742747593735873124e+03
6.315949542448928450e-05 5.689611734083542615e+03 5.689611734095333304e+03 5.689611734118894674e+03 5.689611734154188525e+03 5.689611734201153013e+03 5.689611734259709010e+03 5.689611734329760111e+03 5.689611734411187172e+03 5.689611734503858315e+03 5.689611734607620747e+03 5.689611734722307119e+03 5.689611734847734624e+03 5.689611734983705901e+03 5.689611735130009038e+03 5.689611735286423027e+03 5.689611735452712310e+03 5.689611735628634051e+03 5.689611735813938139e+03 5.689611736008364460e+03 5.689611736211650168e+03 5.689611736423526963e+03 5.689611736643723816e+03 5.689611736871970606e+03 5.689611737107995395e+03 5.689611737351530792e+03 5.689611737602310313e+03 5.689611737860075664e+03 5.689611738124572184e+03 5.689611738395557040e+03 5.689611738672791944e+03 5.689611738956053159e+03 5.689611739245128774e+03 5.689611739539819609e+03 5.689611739839941038e+03 5.689611740145324802e+03 5.689611740455819017e+03
