BlockUplift_2Ma_1kryTimeStep_5mmyr_k_0.0001_m_0.5_n_1.0_LinDiffusion_1.0_6x3km_30mRes_topographic__elevation.txt
nrows 100
cellsize 30.0
xllcorner 0.0
ncols 200
yllcorner 0.0
[rows 68 to 84 of 100, columns 0 to 36 of 200]
3.877617062539362230e-04 3.514863595592441357e+02 3.494135196463628290e+02 3.453265318858612432e+02 3.393376437382151494e+02 3.316032641208761333e+02 3.223118969260945050e+02 3.116713971454566945e+02 2.998976204803537371e+02 2.872063090993081573e+02 2.738095841159777706e+02 2.599177426040812975e+02 2.457461912453497632e+02 2.315262927312225258e+02 2.175177256751030939e+02 2.040188784579096080e+02 1.913711862920430349e+02 1.799536199940113192e+02 1.701650524298038079e+02 1.623949064177325852e+02 1.569857664136666244e+02 1.541945338844328717e+02 1.541601414475579475e+02 1.568850875193134300e+02 1.622351153145755518e+02 1.699570579100372356e+02 1.797105618561925837e+02 1.911064467245977028e+02 2.037436875689147655e+02 2.172384368030860742e+02 2.312414118852182128e+02 2.454432818101710154e+02 2.595703958970557323e+02 2.733747365527928537e+02 2.866222701728702873e+02 2.990832173011878012e+02 3.105266101160374888e+02
7.776305746064738050e-04 3.479054961511224633e+02 3.459370670365743763e+02 3.420503445466602557e+02 3.363415884153020556e+02 3.289457911493969959e+02 3.200270768942114046e+02 3.097684293336385508e+02 2.983624490349930625e+02 2.860047809050292358e+02 2.728915650388048562e+02 2.592217304500896375e+02 2.452041420047189035e+02 2.310685255074740496e+02 2.170778302418796954e+02 2.035384985118808743e+02 1.908044167725804812e+02 1.792705992565978192e+02 1.693542268123147210e+02 1.614634642706537875e+02 1.559579154005130874e+02 1.531076124154248816e+02 1.530589430840149419e+02 1.558151327006737574e+02 1.612358244012964121e+02 1.690557968779733642e+02 1.789183423899570755e+02 1.904157248270890079e+02 2.031283193800097706e+02 2.166555223220723860e+02 2.306345613808533699e+02 2.447467985427871326e+02 2.587139516913437092e+02 2.722882562985389541e+02 2.852408601472819214e+02 2.973520110969487860e+02 3.084053450334201329e+02
2.497952604620381437e-04 3.435604061205837070e+02 3.417059731323347478e+02 3.380384326780290394e+02 3.326375916195693776e+02 3.256164190034954231e+02 3.171139802706684918e+02 3.072876807892530451e+02 2.963061308370074585e+02 2.843440685032261968e+02 2.715806914042444191e+02 2.582023663939485800e+02 2.444099387312786575e+02 2.304297421334358944e+02 2.165260405676365849e+02 2.030113129738852251e+02 1.902499927366856127e+02 1.786515133024493025e+02 1.686501362061202087e+02 1.606719747503451572e+02 1.550932448330507896e+02 1.521969810985802098e+02 1.521370540966387352e+02 1.549175095583604218e+02 1.603920259505543982e+02 1.682835515798888366e+02 1.782194303380098575e+02 1.897740561572012723e+02 2.025102304505160475e+02 2.160119579446537443e+02 2.299046152339447815e+02 2.438620644570582670e+02 2.576032536838688429e+02 2.708824934367900141e+02 2.834778353134820463e+02 2.951811475683725234e+02 3.057921157069940250e+02
7.133011174993004978e-04 3.383764355301474893e+02 3.366451726303520218e+02 3.332149677826282073e+02 3.281488203330508213e+02 3.215372163968231121e+02 3.134936539649816041e+02 3.041494346360064469e+02 2.936486287393954626e+02 2.821444414039855246e+02 2.697983386704779605e+02 2.567830768759641842e+02 2.432901000165506957e+02 2.295406136806515747e+02 2.157981572701299058e+02 2.023790275662786655e+02 1.896559813278594220e+02 1.780508304715284851e+02 1.680132156673458326e+02 1.599859267086623902e+02 1.543609607097749006e+02 1.514339115955177419e+02 1.513659944737713090e+02 1.541621714908337708e+02 1.596704583386911054e+02 1.676025014617222268e+02 1.775705025410150029e+02 1.891321166251804584e+02 2.018340379073539168e+02 2.152466382859169585e+02 2.289854021501860188e+02 2.427187341883781357e+02 2.561648277499608071e+02 2.690819754460003423e+02 2.812568886944783344e+02 2.924946454187725635e+02 3.026123920575147395e+02
1.732519934253101657e-04 3.323036441563638164e+02 3.307040475974121705e+02 3.275280431227128588e+02 3.228215900864082073e+02 3.166523924415054694e+02 3.091080532511766705e+02 3.002934360666003499e+02 2.903277188071953105e+02 2.793421505270725902e+02 2.674798824170776470e+02 2.548992084305182573e+02 2.417809528992589492e+02 2.283395541773631976e+02 2.148357836555089762e+02 2.015874053117942992e+02 1.889730074062909182e+02 1.774243495386600387e+02 1.674042769540637323e+02 1.593704855400297333e+02 1.537294655272765453e+02 1.507885747499761635e+02 1.507160366925058099e+02 1.535178084025746728e+02 1.590367067396484231e+02 1.669739195389035444e+02 1.769277329850785634e+02 1.884406630846381177e+02 2.010452224913666441e+02 2.143003100345564746e+02 2.278137876635437067e+02 2.412508527057920560e+02 2.543310681369743520e+02 2.668186435959433993e+02 2.785106749878548840e+02 2.892269685107090709e+02 2.988034455700341709e+02
5.998280314388864916e-04 3.253163609891269061e+02 3.238559230627776628e+02 3.209490526628451903e+02 3.166245750433427020e+02 3.109272885933967245e+02 3.039187645468215351e+02 2.956772866460400451e+02 2.862969824669109471e+02 2.758869273148124535e+02 2.645715991086053691e+02 2.524942197050237098e+02 2.398240155290118025e+02 2.267672204330256136e+02 2.135799118857394205e+02 2.005789604234097396e+02 1.881461295430257223e+02 1.767203770388782686e+02 1.667751365544832822e+02 1.587807344878791014e+02 1.531563741758531592e+02 1.502199826085652035e+02 1.501462141396714571e+02 1.529420544490170641e+02 1.584457414883275987e+02 1.663491745071560217e+02 1.762383918744845914e+02 1.876428549828114569e+02 2.000832789030351364e+02 2.131096249352785890e+02 2.263246618728277326e+02 2.393927642852492852e+02 2.520370114362936818e+02 2.640294014520661676e+02 2.751790204186833080e+02 2.853217727925731992e+02 2.943135074744168378e+02
6.879981563480988506e-04 3.174119574404207924e+02 3.160968156310173072e+02 3.134713942937424349e+02 3.095474510112911162e+02 3.043469517823434671e+02 2.979054996793020678e+02 2.902748436401201388e+02 2.815240782897585632e+02 2.717400704629105235e+02 2.610284812851480183e+02 2.495171124789519581e+02 2.373629159885063302e+02 2.247627926199939452e+02 2.119664618228581219e+02 1.992876935704142340e+02 1.871087647787330752e+02 1.758728941704655711e+02 1.660611327985573098e+02 1.581536945510661383e+02 1.525802196218372160e+02 1.496675793163411186e+02 1.495960014729026000e+02 1.523734578359601812e+02 1.578343652207372543e+02 1.656628228810720316e+02 1.754347206954764147e+02 1.866690103360702153e+02 1.988774018656841349e+02 2.116037514879779167e+02 2.244484200936773561e+02 2.370773613869703240e+02 2.492192224968271717e+02 2.606554921897609347e+02 2.712086463006091890e+02 2.807318423627979769e+02 2.891018004827766958e+02
8.892593105697957833e-04 3.086089017060435253e+02 3.074434964201651610e+02 3.051085544694124110e+02 3.015990230113365556e+02 2.969143356587350127e+02 2.910644090042278549e+02 2.840746842354971591e+02 2.759893869890814813e+02 2.668732788248744328e+02 2.568132308301765647e+02 2.459215157853047913e+02 2.343424567132761354e+02 2.222628780251096998e+02 2.099248719644148196e+02 1.976372309102786744e+02 1.857802739496467836e+02 1.747985431117328403e+02 1.651775349855262220e+02 1.574042460018566771e+02 1.519160355476087432e+02 1.490466771015459244e+02 1.489808196647619241e+02 1.517272723177644878e+02 1.571174883668737436e+02 1.648295267365349446e+02 1.744315956973196933e+02 1.854350540866395249e+02 1.973456921493430514e+02 2.097042514988631012e+02 2.221113769997871827e+02 2.342368771007367059e+02 2.458168005813473087e+02 2.566435671012951616e+02 2.665541744649048610e+02 2.754199374874281716e+02 2.831391640381730781e+02
2.826028614054564209e-04 2.989442812551328643e+02 2.979310536228709339e+02 2.958917548992018283e+02 2.928050083700715049e+02 2.886482844593716095e+02 2.834063444568953400e+02 2.770787379576177614e+02 2.696851069261056750e+02 2.612682929713578801e+02 2.518965006573907601e+02 2.416665352624723937e+02 2.307100206361048151e+02 2.192033631350915925e+02 2.073802375681615047e+02 1.955430616906264163e+02 1.840681152590077261e+02 1.733985469965103050e+02 1.640211396631435434e+02 1.564263851873592444e+02 1.510563334831129225e+02 1.482492767507516760e+02 1.481928625541534643e+02 1.508964621696607935e+02 1.561894632621475409e+02 1.637458192055884467e+02 1.731287607162771565e+02 1.838451820399105259e+02 1.953981500121820432e+02 2.073282536187322194e+02 2.192389475177957934e+02 2.308059034146624526e+02 2.417740902200933135e+02 2.519479841913977509e+02 2.611799538913731453e+02 2.693601308067683249e+02 2.764089122475990621e+02
3.884479341613774738e-04 2.884710316069275677e+02 2.876101904936734286e+02 2.858673902248042396e+02 2.832056889595044140e+02 2.795814845802135551e+02 2.749552114908946123e+02 2.693011602532610027e+02 2.626147887140346029e+02 2.549172374782641839e+02 2.462581792602087205e+02 2.367190778743403428e+02 2.264189734712387576e+02 2.155238541361707121e+02 2.042586703264976506e+02 1.929186311966810194e+02 1.818744446819289351e+02 1.715655875156806758e+02 1.624772266014646505e+02 1.551001193259943705e+02 1.498778694112661753e+02 1.471507073451205940e+02 1.471076592052868932e+02 1.497582541333944732e+02 1.549306767948022241e+02 1.622967454581610980e+02 1.714174652797320277e+02 1.817983861825156282e+02 1.929429339858043875e+02 2.043942731522653276e+02 2.157608652686655830e+02 2.267258813018458170e+02 2.370443678939377605e+02 2.465336734905681340e+02 2.550621381174049418e+02 2.625391683382907786e+02 2.689075709717018867e+02
3.319618847482213296e-04 2.772550747431029095e+02 2.765444569149332779e+02 2.750944423623372472e+02 2.728535944064622072e+02 2.697585046021281983e+02 2.657464656444283833e+02 2.607674079557693290e+02 2.547931411677160156e+02 2.478233355555854871e+02 2.398892043323170640e+02 2.310569416234304754e+02 2.214331622028339552e+02 2.111736430928772279e+02 2.004946981568177478e+02 1.896840441484711732e+02 1.791059123398025577e+02 1.691944333690107669e+02 1.604307459911491094e+02 1.533029622276325199e+02 1.482532450828898050e+02 1.456211848663116655e+02 1.455954862759306252e+02 1.481853226882761021e+02 1.532184244887635884e+02 1.603663177945897758e+02 1.691903611368956319e+02 1.791976283220834887e+02 1.898946422960528366e+02 2.008294531849895179e+02 2.116172814008439218e+02 2.219500177763035538e+02 2.315936045284990996e+02 2.403788308911868512e+02 2.481904382686877284e+02 2.549574312476923694e+02 2.606452007250407519e+02
6.917431691057290746e-04 2.653724868864948121e+02 2.648075253027532199e+02 2.636419632373622335e+02 2.618112763056298036e+02 2.592339348614478922e+02 2.558256919835397127e+02 2.515133502127433189e+02 2.462457982742203626e+02 2.400014981750633467e+02 2.327931776868317399e+02 2.246716786191424546e+02 2.157312361838282015e+02 2.061176474957352980e+02 1.960389005261797024e+02 1.857753687006119208e+02 1.756845003966851380e+02 1.661940851364396963e+02 1.577794807853276211e+02 1.509237969797371193e+02 1.460651571094922474e+02 1.435401564128164580e+02 1.435355443894058851e+02 1.460595586252452165e+02 1.509400447772826794e+02 1.578497964225751957e+02 1.663527204463368037e+02 1.759598096474863667e+02 1.861828904633646289e+02 1.965766693317934539e+02 2.067643907673525518e+02 2.164475038566259286e+02 2.254034099251293810e+02 2.334767668928892306e+02 2.405690724800714690e+02 2.466291789043493452e+02 2.516451080582660325e+02
4.742756502509650742e-04 2.529067369892788122e+02 2.524805406840312685e+02 2.515866331560985998e+02 2.501491470640475256e+02 2.480705539340256109e+02 2.452471314956451636e+02 2.415841911582358534e+02 2.370087016246224323e+02 2.314782768608489789e+02 2.249870557999437324e+02 2.175702415849331715e+02 2.093094956771233797e+02 2.003406984221002745e+02 1.908638234280538768e+02 1.811522774485630976e+02 1.715568769249429693e+02 1.624987103450023085e+02 1.544463248681086611e+02 1.478761779032394088e+02 1.432203529494869656e+02 1.408105190243399250e+02 1.408300500054224926e+02 1.432856618181610600e+02 1.480056706152953154e+02 1.546653003719570449e+02 1.628326637112981814e+02 1.720244469199539878e+02 1.817593544771188192e+02 1.915999526168589568e+02 2.011783361482072792e+02 2.102060730866447216e+02 2.184724627824244294e+02 2.258364391748019102e+02 2.322166193171924249e+02 2.375819115144099953e+02 2.419428702896541381e+02
1.868929910681809174e-04 2.399460011785193956e+02 2.396495388366793406e+02 2.390103679937924994e+02 2.379433294394727341e+02 2.363374366750413174e+02 2.340720326708603238e+02 2.310330363080734628e+02 2.271268649139117031e+02 2.222908499699001368e+02 2.165004450871030599e+02 2.097747491199411343e+02 2.021823539912066394e+02 1.938489656300646686e+02 1.849666316060270503e+02 1.758021420697191104e+02 1.667000567597951601e+02 1.580748735170498662e+02 1.503879536036010336e+02 1.441081893057581738e+02 1.396603254027113223e+02 1.373697304360378837e+02 1.374153131935026408e+02 1.398017442726059585e+02 1.443579583578260213e+02 1.507623357653926917e+02 1.585882586771977572e+02 1.673592266930475603e+02 1.766017822219669142e+02 1.858870666932476468e+02 1.948565422961272020e+02 2.032323317021947844e+02 2.108160871779617480e+02 2.174815038234854399e+02 2.231647290869009623e+02 2.278548770704630897e+02 2.315847309106203227e+02
2.732476074710214102e-04 2.265805691782405802e+02 2.264029399083331384e+02 2.259979685339746993e+02 2.252734957873018402e+02 2.241079737820637661e+02 2.223667979387148250e+02 2.199190800430934019e+02 2.166525071911223392e+02 2.124850280788468240e+02 2.073734601667423760e+02 2.013202577382912750e+02 1.943801749766564626e+02 1.866680931632436682e+02 1.783678252927296057e+02 1.697396183172952817e+02 1.611220933281287273e+02 1.529234769337690238e+02 1.455980257735595274e+02 1.396067785010926343e+02 1.353665144920024659e+02 1.331955158158129109e+02 1.332675282628878222e+02 1.355847787560957158e+02 1.399768150848173889e+02 1.461255128401580237e+02 1.536100580880430186e+02 1.619613262331803867e+02 1.707141827062791890e+02 1.794487463443366835e+02 1.878162408534497274e+02 1.955498191669213952e+02 2.024640706514709336e+02 2.084480589254138465e+02 2.134558972652434932e+02 2.174969224859984820e+02 2.206255394927480324e+02
9.966129662887682032e-04 2.129003943973084461e+02 2.128291645533398082e+02 2.126348532018375295e+02 2.122207376222963262e+02 2.114578557105406844e+02 2.102010099103744949e+02 2.083055550936955456e+02 2.056427741500108368e+02 2.021125903329636913e+02 1.976535487906109267e+02 1.922510157571770435e+02 1.859449910761295826e+02 1.788385220455430442e+02 1.711064009221665572e+02 1.630019360800513368e+02 1.548577961437020747e+02 1.470761537740099243e+02 1.401044012144504052e+02 1.343958162977673680e+02 1.303590928338459491e+02 1.283051445429688329e+02 1.284022359621362455e+02 1.306499240316596797e+02 1.348783057426126106e+02 1.407728427122778498e+02 1.479187108580377696e+02 1.558543848641305090e+02 1.641233043323867093e+02 1.723148922286928553e+02 1.800906071520425371e+02 1.871952844305231451e+02 1.934572172759766886e+02 1.987815381966419466e+02 2.031406944433685737e+02 2.065640084478713732e+02 2.091264816979846728e+02
9.043019954626162421e-04 1.989928694955661115e+02 1.990144532334427367e+02 1.990049555457015913e+02 1.988655553194702748e+02 1.984631351258179279e+02 1.976455009584528284e+02 1.962576899212981232e+02 1.941574131064570281e+02 1.912284727388377235e+02 1.873919857514061960e+02 1.826160913523445970e+02 1.769251700352013472e+02 1.704092052705573224e+02 1.632327384314334324e+02 1.556411821926255641e+02 1.479606934469867099e+02 1.405872033848931437e+02 1.339612953490038763e+02 1.285286281794536194e+02 1.246899208987489374e+02 1.227487535993621464e+02 1.228678872556799888e+02 1.250441772227053576e+02 1.291082692173322641e+02 1.347492599427627624e+02 1.415584218161931744e+02 1.490820148059136727e+02 1.568723669105509941e+02 1.645287093098687023e+02 1.717234622606928554e+02 1.782140468979441721e+02 1.838433845070616428e+02 1.885333658982781060e+02 1.922749273001775236e+02 1.951167407357399952e+02 1.971528534075840469e+02
