BlockUplift_2Ma_1kryTimeStep_2mmyr_k_1e-05_m_0.5_n_1.0_LinDiffusion_0.25_3x6km_30mRes_topographic__elevation.txt
nrows 200
cellsize 30.0
xllcorner 0.0
ncols 100
yllcorner 0.0
[rows 51 to 67 of 200, columns 0 to 36 of 100]
2.949558962358035186e-04 2.146560725209485554e+03 2.146542331025023486e+03 2.146443961126272825e+03 2.146129823985831081e+03 2.145368042025593695e+03 2.143814451647864189e+03 2.141030688116914007e+03 2.136558651142644521e+03 2.130033899637910508e+03 2.121278035522328082e+03 2.110316240540726085e+03 2.097322218121864807e+03 2.082539357790910799e+03 2.066222725825885846e+03 2.048613094148637174e+03 2.029931321443436673e+03 2.010379601783971339e+03 1.990143103892584122e+03 1.969390659648184510e+03 1.948274780662872217e+03 1.926931418437008915e+03 1.905479851011290521e+03 1.884023052392470390e+03 1.862648752456332659e+03 1.841431126189380166e+03 1.820432790827939243e+03 1.799706672209523731e+03 1.779297382433049279e+03 1.759241984605007929e+03 1.739570291487165377e+03 1.720305024159576305e+03 1.701462162675502896e+03 1.683051659531251744e+03 1.665078451556787741e+03 1.647543526807206263e+03 1.630444774036149965e+03
2.721628098228679989e-04 2.131706822990295677e+03 2.131669902390045081e+03 2.131538834935808154e+03 2.131186265072231436e+03 2.130391676345685482e+03 2.128822548210816421e+03 2.126048806697777763e+03 2.121614696837488736e+03 2.115152633143489311e+03 2.106478757329590280e+03 2.095613775273991450e+03 2.082729162248576358e+03 2.068067624190573042e+03 2.051883801814175513e+03 2.034417430199280261e+03 2.015887423625012616e+03 1.996493212891101393e+03 1.976416731594460771e+03 1.955823644434291964e+03 1.934863963324189626e+03 1.913672247211153945e+03 1.892367567577902264e+03 1.871053541255254459e+03 1.849818779643436983e+03 1.828737967107511167e+03 1.807873516516209747e+03 1.787277497189491669e+03 1.766993417923122479e+03 1.747057525410576091e+03 1.727499502249710531e+03 1.708342708226355171e+03 1.689604280222715715e+03 1.671295411599386398e+03 1.653421977174907624e+03 1.635985443834729494e+03 1.618983834116448861e+03
5.808582483371648114e-04 2.117036104301320847e+03 2.116973883163608662e+03 2.116796849801954977e+03 2.116386640466376775e+03 2.115534933472367811e+03 2.113921990128903417e+03 2.111127507398272883e+03 2.106699840774218046e+03 2.100270061765270384e+03 2.091650325032848741e+03 2.080857757173239861e+03 2.068061936091227835e+03 2.053504853017266669e+03 2.037440576926962649e+03 2.020107729381907575e+03 2.001723339346230432e+03 1.982484188860975792e+03 1.962568942683599289e+03 1.942139689093066636e+03 1.921343048401338820e+03 1.900310929178917831e+03 1.879160899506935948e+03 1.857996280117044762e+03 1.836906256617348163e+03 1.815966360080723007e+03 1.795239527033095101e+03 1.774777692340268459e+03 1.754623625743831099e+03 1.734812614988291671e+03 1.715373672751374215e+03 1.696330158797026343e+03 1.677699957236973660e+03 1.659495513302791778e+03 1.641724039383406080e+03 1.624388051568841547e+03 1.607486180346818401e+03
8.108719099061045734e-05 2.102561308873816870e+03 2.102466238310745211e+03 2.102228424048619672e+03 2.101739066625673786e+03 2.100802928793739284e+03 2.099114338843768564e+03 2.096264541708680554e+03 2.091808212281440774e+03 2.085377343638839193e+03 2.076781874399652224e+03 2.066036288061351115e+03 2.053308427232757822e+03 2.038839261063993263e+03 2.022881816396238492e+03 2.005673181267961581e+03 1.987428255921498476e+03 1.968341135613366987e+03 1.948587284061721903e+03 1.928325173285368237e+03 1.907697651936321790e+03 1.886833145223561814e+03 1.865846538161516492e+03 1.844839639660979856e+03 1.823901336997545513e+03 1.803107740192245501e+03 1.782522658274853256e+03 1.762198613003163246e+03 1.742178348085921471e+03 1.722496559355956606e+03 1.703181467838433264e+03 1.684255928380641990e+03 1.665737971351733222e+03 1.647640912897940098e+03 1.629973327102482699e+03 1.612739178721340750e+03 1.595938272407136992e+03
7.547076044186197237e-04 2.088296959468772457e+03 2.088160708570074803e+03 2.087845711683996342e+03 2.087253247941634072e+03 2.086201982418314856e+03 2.084401628764173893e+03 2.081457077928957005e+03 2.076932201155865187e+03 2.070462967751752331e+03 2.061859400232306143e+03 2.051134330430008049e+03 2.038453716774076611e+03 2.024056774436678779e+03 2.008194637079239101e+03 1.991102111935305174e+03 1.972991420439612511e+03 1.954053673386890978e+03 1.934461084363329519e+03 1.914368593133064223e+03 1.893915273514702449e+03 1.873225743323688448e+03 1.852411445725862222e+03 1.831571583742748999e+03 1.810793614218138828e+03 1.790153419756136145e+03 1.769715452354439321e+03 1.749533179450259240e+03 1.729650031769416273e+03 1.710100815274921615e+03 1.690913326498603055e+03 1.672109810874361301e+03 1.653707970805737432e+03 1.635721426021566458e+03 1.618159756802572929e+03 1.601028412257081072e+03 1.584328770948486863e+03
2.456559906787093741e-04 2.074259480315312885e+03 2.074073034938232468e+03 2.073663012196244836e+03 2.072941074930362902e+03 2.071740285443948324e+03 2.069786871383797916e+03 2.066701802004594356e+03 2.062062036080228154e+03 2.055511888147686932e+03 2.046864684621480592e+03 2.036132701248517378e+03 2.023479308539834619e+03 2.009140497741140507e+03 1.993364089010798807e+03 1.976381516332318597e+03 1.958401536690899775e+03 1.939611757537067888e+03 1.920180897991400116e+03 1.900260376023488107e+03 1.879985634423070906e+03 1.859477541669514949e+03 1.838843843112131481e+03 1.818180455433403267e+03 1.797572395882393948e+03 1.777094267838327823e+03 1.756810421737384559e+03 1.736775075156465846e+03 1.717032710972036057e+03 1.697618946987195613e+03 1.678561843317864714e+03 1.659883399788373026e+03 1.641600899356585614e+03 1.623727817078659427e+03 1.606274201269255855e+03 1.589246652029867846e+03 1.572648167697800318e+03
1.204712727439141159e-04 2.060467303042340063e+03 2.060221233409992692e+03 2.059697320335005315e+03 2.058817432212246331e+03 2.057428806554925814e+03 2.055274814744542255e+03 2.051995303218025128e+03 2.047185676315864612e+03 2.040504944199924921e+03 2.031774403327324308e+03 2.021007104849180678e+03 2.008362315571176850e+03 1.994070168403756725e+03 1.978372838118566051e+03 1.961496818617189319e+03 1.943646437176727432e+03 1.925005181302851952e+03 1.905737903542363256e+03 1.885992375070533171e+03 1.865900513310581118e+03 1.845579657462713158e+03 1.825133979449491335e+03 1.804655920482097599e+03 1.784227451375023975e+03 1.763920965460026309e+03 1.743799732875491827e+03 1.723918031743656911e+03 1.704321229639273497e+03 1.685046122967132760e+03 1.666121721951210702e+03 1.647570451288054528e+03 1.629409530870655090e+03 1.611652207823442268e+03 1.594308570943967197e+03 1.577385857352979201e+03 1.560888370220491424e+03
5.041869499009729843e-04 2.046940967539326721e+03 2.046625869372625175e+03 2.045968841744300107e+03 2.044900885861866527e+03 2.043282023024047703e+03 2.040872655015929467e+03 2.037334798691975720e+03 2.032289568337385617e+03 2.025419545210913157e+03 2.016560556401934946e+03 2.005728213508051795e+03 1.993075275884028315e+03 1.978821902688402361e+03 1.963200994196229885e+03 1.946431795967335574e+03 1.928712997396895162e+03 1.910223347983078611e+03 1.891123474872204497e+03 1.871557314878858733e+03 1.851653268583874478e+03 1.831525347723932555e+03 1.811274441210296573e+03 1.790989696795208602e+03 1.770749906963798594e+03 1.750624711987646378e+03 1.730675439595872376e+03 1.710955513725514038e+03 1.691510543988514428e+03 1.672378359452659197e+03 1.653589283672655256e+03 1.635166833313070583e+03 1.617128813999141812e+03 1.599488589226878730e+03 1.582256207696059391e+03 1.565439130515402212e+03 1.549042469829207448e+03
6.218721346455920781e-04 2.033703171967919616e+03 2.033310144284601392e+03 2.032501043118787265e+03 2.031213577057298835e+03 2.029317718236989549e+03 2.026590136745006021e+03 2.022719112859365396e+03 2.017360824520855658e+03 2.010232779000478331e+03 2.001193750369571717e+03 1.990264344095794513e+03 1.977587848780176955e+03 1.963369021288821614e+03 1.947826427460634022e+03 1.931168708715836374e+03 1.913587214069124684e+03 1.895255263813093961e+03 1.876328996128255312e+03 1.856948390329550421e+03 1.837238304003478561e+03 1.817309541623033738e+03 1.797259986923099177e+03 1.777175837379342511e+03 1.757132931866869740e+03 1.737198070143765563e+03 1.717430146968634062e+03 1.697880928326971116e+03 1.678595405794737417e+03 1.659611837312397029e+03 1.640961728769076217e+03 1.622670043251083371e+03 1.604755815302853989e+03 1.587233147310289723e+03 1.570112374593260483e+03 1.553401097505299731e+03 1.537104830621671681e+03
5.332416440392290105e-04 2.020778623936379972e+03 2.020299483149874504e+03 2.019319706187010524e+03 2.017779672765151190e+03 2.015555274027272162e+03 2.012438702989604735e+03 2.008149841393392535e+03 2.002390997124939986e+03 1.994927381433236178e+03 1.985650088196058732e+03 1.974587776153045525e+03 1.961871538051366770e+03 1.947684936544538459e+03 1.932226205017396524e+03 1.915688895914760678e+03 1.898254446132010571e+03 1.880089649809345246e+03 1.861345857708423182e+03 1.842159077530037166e+03 1.822650666259675972e+03 1.802928308310580178e+03 1.783087079037896274e+03 1.763210553255459445e+03 1.743371992411166275e+03 1.723635607939385181e+03 1.704057806253119452e+03 1.684688246579905808e+03 1.665570547380808193e+03 1.646742581348667272e+03 1.628236464247738922e+03 1.610078483299716481e+03 1.592289242495276767e+03 1.574884197608873819e+03 1.557874561416669167e+03 1.541268375616465846e+03 1.525071458976697613e+03
5.314536837983571118e-04 2.008193437426939454e+03 2.007620324276138035e+03 2.006450733979661436e+03 2.004622364911843079e+03 2.002012791469562444e+03 1.998430177979141945e+03 1.993632893885888052e+03 1.987380992588805384e+03 1.979499504778287474e+03 1.969920459498305490e+03 1.958683913114658026e+03 1.945907320813576234e+03 1.931748517237905617e+03 1.916379735142319532e+03 1.899974279299956606e+03 1.882699996303540502e+03 1.864715139577537911e+03 1.846165519926716343e+03 1.827183088536854257e+03 1.807885827548116595e+03 1.788378439992783797e+03 1.768753346872726979e+03 1.749091741346784829e+03 1.729464661913725195e+03 1.709934124307764478e+03 1.690554313751632890e+03 1.671372749254999007e+03 1.652431260151455263e+03 1.633766619199485831e+03 1.615410776225350901e+03 1.597390794696270177e+03 1.579728728702927810e+03 1.562441708897674516e+03 1.545542405986867834e+03 1.529039855291240883e+03 1.512940447448288523e+03
9.953882771791689853e-04 1.995973793908868856e+03 1.995298045462886648e+03 1.993917101859766035e+03 1.991760404430991002e+03 1.988704428180505147e+03 1.984576191833348503e+03 1.979180715629926226e+03 1.972346040252534749e+03 1.963965889938727059e+03 1.954019162603293580e+03 1.942560435325604885e+03 1.929694252466588523e+03 1.915551133589957999e+03 1.900273676330029957e+03 1.884010192188252631e+03 1.866910403510983542e+03 1.849120715717677740e+03 1.830779606989785179e+03 1.812014359256832677e+03 1.792939587036491957e+03 1.773657201446686486e+03 1.754257153863672102e+03 1.734818442702715629e+03 1.715410145478913364e+03 1.696092447344318771e+03 1.676917709703202490e+03 1.657931584508804235e+03 1.639174092877329031e+03 1.620680517431750559e+03 1.602481961006462825e+03 1.584605519367576790e+03 1.567074167522109065e+03 1.549906589339189850e+03 1.533117210717235366e+03 1.516716600670855087e+03 1.500712226138295364e+03
6.515203423721194209e-04 1.984143687705273578e+03 1.983354342909430443e+03 1.981736051273322346e+03 1.979205911909223232e+03 1.975639737309702696e+03 1.970889392893134072e+03 1.964814949421806432e+03 1.957319096065935810e+03 1.948367705569494547e+03 1.937988461396703997e+03 1.926252970650452426e+03 1.913256128814168278e+03 1.899103495481168920e+03 1.883907855014468623e+03 1.867789607214863054e+03 1.850875866358416488e+03 1.833296757868884242e+03 1.815180190500969047e+03 1.796647042574280931e+03 1.777807989723774426e+03 1.758762185392534093e+03 1.739597320246524077e+03 1.720390398811557816e+03 1.701208737153524680e+03 1.682110958814017295e+03 1.663147967272361711e+03 1.644363942276225316e+03 1.625797370103171943e+03 1.607482033347650031e+03 1.589447818352174863e+03 1.571721200558146847e+03 1.554325358690781059e+03 1.537280014544826599e+03 1.520601220561022728e+03 1.504301347068899304e+03 1.488389429351143463e+03
3.370572598595876599e-04 1.972721708150831546e+03 1.971804573568189426e+03 1.969917775676584824e+03 1.966965071927287681e+03 1.962826217810240678e+03 1.957386633124477612e+03 1.950568618747005530e+03 1.942351064121141690e+03 1.932769173426622956e+03 1.921897053408386455e+03 1.909825033498545508e+03 1.896643807177474173e+03 1.882440124382100066e+03 1.867300738641226644e+03 1.851318212298569506e+03 1.834593952916551643e+03 1.817237150862238195e+03 1.799360647682075751e+03 1.781075676134684272e+03 1.762487245611326443e+03 1.743691181884976913e+03 1.724772946346982962e+03 1.705807757230150628e+03 1.686861371936835667e+03 1.667991054664846615e+03 1.649246519833818866e+03 1.630670836405482305e+03 1.612301344135553791e+03 1.594170595848142511e+03 1.576307257524115812e+03 1.558736832143100855e+03 1.541482074417818694e+03 1.524563050060307205e+03 1.507996933151214535e+03 1.491797755894935108e+03 1.475976355172024341e+03
8.249939969138183086e-04 1.961717082034043642e+03 1.960655382039291226e+03 1.958465913096700433e+03 1.955041747623638003e+03 1.950274648005486597e+03 1.944093347848999201e+03 1.936487081012149019e+03 1.927507489509662719e+03 1.917251121325547956e+03 1.905832756408626437e+03 1.893362157013658361e+03 1.879932339334279732e+03 1.865619925643634588e+03 1.850492778682322978e+03 1.834619115031146976e+03 1.818074146518701127e+03 1.800942642672496049e+03 1.783317551059785274e+03 1.765295912943105805e+03 1.746973824084663647e+03 1.728442052847668265e+03 1.709783252748182576e+03 1.691070876588994452e+03 1.672369323573995644e+03 1.653734698737538565e+03 1.635215728708352344e+03 1.616854637341313264e+03 1.598687972385107742e+03 1.580747436838487147e+03 1.563060742003598307e+03 1.545652419187493706e+03 1.528544462839219705e+03 1.511756678151218921e+03 1.495306688415191957e+03 1.479209691723856167e+03 1.463478175619091871e+03
7.939948680249463966e-05 1.951126222210951255e+03 1.949903032036774448e+03 1.947378849269222428e+03 1.943441638092544054e+03 1.938004323210013354e+03 1.931047080549476050e+03 1.922627477953197740e+03 1.912863236209451316e+03 1.901902010639346827e+03 1.889892042302378059e+03 1.876962175902282979e+03 1.863213753392349645e+03 1.848722479529358452e+03 1.833546341399576704e+03 1.817735639661897039e+03 1.801342093670510394e+03 1.784425039940443412e+03 1.767053786605175901e+03 1.749306266246820314e+03 1.731265106839641476e+03 1.713012787357680281e+03 1.694627433744386735e+03 1.676180153590957389e+03 1.657734002089650858e+03 1.639344119881078768e+03 1.621058443219253149e+03 1.602918550117782615e+03 1.584960457625264098e+03 1.567215365662453905e+03 1.549710402121173274e+03 1.532469387949521433e+03 1.515513563289721105e+03 1.498862153073253921e+03 1.482532649404110998e+03 1.466540766808446733e+03 1.450900160467546357e+03
6.897919654654949414e-05 1.940932390426666416e+03 1.939533737562175929e+03 1.936650892190612694e+03 1.932173814809608984e+03 1.926044037889101673e+03 1.918296930983607126e+03 1.909055882597225718e+03 1.898496941942995818e+03 1.886809825284901308e+03 1.874170092603937519e+03 1.860724707327970464e+03 1.846587480961446090e+03 1.831840841526690156e+03 1.816541846037317782e+03 1.800730991474313214e+03 1.784442090918295435e+03 1.767711160292952854e+03 1.750582509552398278e+03 1.733111062907583118e+03 1.715361038700778181e+03 1.697402111369447539e+03 1.679304697060394801e+03 1.661135871481182448e+03 1.642956778639692402e+03 1.624821609563873608e+03 1.606777702290326715e+03 1.588866184307992626e+03 1.571122738814610557e+03 1.553578319113154976e+03 1.536259808805856437e+03 1.519190682125968124e+03 1.502391683765180233e+03 1.485881472042973428e+03 1.469677107676967580e+03 1.453794269623985656e+03 1.438247163128246257e+03
