BlockUplift_10Myr_500yrTimeStep_halfmmyr_k_1e-05_m_0.5_n_1.0_LinDiffusion_0.05_15x7km_30mRes1000.txt
nrows 250
cellsize 30.0
xllcorner 0.0
ncols 500
yllcorner 0.0
[rows 170 to 186 of 250, columns 407 to 443 of 500]
4.344428836603673858e+02 4.553384226904865955e+02 4.767015336692613232e+02 4.978763295188540496e+02 5.180219603705793361e+02 5.359555940595662378e+02 5.501132370053210252e+02 5.586233106619451974e+02 5.597996169678317528e+02 5.534706973508425563e+02 5.412400186284143047e+02 5.250349142494382022e+02 5.064838109744869143e+02 4.868196742946696531e+02 4.669038065749416546e+02 4.472912869124592703e+02 4.283065583259137270e+02 4.101124633062085536e+02 3.927660468753741725e+02 3.762600345610148906e+02 3.605516425796188287e+02 3.455813791870735372e+02 3.312845400290977977e+02 3.175977044975236367e+02 3.044620108322403098e+02 2.918244830050031169e+02 2.796382671688078858e+02 2.678623230291612458e+02 2.564608956851810717e+02 2.454029486681206436e+02 2.346616511565116809e+02 2.242139660132753534e+02 2.140403680670308972e+02 2.041247259390374325e+02 1.944544035593820581e+02 1.850206861495627209e+02 1.758197306827892987e+02
4.324370240366220628e+02 4.532042495592025944e+02 4.744372860952058772e+02 4.955766579660554498e+02 5.157832597067871347e+02 5.338744464665267060e+02 5.482849804202708128e+02 5.571405506075391258e+02 5.587318446357385255e+02 5.527824621181470093e+02 5.408520950133665792e+02 5.248649104814887778e+02 5.064604703904070675e+02 4.868876000897394078e+02 4.670232570918933561e+02 4.474356426841666234e+02 4.284591370719480778e+02 4.102635475081287950e+02 3.929104696590230219e+02 3.763953809126838337e+02 3.606769899039093730e+02 3.456964594779571485e+02 3.313892101183723184e+02 3.176916326035801603e+02 3.045445112694238787e+02 2.918944493919754564e+02 2.796941662792527836e+02 2.679022180445603567e+02 2.564824712113905321e+02 2.454035114217393243e+02 2.346380786866735946e+02 2.241625681844501514e+02 2.139566067939894367e+02 2.040026973904671763e+02 1.942859016988809060e+02 1.847934884145103638e+02 1.755143694599243815e+02
4.308014612647759236e+02 4.514373975491133137e+02 4.725728345515834690e+02 4.936710686282773963e+02 5.139076499984042812e+02 5.321037905656212388e+02 5.466960964818920274e+02 5.558089926246242385e+02 5.577080425260934362e+02 5.520415474932885900e+02 5.403372490924341491e+02 5.245163177623799129e+02 5.062254040704659133e+02 4.867241884653222996e+02 4.669007426252533719e+02 4.473328215274107720e+02 4.283621718142185273e+02 4.101638285692751538e+02 3.928028295309463260e+02 3.762767402783561010e+02 3.605454006709301211e+02 3.455504664793317033e+02 3.312274482484286864e+02 3.175125877558315324e+02 3.043463890749260941e+02 2.916751094417920172e+02 2.794510893878490947e+02 2.676324804062240901e+02 2.561827028161800968e+02 2.450698172219026958e+02 2.342658994215022688e+02 2.237464526453186409e+02 2.134898577162967399e+02 2.034768388602556968e+02 1.936898995860226478e+02 1.841126491665979756e+02 1.747288890810089583e+02
4.293731599574614961e+02 4.499202021037170312e+02 4.709866569952715167e+02 4.920530809229942975e+02 5.123059965154152451e+02 5.305728280363505291e+02 5.452936040186557420e+02 5.545917949164399943e+02 5.567133940310824300e+02 5.512519188157185681e+02 5.397121394927414713e+02 5.240127881919673882e+02 5.058051652918751415e+02 4.863563591613088306e+02 4.665621857145399645e+02 4.470071592656067310e+02 4.280382982535860492e+02 4.098344091090802408e+02 3.924630245969449902e+02 3.759232267808828283e+02 3.601756765488899532e+02 3.451623864231940502e+02 3.308189309569793295e+02 3.170814412647991389e+02 3.038902113492683839e+02 2.911912317645579833e+02 2.789365383319641865e+02 2.670839401750180855e+02 2.555964639509677170e+02 2.444417006942743740e+02 2.335911476237572515e+02 2.230195818363121703e+02 2.127044722078405812e+02 2.026254199684390187e+02 1.927636105945707641e+02 1.831012571432490290e+02 1.736210230950718483e+02
4.280711638704103734e+02 4.485689610096168281e+02 4.695958766282714123e+02 4.906444044987359803e+02 5.109099010454939958e+02 5.292256996754688316e+02 5.440352872053383635e+02 5.534616654154076514e+02 5.557368717566240548e+02 5.504165044425005817e+02 5.389895905484769401e+02 5.233732025292551953e+02 5.052217377098423299e+02 4.858072380022794619e+02 4.660307243045225505e+02 4.464812769850195764e+02 4.275094894410730149e+02 4.092967307947412223e+02 3.919122293872347882e+02 3.753560964690878450e+02 3.595895496188031757e+02 3.445548448797935635e+02 3.301876051323142747e+02 3.164238949426355134e+02 3.032038770816814690e+02 2.904733740990204183e+02 2.781842294144909715e+02 2.662940376266417957e+02 2.547655853865118445e+02 2.435661933732193916e+02 2.326670562945779466e+02 2.220426239544544842e+02 2.116700389191335887e+02 2.015286356155824592e+02 1.915995053174495411e+02 1.818651376694284352e+02 1.723091625860559191e+02
4.268610498365809462e+02 4.473398175666598036e+02 4.683513656160214964e+02 4.893956341237136485e+02 5.096739495807693174e+02 5.280239546406500040e+02 5.428916704494117766e+02 5.523998207972846330e+02 5.547715294589243058e+02 5.495386262763712466e+02 5.381805415096026763e+02 5.226135416356124779e+02 5.044940762054104653e+02 4.850973123844311203e+02 4.653275053887749095e+02 4.457765487792401586e+02 4.267972223192080605e+02 4.085724495074446168e+02 3.911724772216094834e+02 3.745980288968795548e+02 3.588106518089032306e+02 3.437527499902575983e+02 3.293599862097368032e+02 3.155684060524109782e+02 3.023181247146227975e+02 2.895549056319254646e+02 2.772305304811015958e+02 2.653025345108340503e+02 2.537336522016134097e+02 2.424911672162505738e+02 2.315462671781423865e+02 2.208734504973289745e+02 2.104500057072633581e+02 2.002555734985369043e+02 1.902718001811869613e+02 1.804820926437541289e+02 1.708714855785273414e+02
4.257343712837415524e+02 4.462157803607997266e+02 4.672299129190761278e+02 4.882804872351944709e+02 5.085719495111854371e+02 5.269441646272885009e+02 5.418443369462124792e+02 5.513948354482002969e+02 5.538141707970701191e+02 5.486225223669166553e+02 5.372950228522022371e+02 5.217479507854239955e+02 5.036390356288017074e+02 4.842451257914776761e+02 4.644721160120496961e+02 4.449132681281187160e+02 4.259223848226263271e+02 4.076830865853717683e+02 3.902660553472305196e+02 3.736722628204653915e+02 3.578633853822930746e+02 3.427818893243991170e+02 3.283634690679016899e+02 3.145441940137244501e+02 3.012642084651949403e+02 2.884693175214804910e+02 2.761113617226783390e+02 2.641479570236678001e+02 2.525419472130700740e+02 2.412607644911994953e+02 2.302758002091391916e+02 2.195618340817379135e+02 2.090965426893437211e+02 1.988600962411957482e+02 1.888348480841596313e+02 1.790051175475340415e+02 1.693570595994250993e+02
4.246969695885799752e+02 4.451960904069192111e+02 4.662250008044281344e+02 4.872884430868926415e+02 5.075915011351403336e+02 5.259742018138381354e+02 5.408834865304517052e+02 5.504411229334326663e+02 5.528647044144248639e+02 5.476733722530566411e+02 5.363425669458147240e+02 5.207892783953814160e+02 5.026718624975821967e+02 4.832676252729240787e+02 4.634827422016558671e+02 4.439106025358580609e+02 4.249050231469225309e+02 4.066495700555963708e+02 3.892148424237762470e+02 3.726017320791593193e+02 3.567718589303977410e+02 3.416676671387620559e+02 3.272248670281778118e+02 3.133795811415165531e+02 3.000720413621215812e+02 2.872481719595779168e+02 2.748599627427753376e+02 2.628652098116894535e+02 2.512269715339256209e+02 2.399129356011735865e+02 2.288947988915016651e+02 2.181477075950676294e+02 2.076497766948869526e+02 1.973816947906443886e+02 1.873264141153100013e+02 1.774689199303347493e+02 1.677960651546903534e+02
4.237626203699138046e+02 4.442892581388629765e+02 4.653401371677649649e+02 4.864189754570742821e+02 5.067294478037595695e+02 5.251098933037088727e+02 5.400056097878524497e+02 5.495374546570586745e+02 5.519253873559425756e+02 5.466970663156449746e+02 5.353322840373393774e+02 5.197492749528798868e+02 5.016063859118257255e+02 4.821802641977420762e+02 4.623761415378159541e+02 4.427864179954940482e+02 4.237640136223354261e+02 4.054917563216358758e+02 3.880396859020588067e+02 3.714083065028590340e+02 3.555590011163261579e+02 3.404341018151044409e+02 3.259693059663559325e+02 3.121007997269003909e+02 2.987689370265211437e+02 2.859198091955591394e+02 2.735056091445391075e+02 2.614843669975140870e+02 2.498194040286347501e+02 2.384786998201501547e+02 2.274342732218775041e+02 2.166616231191148074e+02 2.061392462459947410e+02 1.958482357543660726e+02 1.857719578920078050e+02 1.758957988749126571e+02 1.662069672475023481e+02
4.229496278126629250e+02 4.435091089562794764e+02 4.645847869975154367e+02 4.856777836915960620e+02 5.059886715991950155e+02 5.243524776886764585e+02 5.392115940314063209e+02 5.486856694953858096e+02 5.510000733195704470e+02 5.456998454139403520e+02 5.342727366645221991e+02 5.186385729143827348e+02 5.004550086469470784e+02 4.809969439100399313e+02 4.611675017634427718e+02 4.415570398956842268e+02 4.225167233787714736e+02 4.042279954347077933e+02 3.867598813104781925e+02 3.701121977331204675e+02 3.542459081167634736e+02 3.391031326599547810e+02 3.246195114663259460e+02 3.107312849451595298e+02 2.973789398645710662e+02 2.845087549916581793e+02 2.720731484757034195e+02 2.600304020545047479e+02 2.483441072415376141e+02 2.369825268949956865e+02 2.259179713702001777e+02 2.151262339586603503e+02 2.045861015775098508e+02 1.942789432047642606e+02 1.841883724121126704e+02 1.742999755685630419e+02 1.646010911858336101e+02
4.222788798541892561e+02 4.428725059086718829e+02 4.639719257495556803e+02 4.850743854148563514e+02 5.053759014215223715e+02 5.237067390487969760e+02 5.385052366675743087e+02 5.478895845507859121e+02 5.500935009151961594e+02 5.446878731253075330e+02 5.331716903185259753e+02 5.174665271519098724e+02 4.992285712788392971e+02 4.797298578422134483e+02 4.598702403044144376e+02 4.402369979197672478e+02 4.211787008671734611e+02 4.028747744522028711e+02 3.853927804130929076e+02 3.687315475648019856e+02 3.528514302964675267e+02 3.376942256652507695e+02 3.231954572476943781e+02 3.092913928920203830e+02 2.959226437719765954e+02 2.830356760073523219e+02 2.705831339125453496e+02 2.585235470847521242e+02 2.468207641120685025e+02 2.354433044648415319e+02 2.243637264168996808e+02 2.135580547327101897e+02 2.030052834148376348e+02 1.926869555884135252e+02 1.825868167385386869e+02 1.726905331752092252e+02 1.629854623227021193e+02
4.217724806831021738e+02 4.423978156849074708e+02 4.635163893814524272e+02 4.846204465051001193e+02 5.049001252840513416e+02 5.231795856986071840e+02 5.378920490936079659e+02 5.471540595673735652e+02 5.492106214435328866e+02 5.436667710845542842e+02 5.320357875465271036e+02 5.162409681988980310e+02 4.979361390430666461e+02 4.783892813359897218e+02 4.584957799245834735e+02 4.388387815061918786e+02 4.197634135917219851e+02 4.014464461288345092e+02 3.839535240082408905e+02 3.672821812067143128e+02 3.513919646511292854e+02 3.362242256912948619e+02 3.217142991747344922e+02 3.077984398490082185e+02 2.944173612650370728e+02 2.815177042911525405e+02 2.690523298734866557e+02 2.569800043786139554e+02 2.452648172820763364e+02 2.338755206370575763e+02 2.227848868191588565e+02 2.119691275420205727e+02 2.014073891191090411e+02 1.910813259744187178e+02 1.809747486451680629e+02 1.710733381880242803e+02 1.613644136383365435e+02
4.214524306358879358e+02 4.421035653150514122e+02 4.632335145758631256e+02 4.843284400884697334e+02 5.045713161566151257e+02 5.227788899150752968e+02 5.373782490255182438e+02 5.464841696729305340e+02 5.483559592768326638e+02 5.426411334409763185e+02 5.308701728002363325e+02 5.149678987308315072e+02 4.965847395178413990e+02 4.769833294952725851e+02 4.570533149855309034e+02 4.373726110701634866e+02 4.182820277870581549e+02 3.999550259976499547e+02 3.824548694279426968e+02 3.657774810723515202e+02 3.498813925957127253e+02 3.347073769098994376e+02 3.201904971644366924e+02 3.062669438426537454e+02 2.928775014331105240e+02 2.799689659936699400e+02 2.674944023774228867e+02 2.554128044773129886e+02 2.436884944936562931e+02 2.322904481158853685e+02 2.211916406237890556e+02 2.103684562274534358e+02 1.998001754914184289e+02 1.894685429853352616e+02 1.793574115558702715e+02 1.694524550837560639e+02 1.597409360009348234e+02
4.213390625398463385e+02 4.420070134405353883e+02 4.631378224541900863e+02 4.842104353626656348e+02 5.043993287713431641e+02 5.225124995435689925e+02 5.369698940145310644e+02 5.458844673116217336e+02 5.475330024789534491e+02 5.416140263244076323e+02 5.296780769470799441e+02 5.136511418568003364e+02 4.951790567453052745e+02 4.755176834984667380e+02 4.555495616319855117e+02 4.358462095252534709e+02 4.167432043119603122e+02 3.984100205257419702e+02 3.809070626994527515e+02 3.642283174373876022e+02 3.483310852260367483e+02 3.331554192643542365e+02 3.186360187711671870e+02 3.047089494115883781e+02 2.913150268221489796e+02 2.784011768887572202e+02 2.659206540443220206e+02 2.538326746671282308e+02 2.421017968683823938e+02 2.306972303693432593e+02 2.195921696130288865e+02 2.087631916436690176e+02 1.981897336005612829e+02 1.878536524472176268e+02 1.777388639677882622e+02 1.678310533939576601e+02 1.581174440805901895e+02
4.214491854502263664e+02 4.421226013278148912e+02 4.632417198469751725e+02 4.842770014008784187e+02 5.043929655966910559e+02 5.223874302962019556e+02 5.366721688902339338e+02 5.453583423820464304e+02 5.467436244408384027e+02 5.405864655195580326e+02 5.284603497878441658e+02 5.122919266465515875e+02 4.937210645997101324e+02 4.739952645593056104e+02 4.539884657938119403e+02 4.342645408400137512e+02 4.151528685860840255e+02 3.968182337687730410e+02 3.793176912676168513e+02 3.626429597088780952e+02 3.467498876617591463e+02 3.315776612512062798e+02 3.170605152748559590e+02 3.031343199006787472e+02 2.897398712790972581e+02 2.768241899277283551e+02 2.643406988042812031e+02 2.522488303505574549e+02 2.405133878421700331e+02 2.291038405569636609e+02 2.179936432935365929e+02 2.071596205347521789e+02 1.965814300465045505e+02 1.862411094275998380e+02 1.761227041670546782e+02 1.662119712857740126e+02 1.564961463707040252e+02
4.217941434284384172e+02 4.424604699894291571e+02 4.635543770575627605e+02 4.845363584907154859e+02 5.045593204436506767e+02 5.224093229169654933e+02 5.364888840471205640e+02 5.449075074652226931e+02 5.459875355319370556e+02 5.395568527812093862e+02 5.272149122343412273e+02 5.108883799068609619e+02 4.922095679774538439e+02 4.724158231553954010e+02 4.523708338146203687e+02 4.326294753868817793e+02 4.135139071203330445e+02 3.951834960142164164e+02 3.776914502811297893e+02 3.610268899730305634e+02 3.451439927308195479e+02 3.299809288290705922e+02 3.154713618457645907e+02 3.015508843145750575e+02 2.881602064904330973e+02 2.752463899455782439e+02 2.627629865907892395e+02 2.506696229475062694e+02 2.389313475642936737e+02 2.275179154795927730e+02 2.164030962811957863e+02 2.055640436385390331e+02 1.949807403099725036e+02 1.846355230737299848e+02 1.745126887024506175e+02 1.645981787635526246e+02 1.548793349190118818e+02
4.223782091421355744e+02 4.430253810231868101e+02 4.640810450355767784e+02 4.849939769018935749e+02 5.049035475308666037e+02 5.225822683315152517e+02 5.364222470657340409e+02 5.445316345394946893e+02 5.452617647981300024e+02 5.385203583331832533e+02 5.259361142608437376e+02 5.094349139065647023e+02 4.906396452436729305e+02 4.707754382816461316e+02 4.506938786281509692e+02 4.309393701830559849e+02 4.118257713541605654e+02 3.935062855564959250e+02 3.760297821641803466e+02 3.593824656703365008e+02 3.435166371331868618e+02 3.283693099874095651e+02 3.138734691630801308e+02 2.999643371344814113e+02 2.865824518385266515e+02 2.736748336086246809e+02 2.611950885496490287e+02 2.491029772292748135e+02 2.373637576820814559e+02 2.259474693074950835e+02 2.148282381096333040e+02 2.039836362891391275e+02 1.933941070449518804e+02 1.830424584491632345e+02 1.729134302870252213e+02 1.629933378844644949e+02 1.532697930602972178e+02
