BlockUplift_2Ma_1kryTimeStep_5mmyr_k_5e-05_m_0.5_n_1.0_LinDiffusion_1.0_6x3km_30mRes_flow__link_to_receiver_node.txt
nrows 100
cellsize 30.0
xllcorner 0.0
ncols 200
yllcorner 0.0
[rows 34 to 50 of 100, columns 74 to 110 of 200]
6.531800000000000000e+04 6.532000000000000000e+04 6.532200000000000000e+04 6.532400000000000000e+04 6.532600000000000000e+04 6.532800000000000000e+04 6.533000000000000000e+04 6.533200000000000000e+04 6.533400000000000000e+04 6.533600000000000000e+04 6.533800000000000000e+04 6.534000000000000000e+04 6.534200000000000000e+04 6.534400000000000000e+04 6.534600000000000000e+04 6.534800000000000000e+04 2.582500000000000000e+04 2.582600000000000000e+04 2.582700000000000000e+04 2.582800000000000000e+04 2.582900000000000000e+04 2.583000000000000000e+04 2.583100000000000000e+04 2.583200000000000000e+04 2.583300000000000000e+04 6.537100000000000000e+04 6.537300000000000000e+04 6.537500000000000000e+04 6.537700000000000000e+04 6.537900000000000000e+04 6.538100000000000000e+04 6.538300000000000000e+04 6.538500000000000000e+04 6.538700000000000000e+04 6.538900000000000000e+04 6.539100000000000000e+04 6.539300000000000000e+04
6.492000000000000000e+04 6.492200000000000000e+04 6.492400000000000000e+04 6.492600000000000000e+04 6.492800000000000000e+04 6.493000000000000000e+04 6.493200000000000000e+04 6.493400000000000000e+04 6.493600000000000000e+04 6.493800000000000000e+04 6.494000000000000000e+04 6.494200000000000000e+04 6.494400000000000000e+04 6.494600000000000000e+04 6.494800000000000000e+04 6.495000000000000000e+04 2.542600000000000000e+04 2.542700000000000000e+04 2.542800000000000000e+04 2.542900000000000000e+04 2.543000000000000000e+04 2.543100000000000000e+04 2.543200000000000000e+04 2.543300000000000000e+04 2.543400000000000000e+04 6.497300000000000000e+04 6.497500000000000000e+04 6.497700000000000000e+04 6.497900000000000000e+04 6.498100000000000000e+04 6.498300000000000000e+04 6.498500000000000000e+04 6.498700000000000000e+04 6.498900000000000000e+04 6.499100000000000000e+04 6.499300000000000000e+04 6.499500000000000000e+04
6.452200000000000000e+04 6.452400000000000000e+04 6.452600000000000000e+04 6.452800000000000000e+04 6.453000000000000000e+04 6.453200000000000000e+04 6.453400000000000000e+04 6.453600000000000000e+04 6.453800000000000000e+04 6.454000000000000000e+04 6.454200000000000000e+04 6.454400000000000000e+04 6.454600000000000000e+04 6.454800000000000000e+04 6.455000000000000000e+04 6.455200000000000000e+04 2.502700000000000000e+04 2.502800000000000000e+04 2.502900000000000000e+04 2.503000000000000000e+04 2.503100000000000000e+04 2.503200000000000000e+04 2.503300000000000000e+04 2.503400000000000000e+04 2.503500000000000000e+04 6.457500000000000000e+04 6.457700000000000000e+04 6.457900000000000000e+04 6.458100000000000000e+04 6.458300000000000000e+04 6.458500000000000000e+04 6.458700000000000000e+04 6.458900000000000000e+04 6.459100000000000000e+04 6.459300000000000000e+04 6.459500000000000000e+04 6.459700000000000000e+04
6.412400000000000000e+04 6.412600000000000000e+04 6.412800000000000000e+04 6.413000000000000000e+04 6.413200000000000000e+04 6.413400000000000000e+04 6.413600000000000000e+04 6.413800000000000000e+04 6.414000000000000000e+04 6.414200000000000000e+04 6.414400000000000000e+04 6.414600000000000000e+04 6.414800000000000000e+04 6.415000000000000000e+04 6.415200000000000000e+04 6.415400000000000000e+04 2.462800000000000000e+04 2.462900000000000000e+04 2.463000000000000000e+04 2.463100000000000000e+04 2.463200000000000000e+04 2.463300000000000000e+04 2.463400000000000000e+04 2.463500000000000000e+04 2.463600000000000000e+04 6.417700000000000000e+04 6.417900000000000000e+04 6.418100000000000000e+04 6.418300000000000000e+04 6.418500000000000000e+04 6.418700000000000000e+04 6.418900000000000000e+04 6.419100000000000000e+04 6.419300000000000000e+04 6.419500000000000000e+04 6.419700000000000000e+04 6.419900000000000000e+04
6.372600000000000000e+04 6.372800000000000000e+04 6.373000000000000000e+04 6.373200000000000000e+04 6.373400000000000000e+04 6.373600000000000000e+04 6.373800000000000000e+04 6.374000000000000000e+04 6.374200000000000000e+04 6.374400000000000000e+04 6.374600000000000000e+04 6.374800000000000000e+04 6.375000000000000000e+04 6.375200000000000000e+04 6.375400000000000000e+04 2.422800000000000000e+04 2.422900000000000000e+04 2.423000000000000000e+04 2.423100000000000000e+04 2.423200000000000000e+04 2.423300000000000000e+04 2.423400000000000000e+04 2.423500000000000000e+04 2.423600000000000000e+04 2.423700000000000000e+04 6.377900000000000000e+04 6.378100000000000000e+04 6.378300000000000000e+04 6.378500000000000000e+04 6.378700000000000000e+04 6.378900000000000000e+04 6.379100000000000000e+04 6.379300000000000000e+04 6.379500000000000000e+04 6.379700000000000000e+04 6.379900000000000000e+04 6.380100000000000000e+04
6.332800000000000000e+04 6.333000000000000000e+04 6.333200000000000000e+04 6.333400000000000000e+04 6.333600000000000000e+04 6.333800000000000000e+04 6.334000000000000000e+04 6.334200000000000000e+04 6.334400000000000000e+04 6.334600000000000000e+04 6.334800000000000000e+04 6.335000000000000000e+04 6.335200000000000000e+04 6.335400000000000000e+04 6.335600000000000000e+04 2.382900000000000000e+04 2.383000000000000000e+04 2.383100000000000000e+04 2.383200000000000000e+04 2.383300000000000000e+04 2.383400000000000000e+04 2.383500000000000000e+04 2.383600000000000000e+04 2.383700000000000000e+04 2.383800000000000000e+04 6.338100000000000000e+04 6.338300000000000000e+04 6.338500000000000000e+04 6.338700000000000000e+04 6.338900000000000000e+04 6.339100000000000000e+04 6.339300000000000000e+04 6.339500000000000000e+04 6.339700000000000000e+04 6.339900000000000000e+04 6.340100000000000000e+04 6.340300000000000000e+04
6.293000000000000000e+04 6.293200000000000000e+04 6.293400000000000000e+04 6.293600000000000000e+04 6.293800000000000000e+04 6.294000000000000000e+04 6.294200000000000000e+04 6.294400000000000000e+04 6.294600000000000000e+04 6.294800000000000000e+04 6.295000000000000000e+04 6.295200000000000000e+04 6.295400000000000000e+04 6.295600000000000000e+04 6.295800000000000000e+04 2.343000000000000000e+04 2.343100000000000000e+04 2.343200000000000000e+04 2.343300000000000000e+04 2.343400000000000000e+04 2.343500000000000000e+04 2.343600000000000000e+04 2.343700000000000000e+04 2.343800000000000000e+04 2.343900000000000000e+04 2.344000000000000000e+04 6.298500000000000000e+04 6.298700000000000000e+04 6.298900000000000000e+04 6.299100000000000000e+04 6.299300000000000000e+04 6.299500000000000000e+04 6.299700000000000000e+04 6.299900000000000000e+04 6.300100000000000000e+04 6.300300000000000000e+04 6.300500000000000000e+04
6.253200000000000000e+04 6.253400000000000000e+04 6.253600000000000000e+04 6.253800000000000000e+04 6.254000000000000000e+04 6.254200000000000000e+04 6.254400000000000000e+04 6.254600000000000000e+04 6.254800000000000000e+04 6.255000000000000000e+04 6.255200000000000000e+04 6.255400000000000000e+04 6.255600000000000000e+04 6.255800000000000000e+04 6.256000000000000000e+04 2.303100000000000000e+04 2.303200000000000000e+04 2.303300000000000000e+04 2.303400000000000000e+04 2.303500000000000000e+04 2.303600000000000000e+04 2.303700000000000000e+04 2.303800000000000000e+04 2.303900000000000000e+04 2.304000000000000000e+04 2.304100000000000000e+04 6.258700000000000000e+04 6.258900000000000000e+04 6.259100000000000000e+04 6.259300000000000000e+04 6.259500000000000000e+04 6.259700000000000000e+04 6.259900000000000000e+04 6.260100000000000000e+04 6.260300000000000000e+04 6.260500000000000000e+04 6.260700000000000000e+04
6.213400000000000000e+04 6.213600000000000000e+04 6.213800000000000000e+04 6.214000000000000000e+04 6.214200000000000000e+04 6.214400000000000000e+04 6.214600000000000000e+04 6.214800000000000000e+04 6.215000000000000000e+04 6.215200000000000000e+04 6.215400000000000000e+04 6.215600000000000000e+04 6.215800000000000000e+04 6.216000000000000000e+04 6.216200000000000000e+04 2.263200000000000000e+04 2.263300000000000000e+04 2.263400000000000000e+04 2.263500000000000000e+04 2.263600000000000000e+04 2.263700000000000000e+04 2.263800000000000000e+04 2.263900000000000000e+04 2.264000000000000000e+04 2.264100000000000000e+04 2.264200000000000000e+04 6.218900000000000000e+04 6.219100000000000000e+04 6.219300000000000000e+04 6.219500000000000000e+04 6.219700000000000000e+04 6.219900000000000000e+04 6.220100000000000000e+04 6.220300000000000000e+04 6.220500000000000000e+04 6.220700000000000000e+04 6.220900000000000000e+04
6.173600000000000000e+04 6.173800000000000000e+04 6.174000000000000000e+04 6.174200000000000000e+04 6.174400000000000000e+04 6.174600000000000000e+04 6.174800000000000000e+04 6.175000000000000000e+04 6.175200000000000000e+04 6.175400000000000000e+04 6.175600000000000000e+04 6.175800000000000000e+04 6.176000000000000000e+04 6.176200000000000000e+04 6.176400000000000000e+04 2.223300000000000000e+04 2.223400000000000000e+04 2.223500000000000000e+04 2.223600000000000000e+04 2.223700000000000000e+04 2.223800000000000000e+04 2.223900000000000000e+04 2.224000000000000000e+04 2.224100000000000000e+04 2.224200000000000000e+04 2.224300000000000000e+04 2.224400000000000000e+04 6.179300000000000000e+04 6.179500000000000000e+04 6.179700000000000000e+04 6.179900000000000000e+04 6.180100000000000000e+04 6.180300000000000000e+04 6.180500000000000000e+04 6.180700000000000000e+04 6.180900000000000000e+04 6.181100000000000000e+04
6.133800000000000000e+04 6.134000000000000000e+04 6.134200000000000000e+04 6.134400000000000000e+04 6.134600000000000000e+04 6.134800000000000000e+04 6.135000000000000000e+04 6.135200000000000000e+04 6.135400000000000000e+04 6.135600000000000000e+04 6.135800000000000000e+04 6.136000000000000000e+04 6.136200000000000000e+04 6.136400000000000000e+04 2.183300000000000000e+04 2.183400000000000000e+04 2.183500000000000000e+04 2.183600000000000000e+04 2.183700000000000000e+04 2.183800000000000000e+04 2.183900000000000000e+04 2.184000000000000000e+04 2.184100000000000000e+04 2.184200000000000000e+04 2.184300000000000000e+04 2.184400000000000000e+04 2.184500000000000000e+04 6.139500000000000000e+04 6.139700000000000000e+04 6.139900000000000000e+04 6.140100000000000000e+04 6.140300000000000000e+04 6.140500000000000000e+04 6.140700000000000000e+04 6.140900000000000000e+04 6.141100000000000000e+04 6.141300000000000000e+04
6.094000000000000000e+04 6.094200000000000000e+04 6.094400000000000000e+04 6.094600000000000000e+04 6.094800000000000000e+04 6.095000000000000000e+04 6.095200000000000000e+04 6.095400000000000000e+04 6.095600000000000000e+04 6.095800000000000000e+04 6.096000000000000000e+04 6.096200000000000000e+04 6.096400000000000000e+04 6.096600000000000000e+04 2.143400000000000000e+04 2.143500000000000000e+04 2.143600000000000000e+04 2.143700000000000000e+04 2.143800000000000000e+04 2.143900000000000000e+04 2.144000000000000000e+04 2.144100000000000000e+04 2.144200000000000000e+04 2.144300000000000000e+04 2.144400000000000000e+04 2.144500000000000000e+04 2.144600000000000000e+04 6.099700000000000000e+04 6.099900000000000000e+04 6.100100000000000000e+04 6.100300000000000000e+04 6.100500000000000000e+04 6.100700000000000000e+04 6.100900000000000000e+04 6.101100000000000000e+04 2.165500000000000000e+04 2.165600000000000000e+04
6.054200000000000000e+04 6.054400000000000000e+04 6.054600000000000000e+04 6.054800000000000000e+04 6.055000000000000000e+04 6.055200000000000000e+04 6.055400000000000000e+04 6.055600000000000000e+04 6.055800000000000000e+04 6.056000000000000000e+04 6.056200000000000000e+04 6.056400000000000000e+04 6.056600000000000000e+04 6.056800000000000000e+04 2.103500000000000000e+04 2.103600000000000000e+04 2.103700000000000000e+04 2.103800000000000000e+04 2.103900000000000000e+04 2.104000000000000000e+04 2.104100000000000000e+04 2.104200000000000000e+04 2.104300000000000000e+04 2.104400000000000000e+04 2.104500000000000000e+04 2.104600000000000000e+04 2.104700000000000000e+04 2.104800000000000000e+04 6.060100000000000000e+04 6.060300000000000000e+04 6.060500000000000000e+04 6.060700000000000000e+04 6.060900000000000000e+04 6.061100000000000000e+04 6.061300000000000000e+04 2.125600000000000000e+04 2.125700000000000000e+04
6.014400000000000000e+04 6.014600000000000000e+04 6.014800000000000000e+04 6.015000000000000000e+04 6.015200000000000000e+04 6.015400000000000000e+04 6.015600000000000000e+04 6.015800000000000000e+04 6.016000000000000000e+04 6.016200000000000000e+04 6.016400000000000000e+04 6.016600000000000000e+04 6.016800000000000000e+04 6.017000000000000000e+04 2.063600000000000000e+04 2.063700000000000000e+04 2.063800000000000000e+04 2.063900000000000000e+04 2.064000000000000000e+04 2.064100000000000000e+04 2.064200000000000000e+04 2.064300000000000000e+04 2.064400000000000000e+04 2.064500000000000000e+04 2.064600000000000000e+04 2.064700000000000000e+04 2.064800000000000000e+04 2.064900000000000000e+04 6.020300000000000000e+04 6.020500000000000000e+04 6.020700000000000000e+04 6.020900000000000000e+04 6.021100000000000000e+04 6.021300000000000000e+04 2.085600000000000000e+04 2.085700000000000000e+04 2.085800000000000000e+04
5.974600000000000000e+04 5.974800000000000000e+04 5.975000000000000000e+04 5.975200000000000000e+04 5.975400000000000000e+04 5.975600000000000000e+04 5.975800000000000000e+04 5.976000000000000000e+04 5.976200000000000000e+04 5.976400000000000000e+04 5.976600000000000000e+04 5.976800000000000000e+04 5.977000000000000000e+04 5.977200000000000000e+04 2.023700000000000000e+04 2.023800000000000000e+04 2.023900000000000000e+04 2.024000000000000000e+04 2.024100000000000000e+04 2.024200000000000000e+04 2.024300000000000000e+04 2.024400000000000000e+04 2.024500000000000000e+04 2.024600000000000000e+04 2.024700000000000000e+04 2.024800000000000000e+04 2.024900000000000000e+04 2.025000000000000000e+04 5.980500000000000000e+04 5.980700000000000000e+04 5.980900000000000000e+04 5.981100000000000000e+04 5.981300000000000000e+04 5.981500000000000000e+04 2.045700000000000000e+04 2.045800000000000000e+04 2.045900000000000000e+04
5.934800000000000000e+04 5.935000000000000000e+04 5.935200000000000000e+04 5.935400000000000000e+04 5.935600000000000000e+04 5.935800000000000000e+04 5.936000000000000000e+04 5.936200000000000000e+04 5.936400000000000000e+04 5.936600000000000000e+04 5.936800000000000000e+04 5.937000000000000000e+04 5.937200000000000000e+04 1.983700000000000000e+04 1.983800000000000000e+04 1.983900000000000000e+04 1.984000000000000000e+04 1.984100000000000000e+04 1.984200000000000000e+04 1.984300000000000000e+04 1.984400000000000000e+04 1.984500000000000000e+04 1.984600000000000000e+04 1.984700000000000000e+04 1.984800000000000000e+04 1.984900000000000000e+04 1.985000000000000000e+04 1.985100000000000000e+04 1.985200000000000000e+04 5.940900000000000000e+04 5.941100000000000000e+04 5.941300000000000000e+04 5.941500000000000000e+04 5.941700000000000000e+04 2.005800000000000000e+04 2.005900000000000000e+04 2.006000000000000000e+04
5.895000000000000000e+04 5.895200000000000000e+04 5.895400000000000000e+04 5.895600000000000000e+04 5.895800000000000000e+04 5.896000000000000000e+04 5.896200000000000000e+04 5.896400000000000000e+04 5.896600000000000000e+04 5.896800000000000000e+04 5.897000000000000000e+04 5.897200000000000000e+04 5.897400000000000000e+04 1.943800000000000000e+04 1.943900000000000000e+04 1.944000000000000000e+04 1.944100000000000000e+04 1.944200000000000000e+04 1.944300000000000000e+04 1.944400000000000000e+04 1.944500000000000000e+04 1.944600000000000000e+04 1.944700000000000000e+04 1.944800000000000000e+04 1.944900000000000000e+04 1.945000000000000000e+04 1.945100000000000000e+04 1.945200000000000000e+04 1.945300000000000000e+04 5.901100000000000000e+04 5.901300000000000000e+04 5.901500000000000000e+04 5.901700000000000000e+04 5.901900000000000000e+04 5.902100000000000000e+04 1.966000000000000000e+04 1.966100000000000000e+04
