BlockUplift_2Ma_1kryTimeStep_2mmyr_k_5e-05_m_0.5_n_1.0_LinDiffusion_1_6x3km_30mRes_surface_water__discharge.txt
nrows 100
cellsize 30.0
xllcorner 0.0
ncols 200
yllcorner 0.0
[rows 17 to 33 of 100, columns 111 to 147 of 200]
1.710000000000000000e+04 1.800000000000000000e+04 1.440000000000000000e+05 1.350000000000000000e+04 1.350000000000000000e+04 1.350000000000000000e+04 1.350000000000000000e+04 1.350000000000000000e+04 1.440000000000000000e+04 1.440000000000000000e+04 1.440000000000000000e+04 1.530000000000000000e+04 1.530000000000000000e+04 1.350000000000000000e+04 1.260000000000000000e+04 1.080000000000000000e+04 9.900000000000000000e+03 9.000000000000000000e+03 8.100000000000000000e+03 7.200000000000000000e+03 5.400000000000000000e+03 4.500000000000000000e+03 3.600000000000000000e+03 2.700000000000000000e+03 1.800000000000000000e+03 9.000000000000000000e+02 6.300000000000000000e+03 1.170000000000000000e+04 1.440000000000000000e+04 1.260000000000000000e+04 9.900000000000000000e+03 9.000000000000000000e+02 1.800000000000000000e+03 2.700000000000000000e+03 3.600000000000000000e+03 4.500000000000000000e+03 5.400000000000000000e+03
1.800000000000000000e+04 1.890000000000000000e+04 1.584000000000000000e+05 1.440000000000000000e+04 1.440000000000000000e+04 1.440000000000000000e+04 1.440000000000000000e+04 1.530000000000000000e+04 1.530000000000000000e+04 1.530000000000000000e+04 1.620000000000000000e+04 1.620000000000000000e+04 1.440000000000000000e+04 1.350000000000000000e+04 1.170000000000000000e+04 1.080000000000000000e+04 9.900000000000000000e+03 9.000000000000000000e+03 8.100000000000000000e+03 6.300000000000000000e+03 5.400000000000000000e+03 4.500000000000000000e+03 3.600000000000000000e+03 2.700000000000000000e+03 1.800000000000000000e+03 7.200000000000000000e+03 9.000000000000000000e+02 1.260000000000000000e+04 1.530000000000000000e+04 1.350000000000000000e+04 1.080000000000000000e+04 9.000000000000000000e+02 1.800000000000000000e+03 2.700000000000000000e+03 3.600000000000000000e+03 4.500000000000000000e+03 5.400000000000000000e+03
1.890000000000000000e+04 1.980000000000000000e+04 1.737000000000000000e+05 1.530000000000000000e+04 1.530000000000000000e+04 1.530000000000000000e+04 1.620000000000000000e+04 1.620000000000000000e+04 1.620000000000000000e+04 1.710000000000000000e+04 1.710000000000000000e+04 1.530000000000000000e+04 1.440000000000000000e+04 1.260000000000000000e+04 1.170000000000000000e+04 1.080000000000000000e+04 9.900000000000000000e+03 9.000000000000000000e+03 7.200000000000000000e+03 6.300000000000000000e+03 5.400000000000000000e+03 4.500000000000000000e+03 3.600000000000000000e+03 2.700000000000000000e+03 8.100000000000000000e+03 1.800000000000000000e+03 9.000000000000000000e+02 1.350000000000000000e+04 1.620000000000000000e+04 1.440000000000000000e+04 1.170000000000000000e+04 9.000000000000000000e+02 1.800000000000000000e+03 2.700000000000000000e+03 3.600000000000000000e+03 4.500000000000000000e+03 5.400000000000000000e+03
1.980000000000000000e+04 1.944000000000000000e+05 1.620000000000000000e+04 1.620000000000000000e+04 1.620000000000000000e+04 1.710000000000000000e+04 1.710000000000000000e+04 1.710000000000000000e+04 1.800000000000000000e+04 1.800000000000000000e+04 1.620000000000000000e+04 1.530000000000000000e+04 1.350000000000000000e+04 1.260000000000000000e+04 1.170000000000000000e+04 1.080000000000000000e+04 9.900000000000000000e+03 8.100000000000000000e+03 7.200000000000000000e+03 6.300000000000000000e+03 5.400000000000000000e+03 4.500000000000000000e+03 3.600000000000000000e+03 9.000000000000000000e+03 2.700000000000000000e+03 1.800000000000000000e+03 9.000000000000000000e+02 1.440000000000000000e+04 1.710000000000000000e+04 1.530000000000000000e+04 1.260000000000000000e+04 9.000000000000000000e+02 1.800000000000000000e+03 2.700000000000000000e+03 3.600000000000000000e+03 4.500000000000000000e+03 5.400000000000000000e+03
2.070000000000000000e+04 2.115000000000000000e+05 1.710000000000000000e+04 1.710000000000000000e+04 1.800000000000000000e+04 1.800000000000000000e+04 1.800000000000000000e+04 1.890000000000000000e+04 1.890000000000000000e+04 1.710000000000000000e+04 1.620000000000000000e+04 1.440000000000000000e+04 1.350000000000000000e+04 1.260000000000000000e+04 1.170000000000000000e+04 1.080000000000000000e+04 9.000000000000000000e+03 8.100000000000000000e+03 7.200000000000000000e+03 6.300000000000000000e+03 5.400000000000000000e+03 4.500000000000000000e+03 9.900000000000000000e+03 3.600000000000000000e+03 2.700000000000000000e+03 1.800000000000000000e+03 9.000000000000000000e+02 1.530000000000000000e+04 1.800000000000000000e+04 1.620000000000000000e+04 9.000000000000000000e+02 1.350000000000000000e+04 1.800000000000000000e+03 2.700000000000000000e+03 3.600000000000000000e+03 4.500000000000000000e+03 5.400000000000000000e+03
2.160000000000000000e+04 2.295000000000000000e+05 1.800000000000000000e+04 1.890000000000000000e+04 1.890000000000000000e+04 1.890000000000000000e+04 1.980000000000000000e+04 1.980000000000000000e+04 1.800000000000000000e+04 1.710000000000000000e+04 1.530000000000000000e+04 1.440000000000000000e+04 1.350000000000000000e+04 1.260000000000000000e+04 1.170000000000000000e+04 9.900000000000000000e+03 9.000000000000000000e+03 8.100000000000000000e+03 7.200000000000000000e+03 6.300000000000000000e+03 5.400000000000000000e+03 1.080000000000000000e+04 4.500000000000000000e+03 3.600000000000000000e+03 2.700000000000000000e+03 1.800000000000000000e+03 9.000000000000000000e+02 1.620000000000000000e+04 1.890000000000000000e+04 1.710000000000000000e+04 9.000000000000000000e+02 1.800000000000000000e+03 1.440000000000000000e+04 2.700000000000000000e+03 3.600000000000000000e+03 4.500000000000000000e+03 5.400000000000000000e+03
2.520000000000000000e+05 1.890000000000000000e+04 1.980000000000000000e+04 1.980000000000000000e+04 1.980000000000000000e+04 2.070000000000000000e+04 2.070000000000000000e+04 1.890000000000000000e+04 1.800000000000000000e+04 1.620000000000000000e+04 1.530000000000000000e+04 1.440000000000000000e+04 1.350000000000000000e+04 1.260000000000000000e+04 1.080000000000000000e+04 9.900000000000000000e+03 9.000000000000000000e+03 8.100000000000000000e+03 7.200000000000000000e+03 6.300000000000000000e+03 1.170000000000000000e+04 5.400000000000000000e+03 4.500000000000000000e+03 3.600000000000000000e+03 2.700000000000000000e+03 1.800000000000000000e+03 9.000000000000000000e+02 1.710000000000000000e+04 1.980000000000000000e+04 1.800000000000000000e+04 9.000000000000000000e+02 1.800000000000000000e+03 2.700000000000000000e+03 1.530000000000000000e+04 3.600000000000000000e+03 4.500000000000000000e+03 5.400000000000000000e+03
2.718000000000000000e+05 2.070000000000000000e+04 2.070000000000000000e+04 2.070000000000000000e+04 2.160000000000000000e+04 2.160000000000000000e+04 1.980000000000000000e+04 1.890000000000000000e+04 1.710000000000000000e+04 1.620000000000000000e+04 1.530000000000000000e+04 1.440000000000000000e+04 1.350000000000000000e+04 1.170000000000000000e+04 1.080000000000000000e+04 9.900000000000000000e+03 9.000000000000000000e+03 8.100000000000000000e+03 7.200000000000000000e+03 1.260000000000000000e+04 6.300000000000000000e+03 5.400000000000000000e+03 4.500000000000000000e+03 3.600000000000000000e+03 2.700000000000000000e+03 1.800000000000000000e+03 9.000000000000000000e+02 1.800000000000000000e+04 2.070000000000000000e+04 1.890000000000000000e+04 9.000000000000000000e+02 1.800000000000000000e+03 2.700000000000000000e+03 3.600000000000000000e+03 1.620000000000000000e+04 4.500000000000000000e+03 5.400000000000000000e+03
2.160000000000000000e+04 2.160000000000000000e+04 2.160000000000000000e+04 2.250000000000000000e+04 2.250000000000000000e+04 2.070000000000000000e+04 1.980000000000000000e+04 1.800000000000000000e+04 1.710000000000000000e+04 1.620000000000000000e+04 1.530000000000000000e+04 1.440000000000000000e+04 1.260000000000000000e+04 1.170000000000000000e+04 1.080000000000000000e+04 9.900000000000000000e+03 9.000000000000000000e+03 8.100000000000000000e+03 1.350000000000000000e+04 7.200000000000000000e+03 6.300000000000000000e+03 5.400000000000000000e+03 4.500000000000000000e+03 3.600000000000000000e+03 2.700000000000000000e+03 1.800000000000000000e+03 9.000000000000000000e+02 1.890000000000000000e+04 2.160000000000000000e+04 1.980000000000000000e+04 9.000000000000000000e+02 1.800000000000000000e+03 2.700000000000000000e+03 3.600000000000000000e+03 4.500000000000000000e+03 1.710000000000000000e+04 5.400000000000000000e+03
2.250000000000000000e+04 2.250000000000000000e+04 2.340000000000000000e+04 2.340000000000000000e+04 2.160000000000000000e+04 2.070000000000000000e+04 1.890000000000000000e+04 1.800000000000000000e+04 1.710000000000000000e+04 1.620000000000000000e+04 1.530000000000000000e+04 1.350000000000000000e+04 1.260000000000000000e+04 1.170000000000000000e+04 1.080000000000000000e+04 9.900000000000000000e+03 9.000000000000000000e+03 1.440000000000000000e+04 8.100000000000000000e+03 7.200000000000000000e+03 6.300000000000000000e+03 5.400000000000000000e+03 4.500000000000000000e+03 3.600000000000000000e+03 2.700000000000000000e+03 1.800000000000000000e+03 9.000000000000000000e+02 1.980000000000000000e+04 2.250000000000000000e+04 2.070000000000000000e+04 9.000000000000000000e+02 1.800000000000000000e+03 2.700000000000000000e+03 3.600000000000000000e+03 4.500000000000000000e+03 5.400000000000000000e+03 1.800000000000000000e+04
2.340000000000000000e+04 2.430000000000000000e+04 2.430000000000000000e+04 2.250000000000000000e+04 2.160000000000000000e+04 1.980000000000000000e+04 1.890000000000000000e+04 1.800000000000000000e+04 1.710000000000000000e+04 1.620000000000000000e+04 1.440000000000000000e+04 1.350000000000000000e+04 1.260000000000000000e+04 1.170000000000000000e+04 1.080000000000000000e+04 9.900000000000000000e+03 1.530000000000000000e+04 9.000000000000000000e+03 8.100000000000000000e+03 7.200000000000000000e+03 6.300000000000000000e+03 5.400000000000000000e+03 4.500000000000000000e+03 3.600000000000000000e+03 2.700000000000000000e+03 1.800000000000000000e+03 9.000000000000000000e+02 2.070000000000000000e+04 2.340000000000000000e+04 2.160000000000000000e+04 9.000000000000000000e+02 1.800000000000000000e+03 2.700000000000000000e+03 3.600000000000000000e+03 4.500000000000000000e+03 5.400000000000000000e+03 6.300000000000000000e+03
2.520000000000000000e+04 2.520000000000000000e+04 2.340000000000000000e+04 2.250000000000000000e+04 2.070000000000000000e+04 1.980000000000000000e+04 1.890000000000000000e+04 1.800000000000000000e+04 1.710000000000000000e+04 1.530000000000000000e+04 1.440000000000000000e+04 1.350000000000000000e+04 1.260000000000000000e+04 1.170000000000000000e+04 1.080000000000000000e+04 1.620000000000000000e+04 9.900000000000000000e+03 9.000000000000000000e+03 8.100000000000000000e+03 7.200000000000000000e+03 6.300000000000000000e+03 5.400000000000000000e+03 4.500000000000000000e+03 3.600000000000000000e+03 2.700000000000000000e+03 1.800000000000000000e+03 9.000000000000000000e+02 2.160000000000000000e+04 2.430000000000000000e+04 2.250000000000000000e+04 9.000000000000000000e+02 1.800000000000000000e+03 2.700000000000000000e+03 3.600000000000000000e+03 4.500000000000000000e+03 5.400000000000000000e+03 6.300000000000000000e+03
2.610000000000000000e+04 2.430000000000000000e+04 2.340000000000000000e+04 2.160000000000000000e+04 2.070000000000000000e+04 1.980000000000000000e+04 1.890000000000000000e+04 1.800000000000000000e+04 1.620000000000000000e+04 1.143000000000000000e+05 9.900000000000000000e+04 8.460000000000000000e+04 7.110000000000000000e+04 5.850000000000000000e+04 4.680000000000000000e+04 2.970000000000000000e+04 1.890000000000000000e+04 9.000000000000000000e+03 8.100000000000000000e+03 7.200000000000000000e+03 6.300000000000000000e+03 5.400000000000000000e+03 4.500000000000000000e+03 3.600000000000000000e+03 2.700000000000000000e+03 1.800000000000000000e+03 9.000000000000000000e+02 2.250000000000000000e+04 2.520000000000000000e+04 2.340000000000000000e+04 9.000000000000000000e+02 1.800000000000000000e+03 2.700000000000000000e+03 3.600000000000000000e+03 4.500000000000000000e+03 5.400000000000000000e+03 6.300000000000000000e+03
2.520000000000000000e+04 2.430000000000000000e+04 2.250000000000000000e+04 2.160000000000000000e+04 2.070000000000000000e+04 1.980000000000000000e+04 1.755000000000000000e+05 1.566000000000000000e+05 1.395000000000000000e+05 2.430000000000000000e+04 2.340000000000000000e+04 2.250000000000000000e+04 2.160000000000000000e+04 2.070000000000000000e+04 1.980000000000000000e+04 1.890000000000000000e+04 1.800000000000000000e+04 1.710000000000000000e+04 8.100000000000000000e+03 7.200000000000000000e+03 6.300000000000000000e+03 5.400000000000000000e+03 4.500000000000000000e+03 3.600000000000000000e+03 2.700000000000000000e+03 1.800000000000000000e+03 9.000000000000000000e+02 2.340000000000000000e+04 2.610000000000000000e+04 2.430000000000000000e+04 9.000000000000000000e+02 1.800000000000000000e+03 2.700000000000000000e+03 3.600000000000000000e+03 4.500000000000000000e+03 5.400000000000000000e+03 6.300000000000000000e+03
2.520000000000000000e+04 2.340000000000000000e+04 2.250000000000000000e+04 2.160000000000000000e+04 2.160000000000000000e+05 1.953000000000000000e+05 1.890000000000000000e+04 1.800000000000000000e+04 1.710000000000000000e+04 1.620000000000000000e+04 1.530000000000000000e+04 1.440000000000000000e+04 1.350000000000000000e+04 1.260000000000000000e+04 1.170000000000000000e+04 1.080000000000000000e+04 9.900000000000000000e+03 9.000000000000000000e+03 8.100000000000000000e+03 7.200000000000000000e+03 6.300000000000000000e+03 5.400000000000000000e+03 4.500000000000000000e+03 3.600000000000000000e+03 2.700000000000000000e+03 9.000000000000000000e+02 1.800000000000000000e+03 2.430000000000000000e+04 2.700000000000000000e+04 2.520000000000000000e+04 1.800000000000000000e+03 9.000000000000000000e+02 2.700000000000000000e+03 3.600000000000000000e+03 4.500000000000000000e+03 5.400000000000000000e+03 6.300000000000000000e+03
2.430000000000000000e+04 2.340000000000000000e+04 2.601000000000000000e+05 2.376000000000000000e+05 2.070000000000000000e+04 1.980000000000000000e+04 1.890000000000000000e+04 1.800000000000000000e+04 1.710000000000000000e+04 1.620000000000000000e+04 1.530000000000000000e+04 1.440000000000000000e+04 1.350000000000000000e+04 1.260000000000000000e+04 1.170000000000000000e+04 1.080000000000000000e+04 9.900000000000000000e+03 9.000000000000000000e+03 8.100000000000000000e+03 7.200000000000000000e+03 6.300000000000000000e+03 5.400000000000000000e+03 4.500000000000000000e+03 3.600000000000000000e+03 1.800000000000000000e+03 9.000000000000000000e+02 2.700000000000000000e+03 2.520000000000000000e+04 2.790000000000000000e+04 2.610000000000000000e+04 2.700000000000000000e+03 9.000000000000000000e+02 1.800000000000000000e+03 3.600000000000000000e+03 4.500000000000000000e+03 5.400000000000000000e+03 6.300000000000000000e+03
2.430000000000000000e+04 2.835000000000000000e+05 2.250000000000000000e+04 2.160000000000000000e+04 2.070000000000000000e+04 1.980000000000000000e+04 1.890000000000000000e+04 1.800000000000000000e+04 1.710000000000000000e+04 1.620000000000000000e+04 1.530000000000000000e+04 1.440000000000000000e+04 1.350000000000000000e+04 1.260000000000000000e+04 1.170000000000000000e+04 1.080000000000000000e+04 9.900000000000000000e+03 9.000000000000000000e+03 8.100000000000000000e+03 7.200000000000000000e+03 6.300000000000000000e+03 5.400000000000000000e+03 4.500000000000000000e+03 2.700000000000000000e+03 1.800000000000000000e+03 9.000000000000000000e+02 3.600000000000000000e+03 2.610000000000000000e+04 2.880000000000000000e+04 2.700000000000000000e+04 3.600000000000000000e+03 9.000000000000000000e+02 1.800000000000000000e+03 2.700000000000000000e+03 4.500000000000000000e+03 5.400000000000000000e+03 6.300000000000000000e+03
