BlockUplift_2Ma_1kryTimeStep_2mmyr_k_5e-05_m_0.5_n_1.0_LinDiffusion_0.25_3x6km_30mRes_surface_water__discharge.txt
nrows 200
cellsize 30.0
xllcorner 0.0
ncols 100
yllcorner 0.0
[rows 170 to 186 of 200, columns 0 to 36 of 100]
0.000000000000000000e+00 9.000000000000000000e+02 1.800000000000000000e+03 2.700000000000000000e+03 3.600000000000000000e+03 4.500000000000000000e+03 5.400000000000000000e+03 6.300000000000000000e+03 2.583000000000000000e+05 4.320000000000000000e+04 9.000000000000000000e+03 8.100000000000000000e+03 7.200000000000000000e+03 6.300000000000000000e+03 7.200000000000000000e+03 5.400000000000000000e+03 4.500000000000000000e+03 4.500000000000000000e+03 3.600000000000000000e+03 2.700000000000000000e+03 1.800000000000000000e+03 1.800000000000000000e+03 9.000000000000000000e+02 9.000000000000000000e+02 2.700000000000000000e+03 3.600000000000000000e+03 4.500000000000000000e+03 5.400000000000000000e+03 6.300000000000000000e+03 7.200000000000000000e+03 8.100000000000000000e+03 9.000000000000000000e+03 9.900000000000000000e+03 1.080000000000000000e+04 1.170000000000000000e+04 7.380000000000000000e+04 1.080000000000000000e+04
0.000000000000000000e+00 9.000000000000000000e+02 1.800000000000000000e+03 2.700000000000000000e+03 3.600000000000000000e+03 4.500000000000000000e+03 5.400000000000000000e+03 6.300000000000000000e+03 2.655000000000000000e+05 5.310000000000000000e+04 9.000000000000000000e+03 8.100000000000000000e+03 7.200000000000000000e+03 8.100000000000000000e+03 6.300000000000000000e+03 5.400000000000000000e+03 5.400000000000000000e+03 4.500000000000000000e+03 3.600000000000000000e+03 2.700000000000000000e+03 2.700000000000000000e+03 1.800000000000000000e+03 9.000000000000000000e+02 9.000000000000000000e+02 1.800000000000000000e+03 9.000000000000000000e+02 1.800000000000000000e+03 2.700000000000000000e+03 3.600000000000000000e+03 4.500000000000000000e+03 5.400000000000000000e+03 6.300000000000000000e+03 7.200000000000000000e+03 8.100000000000000000e+03 9.000000000000000000e+03 3.240000000000000000e+04 9.000000000000000000e+03
0.000000000000000000e+00 9.000000000000000000e+02 1.800000000000000000e+03 2.700000000000000000e+03 3.600000000000000000e+03 8.100000000000000000e+03 5.400000000000000000e+03 6.300000000000000000e+03 2.727000000000000000e+05 5.400000000000000000e+04 1.800000000000000000e+04 8.100000000000000000e+03 9.000000000000000000e+03 7.200000000000000000e+03 6.300000000000000000e+03 6.300000000000000000e+03 5.400000000000000000e+03 4.500000000000000000e+03 3.600000000000000000e+03 3.600000000000000000e+03 2.700000000000000000e+03 1.800000000000000000e+03 9.000000000000000000e+02 9.000000000000000000e+02 1.800000000000000000e+03 2.700000000000000000e+03 9.000000000000000000e+02 1.800000000000000000e+03 2.700000000000000000e+03 3.600000000000000000e+03 4.500000000000000000e+03 5.400000000000000000e+03 6.300000000000000000e+03 7.200000000000000000e+03 8.100000000000000000e+03 1.530000000000000000e+04 8.100000000000000000e+03
0.000000000000000000e+00 9.000000000000000000e+02 1.800000000000000000e+03 2.700000000000000000e+03 6.300000000000000000e+03 7.200000000000000000e+03 1.620000000000000000e+04 6.300000000000000000e+03 2.799000000000000000e+05 5.490000000000000000e+04 2.700000000000000000e+04 9.900000000000000000e+03 8.100000000000000000e+03 7.200000000000000000e+03 7.200000000000000000e+03 6.300000000000000000e+03 5.400000000000000000e+03 4.500000000000000000e+03 4.500000000000000000e+03 3.600000000000000000e+03 2.700000000000000000e+03 1.800000000000000000e+03 9.000000000000000000e+02 1.800000000000000000e+03 9.000000000000000000e+02 2.700000000000000000e+03 3.600000000000000000e+03 9.000000000000000000e+02 1.800000000000000000e+03 2.700000000000000000e+03 3.600000000000000000e+03 4.500000000000000000e+03 5.400000000000000000e+03 6.300000000000000000e+03 7.200000000000000000e+03 9.000000000000000000e+02 6.300000000000000000e+03
0.000000000000000000e+00 9.000000000000000000e+02 1.800000000000000000e+03 2.700000000000000000e+03 3.600000000000000000e+03 4.500000000000000000e+03 5.400000000000000000e+03 2.250000000000000000e+04 7.200000000000000000e+03 3.357000000000000000e+05 3.780000000000000000e+04 9.000000000000000000e+03 8.100000000000000000e+03 8.100000000000000000e+03 2.880000000000000000e+04 2.160000000000000000e+04 1.530000000000000000e+04 9.900000000000000000e+03 4.500000000000000000e+03 3.600000000000000000e+03 2.700000000000000000e+03 1.800000000000000000e+03 9.000000000000000000e+02 2.700000000000000000e+03 9.000000000000000000e+02 1.800000000000000000e+03 3.600000000000000000e+03 4.500000000000000000e+03 9.000000000000000000e+02 9.000000000000000000e+02 1.800000000000000000e+03 2.700000000000000000e+03 3.600000000000000000e+03 4.500000000000000000e+03 5.400000000000000000e+03 9.000000000000000000e+02 4.500000000000000000e+03
0.000000000000000000e+00 9.000000000000000000e+02 1.800000000000000000e+03 4.500000000000000000e+03 5.400000000000000000e+03 6.300000000000000000e+03 7.200000000000000000e+03 8.100000000000000000e+03 2.340000000000000000e+04 3.438000000000000000e+05 4.770000000000000000e+04 9.000000000000000000e+03 5.040000000000000000e+04 4.140000000000000000e+04 1.170000000000000000e+04 1.080000000000000000e+04 9.900000000000000000e+03 9.000000000000000000e+03 8.100000000000000000e+03 3.600000000000000000e+03 2.700000000000000000e+03 1.800000000000000000e+03 9.000000000000000000e+02 3.600000000000000000e+03 9.000000000000000000e+02 1.800000000000000000e+03 2.700000000000000000e+03 4.500000000000000000e+03 5.400000000000000000e+03 1.800000000000000000e+03 9.000000000000000000e+02 9.000000000000000000e+02 9.000000000000000000e+02 9.000000000000000000e+02 9.000000000000000000e+02 1.170000000000000000e+04 9.000000000000000000e+02
0.000000000000000000e+00 9.000000000000000000e+02 1.800000000000000000e+03 2.700000000000000000e+03 3.600000000000000000e+03 4.500000000000000000e+03 5.400000000000000000e+03 6.300000000000000000e+03 1.530000000000000000e+04 3.681000000000000000e+05 5.760000000000000000e+04 6.120000000000000000e+04 9.900000000000000000e+03 9.000000000000000000e+03 8.100000000000000000e+03 7.200000000000000000e+03 6.300000000000000000e+03 5.400000000000000000e+03 4.500000000000000000e+03 3.600000000000000000e+03 2.700000000000000000e+03 1.800000000000000000e+03 9.000000000000000000e+02 4.500000000000000000e+03 9.000000000000000000e+02 1.800000000000000000e+03 2.700000000000000000e+03 3.600000000000000000e+03 5.400000000000000000e+03 6.300000000000000000e+03 2.700000000000000000e+03 1.800000000000000000e+03 1.800000000000000000e+03 1.800000000000000000e+03 1.800000000000000000e+03 1.440000000000000000e+04 1.800000000000000000e+03
0.000000000000000000e+00 9.000000000000000000e+02 1.800000000000000000e+03 2.700000000000000000e+03 3.600000000000000000e+03 4.500000000000000000e+03 5.400000000000000000e+03 6.300000000000000000e+03 7.200000000000000000e+03 4.419000000000000000e+05 7.290000000000000000e+04 1.080000000000000000e+04 9.900000000000000000e+03 9.000000000000000000e+03 8.100000000000000000e+03 7.200000000000000000e+03 6.300000000000000000e+03 5.400000000000000000e+03 4.500000000000000000e+03 3.600000000000000000e+03 2.700000000000000000e+03 1.800000000000000000e+03 9.000000000000000000e+02 5.400000000000000000e+03 9.000000000000000000e+02 1.800000000000000000e+03 2.700000000000000000e+03 3.600000000000000000e+03 4.500000000000000000e+03 6.300000000000000000e+03 7.200000000000000000e+03 3.600000000000000000e+03 2.700000000000000000e+03 2.700000000000000000e+03 2.700000000000000000e+03 1.890000000000000000e+04 2.700000000000000000e+03
0.000000000000000000e+00 9.000000000000000000e+02 1.800000000000000000e+03 9.000000000000000000e+02 1.800000000000000000e+03 2.700000000000000000e+03 3.600000000000000000e+03 4.500000000000000000e+03 5.400000000000000000e+03 5.229000000000000000e+05 8.100000000000000000e+03 7.200000000000000000e+03 6.300000000000000000e+03 5.400000000000000000e+03 4.500000000000000000e+03 3.600000000000000000e+03 2.700000000000000000e+03 1.800000000000000000e+03 9.000000000000000000e+02 3.600000000000000000e+03 2.700000000000000000e+03 9.000000000000000000e+02 1.800000000000000000e+03 6.300000000000000000e+03 9.000000000000000000e+02 1.800000000000000000e+03 2.700000000000000000e+03 3.600000000000000000e+03 4.500000000000000000e+03 5.400000000000000000e+03 7.200000000000000000e+03 8.100000000000000000e+03 4.500000000000000000e+03 3.600000000000000000e+03 6.300000000000000000e+03 1.980000000000000000e+04 6.300000000000000000e+03
0.000000000000000000e+00 9.000000000000000000e+02 1.800000000000000000e+03 2.700000000000000000e+03 3.600000000000000000e+03 4.500000000000000000e+03 5.400000000000000000e+03 6.300000000000000000e+03 7.200000000000000000e+03 5.373000000000000000e+05 7.200000000000000000e+03 6.300000000000000000e+03 5.400000000000000000e+03 4.500000000000000000e+03 3.600000000000000000e+03 2.700000000000000000e+03 1.800000000000000000e+03 9.000000000000000000e+02 4.500000000000000000e+03 3.600000000000000000e+03 1.800000000000000000e+03 9.000000000000000000e+02 2.700000000000000000e+03 7.200000000000000000e+03 9.000000000000000000e+02 1.800000000000000000e+03 2.700000000000000000e+03 3.600000000000000000e+03 4.500000000000000000e+03 5.400000000000000000e+03 6.300000000000000000e+03 8.100000000000000000e+03 9.000000000000000000e+03 5.400000000000000000e+03 1.080000000000000000e+04 2.070000000000000000e+04 1.170000000000000000e+04
0.000000000000000000e+00 9.000000000000000000e+02 1.800000000000000000e+03 2.700000000000000000e+03 9.000000000000000000e+02 1.800000000000000000e+03 2.700000000000000000e+03 3.600000000000000000e+03 4.500000000000000000e+03 5.526000000000000000e+05 6.300000000000000000e+03 5.400000000000000000e+03 4.500000000000000000e+03 3.600000000000000000e+03 2.700000000000000000e+03 1.800000000000000000e+03 9.000000000000000000e+02 5.400000000000000000e+03 4.500000000000000000e+03 2.700000000000000000e+03 9.000000000000000000e+02 1.800000000000000000e+03 3.600000000000000000e+03 8.100000000000000000e+03 9.000000000000000000e+02 1.800000000000000000e+03 2.700000000000000000e+03 3.600000000000000000e+03 4.500000000000000000e+03 5.400000000000000000e+03 6.300000000000000000e+03 7.200000000000000000e+03 9.000000000000000000e+03 9.900000000000000000e+03 1.710000000000000000e+04 2.160000000000000000e+04 1.890000000000000000e+04
0.000000000000000000e+00 9.000000000000000000e+02 1.800000000000000000e+03 2.700000000000000000e+03 3.600000000000000000e+03 9.000000000000000000e+02 1.800000000000000000e+03 2.700000000000000000e+03 9.000000000000000000e+02 5.643000000000000000e+05 9.000000000000000000e+02 3.600000000000000000e+03 2.700000000000000000e+03 1.800000000000000000e+03 9.000000000000000000e+02 9.000000000000000000e+02 6.300000000000000000e+03 5.400000000000000000e+03 3.600000000000000000e+03 1.800000000000000000e+03 9.000000000000000000e+02 2.700000000000000000e+03 4.500000000000000000e+03 9.000000000000000000e+03 1.800000000000000000e+03 9.000000000000000000e+02 2.700000000000000000e+03 3.600000000000000000e+03 4.500000000000000000e+03 5.400000000000000000e+03 6.300000000000000000e+03 7.200000000000000000e+03 8.100000000000000000e+03 9.900000000000000000e+03 1.080000000000000000e+04 3.960000000000000000e+04 2.880000000000000000e+04
0.000000000000000000e+00 9.000000000000000000e+02 1.800000000000000000e+03 2.700000000000000000e+03 3.600000000000000000e+03 4.500000000000000000e+03 9.000000000000000000e+02 9.000000000000000000e+02 3.600000000000000000e+03 5.670000000000000000e+05 4.500000000000000000e+03 9.000000000000000000e+02 9.000000000000000000e+02 9.000000000000000000e+02 1.800000000000000000e+03 7.200000000000000000e+03 6.300000000000000000e+03 4.500000000000000000e+03 2.700000000000000000e+03 9.000000000000000000e+02 1.800000000000000000e+03 3.600000000000000000e+03 5.400000000000000000e+03 9.900000000000000000e+03 2.700000000000000000e+03 9.000000000000000000e+02 1.800000000000000000e+03 3.600000000000000000e+03 4.500000000000000000e+03 5.400000000000000000e+03 6.300000000000000000e+03 1.350000000000000000e+04 2.160000000000000000e+04 3.060000000000000000e+04 1.080000000000000000e+04 5.130000000000000000e+04 4.230000000000000000e+04
0.000000000000000000e+00 9.000000000000000000e+02 1.800000000000000000e+03 2.700000000000000000e+03 3.600000000000000000e+03 4.500000000000000000e+03 5.400000000000000000e+03 1.800000000000000000e+03 1.800000000000000000e+03 5.760000000000000000e+05 1.800000000000000000e+03 1.800000000000000000e+03 1.800000000000000000e+03 2.700000000000000000e+03 8.100000000000000000e+03 7.200000000000000000e+03 5.400000000000000000e+03 3.600000000000000000e+03 9.000000000000000000e+02 1.800000000000000000e+03 2.700000000000000000e+03 4.500000000000000000e+03 6.300000000000000000e+03 1.080000000000000000e+04 3.600000000000000000e+03 9.000000000000000000e+02 1.800000000000000000e+03 2.700000000000000000e+03 4.500000000000000000e+03 5.400000000000000000e+03 6.300000000000000000e+03 7.200000000000000000e+03 8.100000000000000000e+03 9.000000000000000000e+03 4.050000000000000000e+04 1.053000000000000000e+05 1.350000000000000000e+04
0.000000000000000000e+00 9.000000000000000000e+02 1.800000000000000000e+03 2.700000000000000000e+03 3.600000000000000000e+03 4.500000000000000000e+03 5.400000000000000000e+03 6.300000000000000000e+03 2.700000000000000000e+03 5.787000000000000000e+05 4.500000000000000000e+03 2.700000000000000000e+03 3.600000000000000000e+03 9.000000000000000000e+03 8.100000000000000000e+03 6.300000000000000000e+03 4.500000000000000000e+03 1.800000000000000000e+03 9.000000000000000000e+02 2.700000000000000000e+03 3.600000000000000000e+03 5.400000000000000000e+03 7.200000000000000000e+03 1.170000000000000000e+04 4.500000000000000000e+03 1.800000000000000000e+03 9.000000000000000000e+02 2.700000000000000000e+03 3.600000000000000000e+03 5.400000000000000000e+03 1.170000000000000000e+04 1.260000000000000000e+04 1.350000000000000000e+04 1.440000000000000000e+04 1.530000000000000000e+04 1.602000000000000000e+05 5.310000000000000000e+04
0.000000000000000000e+00 1.800000000000000000e+03 9.000000000000000000e+02 2.700000000000000000e+03 3.600000000000000000e+03 4.500000000000000000e+03 5.400000000000000000e+03 6.300000000000000000e+03 9.900000000000000000e+03 5.796000000000000000e+05 8.100000000000000000e+03 4.500000000000000000e+03 9.900000000000000000e+03 9.000000000000000000e+03 7.200000000000000000e+03 5.400000000000000000e+03 2.700000000000000000e+03 9.000000000000000000e+02 1.800000000000000000e+03 3.600000000000000000e+03 4.500000000000000000e+03 6.300000000000000000e+03 8.100000000000000000e+03 1.260000000000000000e+04 5.400000000000000000e+03 2.700000000000000000e+03 9.000000000000000000e+02 1.800000000000000000e+03 3.600000000000000000e+03 4.500000000000000000e+03 9.000000000000000000e+02 1.800000000000000000e+03 2.700000000000000000e+03 3.600000000000000000e+03 4.500000000000000000e+03 2.340000000000000000e+05 9.000000000000000000e+03
0.000000000000000000e+00 2.700000000000000000e+03 9.000000000000000000e+02 1.800000000000000000e+03 3.600000000000000000e+03 4.500000000000000000e+03 5.400000000000000000e+03 6.300000000000000000e+03 1.710000000000000000e+04 5.805000000000000000e+05 1.350000000000000000e+04 1.080000000000000000e+04 9.900000000000000000e+03 8.100000000000000000e+03 6.300000000000000000e+03 3.600000000000000000e+03 1.800000000000000000e+03 9.000000000000000000e+02 2.700000000000000000e+03 4.500000000000000000e+03 5.400000000000000000e+03 7.200000000000000000e+03 9.000000000000000000e+03 1.350000000000000000e+04 6.300000000000000000e+03 3.600000000000000000e+03 1.800000000000000000e+03 9.000000000000000000e+02 2.700000000000000000e+03 4.500000000000000000e+03 5.400000000000000000e+03 6.300000000000000000e+03 7.200000000000000000e+03 8.100000000000000000e+03 9.000000000000000000e+03 2.529000000000000000e+05 4.500000000000000000e+03
