BlockUplift_2Ma_1kryTimeStep_5mmyr_k_5e-05_m_0.5_n_1.0_LinDiffusion_1.0_6x3km_30mRes_flow__link_to_receiver_node.txt
nrows 100
cellsize 30.0
xllcorner 0.0
ncols 200
yllcorner 0.0
[rows 51 to 67 of 100, columns 0 to 36 of 200]
-1.000000000000000000e+00 1.895300000000000000e+04 1.895400000000000000e+04 5.841000000000000000e+04 5.841200000000000000e+04 5.841400000000000000e+04 5.841600000000000000e+04 5.841800000000000000e+04 5.842000000000000000e+04 5.842200000000000000e+04 5.842400000000000000e+04 5.842600000000000000e+04 5.842800000000000000e+04 5.843000000000000000e+04 5.843200000000000000e+04 5.843400000000000000e+04 5.843600000000000000e+04 5.843800000000000000e+04 5.844000000000000000e+04 5.844200000000000000e+04 5.844400000000000000e+04 1.897300000000000000e+04 1.897400000000000000e+04 1.897500000000000000e+04 1.897600000000000000e+04 1.897700000000000000e+04 1.897800000000000000e+04 1.897900000000000000e+04 1.898000000000000000e+04 1.898100000000000000e+04 1.898200000000000000e+04 1.898300000000000000e+04 1.898400000000000000e+04 1.898500000000000000e+04 1.898600000000000000e+04 1.898700000000000000e+04 1.898800000000000000e+04
-1.000000000000000000e+00 1.855400000000000000e+04 1.855500000000000000e+04 5.801200000000000000e+04 5.801400000000000000e+04 5.801600000000000000e+04 5.801800000000000000e+04 5.802000000000000000e+04 5.802200000000000000e+04 5.802400000000000000e+04 5.802600000000000000e+04 5.802800000000000000e+04 5.803000000000000000e+04 5.803200000000000000e+04 5.803400000000000000e+04 5.803600000000000000e+04 5.803800000000000000e+04 5.804000000000000000e+04 5.804200000000000000e+04 5.804400000000000000e+04 1.857300000000000000e+04 1.857400000000000000e+04 1.857500000000000000e+04 1.857600000000000000e+04 1.857700000000000000e+04 1.857800000000000000e+04 1.857900000000000000e+04 1.858000000000000000e+04 1.858100000000000000e+04 1.858200000000000000e+04 1.858300000000000000e+04 1.858400000000000000e+04 1.858500000000000000e+04 1.858600000000000000e+04 1.858700000000000000e+04 1.858800000000000000e+04 1.858900000000000000e+04
-1.000000000000000000e+00 1.815500000000000000e+04 1.815600000000000000e+04 5.761400000000000000e+04 5.761600000000000000e+04 5.761800000000000000e+04 5.762000000000000000e+04 5.762200000000000000e+04 5.762400000000000000e+04 5.762600000000000000e+04 5.762800000000000000e+04 5.763000000000000000e+04 5.763200000000000000e+04 5.763400000000000000e+04 5.763600000000000000e+04 5.763800000000000000e+04 5.764000000000000000e+04 5.764200000000000000e+04 5.764400000000000000e+04 5.764600000000000000e+04 1.817400000000000000e+04 1.817500000000000000e+04 1.817600000000000000e+04 1.817700000000000000e+04 1.817800000000000000e+04 1.817900000000000000e+04 1.818000000000000000e+04 1.818100000000000000e+04 1.818200000000000000e+04 1.818300000000000000e+04 1.818400000000000000e+04 1.818500000000000000e+04 1.818600000000000000e+04 1.818700000000000000e+04 1.818800000000000000e+04 1.818900000000000000e+04 1.819000000000000000e+04
-1.000000000000000000e+00 1.775600000000000000e+04 1.775700000000000000e+04 5.721600000000000000e+04 5.721800000000000000e+04 5.722000000000000000e+04 5.722200000000000000e+04 5.722400000000000000e+04 5.722600000000000000e+04 5.722800000000000000e+04 5.723000000000000000e+04 5.723200000000000000e+04 5.723400000000000000e+04 5.723600000000000000e+04 5.723800000000000000e+04 5.724000000000000000e+04 5.724200000000000000e+04 5.724400000000000000e+04 5.724600000000000000e+04 1.777400000000000000e+04 1.777500000000000000e+04 1.777600000000000000e+04 1.777700000000000000e+04 1.777800000000000000e+04 1.777900000000000000e+04 1.778000000000000000e+04 1.778100000000000000e+04 1.778200000000000000e+04 1.778300000000000000e+04 1.778400000000000000e+04 1.778500000000000000e+04 1.778600000000000000e+04 1.778700000000000000e+04 1.778800000000000000e+04 1.778900000000000000e+04 1.779000000000000000e+04 1.779100000000000000e+04
-1.000000000000000000e+00 1.735700000000000000e+04 1.735800000000000000e+04 5.681800000000000000e+04 5.682000000000000000e+04 5.682200000000000000e+04 5.682400000000000000e+04 5.682600000000000000e+04 5.682800000000000000e+04 5.683000000000000000e+04 5.683200000000000000e+04 5.683400000000000000e+04 5.683600000000000000e+04 5.683800000000000000e+04 5.684000000000000000e+04 5.684200000000000000e+04 5.684400000000000000e+04 5.684600000000000000e+04 5.684800000000000000e+04 1.737500000000000000e+04 1.737600000000000000e+04 1.737700000000000000e+04 1.737800000000000000e+04 1.737900000000000000e+04 1.738000000000000000e+04 1.738100000000000000e+04 1.738200000000000000e+04 1.738300000000000000e+04 1.738400000000000000e+04 1.738500000000000000e+04 1.738600000000000000e+04 1.738700000000000000e+04 1.738800000000000000e+04 1.738900000000000000e+04 1.739000000000000000e+04 1.739100000000000000e+04 1.739200000000000000e+04
-1.000000000000000000e+00 1.695800000000000000e+04 1.695900000000000000e+04 5.642000000000000000e+04 5.642200000000000000e+04 5.642400000000000000e+04 5.642600000000000000e+04 5.642800000000000000e+04 5.643000000000000000e+04 5.643200000000000000e+04 5.643400000000000000e+04 5.643600000000000000e+04 5.643800000000000000e+04 5.644000000000000000e+04 5.644200000000000000e+04 5.644400000000000000e+04 5.644600000000000000e+04 5.644800000000000000e+04 5.645000000000000000e+04 1.697600000000000000e+04 1.697700000000000000e+04 1.697800000000000000e+04 1.697900000000000000e+04 1.698000000000000000e+04 1.698100000000000000e+04 1.698200000000000000e+04 1.698300000000000000e+04 1.698400000000000000e+04 1.698500000000000000e+04 1.698600000000000000e+04 1.698700000000000000e+04 1.698800000000000000e+04 1.698900000000000000e+04 1.699000000000000000e+04 1.699100000000000000e+04 1.699200000000000000e+04 1.699300000000000000e+04
-1.000000000000000000e+00 1.655900000000000000e+04 1.656000000000000000e+04 5.602200000000000000e+04 5.602400000000000000e+04 5.602600000000000000e+04 5.602800000000000000e+04 5.603000000000000000e+04 5.603200000000000000e+04 5.603400000000000000e+04 5.603600000000000000e+04 5.603800000000000000e+04 5.604000000000000000e+04 5.604200000000000000e+04 5.604400000000000000e+04 5.604600000000000000e+04 5.604800000000000000e+04 5.605000000000000000e+04 1.657600000000000000e+04 1.657700000000000000e+04 1.657800000000000000e+04 1.657900000000000000e+04 1.658000000000000000e+04 1.658100000000000000e+04 1.658200000000000000e+04 1.658300000000000000e+04 1.658400000000000000e+04 1.658500000000000000e+04 1.658600000000000000e+04 1.658700000000000000e+04 1.658800000000000000e+04 1.658900000000000000e+04 1.659000000000000000e+04 1.659100000000000000e+04 1.659200000000000000e+04 1.659300000000000000e+04 1.659400000000000000e+04
-1.000000000000000000e+00 1.616000000000000000e+04 1.616100000000000000e+04 5.562400000000000000e+04 5.562600000000000000e+04 5.562800000000000000e+04 5.563000000000000000e+04 5.563200000000000000e+04 5.563400000000000000e+04 5.563600000000000000e+04 5.563800000000000000e+04 5.564000000000000000e+04 5.564200000000000000e+04 5.564400000000000000e+04 5.564600000000000000e+04 5.564800000000000000e+04 5.565000000000000000e+04 5.565200000000000000e+04 1.617700000000000000e+04 1.617800000000000000e+04 1.617900000000000000e+04 1.618000000000000000e+04 1.618100000000000000e+04 1.618200000000000000e+04 1.618300000000000000e+04 1.618400000000000000e+04 1.618500000000000000e+04 1.618600000000000000e+04 1.618700000000000000e+04 1.618800000000000000e+04 1.618900000000000000e+04 1.619000000000000000e+04 1.619100000000000000e+04 1.619200000000000000e+04 1.619300000000000000e+04 1.619400000000000000e+04 1.619500000000000000e+04
-1.000000000000000000e+00 1.576100000000000000e+04 1.576200000000000000e+04 5.522600000000000000e+04 5.522800000000000000e+04 5.523000000000000000e+04 5.523200000000000000e+04 5.523400000000000000e+04 5.523600000000000000e+04 5.523800000000000000e+04 5.524000000000000000e+04 5.524200000000000000e+04 5.524400000000000000e+04 5.524600000000000000e+04 5.524800000000000000e+04 5.525000000000000000e+04 5.525200000000000000e+04 5.525400000000000000e+04 1.577800000000000000e+04 1.577900000000000000e+04 1.578000000000000000e+04 1.578100000000000000e+04 1.578200000000000000e+04 1.578300000000000000e+04 1.578400000000000000e+04 1.578500000000000000e+04 1.578600000000000000e+04 1.578700000000000000e+04 1.578800000000000000e+04 1.578900000000000000e+04 1.579000000000000000e+04 1.579100000000000000e+04 1.579200000000000000e+04 1.579300000000000000e+04 1.579400000000000000e+04 1.579500000000000000e+04 1.579600000000000000e+04
-1.000000000000000000e+00 1.536200000000000000e+04 1.536300000000000000e+04 5.482800000000000000e+04 5.483000000000000000e+04 5.483200000000000000e+04 5.483400000000000000e+04 5.483600000000000000e+04 5.483800000000000000e+04 5.484000000000000000e+04 5.484200000000000000e+04 5.484400000000000000e+04 5.484600000000000000e+04 5.484800000000000000e+04 5.485000000000000000e+04 5.485200000000000000e+04 5.485400000000000000e+04 1.537800000000000000e+04 1.537900000000000000e+04 1.538000000000000000e+04 1.538100000000000000e+04 1.538200000000000000e+04 1.538300000000000000e+04 1.538400000000000000e+04 1.538500000000000000e+04 1.538600000000000000e+04 1.538700000000000000e+04 1.538800000000000000e+04 1.538900000000000000e+04 1.539000000000000000e+04 1.539100000000000000e+04 1.539200000000000000e+04 1.539300000000000000e+04 1.539400000000000000e+04 1.539500000000000000e+04 1.539600000000000000e+04 1.539700000000000000e+04
-1.000000000000000000e+00 1.496300000000000000e+04 1.496400000000000000e+04 5.443000000000000000e+04 5.443200000000000000e+04 5.443400000000000000e+04 5.443600000000000000e+04 5.443800000000000000e+04 5.444000000000000000e+04 5.444200000000000000e+04 5.444400000000000000e+04 5.444600000000000000e+04 5.444800000000000000e+04 5.445000000000000000e+04 5.445200000000000000e+04 5.445400000000000000e+04 5.445600000000000000e+04 1.497900000000000000e+04 1.498000000000000000e+04 1.498100000000000000e+04 1.498200000000000000e+04 1.498300000000000000e+04 1.498400000000000000e+04 1.498500000000000000e+04 1.498600000000000000e+04 1.498700000000000000e+04 1.498800000000000000e+04 1.498900000000000000e+04 1.499000000000000000e+04 1.499100000000000000e+04 1.499200000000000000e+04 1.499300000000000000e+04 1.499400000000000000e+04 1.499500000000000000e+04 1.499600000000000000e+04 1.499700000000000000e+04 1.499800000000000000e+04
-1.000000000000000000e+00 1.456400000000000000e+04 1.456500000000000000e+04 5.403200000000000000e+04 5.403400000000000000e+04 5.403600000000000000e+04 5.403800000000000000e+04 5.404000000000000000e+04 5.404200000000000000e+04 5.404400000000000000e+04 5.404600000000000000e+04 5.404800000000000000e+04 5.405000000000000000e+04 5.405200000000000000e+04 5.405400000000000000e+04 5.405600000000000000e+04 5.405800000000000000e+04 1.458000000000000000e+04 1.458100000000000000e+04 1.458200000000000000e+04 1.458300000000000000e+04 1.458400000000000000e+04 1.458500000000000000e+04 1.458600000000000000e+04 1.458700000000000000e+04 1.458800000000000000e+04 1.458900000000000000e+04 1.459000000000000000e+04 1.459100000000000000e+04 1.459200000000000000e+04 1.459300000000000000e+04 1.459400000000000000e+04 1.459500000000000000e+04 1.459600000000000000e+04 1.459700000000000000e+04 1.459800000000000000e+04 1.459900000000000000e+04
-1.000000000000000000e+00 1.416500000000000000e+04 1.416600000000000000e+04 5.363400000000000000e+04 5.363600000000000000e+04 5.363800000000000000e+04 5.364000000000000000e+04 5.364200000000000000e+04 5.364400000000000000e+04 5.364600000000000000e+04 5.364800000000000000e+04 5.365000000000000000e+04 5.365200000000000000e+04 5.365400000000000000e+04 5.365600000000000000e+04 5.365800000000000000e+04 1.418000000000000000e+04 1.418100000000000000e+04 1.418200000000000000e+04 1.418300000000000000e+04 1.418400000000000000e+04 1.418500000000000000e+04 1.418600000000000000e+04 1.418700000000000000e+04 1.418800000000000000e+04 1.418900000000000000e+04 1.419000000000000000e+04 1.419100000000000000e+04 1.419200000000000000e+04 1.419300000000000000e+04 1.419400000000000000e+04 1.419500000000000000e+04 1.419600000000000000e+04 1.419700000000000000e+04 1.419800000000000000e+04 1.419900000000000000e+04 1.420000000000000000e+04
-1.000000000000000000e+00 1.376600000000000000e+04 1.376700000000000000e+04 5.323600000000000000e+04 5.323800000000000000e+04 5.324000000000000000e+04 5.324200000000000000e+04 5.324400000000000000e+04 5.324600000000000000e+04 5.324800000000000000e+04 5.325000000000000000e+04 5.325200000000000000e+04 5.325400000000000000e+04 5.325600000000000000e+04 5.325800000000000000e+04 5.326000000000000000e+04 1.378100000000000000e+04 1.378200000000000000e+04 1.378300000000000000e+04 1.378400000000000000e+04 1.378500000000000000e+04 1.378600000000000000e+04 1.378700000000000000e+04 1.378800000000000000e+04 1.378900000000000000e+04 1.379000000000000000e+04 1.379100000000000000e+04 1.379200000000000000e+04 1.379300000000000000e+04 1.379400000000000000e+04 1.379500000000000000e+04 1.379600000000000000e+04 1.379700000000000000e+04 1.379800000000000000e+04 1.379900000000000000e+04 1.380000000000000000e+04 1.380100000000000000e+04
-1.000000000000000000e+00 1.336700000000000000e+04 1.336800000000000000e+04 5.283800000000000000e+04 5.284000000000000000e+04 5.284200000000000000e+04 5.284400000000000000e+04 5.284600000000000000e+04 5.284800000000000000e+04 5.285000000000000000e+04 5.285200000000000000e+04 5.285400000000000000e+04 5.285600000000000000e+04 5.285800000000000000e+04 5.286000000000000000e+04 5.286200000000000000e+04 1.338200000000000000e+04 1.338300000000000000e+04 1.338400000000000000e+04 1.338500000000000000e+04 1.338600000000000000e+04 1.338700000000000000e+04 1.338800000000000000e+04 1.338900000000000000e+04 1.339000000000000000e+04 1.339100000000000000e+04 1.339200000000000000e+04 1.339300000000000000e+04 1.339400000000000000e+04 1.339500000000000000e+04 1.339600000000000000e+04 1.339700000000000000e+04 1.339800000000000000e+04 1.339900000000000000e+04 1.340000000000000000e+04 1.340100000000000000e+04 1.340200000000000000e+04
-1.000000000000000000e+00 1.296800000000000000e+04 1.296900000000000000e+04 5.244000000000000000e+04 5.244200000000000000e+04 5.244400000000000000e+04 5.244600000000000000e+04 5.244800000000000000e+04 5.245000000000000000e+04 5.245200000000000000e+04 5.245400000000000000e+04 5.245600000000000000e+04 5.245800000000000000e+04 5.246000000000000000e+04 5.246200000000000000e+04 5.246400000000000000e+04 1.298300000000000000e+04 1.298400000000000000e+04 1.298500000000000000e+04 1.298600000000000000e+04 1.298700000000000000e+04 1.298800000000000000e+04 1.298900000000000000e+04 1.299000000000000000e+04 1.299100000000000000e+04 1.299200000000000000e+04 1.299300000000000000e+04 1.299400000000000000e+04 1.299500000000000000e+04 1.299600000000000000e+04 1.299700000000000000e+04 1.299800000000000000e+04 1.299900000000000000e+04 1.300000000000000000e+04 1.300100000000000000e+04 1.300200000000000000e+04 1.300300000000000000e+04
-1.000000000000000000e+00 1.256900000000000000e+04 1.257000000000000000e+04 5.204200000000000000e+04 5.204400000000000000e+04 5.204600000000000000e+04 5.204800000000000000e+04 5.205000000000000000e+04 5.205200000000000000e+04 5.205400000000000000e+04 5.205600000000000000e+04 5.205800000000000000e+04 5.206000000000000000e+04 5.206200000000000000e+04 5.206400000000000000e+04 1.258300000000000000e+04 1.258400000000000000e+04 1.258500000000000000e+04 1.258600000000000000e+04 1.258700000000000000e+04 1.258800000000000000e+04 1.258900000000000000e+04 1.259000000000000000e+04 1.259100000000000000e+04 1.259200000000000000e+04 1.259300000000000000e+04 1.259400000000000000e+04 1.259500000000000000e+04 1.259600000000000000e+04 1.259700000000000000e+04 1.259800000000000000e+04 1.259900000000000000e+04 1.260000000000000000e+04 1.260100000000000000e+04 1.260200000000000000e+04 1.260300000000000000e+04 1.260400000000000000e+04
