BlockUplift_2Ma_1kryTimeStep_2mmyr_k_0.0001_m_0.5_n_1.0_LinDiffusion_1_6x3km_30mRes_topographic__elevation.txt
nrows 100
cellsize 30.0
xllcorner 0.0
ncols 200
yllcorner 0.0
[rows 68 to 84 of 100, columns 0 to 36 of 200]
3.877617062539362230e-04 7.121646906727674775e+01 7.086938574500953791e+01 7.017529749562885399e+01 6.913598587932624184e+01 6.775769934239698955e+01 6.605429094479880803e+01 6.404999343494773711e+01 6.178137671976124068e+01 5.929839265479564858e+01 5.666464925155190002e+01 5.395705060079978210e+01 5.126471305612204787e+01 4.868677825273158533e+01 4.632860060522524037e+01 4.429595074258293863e+01 4.268736765446146109e+01 4.158546637324482020e+01 4.104860440819117429e+01 4.110456117354278405e+01 4.174763565062001192e+01 4.293985381131958690e+01 4.461601949514680143e+01 4.669145953892593326e+01 4.907079400182514206e+01 5.165604963944046801e+01 5.435288384246954507e+01 5.707439692453613844e+01 5.974272102975231036e+01 6.228906460539200651e+01 6.465305702496758045e+01 6.678210398642411860e+01 6.863115246381127577e+01 7.016292906716427069e+01 7.134848199194787810e+01 7.216777757261873205e+01 7.261015427431267710e+01
7.776305746064738050e-04 6.925336596772910980e+01 6.892852127832209419e+01 6.827703171042985275e+01 6.729720446602861728e+01 6.599072052666502941e+01 6.436638672861000998e+01 6.244351316561694176e+01 6.025435398122328223e+01 5.784545116536297371e+01 5.527801058589701455e+01 5.262748074533595144e+01 4.998230781950542934e+01 4.744155544906875122e+01 4.511091849033309131e+01 4.309679569915577702e+01 4.149855019304333581e+01 4.039974402528542896e+01 3.985972832728975135e+01 3.990723287763282912e+01 4.053736626491966888e+01 4.171273671338474287e+01 4.336844934822565989e+01 4.541984719198081422e+01 4.777133276789074756e+01 5.032458458816960700e+01 5.298492568440449446e+01 5.566530890407646837e+01 5.828809065304260173e+01 6.078524850583449535e+01 6.309785348366049362e+01 6.517546506554852215e+01 6.697580573754592592e+01 6.846475376860728090e+01 6.961649341651909140e+01 7.041362685542192423e+01 7.084714363390590108e+01
2.497952604620381437e-04 6.724359605014967656e+01 6.694242764512365795e+01 6.633632973189158122e+01 6.541997278487502854e+01 6.419023528351212349e+01 6.265058631490450836e+01 6.081509225339627278e+01 5.871137668368261586e+01 5.638230171399479929e+01 5.388647823421921146e+01 5.129780124918575979e+01 4.870404159001311228e+01 4.620425036966179988e+01 4.390456245167462868e+01 4.191209685866257928e+01 4.032708959554740602e+01 3.923403327707980992e+01 3.869318736551369398e+01 3.873409124628501132e+01 3.935249148763818994e+01 4.051140391566566024e+01 4.214608096829773842e+01 4.417176361135699381e+01 4.649256016289176330e+01 4.900976532042535894e+01 5.162837117319192259e+01 5.426122611202038115e+01 5.683099895270810009e+01 5.927057940384942469e+01 6.152268838013218044e+01 6.353931858851427705e+01 6.528131522914397067e+01 6.671810702118233394e+01 6.782743523666346164e+01 6.859494093276767046e+01 6.901360465883429640e+01
7.133011174993004978e-04 6.518675091985812742e+01 6.491065153064687365e+01 6.435267545860895666e+01 6.350374017731591891e+01 6.235573809897241659e+01 6.090655052451970874e+01 5.916469783088312795e+01 5.715284767766989660e+01 5.490987332763943840e+01 5.249153856251771089e+01 4.997001999043409626e+01 4.743234707363883018e+01 4.497758065085719892e+01 4.271237617713804724e+01 4.074467086858567910e+01 3.917564793551236590e+01 3.809075078687351379e+01 3.755110010442346180e+01 3.758693571856956339e+01 3.819449088279007753e+01 3.933702281013266600e+01 4.094977669983887125e+01 4.294776869052120816e+01 4.523473337083554924e+01 4.771154962012237633e+01 5.028289489580501481e+01 5.286157894675377378e+01 5.537070208792896153e+01 5.774424443588105760e+01 5.992681950653765455e+01 6.187316100892412152e+01 6.354760214848291611e+01 6.492352723937030134e+01 6.598265204343491064e+01 6.671405124802859632e+01 6.711302973810485639e+01
1.732519934253101657e-04 6.308283194007608330e+01 6.283307887557796079e+01 6.232575835248889717e+01 6.154797872685834648e+01 6.048653386284311040e+01 5.913353199921956360e+01 5.749168841004986774e+01 5.557840140228827863e+01 5.342822507711539970e+01 5.109377478767446235e+01 4.864527787085213362e+01 4.616888721890770597e+01 4.376363605087367858e+01 4.153674019407436901e+01 3.959703505258280387e+01 3.804672907809894866e+01 3.697225669875253828e+01 3.643558143837520902e+01 3.646756443274145454e+01 3.706480011497279747e+01 3.819063986571822511e+01 3.978017976734840744e+01 4.174809748055479020e+01 4.399768378716502326e+01 4.642938324279759854e+01 4.894759502113365812e+01 5.146518312224634428e+01 5.390583073303545092e+01 5.620482010106247373e+01 5.830892914189708875e+01 6.017595939609421407e+01 6.177410231444601862e+01 6.308109303649148814e+01 6.408301805259817741e+01 6.477275535265870587e+01 6.514824810054189186e+01
5.998280314388864916e-04 6.093232544607292311e+01 6.071001031568361839e+01 6.025554799604299916e+01 5.955225355536925491e+01 5.858179797848519854e+01 5.733041709550886367e+01 5.579482843792304436e+01 5.398688218057019839e+01 5.193648064513178753e+01 4.969275276737323566e+01 4.732368371691299558e+01 4.491434011909814927e+01 4.256361690844057222e+01 4.037926949473369120e+01 3.847107113391004418e+01 3.694231604698997273e+01 3.588047326345743215e+01 3.534834981050278913e+01 3.537737711554790110e+01 3.596441630380130761e+01 3.707279518282240360e+01 3.863734477011921342e+01 4.057231330796912516e+01 4.278049916525883845e+01 4.516191688604542520e+01 4.762074990048394341e+01 5.007003935123476168e+01 5.243423462792690515e+01 5.465016154566172446e+01 5.666705584145530850e+01 5.844612129982805016e+01 5.995976742028064876e+01 6.119044693722885597e+01 6.212897192713328565e+01 6.277234885195577618e+01 6.312143778870189692e+01
6.879981563480988506e-04 5.873626843688559518e+01 5.854223189668103799e+01 5.814237312344614850e+01 5.751631042760443080e+01 5.664066917488033681e+01 5.549581712751964346e+01 5.407236866154863719e+01 5.237640313076209964e+01 5.043285527435276805e+01 4.828700668709522148e+01 4.600425144016184476e+01 4.366828289137536956e+01 4.137766269674357034e+01 3.924058744239778207e+01 3.736774778917902040e+01 3.586354796318703109e+01 3.481652409997340669e+01 3.429033861229752489e+01 3.431696988464117481e+01 3.489348839625088061e+01 3.598312084883803408e+01 3.752035596273765350e+01 3.941895675168581192e+01 4.158121230379562405e+01 4.390674144140570689e+01 4.629960438954494606e+01 4.867317289627593624e+01 5.095287531063229380e+01 5.307734645062303969e+01 5.499858576451249093e+01 5.668152846533517675e+01 5.810313513483622216e+01 5.925089527861678107e+01 6.012063950151548397e+01 6.071376344865967667e+01 6.103427040016516969e+01
8.892593105697957833e-04 5.649629337574483401e+01 5.633106810104758466e+01 5.598698903223355927e+01 5.544016002855007486e+01 5.466234863127670707e+01 5.362817590684931446e+01 5.232215212006079952e+01 5.074443851772862502e+01 4.891472182770044697e+01 4.687406706112344779e+01 4.468488021345744698e+01 4.242911701587429718e+01 4.020471869673307452e+01 3.812013333473532128e+01 3.628687208263635711e+01 3.481042165583112791e+01 3.378039534318632064e+01 3.326132879581392388e+01 3.328575308925544363e+01 3.385093488704298181e+01 3.491997300193261111e+01 3.642698688085786074e+01 3.828524392162859158e+01 4.039654635689331741e+01 4.266018576699081422e+01 4.498022264583732976e+01 4.727054138729232591e+01 4.945778680614274236e+01 5.148268478229792322e+01 5.330030655778982407e+01 5.487962942503872199e+01 5.620245519092554076e+01 5.726156349706363358e+01 5.805801539060798433e+01 5.859777348731464031e+01 5.888814210362573931e+01
2.826028614054564209e-04 5.421464706833886993e+01 5.407841103020999896e+01 5.379062502294344483e+01 5.332414739327896314e+01 5.264618988543861633e+01 5.172587336435833549e+01 5.054172040832045099e+01 4.908791892076885688e+01 4.737868041699961452e+01 4.545049157048635635e+01 4.336233600055143711e+01 4.119399380828627955e+01 3.904240294689807911e+01 3.701597271452096294e+01 3.522684909171213974e+01 3.378151008133971089e+01 3.277062509561106651e+01 3.225962340354480062e+01 3.228162567447218834e+01 3.283413233487554095e+01 3.388014730657538820e+01 3.535345322522695710e+01 3.716686433243575749e+01 3.922176227850150809e+01 4.141721547718652374e+01 4.365743763131723654e+01 4.585703246888787987e+01 4.794411737463587997e+01 4.986179957649994066e+01 5.156852161807120183e+01 5.303758188716502531e+01 5.425585563667571876e+01 5.522158402761278495e+01 5.594117315343172692e+01 5.642523212254421594e+01 5.668444221279843731e+01
3.884479341613774738e-04 5.189418380280512366e+01 5.178672529571073113e+01 5.155501024857358061e+01 5.116900330311579381e+01 5.059177452670328279e+01 4.978731831513590578e+01 4.872841127817802231e+01 4.740331829232074767e+01 4.582061879487260114e+01 4.401188438989748164e+01 4.203221925858729691e+01 3.995872521444419334e+01 3.788686073240847207e+01 3.592460183214227243e+01 3.418444739611159378e+01 3.277370326731546868e+01 3.178403595393038117e+01 3.128178777848756198e+01 3.130073758723246513e+01 3.183871168341268287e+01 3.285871740792480011e+01 3.429429801445342463e+01 3.605791401482374425e+01 3.805063853770362670e+01 4.017145609690624042e+01 4.232491343022665831e+01 4.442656036067479874e+01 4.640625498725125198e+01 4.820977575933736858e+01 4.979921674534035247e+01 5.115243238079788313e+01 5.226153226448114708e+01 5.313029508466264872e+01 5.377047677233314715e+01 5.419730310180914046e+01 5.442481678851380167e+01
3.319618847482213296e-04 4.953833615435488014e+01 4.945903172577298079e+01 4.928238063518536904e+01 4.897587996119075626e+01 4.849897599454603636e+01 4.781103323456100895e+01 4.687945157840243837e+01 4.568673852483914288e+01 4.423577101934217382e+01 4.255291345384002710e+01 4.068893009471761246e+01 3.871769289619800958e+01 3.673262121424698279e+01 3.484076257277948230e+01 3.315458862161556652e+01 3.178199195407661293e+01 3.081553261684538825e+01 3.032247874378644426e+01 3.033736380018093826e+01 3.085848490724416848e+01 3.184901636101279365e+01 3.324242515952085597e+01 3.495097524953234824e+01 3.687558932898908637e+01 3.891534178418918088e+01 4.097531711915349462e+01 4.297225437774331880e+01 4.483802669306228239e+01 4.652136496954165779e+01 4.798826542343174850e+01 4.922131787860398333e+01 5.021794434501709503e+01 5.098743144852343079e+01 5.154677176661872551e+01 5.191566241266605175e+01 5.211139567720190513e+01
6.917431691057290746e-04 4.715106813626631777e+01 4.709887438995941977e+01 4.697547122707334921e+01 4.674637554083588498e+01 4.636801711238194201e+01 4.579573883754240882e+01 4.499205675291611328e+01 4.393400731575275131e+01 4.261879550384682602e+01 4.106735225405494560e+01 3.932566241625966086e+01 3.746379090903286624e+01 3.557249356428592080e+01 3.375730528293964028e+01 3.213019646534057472e+01 3.079932539336362041e+01 2.985799038293434293e+01 2.937438162427909205e+01 2.938390109743544087e+01 2.988550516893656450e+01 3.084275662263646112e+01 3.218927036321161950e+01 3.383732649522977454e+01 3.568790112307334539e+01 3.764036737408940780e+01 3.960057729600796961e+01 4.148671697983965601e+01 4.323295061757208657e+01 4.479122663355247624e+01 4.613165453869555677e+01 4.724167260706553861e+01 4.812400094991941302e+01 4.879329210678152862e+01 4.927154059531638808e+01 4.958265315320849709e+01 4.974696352703291069e+01
4.742756502509650742e-04 4.473681528242456551e+01 4.471027528798087047e+01 4.463749807113167378e+01 4.448255193884844516e+01 4.419952688984444933e+01 4.374044667215849103e+01 4.306354956578680060e+01 4.214080821926515341e+01 4.096389891698000696e+01 3.954818077226676110e+01 3.793446930388329008e+01 3.618845011793513322e+01 3.439755385721764469e+01 3.266515022834905579e+01 3.110215143126660209e+01 2.981658121562437458e+01 2.890226101186609142e+01 2.842826814646876699e+01 2.843098660546966983e+01 2.891024622909737474e+01 2.983026316989994697e+01 3.112507567654034801e+01 3.270724395297761333e+01 3.447804734479285571e+01 3.633740457880922747e+01 3.819219307160526711e+01 3.996231920011536687e+01 4.158451284456437236e+01 4.301418179910275796e+01 4.422571089008278733e+01 4.521142376127811957e+01 4.597922446021221532e+01 4.654887371991944889e+01 4.694701306793126605e+01 4.720138524778002420e+01 4.733506615533346462e+01
1.868929910681809174e-04 4.230041543149646799e+01 4.229768007267739449e+01 4.227213245443093115e+01 4.218694828975738176e+01 4.199459977991937620e+01 4.164456504033854145e+01 4.109150745930374882e+01 4.030285852197579288e+01 3.926502966893545477e+01 3.798777848999036877e+01 3.650644164781996182e+01 3.488179389233508942e+01 3.319727665698955832e+01 3.155340169640860992e+01 3.005940039485887283e+01 2.882268672390926412e+01 2.793732157222827439e+01 2.747318468360488808e+01 2.746773089482144314e+01 2.792187877104253246e+01 2.880078534006576163e+01 3.003922533617700807e+01 3.155034876556399936e+01 3.323603544243788832e+01 3.499703981255741780e+01 3.674155596917614730e+01 3.839150156004468784e+01 3.988644283208284236e+01 4.118545837516038688e+01 4.226731148903038360e+01 4.312916293017531189e+01 4.378388148356352616e+01 4.425596324046324526e+01 4.457622783565407332e+01 4.477577828801977233e+01 4.488005198212464109e+01
2.732476074710214102e-04 3.984703292831815702e+01 3.986589693378515875e+01 3.988346863799191766e+01 3.986259038764037399e+01 3.975485706844390421e+01 3.950801860738727100e+01 3.907394132924071073e+01 3.841614226097553342e+01 3.751615494091344516e+01 3.637823165855129304e+01 3.503203101332931624e+01 3.353296395708868971e+01 3.195985564460349337e+01 3.040966074919728612e+01 2.898926401827565869e+01 2.780492695712441886e+01 2.695059005200217683e+01 2.649678070015075804e+01 2.648206117722160613e+01 2.690862637113183453e+01 2.774286039609605581e+01 2.892061005285525610e+01 3.035596510248857527e+01 3.195175292808506384e+01 3.360990371323097747e+01 3.524025929700995619e+01 3.676705958359328719e+01 3.813297052320567104e+01 3.930091434141753837e+01 4.025406712535679787e+01 4.099428541109985957e+01 4.153907608459536505e+01 4.191718741762398537e+01 4.216304553109020503e+01 4.231055069694183857e+01 4.238705390677647955e+01
9.966129662887682032e-04 3.738207787450678410e+01 3.742002952106549429e+01 3.747598456127017386e+01 3.751299366482685826e+01 3.748250618012940549e+01 3.733137610362246050e+01 3.700949982185628073e+01 3.647719380889456176e+01 3.571161992244574890e+01 3.471175856504813595e+01 3.350152681043105218e+01 3.213063309549313828e+01 3.067273565762994281e+01 2.922056254012708720e+01 2.787796850915901103e+01 2.674946339655491201e+01 2.592842623758271614e+01 2.548578882283635139e+01 2.546117859672967398e+01 2.585819866270328049e+01 2.664472185275812066e+01 2.775801059049392094e+01 2.911347986829324697e+01 3.061530444380197480e+01 3.216698630163762118e+01 3.368039065049340763e+01 3.508241069170797743e+01 3.631906243230595521e+01 3.735723636008969351e+01 3.818447685905039179e+01 3.880709575656099020e+01 3.924680501033630975e+01 3.953602083362938657e+01 3.971211756533397619e+01 3.981116166232050801e+01 3.986192028220884254e+01
9.043019954626162421e-04 3.491112093697923058e+01 3.496540355646667564e+01 3.505449343357983594e+01 3.514215505647068483e+01 3.518038992290952649e+01 3.511597442171060379e+01 3.489768381787451546e+01 3.448341373749158123e+01 3.384656928480634974e+01 3.298123281691755437e+01 3.190566956499155538e+01 3.066368980653217946e+01 2.932334554047709929e+01 2.797253220806619467e+01 2.671140005811305329e+01 2.564206529914658717e+01 2.485682275226594484e+01 2.442666379843954871e+01 2.439213903587691235e+01 2.475831333582224403e+01 2.549476653950204508e+01 2.654051683816148710e+01 2.781272192657468523e+01 2.921735843014698375e+01 3.065995571477210291e+01 3.205482349849177837e+01 3.333185543320129796e+01 3.444064623445471085e+01 3.535212014483035858e+01 3.605805746810183621e+01 3.656888245977484075e+01 3.690997794657675257e+01 3.711675667089082964e+01 3.722881658973781072e+01 3.728371386634987772e+01 3.731110488415739468e+01
