BlockUplift_2Ma_1kryTimeStep_5mmyr_k_0.0001_m_0.5_n_1.0_LinDiffusion_1.0_6x3km_30mRes_flow__link_to_receiver_node.txt
nrows 100
cellsize 30.0
xllcorner 0.0
ncols 200
yllcorner 0.0
[rows 17 to 33 of 100, columns 0 to 36 of 200]
-1.000000000000000000e+00 3.251900000000000000e+04 3.252000000000000000e+04 7.194500000000000000e+04 7.194700000000000000e+04 7.194900000000000000e+04 7.195100000000000000e+04 7.195300000000000000e+04 7.195500000000000000e+04 7.195700000000000000e+04 7.195900000000000000e+04 7.196100000000000000e+04 7.196300000000000000e+04 7.196500000000000000e+04 7.196700000000000000e+04 7.196900000000000000e+04 7.197100000000000000e+04 7.197300000000000000e+04 7.197500000000000000e+04 3.253700000000000000e+04 3.253800000000000000e+04 3.253900000000000000e+04 3.254000000000000000e+04 3.254100000000000000e+04 3.254200000000000000e+04 7.198600000000000000e+04 7.198800000000000000e+04 7.199000000000000000e+04 7.199200000000000000e+04 7.199400000000000000e+04 7.199600000000000000e+04 7.199800000000000000e+04 7.200000000000000000e+04 7.200200000000000000e+04 7.200400000000000000e+04 7.200600000000000000e+04 7.200800000000000000e+04
-1.000000000000000000e+00 3.212000000000000000e+04 3.212100000000000000e+04 7.154700000000000000e+04 7.154900000000000000e+04 7.155100000000000000e+04 7.155300000000000000e+04 7.155500000000000000e+04 7.155700000000000000e+04 7.155900000000000000e+04 7.156100000000000000e+04 7.156300000000000000e+04 7.156500000000000000e+04 7.156700000000000000e+04 7.156900000000000000e+04 7.157100000000000000e+04 7.157300000000000000e+04 7.157500000000000000e+04 7.157700000000000000e+04 3.213800000000000000e+04 3.213900000000000000e+04 3.214000000000000000e+04 3.214100000000000000e+04 3.214200000000000000e+04 3.214300000000000000e+04 7.158800000000000000e+04 7.159000000000000000e+04 7.159200000000000000e+04 7.159400000000000000e+04 7.159600000000000000e+04 7.159800000000000000e+04 7.160000000000000000e+04 7.160200000000000000e+04 7.160400000000000000e+04 7.160600000000000000e+04 7.160800000000000000e+04 7.161000000000000000e+04
-1.000000000000000000e+00 3.172100000000000000e+04 7.114700000000000000e+04 7.114900000000000000e+04 7.115100000000000000e+04 7.115300000000000000e+04 7.115500000000000000e+04 7.115700000000000000e+04 7.115900000000000000e+04 7.116100000000000000e+04 7.116300000000000000e+04 7.116500000000000000e+04 7.116700000000000000e+04 7.116900000000000000e+04 7.117100000000000000e+04 7.117300000000000000e+04 7.117500000000000000e+04 7.117700000000000000e+04 7.117900000000000000e+04 7.118100000000000000e+04 3.174000000000000000e+04 3.174100000000000000e+04 3.174200000000000000e+04 3.174300000000000000e+04 3.174400000000000000e+04 7.119000000000000000e+04 7.119200000000000000e+04 7.119400000000000000e+04 7.119600000000000000e+04 7.119800000000000000e+04 7.120000000000000000e+04 7.120200000000000000e+04 7.120400000000000000e+04 7.120600000000000000e+04 7.120800000000000000e+04 7.121000000000000000e+04 7.121200000000000000e+04
-1.000000000000000000e+00 3.132200000000000000e+04 7.074900000000000000e+04 7.075100000000000000e+04 7.075300000000000000e+04 7.075500000000000000e+04 7.075700000000000000e+04 7.075900000000000000e+04 7.076100000000000000e+04 7.076300000000000000e+04 7.076500000000000000e+04 7.076700000000000000e+04 7.076900000000000000e+04 7.077100000000000000e+04 7.077300000000000000e+04 7.077500000000000000e+04 7.077700000000000000e+04 7.077900000000000000e+04 7.078100000000000000e+04 7.078300000000000000e+04 3.134100000000000000e+04 3.134200000000000000e+04 3.134300000000000000e+04 3.134400000000000000e+04 3.134500000000000000e+04 7.079200000000000000e+04 7.079400000000000000e+04 7.079600000000000000e+04 7.079800000000000000e+04 7.080000000000000000e+04 7.080200000000000000e+04 7.080400000000000000e+04 7.080600000000000000e+04 7.080800000000000000e+04 7.081000000000000000e+04 7.081200000000000000e+04 7.081400000000000000e+04
-1.000000000000000000e+00 3.092300000000000000e+04 7.035100000000000000e+04 7.035300000000000000e+04 7.035500000000000000e+04 7.035700000000000000e+04 7.035900000000000000e+04 7.036100000000000000e+04 7.036300000000000000e+04 7.036500000000000000e+04 7.036700000000000000e+04 7.036900000000000000e+04 7.037100000000000000e+04 7.037300000000000000e+04 7.037500000000000000e+04 7.037700000000000000e+04 7.037900000000000000e+04 7.038100000000000000e+04 7.038300000000000000e+04 7.038500000000000000e+04 3.094200000000000000e+04 3.094300000000000000e+04 3.094400000000000000e+04 3.094500000000000000e+04 3.094600000000000000e+04 7.039400000000000000e+04 7.039600000000000000e+04 7.039800000000000000e+04 7.040000000000000000e+04 7.040200000000000000e+04 7.040400000000000000e+04 7.040600000000000000e+04 7.040800000000000000e+04 7.041000000000000000e+04 7.041200000000000000e+04 7.041400000000000000e+04 7.041600000000000000e+04
-1.000000000000000000e+00 3.052400000000000000e+04 6.995300000000000000e+04 6.995500000000000000e+04 6.995700000000000000e+04 6.995900000000000000e+04 6.996100000000000000e+04 6.996300000000000000e+04 6.996500000000000000e+04 6.996700000000000000e+04 6.996900000000000000e+04 6.997100000000000000e+04 6.997300000000000000e+04 6.997500000000000000e+04 6.997700000000000000e+04 6.997900000000000000e+04 6.998100000000000000e+04 6.998300000000000000e+04 6.998500000000000000e+04 6.998700000000000000e+04 3.054300000000000000e+04 3.054400000000000000e+04 3.054500000000000000e+04 3.054600000000000000e+04 6.999400000000000000e+04 6.999600000000000000e+04 6.999800000000000000e+04 7.000000000000000000e+04 7.000200000000000000e+04 7.000400000000000000e+04 7.000600000000000000e+04 7.000800000000000000e+04 7.001000000000000000e+04 7.001200000000000000e+04 7.001400000000000000e+04 7.001600000000000000e+04 7.001800000000000000e+04
-1.000000000000000000e+00 3.012500000000000000e+04 6.955500000000000000e+04 6.955700000000000000e+04 6.955900000000000000e+04 6.956100000000000000e+04 6.956300000000000000e+04 6.956500000000000000e+04 6.956700000000000000e+04 6.956900000000000000e+04 6.957100000000000000e+04 6.957300000000000000e+04 6.957500000000000000e+04 6.957700000000000000e+04 6.957900000000000000e+04 6.958100000000000000e+04 6.958300000000000000e+04 6.958500000000000000e+04 6.958700000000000000e+04 6.958900000000000000e+04 3.014400000000000000e+04 3.014500000000000000e+04 3.014600000000000000e+04 3.014700000000000000e+04 6.959600000000000000e+04 6.959800000000000000e+04 6.960000000000000000e+04 6.960200000000000000e+04 6.960400000000000000e+04 6.960600000000000000e+04 6.960800000000000000e+04 6.961000000000000000e+04 6.961200000000000000e+04 6.961400000000000000e+04 6.961600000000000000e+04 6.961800000000000000e+04 6.962000000000000000e+04
-1.000000000000000000e+00 2.972600000000000000e+04 6.915700000000000000e+04 6.915900000000000000e+04 6.916100000000000000e+04 6.916300000000000000e+04 6.916500000000000000e+04 6.916700000000000000e+04 6.916900000000000000e+04 6.917100000000000000e+04 6.917300000000000000e+04 6.917500000000000000e+04 6.917700000000000000e+04 6.917900000000000000e+04 6.918100000000000000e+04 6.918300000000000000e+04 6.918500000000000000e+04 6.918700000000000000e+04 6.918900000000000000e+04 6.919100000000000000e+04 2.974500000000000000e+04 2.974600000000000000e+04 2.974700000000000000e+04 2.974800000000000000e+04 6.919800000000000000e+04 6.920000000000000000e+04 6.920200000000000000e+04 6.920400000000000000e+04 6.920600000000000000e+04 6.920800000000000000e+04 6.921000000000000000e+04 6.921200000000000000e+04 6.921400000000000000e+04 6.921600000000000000e+04 6.921800000000000000e+04 6.922000000000000000e+04 6.922200000000000000e+04
-1.000000000000000000e+00 6.875700000000000000e+04 6.875900000000000000e+04 6.876100000000000000e+04 6.876300000000000000e+04 6.876500000000000000e+04 6.876700000000000000e+04 6.876900000000000000e+04 6.877100000000000000e+04 6.877300000000000000e+04 6.877500000000000000e+04 6.877700000000000000e+04 6.877900000000000000e+04 6.878100000000000000e+04 6.878300000000000000e+04 6.878500000000000000e+04 6.878700000000000000e+04 6.878900000000000000e+04 6.879100000000000000e+04 6.879300000000000000e+04 2.934600000000000000e+04 2.934700000000000000e+04 2.934800000000000000e+04 2.934900000000000000e+04 6.880000000000000000e+04 6.880200000000000000e+04 6.880400000000000000e+04 6.880600000000000000e+04 6.880800000000000000e+04 6.881000000000000000e+04 6.881200000000000000e+04 6.881400000000000000e+04 6.881600000000000000e+04 6.881800000000000000e+04 6.882000000000000000e+04 6.882200000000000000e+04 6.882400000000000000e+04
-1.000000000000000000e+00 6.835900000000000000e+04 6.836100000000000000e+04 6.836300000000000000e+04 6.836500000000000000e+04 6.836700000000000000e+04 6.836900000000000000e+04 6.837100000000000000e+04 6.837300000000000000e+04 6.837500000000000000e+04 6.837700000000000000e+04 6.837900000000000000e+04 6.838100000000000000e+04 6.838300000000000000e+04 6.838500000000000000e+04 6.838700000000000000e+04 6.838900000000000000e+04 6.839100000000000000e+04 6.839300000000000000e+04 6.839500000000000000e+04 2.894700000000000000e+04 2.894800000000000000e+04 2.894900000000000000e+04 2.895000000000000000e+04 6.840200000000000000e+04 6.840400000000000000e+04 6.840600000000000000e+04 6.840800000000000000e+04 6.841000000000000000e+04 6.841200000000000000e+04 6.841400000000000000e+04 6.841600000000000000e+04 6.841800000000000000e+04 6.842000000000000000e+04 6.842200000000000000e+04 6.842400000000000000e+04 6.842600000000000000e+04
-1.000000000000000000e+00 6.796100000000000000e+04 6.796300000000000000e+04 6.796500000000000000e+04 6.796700000000000000e+04 2.873300000000000000e+04 2.873400000000000000e+04 2.873500000000000000e+04 2.873600000000000000e+04 2.873700000000000000e+04 2.873800000000000000e+04 2.873900000000000000e+04 6.798300000000000000e+04 6.798500000000000000e+04 6.798700000000000000e+04 6.798900000000000000e+04 6.799100000000000000e+04 6.799300000000000000e+04 6.799500000000000000e+04 6.799700000000000000e+04 2.854800000000000000e+04 2.854900000000000000e+04 2.855000000000000000e+04 2.855100000000000000e+04 6.800400000000000000e+04 6.800600000000000000e+04 6.800800000000000000e+04 6.801000000000000000e+04 6.801200000000000000e+04 6.801400000000000000e+04 6.801600000000000000e+04 6.801800000000000000e+04 6.802000000000000000e+04 2.876000000000000000e+04 2.876100000000000000e+04 2.876200000000000000e+04 2.876300000000000000e+04
-1.000000000000000000e+00 6.756300000000000000e+04 6.756500000000000000e+04 2.833200000000000000e+04 2.833300000000000000e+04 2.833400000000000000e+04 2.833500000000000000e+04 2.833600000000000000e+04 2.833700000000000000e+04 2.833800000000000000e+04 2.833900000000000000e+04 2.834000000000000000e+04 2.834100000000000000e+04 2.834200000000000000e+04 6.758900000000000000e+04 6.759100000000000000e+04 6.759300000000000000e+04 6.759500000000000000e+04 6.759700000000000000e+04 6.759900000000000000e+04 6.760100000000000000e+04 2.815000000000000000e+04 2.815100000000000000e+04 2.815200000000000000e+04 6.760600000000000000e+04 6.760800000000000000e+04 6.761000000000000000e+04 6.761200000000000000e+04 6.761400000000000000e+04 6.761600000000000000e+04 6.761800000000000000e+04 2.835900000000000000e+04 2.836000000000000000e+04 2.836100000000000000e+04 2.836200000000000000e+04 2.836300000000000000e+04 2.836400000000000000e+04
-1.000000000000000000e+00 6.716500000000000000e+04 6.716700000000000000e+04 2.793300000000000000e+04 2.793400000000000000e+04 2.793500000000000000e+04 2.793600000000000000e+04 2.793700000000000000e+04 2.793800000000000000e+04 2.793900000000000000e+04 2.794000000000000000e+04 2.794100000000000000e+04 2.794200000000000000e+04 2.794300000000000000e+04 2.794400000000000000e+04 6.719300000000000000e+04 6.719500000000000000e+04 6.719700000000000000e+04 6.719900000000000000e+04 6.720100000000000000e+04 6.720300000000000000e+04 2.775100000000000000e+04 2.775200000000000000e+04 2.775300000000000000e+04 6.720800000000000000e+04 6.721000000000000000e+04 6.721200000000000000e+04 6.721400000000000000e+04 6.721600000000000000e+04 2.795800000000000000e+04 2.795900000000000000e+04 2.796000000000000000e+04 2.796100000000000000e+04 2.796200000000000000e+04 2.796300000000000000e+04 2.796400000000000000e+04 2.796500000000000000e+04
-1.000000000000000000e+00 6.676700000000000000e+04 2.753300000000000000e+04 2.753400000000000000e+04 2.753500000000000000e+04 2.753600000000000000e+04 2.753700000000000000e+04 2.753800000000000000e+04 2.753900000000000000e+04 2.754000000000000000e+04 2.754100000000000000e+04 2.754200000000000000e+04 2.754300000000000000e+04 2.754400000000000000e+04 2.754500000000000000e+04 2.754600000000000000e+04 6.679700000000000000e+04 6.679900000000000000e+04 6.680100000000000000e+04 6.680300000000000000e+04 6.680500000000000000e+04 2.735200000000000000e+04 2.735300000000000000e+04 2.735400000000000000e+04 6.681000000000000000e+04 6.681200000000000000e+04 6.681400000000000000e+04 6.681600000000000000e+04 2.755800000000000000e+04 2.755900000000000000e+04 2.756000000000000000e+04 2.756100000000000000e+04 2.756200000000000000e+04 2.756300000000000000e+04 2.756400000000000000e+04 2.756500000000000000e+04 2.756600000000000000e+04
-1.000000000000000000e+00 2.713300000000000000e+04 2.713400000000000000e+04 2.713500000000000000e+04 2.713600000000000000e+04 2.713700000000000000e+04 2.713800000000000000e+04 2.713900000000000000e+04 2.714000000000000000e+04 2.714100000000000000e+04 2.714200000000000000e+04 2.714300000000000000e+04 2.714400000000000000e+04 2.714500000000000000e+04 2.714600000000000000e+04 2.714700000000000000e+04 2.714800000000000000e+04 6.640100000000000000e+04 6.640300000000000000e+04 6.640500000000000000e+04 6.640700000000000000e+04 2.695300000000000000e+04 2.695400000000000000e+04 6.641000000000000000e+04 6.641200000000000000e+04 6.641400000000000000e+04 6.641600000000000000e+04 2.715800000000000000e+04 2.715900000000000000e+04 2.716000000000000000e+04 2.716100000000000000e+04 2.716200000000000000e+04 2.716300000000000000e+04 2.716400000000000000e+04 2.716500000000000000e+04 2.716600000000000000e+04 2.716700000000000000e+04
-1.000000000000000000e+00 2.673400000000000000e+04 2.673500000000000000e+04 2.673600000000000000e+04 2.673700000000000000e+04 2.673800000000000000e+04 2.673900000000000000e+04 2.674000000000000000e+04 2.674100000000000000e+04 2.674200000000000000e+04 2.674300000000000000e+04 2.674400000000000000e+04 2.674500000000000000e+04 2.674600000000000000e+04 2.674700000000000000e+04 2.674800000000000000e+04 2.674900000000000000e+04 2.675000000000000000e+04 6.600500000000000000e+04 6.600700000000000000e+04 6.600900000000000000e+04 2.655400000000000000e+04 2.655500000000000000e+04 6.601200000000000000e+04 6.601400000000000000e+04 6.601600000000000000e+04 2.675800000000000000e+04 2.675900000000000000e+04 2.676000000000000000e+04 2.676100000000000000e+04 2.676200000000000000e+04 2.676300000000000000e+04 2.676400000000000000e+04 2.676500000000000000e+04 2.676600000000000000e+04 2.676700000000000000e+04 2.676800000000000000e+04
-1.000000000000000000e+00 2.633500000000000000e+04 2.633600000000000000e+04 2.633700000000000000e+04 2.633800000000000000e+04 2.633900000000000000e+04 2.634000000000000000e+04 2.634100000000000000e+04 2.634200000000000000e+04 2.634300000000000000e+04 2.634400000000000000e+04 2.634500000000000000e+04 2.634600000000000000e+04 2.634700000000000000e+04 2.634800000000000000e+04 2.634900000000000000e+04 2.635000000000000000e+04 2.635100000000000000e+04 6.560700000000000000e+04 6.560900000000000000e+04 6.561100000000000000e+04 2.615500000000000000e+04 2.615600000000000000e+04 6.561400000000000000e+04 6.561600000000000000e+04 6.561800000000000000e+04 2.635900000000000000e+04 2.636000000000000000e+04 2.636100000000000000e+04 2.636200000000000000e+04 2.636300000000000000e+04 2.636400000000000000e+04 2.636500000000000000e+04 2.636600000000000000e+04 2.636700000000000000e+04 2.636800000000000000e+04 2.636900000000000000e+04
