BlockUplift_2Ma_1kryTimeStep_2mmyr_k_5e-06_m_0.5_n_1.0_LinDiffusion_0.5_6x3km_30mRes_topographic__steepest_slope.txt
nrows 100
cellsize 30.0
xllcorner 0.0
ncols 200
yllcorner 0.0
[rows 0 to 16 of 100, columns 0 to 36 of 200]
0.000000000000000000e+00 0.000000000000000000e+00 0.000000000000000000e+00 0.000000000000000000e+00 0.000000000000000000e+00 0.000000000000000000e+00 0.000000000000000000e+00 0.000000000000000000e+00 0.000000000000000000e+00 0.000000000000000000e+00 0.000000000000000000e+00 0.000000000000000000e+00 0.000000000000000000e+00 0.000000000000000000e+00 0.000000000000000000e+00 0.000000000000000000e+00 0.000000000000000000e+00 0.000000000000000000e+00 0.000000000000000000e+00 0.000000000000000000e+00 0.000000000000000000e+00 0.000000000000000000e+00 0.000000000000000000e+00 0.000000000000000000e+00 0.000000000000000000e+00 0.000000000000000000e+00 0.000000000000000000e+00 0.000000000000000000e+00 0.000000000000000000e+00 0.000000000000000000e+00 0.000000000000000000e+00 0.000000000000000000e+00 0.000000000000000000e+00 0.000000000000000000e+00 0.000000000000000000e+00 0.000000000000000000e+00 0.000000000000000000e+00
0.000000000000000000e+00 1.151517552877218548e-01 1.151517552874186806e-01 1.151517552868123601e-01 1.151517552859331744e-01 1.151517552847205195e-01 1.151517552832956454e-01 1.151517552815979201e-01 1.151517552796576666e-01 1.151517552775051939e-01 1.151517552750798701e-01 1.151517552724726501e-01 1.151517552696532248e-01 1.151517552667125216e-01 1.151517552636202452e-01 1.151517552604673228e-01 1.151517552571325181e-01 1.151517552538280087e-01 1.151517552504628811e-01 1.151517552470674305e-01 1.151517552437629349e-01 1.151517552404887623e-01 1.151517552373358400e-01 1.151517552342738726e-01 1.151517552313634923e-01 1.151517552286956403e-01 1.151517552261490523e-01 1.151517552239359615e-01 1.151517552219653850e-01 1.151517552202676598e-01 1.151517552189337407e-01 1.151517552179332909e-01 1.151517552173269565e-01 1.151517552171147513e-01 1.151517552173875886e-01 1.151517552180242460e-01 1.151517552191459459e-01
0.000000000000000000e+00 2.294345857930845112e-01 2.294345857925084997e-01 2.294345857913564768e-01 2.294345857895677965e-01 2.294345857872637506e-01 2.294345857843836656e-01 2.294345857809882150e-01 2.294345857770773989e-01 2.294345857726511895e-01 2.294345857678308787e-01 2.294345857626164387e-01 2.294345857570382063e-01 2.294345857510961539e-01 2.294345857449722470e-01 2.294345857385754472e-01 2.294345857320271020e-01 2.294345857252968190e-01 2.294345857185969006e-01 2.294345857118969545e-01 2.294345857051970083e-01 2.294345856987092813e-01 2.294345856923124816e-01 2.294345856862491928e-01 2.294345856804284323e-01 2.294345856749714641e-01 2.294345856699692432e-01 2.294345856654823879e-01 2.294345856614503076e-01 2.294345856581458121e-01 2.294345856554173280e-01 2.294345856534164285e-01 2.294345856521734506e-01 2.294345856517490401e-01 2.294345856521734506e-01 2.294345856534770745e-01 2.294345856557508112e-01
0.000000000000000000e+00 3.420547635583413015e-01 3.420547635574621159e-01 3.420547635556734911e-01 3.420547635530359343e-01 3.420547635495191918e-01 3.420547635452143020e-01 3.420547635400604802e-01 3.420547635341790738e-01 3.420547635276307008e-01 3.420547635203850523e-01 3.420547635125634200e-01 3.420547635041657486e-01 3.420547634953133298e-01 3.420547634860667818e-01 3.420547634764564693e-01 3.420547634666036285e-01 3.420547634566294959e-01 3.420547634464734532e-01 3.420547634363780842e-01 3.420547634264039516e-01 3.420547634165208017e-01 3.420547634070014165e-01 3.420547633977548685e-01 3.420547633890540506e-01 3.420547633808685983e-01 3.420547633733501125e-01 3.420547633664682285e-01 3.420547633605262039e-01 3.420547633554027467e-01 3.420547633513100205e-01 3.420547633482480254e-01 3.420547633463684178e-01 3.420547633456711423e-01 3.420547633462168169e-01 3.420547633481570982e-01 3.420547633514312569e-01
0.000000000000000000e+00 4.523471344714077302e-01 4.523471344702253982e-01 4.523471344678606787e-01 4.523471344643136827e-01 4.523471344596752264e-01 4.523471344538848027e-01 4.523471344470635924e-01 4.523471344392419047e-01 4.523471344304501596e-01 4.523471344207791733e-01 4.523471344102896752e-01 4.523471343991029014e-01 4.523471343872794703e-01 4.523471343749103091e-01 4.523471343620864560e-01 4.523471343489290919e-01 4.523471343355595087e-01 4.523471343220686891e-01 4.523471343085778695e-01 4.523471342951476681e-01 4.523471342820206131e-01 4.523471342692270691e-01 4.523471342569185816e-01 4.523471342452163868e-01 4.523471342342418322e-01 4.523471342241160986e-01 4.523471342149605334e-01 4.523471342068963730e-01 4.523471342000144890e-01 4.523471341944059754e-01 4.523471341902828846e-01 4.523471341876150742e-01 4.523471341865539785e-01 4.523471341872209450e-01 4.523471341896159736e-01 4.523471341938905543e-01
0.000000000000000000e+00 5.597953342842629798e-01 5.597953342827773904e-01 5.597953342798064336e-01 5.597953342753801964e-01 5.597953342695594081e-01 5.597953342623440687e-01 5.597953342538252164e-01 5.597953342440026292e-01 5.597953342329977655e-01 5.597953342209014416e-01 5.597953342078046957e-01 5.597953341937985661e-01 5.597953341789434489e-01 5.597953341634517299e-01 5.597953341474143363e-01 5.597953341309220843e-01 5.597953341141267414e-01 5.597953340971798530e-01 5.597953340802329647e-01 5.597953340634376218e-01 5.597953340469151717e-01 5.597953340308776671e-01 5.597953340154162571e-01 5.597953340006521783e-01 5.597953339868279032e-01 5.597953339740342482e-01 5.597953339624837099e-01 5.597953339522366845e-01 5.597953339435358666e-01 5.597953339364115655e-01 5.597953339310455245e-01 5.597953339275287821e-01 5.597953339260433037e-01 5.597953339266799055e-01 5.597953339294993169e-01 5.597953339346228852e-01
0.000000000000000000e+00 6.640217157417889204e-01 6.640217157399699310e-01 6.640217157363925704e-01 6.640217157310871476e-01 6.640217157240234647e-01 6.640217157153226468e-01 6.640217157050453123e-01 6.640217156932521902e-01 6.640217156800342080e-01 6.640217156654822928e-01 6.640217156496873718e-01 6.640217156328011017e-01 6.640217156150053368e-01 6.640217155963000772e-01 6.640217155769277957e-01 6.640217155571311869e-01 6.640217155368494106e-01 6.640217155165070162e-01 6.640217154960433854e-01 6.640217154757617202e-01 6.640217154558437640e-01 6.640217154363805552e-01 6.640217154177056047e-01 6.640217153998795308e-01 6.640217153831144969e-01 6.640217153676227779e-01 6.640217153535559191e-01 6.640217153410655770e-01 6.640217153303334952e-01 6.640217153216023682e-01 6.640217153149023943e-01 6.640217153105064662e-01 6.640217153084753132e-01 6.640217153088997515e-01 6.640217153120223648e-01 6.640217153178430420e-01
0.000000000000000000e+00 7.647596522886185300e-01 7.647596522865266477e-01 7.647596522823733034e-01 7.647596522761280768e-01 7.647596522679123154e-01 7.647596522577563283e-01 7.647596522456903134e-01 7.647596522318963475e-01 7.647596522163743193e-01 7.647596521993060836e-01 7.647596521808434078e-01 7.647596521610769971e-01 7.647596521401586189e-01 7.647596521182701279e-01 7.647596520956236876e-01 7.647596520722800273e-01 7.647596520486028560e-01 7.647596520245921736e-01 7.647596520005814913e-01 7.647596519768133927e-01 7.647596519533483850e-01 7.647596519305200902e-01 7.647596519084497446e-01 7.647596518874403282e-01 7.647596518677043376e-01 7.647596518493325890e-01 7.647596518326584825e-01 7.647596518178033653e-01 7.647596518050704395e-01 7.647596517944900141e-01 7.647596517863954890e-01 7.647596517809385208e-01 7.647596517781494185e-01 7.647596517783615822e-01 7.647596517815752337e-01 7.647596517879720057e-01
0.000000000000000000e+00 8.618224148131654605e-01 8.618224148107704874e-01 8.618224148059804302e-01 8.618224147988561290e-01 8.618224147893973619e-01 8.618224147776951671e-01 8.618224147638405830e-01 8.618224147479547348e-01 8.618224147301892790e-01 8.618224147106048338e-01 8.618224146893529447e-01 8.618224146666155772e-01 8.618224146426048948e-01 8.618224146174422451e-01 8.618224145913699896e-01 8.618224145645398959e-01 8.618224145371944367e-01 8.618224145096065048e-01 8.618224144819881527e-01 8.618224144544910370e-01 8.618224144274487797e-01 8.618224144010734333e-01 8.618224143756075817e-01 8.618224143512936974e-01 8.618224143283744754e-01 8.618224143070922771e-01 8.618224142876594884e-01 8.618224142703486690e-01 8.618224142553420064e-01 8.618224142429729007e-01 8.618224142332413518e-01 8.618224142264807597e-01 8.618224142228730900e-01 8.618224142226001971e-01 8.618224142258138487e-01 8.618224142326653681e-01
0.000000000000000000e+00 9.550779952772245895e-01 9.550779952744961054e-01 9.550779952690694463e-01 9.550779952609749213e-01 9.550779952502428394e-01 9.550779952370248571e-01 9.550779952213815926e-01 9.550779952034038622e-01 9.550779951832434334e-01 9.550779951610517404e-01 9.550779951370107490e-01 9.550779951113024246e-01 9.550779950840175836e-01 9.550779950555200459e-01 9.550779950259311590e-01 9.550779949955237047e-01 9.550779949645402667e-01 9.550779949331930085e-01 9.550779949018154413e-01 9.550779948705591105e-01 9.550779948398182562e-01 9.550779948097443128e-01 9.550779947807314096e-01 9.550779947529918212e-01 9.550779947267377112e-01 9.550779947023632088e-01 9.550779946800502795e-01 9.550779946601021253e-01 9.550779946427609968e-01 9.550779946281787725e-01 9.550779946168100887e-01 9.550779946086246364e-01 9.550779946040468538e-01 9.550779946031373591e-01 9.550779946061084269e-01 9.550779946131721099e-01
0.000000000000000000e+00 1.044432784515235246e+00 1.044432784512203671e+00 1.044432784506110101e+00 1.044432784497106192e+00 1.044432784485131105e+00 1.044432784470336717e+00 1.044432784452813623e+00 1.044432784432683503e+00 1.044432784410097792e+00 1.044432784385268542e+00 1.044432784358286792e+00 1.044432784329455854e+00 1.044432784298957584e+00 1.044432784266943193e+00 1.044432784233777056e+00 1.044432784199671005e+00 1.044432784164897932e+00 1.044432784129700531e+00 1.044432784094381894e+00 1.044432784059275310e+00 1.044432784024653893e+00 1.044432783990820734e+00 1.044432783958048505e+00 1.044432783926670938e+00 1.044432783897021544e+00 1.044432783869372772e+00 1.044432783844028156e+00 1.044432783821230171e+00 1.044432783801312326e+00 1.044432783784547292e+00 1.044432783771147344e+00 1.044432783761476413e+00 1.044432783755625316e+00 1.044432783753866945e+00 1.044432783756474192e+00 1.044432783763477257e+00
0.000000000000000000e+00 1.129822573429767774e+00 1.129822573426372490e+00 1.129822573419642096e+00 1.129822573409546838e+00 1.129822573396268126e+00 1.129822573379866801e+00 1.129822573360434124e+00 1.129822573338090885e+00 1.129822573313018941e+00 1.129822573285461429e+00 1.129822573255538920e+00 1.129822573223433713e+00 1.129822573189570356e+00 1.129822573154039445e+00 1.129822573117144291e+00 1.129822573079187986e+00 1.129822573040473843e+00 1.129822573001304953e+00 1.129822572961953986e+00 1.129822572922815516e+00 1.129822572884131571e+00 1.129822572846357343e+00 1.129822572809674464e+00 1.129822572774567879e+00 1.129822572741310704e+00 1.129822572710175610e+00 1.129822572681556947e+00 1.129822572655787782e+00 1.129822572633111033e+00 1.129822572613920828e+00 1.129822572598398800e+00 1.129822572586878460e+00 1.129822572579632922e+00 1.129822572576843820e+00 1.129822572578753626e+00 1.129822572585635454e+00
0.000000000000000000e+00 1.211207898956793816e+00 1.211207898953095219e+00 1.211207898945698025e+00 1.211207898934632432e+00 1.211207898920019899e+00 1.211207898901890623e+00 1.211207898880456879e+00 1.211207898855870324e+00 1.211207898828282170e+00 1.211207898797814098e+00 1.211207898764829816e+00 1.211207898729511179e+00 1.211207898692040041e+00 1.211207898652870929e+00 1.211207898612095324e+00 1.211207898570197949e+00 1.211207898527360660e+00 1.211207898484038425e+00 1.211207898440534336e+00 1.211207898397151483e+00 1.211207898354344614e+00 1.211207898312356201e+00 1.211207898271641215e+00 1.211207898232563140e+00 1.211207898195425514e+00 1.211207898160682861e+00 1.211207898128638272e+00 1.211207898099625480e+00 1.211207898074007971e+00 1.211207898052089060e+00 1.211207898034202479e+00 1.211207898020681295e+00 1.211207898011768203e+00 1.211207898007736095e+00 1.211207898008827444e+00 1.211207898015315143e+00
0.000000000000000000e+00 1.288571296415769618e+00 1.288571296411676892e+00 1.288571296403521638e+00 1.288571296391364696e+00 1.288571296375357722e+00 1.288571296355530693e+00 1.288571296332096106e+00 1.288571296305114355e+00 1.288571296274828137e+00 1.288571296241510344e+00 1.288571296205342831e+00 1.288571296166598268e+00 1.288571296125519350e+00 1.288571296082439810e+00 1.288571296037783531e+00 1.288571295991702392e+00 1.288571295944651363e+00 1.288571295897024127e+00 1.288571295849093579e+00 1.288571295801345107e+00 1.288571295754081802e+00 1.288571295707758191e+00 1.288571295662829241e+00 1.288571295619537205e+00 1.288571295578397669e+00 1.288571295539744144e+00 1.288571295504001180e+00 1.288571295471592659e+00 1.288571295442731524e+00 1.288571295417932472e+00 1.288571295397529459e+00 1.288571295381704340e+00 1.288571295370881442e+00 1.288571295365333436e+00 1.288571295365333436e+00 1.288571295371123915e+00
0.000000000000000000e+00 1.361915141450632971e+00 1.361915141446176314e+00 1.361915141437293642e+00 1.361915141424105968e+00 1.361915141406643714e+00 1.361915141385028116e+00 1.361915141359410608e+00 1.361915141330003687e+00 1.361915141297019183e+00 1.361915141260639395e+00 1.361915141221136993e+00 1.361915141178815292e+00 1.361915141134007579e+00 1.361915141087016945e+00 1.361915141038086086e+00 1.361915140987760786e+00 1.361915140936313717e+00 1.361915140884139008e+00 1.361915140831691406e+00 1.361915140779304645e+00 1.361915140727463447e+00 1.361915140676622560e+00 1.361915140627115717e+00 1.361915140579427863e+00 1.361915140534013746e+00 1.361915140491297915e+00 1.361915140451613659e+00 1.361915140415445924e+00 1.361915140383219702e+00 1.361915140355267839e+00 1.361915140331924068e+00 1.361915140313643358e+00 1.361915140300728355e+00 1.361915140293422199e+00 1.361915140292088156e+00 1.361915140296908522e+00
0.000000000000000000e+00 1.431259621799957360e+00 1.431259621795106796e+00 1.431259621785526681e+00 1.431259621771187041e+00 1.431259621752178690e+00 1.431259621728744102e+00 1.431259621700943674e+00 1.431259621668990123e+00 1.431259621633125700e+00 1.431259621593593101e+00 1.431259621550664995e+00 1.431259621504674895e+00 1.431259621455895692e+00 1.431259621404721294e+00 1.431259621351576472e+00 1.431259621296703699e+00 1.431259621240678737e+00 1.431259621183744501e+00 1.431259621126476533e+00 1.431259621069330024e+00 1.431259621012668459e+00 1.431259620956946810e+00 1.431259620902740837e+00 1.431259620850475311e+00 1.431259620800513721e+00 1.431259620753371653e+00 1.431259620709594449e+00 1.431259620669455446e+00 1.431259620633530405e+00 1.431259620602092220e+00 1.431259620575716873e+00 1.431259620554677259e+00 1.431259620539276467e+00 1.431259620529999665e+00 1.431259620527058907e+00 1.431259620530757504e+00
0.000000000000000000e+00 1.496640784394670298e+00 1.496640784389486223e+00 1.496640784379057232e+00 1.496640784363535204e+00 1.496640784343041153e+00 1.496640784317636141e+00 1.496640784287501358e+00 1.496640784252940559e+00 1.496640784214135600e+00 1.496640784171298311e+00 1.496640784124823265e+00 1.496640784074952490e+00 1.496640784022141180e+00 1.496640783966662003e+00 1.496640783908909089e+00 1.496640783849428225e+00 1.496640783788522278e+00 1.496640783726707058e+00 1.496640783664467289e+00 1.496640783602197100e+00 1.496640783540472919e+00 1.496640783479748826e+00 1.496640783420540854e+00 1.496640783363303306e+00 1.496640783308612388e+00 1.496640783256862006e+00 1.496640783208567971e+00 1.496640783164245203e+00 1.496640783124318252e+00 1.496640783089272508e+00 1.496640783059441038e+00 1.496640783035309230e+00 1.496640783017301191e+00 1.496640783005690034e+00 1.496640783000869668e+00 1.496640783003143405e+00
