BlockUplift_2Ma_1kryTimeStep_2mmyr_k_5e-05_m_0.5_n_1.0_LinDiffusion_0.5_3x6km_30mRes_topographic__elevation.txt
nrows 200
cellsize 30.0
xllcorner 0.0
ncols 100
yllcorner 0.0
[rows 0 to 16 of 200, columns 0 to 36 of 100]
7.570997077942202705e-04 9.464847769624988279e-04 4.237792989824906438e-05 6.458952867771541699e-04 1.487227683841576555e-04 2.027200527148387168e-04 4.420625476323408526e-04 1.595088439819218845e-04 6.084126654866881239e-04 4.173157947861290255e-04 2.412035870975510771e-04 5.578973482226888721e-04 5.468817468359675645e-04 8.943110160626248188e-04 6.512038232593590596e-04 7.262225603759876920e-04 1.302899978783396233e-04 5.096412085934448393e-04 6.918436149691720854e-04 4.832437373317386418e-04 5.102188913405557259e-04 8.402681846978554518e-04 5.484835176268328897e-04 8.556301646748641502e-04 5.311395434724739718e-04 7.781395985118388968e-04 6.568705200946208444e-04 8.539694782400537821e-04 2.906974407051425980e-04 6.242074356719247473e-04 6.842923542470422636e-04 1.735110767804223244e-04 8.332537879295619275e-04 7.019637427747907853e-04 8.454025365013902778e-04 9.539364575839251329e-04 3.219259278417879711e-04
4.958860154717253162e-04 1.063694444726095981e+03 1.062113573347429565e+03 1.059033684579509099e+03 1.054604637366195675e+03 1.049020980424702884e+03 1.042495929806342701e+03 1.035238930604301913e+03 1.027440480425198984e+03 1.019264740077850433e+03 1.010848223252491039e+03 1.002302124662778965e+03 9.937163188218980849e+02 9.851640528313531604e+02 9.767072729061292193e+02 9.684030251893516379e+02 9.603112596363459943e+02 9.525034977486170646e+02 9.450702746467518409e+02 9.381236735114832754e+02 9.317909363801420568e+02 9.261973620348661598e+02 9.214414790082894342e+02 9.175705986937805392e+02 9.145667820726420132e+02 9.123497812838284062e+02 9.107960267537989694e+02 9.097656789544164440e+02 9.091273771631528007e+02 9.087734090836518135e+02 9.086237992777347472e+02 9.086224945452057682e+02 9.087304043682089514e+02 9.089189788615933594e+02 9.091659517930289667e+02 9.094532423889693291e+02 9.097662824146303819e+02
6.502881005999406011e-05 1.062335868222847012e+03 1.060733635020491192e+03 1.057613110482830507e+03 1.053128070434664551e+03 1.047478272380562203e+03 1.040882649068149476e+03 1.033555979324194368e+03 1.025692933885799903e+03 1.017460216720749031e+03 1.008995162647890879e+03 1.000408269718350539e+03 9.917875287167581746e+02 9.832034153689565983e+02 9.747144255461510056e+02 9.663736710198778610e+02 9.582370500815952710e+02 9.503726434293819239e+02 9.428692735913887191e+02 9.358402618646525752e+02 9.294177737453954933e+02 9.237353198840543200e+02 9.189011458266890031e+02 9.149710811470920362e+02 9.119319702534066892e+02 9.097033875715019349e+02 9.081572150757095869e+02 9.071466773662358491e+02 9.065334241843270320e+02 9.062043838665598514e+02 9.060764416331898019e+02 9.060922987758521003e+02 9.062127706433848289e+02 9.064096641486449926e+02 9.066610878541731608e+02 9.069491940559759087e+02 9.072595174958364623e+02
4.092705047137166108e-04 1.059689936098091948e+03 1.058045875312773660e+03 1.054845584625842321e+03 1.050250190461560805e+03 1.044469339530823163e+03 1.037732985895473121e+03 1.030266397263874296e+03 1.022272682093526555e+03 1.013923945969898341e+03 1.005359607873072378e+03 9.966892410947780263e+02 9.879975026688101707e+02 9.793497173064989738e+02 9.707978623149649593e+02 9.623875849882343800e+02 9.541670878468484034e+02 9.461978750801170008e+02 9.385653597712117744e+02 9.313848646715590576e+02 9.247973371960307531e+02 9.189511669975115637e+02 9.139723535498104638e+02 9.099324186410046877e+02 9.068271622690795084e+02 9.045760628709249431e+02 9.030428590877280612e+02 9.020681654528781337e+02 9.015008190110814894e+02 9.012178412428784213e+02 9.011302352183651010e+02 9.011782806894013902e+02 9.013224916750953071e+02 9.015352181042218263e+02 9.017951636810029186e+02 9.020848352933717251e+02 9.023899043997236049e+02
3.733952122351705716e-04 1.055888805399553576e+03 1.054184235900003614e+03 1.050868136759138224e+03 1.046111593712689000e+03 1.040137891009405621e+03 1.033192534902742409e+03 1.025516031154531674e+03 1.017324239936372578e+03 1.008797981436342297e+03 1.000080734464137436e+03 9.912817222638805106e+02 9.824815940844247280e+02 9.737388615580107398e+02 9.650966106160847175e+02 9.565902080725307997e+02 9.482572108839863176e+02 9.401499047143057624e+02 9.323485746736106421e+02 9.249704365979125669e+02 9.181672001616962007e+02 9.121061236982282026e+02 9.069361277098953451e+02 9.027493545215048698e+02 8.995537842418405035e+02 8.972694449010848530e+02 8.957500776117327632e+02 8.948202404885932992e+02 8.943121462512316384e+02 8.940897205393363265e+02 8.940559635470463036e+02 8.941476174443688478e+02 8.943244490836464138e+02 8.945592198757751703e+02 8.948311754335375099e+02 8.951231088449263780e+02 8.954207488660651961e+02
3.978426562322375805e-04 1.051108161162894021e+03 1.049326916789603501e+03 1.045863481857067427e+03 1.040900595579906849e+03 1.034677829648953775e+03 1.027459763175889975e+03 1.019506220243434313e+03 1.011049951986149949e+03 1.002284133080956281e+03 9.933589857199524431e+02 9.843848675580713916e+02 9.754387033912456673e+02 9.665714588889134120e+02 9.578158565027580380e+02 9.491950536240184420e+02 9.407338230505653200e+02 9.324731122509545003e+02 9.244862369824417101e+02 9.168910612337898556e+02 9.098497364318518521e+02 9.035491940337831238e+02 8.981631167403376139e+02 8.938066996511947764e+02 8.905024341495960698e+02 8.881724542146149588e+02 8.866609065259319777e+02 8.857755861067358865e+02 8.853306442728882075e+02 8.851752360576696219e+02 8.852028380817869220e+02 8.853454775152424645e+02 8.855613479920928057e+02 8.858230608846955647e+02 8.861100093670335127e+02 8.864049846616769628e+02 8.866935739358505089e+02
9.217679544381037317e-04 1.045547880689597150e+03 1.043676625935097263e+03 1.040039618672026108e+03 1.034832232622999300e+03 1.028312010572909003e+03 1.020765081026569760e+03 1.012473777885656546e+03 1.003691363098588681e+03 9.946269695784529858e+02 9.854406733931309645e+02 9.762462170961807715e+02 9.671180324225111917e+02 9.580998127809228890e+02 9.492134439464977049e+02 9.404688933813405356e+02 9.318768151607574737e+02 9.234651460979883950e+02 9.152981549734909095e+02 9.074918695351308315e+02 9.002162223235364991e+02 8.936755026114412885e+02 8.880668557277338095e+02 8.835287514051683502e+02 8.800999647207434009e+02 8.777075149122910034e+02 8.761888346644200283e+02 8.753370720704914447e+02 8.749491963399882479e+02 8.748592674186793374e+02 8.749501072624402696e+02 8.751475914051378595e+02 8.754069880010575844e+02 8.756996849629279041e+02 8.760044602232956095e+02 8.763036030466358852e+02 8.765822642543409984e+02
8.387608860180041084e-04 1.039416119083120293e+03 1.037444112147380110e+03 1.033612381735917324e+03 1.028129621785707741e+03 1.021272446404688594e+03 1.013350148183515671e+03 1.004669776838332723e+03 9.955078621597335768e+02 9.860925890795635951e+02 9.765969627637456369e+02 9.671407853958512533e+02 9.577979949494535958e+02 9.486062474062366618e+02 9.395771384722859239e+02 9.307074298651667732e+02 9.219930993565799326e+02 9.134477903904186178e+02 9.051243837665332421e+02 8.971334313564699414e+02 8.896479000869492211e+02 8.828844231065878603e+02 8.770596808321280378e+02 8.723339121438510801e+02 8.687637278334283337e+02 8.662851672991868099e+02 8.647342426863024230e+02 8.638941919092133048e+02 8.635477313986543777e+02 8.635145821865203288e+02 8.636659353658361624e+02 8.639196381677396630e+02 8.642260337937285612e+02 8.645536366758350368e+02 8.648794591189798666e+02 8.651845879641155079e+02 8.654533747225767684e+02
3.749221543535573601e-04 1.032920349027051088e+03 1.030838861373070813e+03 1.026795453170366955e+03 1.021012971253455930e+03 1.013788067588752938e+03 1.005454243341574170e+03 9.963445120294405797e+02 9.867603185938398838e+02 9.769510441462558674e+02 9.671051635204562444e+02 9.573512065486919482e+02 9.477650994759510468e+02 9.383805268423132020e+02 9.292003423622751370e+02 9.202090842949357921e+02 9.113883224854175751e+02 9.027365906423401611e+02 8.942929369944039308e+02 8.861579486169943038e+02 8.785012641774781059e+02 8.715447178327490292e+02 8.655184990770451350e+02 8.606017173473204593e+02 8.568701997799545325e+02 8.542742836480977076e+02 8.526559113046141647e+02 8.517954125193324444e+02 8.514659703059103322e+02 8.514746562656371225e+02 8.516801366320258921e+02 8.519898667983392215e+02 8.523465697135030723e+02 8.527136079243870199e+02 8.530646469901907949e+02 8.533786463287902961e+02 8.536387240497247149e+02
8.274658215697287995e-04 1.026265734703532644e+03 1.024067694484407184e+03 1.019799262300116084e+03 1.013698636747761839e+03 1.006083589225298283e+03 9.973124942958401107e+02 9.877446671529726245e+02 9.777068652557435371e+02 9.674705495049273622e+02 9.572412646013220865e+02 9.471585313746318207e+02 9.373029261991920293e+02 9.277068940144033604e+02 9.183670635605712960e+02 9.092578013588529302e+02 9.003475201626253011e+02 8.916195498020829291e+02 8.830969523828904357e+02 8.748655688450083971e+02 8.670844044315196015e+02 8.599718715581155948e+02 8.537639684626608414e+02 8.486544167055560592e+02 8.447390812568714864e+02 8.419883516250233697e+02 8.402588159435528041e+02 8.393366777785753357e+02 8.389919222233446590e+02 8.390216817961655806e+02 8.392714922872075931e+02 8.396357500847017263e+02 8.400462508337594727e+02 8.404582815520603845e+02 8.408400735959281747e+02 8.411672235292564892e+02 8.414210466412572487e+02
3.599666800911982306e-04 1.019657832770261621e+03 1.017338326382278069e+03 1.012836010934084811e+03 1.006405814422184221e+03 9.983876529908695829e+02 9.891649461632041493e+02 9.791226638741361512e+02 9.686119299049221354e+02 9.579257442138424494e+02 9.472871387730259585e+02 9.368482027602295830e+02 9.266967488453149144e+02 9.168672079246091471e+02 9.073534125351475268e+02 8.981227472164679284e+02 8.891329075139614133e+02 8.803530226793981228e+02 8.717888879182659139e+02 8.635073120203122699e+02 8.556493174703031173e+02 8.484205906825806096e+02 8.420539924629005100e+02 8.367520931407896114e+02 8.326303304622676933e+02 8.296842951239650574e+02 8.277942384899768058e+02 8.267620983412979285e+02 8.263624285315653424e+02 8.263864097935546624e+02 8.266666020868570968e+02 8.270818199695403337e+02 8.275492880102135587e+02 8.280127209124856336e+02 8.284322456583711300e+02 8.287784078748640013e+02 8.290298757348315348e+02
8.145779429955592741e-04 1.013304246059189836e+03 1.010862115568502190e+03 1.006124373143112734e+03 9.993636420782069081e+02 9.909423438344126680e+02 9.812681613089458779e+02 9.707498348111363384e+02 9.597604698885907055e+02 9.486125998234367671e+02 9.375459007581662263e+02 9.267257700779357492e+02 9.162495627369461317e+02 9.061572108543077775e+02 8.964439452080391675e+02 8.870744573302520166e+02 8.779994721255797003e+02 8.691763534658493882e+02 8.605938331980266867e+02 8.522967988905054426e+02 8.444019899988770703e+02 8.370934250157245060e+02 8.305912983212186873e+02 8.250997601274638100e+02 8.207513312215097585e+02 8.175700840244421670e+02 8.154678913961156468e+02 8.142723526472326512e+02 8.137713924160218539e+02 8.137557150387334559e+02 8.140464077407918921e+02 8.145049859401034382e+02 8.150306203610164175e+02 8.155516182201888569e+02 8.160167454678112335e+02 8.163892044858491772e+02 8.166436965549401066e+02
5.463314897201798246e-04 1.007409681045551565e+03 1.004849715562080291e+03 9.998862368236426619e+02 9.928093618531601123e+02 9.840029247303965576e+02 9.738965412776231005e+02 9.629193002672390094e+02 9.514624229877232438e+02 9.398545870679313339e+02 9.283500677601043662e+02 9.171274093588475580e+02 9.062953260428830617e+02 8.959027433586334155e+02 8.859509082823417430e+02 8.764069181353187332e+02 8.672194277546027479e+02 8.583379792564561512e+02 8.497363305102269351e+02 8.414367419135235195e+02 8.335275446728520592e+02 8.261637715440874672e+02 8.195438906728579695e+02 8.138653306406100683e+02 8.092728579689539856e+02 8.058193911424576754e+02 8.034539084257716013e+02 8.020383736730668716e+02 8.013831562799194899e+02 8.012853644570690221e+02 8.015579384029489347e+02 8.020449225613184581e+02 8.026248138128279379e+02 8.032068030391985758e+02 8.037246227793996241e+02 8.041311656584423417e+02 8.043951638500602712e+02
6.963818555170028747e-04 1.002161607593620602e+03 9.994961567620002825e+02 9.943307597749210345e+02 9.869711263131268879e+02 9.778194340700594012e+02 9.673230216701485915e+02 9.559263104495577181e+02 9.440334636427683108e+02 9.319847959364533381e+02 9.200461236830949474e+02 9.084080606659160821e+02 8.971917403266437532e+02 8.864580622508009355e+02 8.762187083087923156e+02 8.664484404411300602e+02 8.570993306217665122e+02 8.481181796350487048e+02 8.394676934233993961e+02 8.311493610778030643e+02 8.232220125639696562e+02 8.158072415864204459e+02 8.090745485119415434e+02 8.032063651751361704e+02 7.983529172440454431e+02 7.945929938584811225e+02 7.919145941818774190e+02 7.902201745753611704e+02 7.893507791286380098e+02 7.891176761696335689e+02 7.893309481947005679e+02 7.898191793799497873e+02 7.904392618918684548e+02 7.910784134785362767e+02 7.916516963353949450e+02 7.920981925384641045e+02 7.923778733632425428e+02
5.762120059578776290e-04 9.977089446639055268e+02 9.949576806654243910e+02 9.896278302101394502e+02 9.820371311067818851e+02 9.726012039533276266e+02 9.617793263359960747e+02 9.500251108491124796e+02 9.377497439621249669e+02 9.253000819965016035e+02 9.129497611847617691e+02 9.008995209787408385e+02 8.892829145168386731e+02 8.781746565396296091e+02 8.676002198792557465e+02 8.575464693082985832e+02 8.479739876587150320e+02 8.388321836188811176e+02 8.300778307956655908e+02 8.216958037005114193e+02 8.137176197405199218e+02 8.062306614232111315e+02 7.993713099211119015e+02 7.933001623567222396e+02 7.881652734953904655e+02 7.840653983033556642e+02 7.810254768407237407e+02 7.789909428966412861e+02 7.778396455271960122e+02 7.774047002120832985e+02 7.775002724212948806e+02 7.779440361803726773e+02 7.785728519634488975e+02 7.792509111947865676e+02 7.798718073082468436e+02 7.803572679211832792e+02 7.806550720571466400e+02
3.274947719497592748e-04 9.941416756974313103e+02 9.913289399337529630e+02 9.858808209807441472e+02 9.781225550398133919e+02 9.684773899930858079e+02 9.574102131057619545e+02 9.453776030041861986e+02 9.327920686512730981e+02 9.200021145835497691e+02 9.072853341775722811e+02 8.948499552061953182e+02 8.828406757445727635e+02 8.713461423404800144e+02 8.604070322681720882e+02 8.500248593184815036e+02 8.401722539629088260e+02 8.308056754393525125e+02 8.218811745966478384e+02 8.133725495858868726e+02 8.052889259958416233e+02 7.976864030039688487e+02 7.906678711391803063e+02 7.843679364853595644e+02 7.789254382931760574e+02 7.744513675020243682e+02 7.710018916724433211e+02 7.685637730816868043e+02 7.670546146050149900e+02 7.663358282844485529e+02 7.662335000703908463e+02 7.665614228970570139e+02 7.671411168684900304e+02 7.678155373898030120e+02 7.684559805557178152e+02 7.689641703995346234e+02 7.692722039150863793e+02
2.424801260825666378e-04 9.914816375788471987e+02 9.886320646789774855e+02 9.831124609412727295e+02 9.752511857801869155e+02 9.654737699112147311e+02 9.542452659175841063e+02 9.420202222707640658e+02 9.292080952613043792e+02 9.161552107043286242e+02 9.031397155843471865e+02 8.903743104758358413e+02 8.780123005771854423e+02 8.661543686384233069e+02 8.548553145076592727e+02 8.441311930916116353e+02 8.339677386908239214e+02 8.243309301580070496e+02 8.151801890446190555e+02 8.064838603994262485e+02 7.982351026119293920e+02 7.904644749769491909e+02 7.832445412868280528e+02 7.766829812098235379e+02 7.709041296224731923e+02 7.660230099200560971e+02 7.621186380234519220e+02 7.592135019126922089e+02 7.572640800250114808e+02 7.561641595255418906e+02 7.557593930569307759e+02 7.558686291340501384e+02 7.563060275566253949e+02 7.568987908212945968e+02 7.574983195227337092e+02 7.579859127236697987e+02 7.582755483984345801e+02
