BlockUplift_2Ma_1kryTimeStep_2mmyr_k_0.0001_m_0.5_n_1.0_LinDiffusion_0.5_3x6km_30mRes_topographic__elevation.txt
nrows 200
cellsize 30.0
xllcorner 0.0
ncols 100
yllcorner 0.0
[rows 102 to 118 of 200, columns 0 to 36 of 100]
8.977211836090914516e-04 2.011901336506913935e+02 2.020088846590100786e+02 2.035955934469515682e+02 2.058604720685542588e+02 2.086938212240323480e+02 2.119858185205498842e+02 2.156414915249213777e+02 2.195882243810988257e+02 2.237758262629280921e+02 2.281705055059700840e+02 2.327441896141133100e+02 2.374604164491495624e+02 2.422583201336087768e+02 2.470372820285073487e+02 2.516461914629801129e+02 2.558820755390835018e+02 2.595021098915036077e+02 2.622501112582487508e+02 2.638939060960665870e+02 2.642650665159360415e+02 2.632897753647977765e+02 2.610009419720319102e+02 2.575272416644184545e+02 2.530623276824524339e+02 2.478236725028782814e+02 2.420127355969052303e+02 2.357861515027099131e+02 2.292433281107226435e+02 2.224317748160370627e+02 2.153689187144732387e+02 2.080774027753749351e+02 2.006280637978215964e+02 1.931799470795226910e+02 1.860014638620098140e+02 1.794557067938692114e+02 1.739411236902370774e+02
8.040009432264631078e-04 1.989653049763072943e+02 1.997399497631490135e+02 2.012395706104604471e+02 2.033771553688194729e+02 2.060482080241598908e+02 2.091511517762814378e+02 2.126024154441944347e+02 2.163434373735059637e+02 2.203397625595011675e+02 2.245739008515915032e+02 2.290337225556525311e+02 2.336977833801449833e+02 2.385189708576443195e+02 2.434086146517114457e+02 2.482244732560279772e+02 2.527670864916879054e+02 2.567888807299248697e+02 2.600182682117974196e+02 2.621966669703552384e+02 2.631210437377418998e+02 2.626806164159295918e+02 2.608762451644739144e+02 2.578157574501043996e+02 2.536863605520863985e+02 2.487127938206572537e+02 2.431135476465634326e+02 2.370662361951333992e+02 2.306887526036142049e+02 2.240381362321475933e+02 2.171261914635912831e+02 2.099496598823120621e+02 2.025312301654587657e+02 1.949639668769148386e+02 1.874461136282988889e+02 1.802892115980409642e+02 1.738855519714242632e+02
9.029362990437761948e-04 1.966597819207099178e+02 1.973805946828982201e+02 1.987766611090717106e+02 2.007688690219052319e+02 2.032638075467728243e+02 2.061733321950194977e+02 2.094286469409557867e+02 2.129862330212386894e+02 2.168259469513658075e+02 2.209431450024009678e+02 2.253367760176298020e+02 2.299948635191691437e+02 2.348785579843667222e+02 2.399064376314362335e+02 2.449419035831520830e+02 2.497878067239095401e+02 2.541929187598180988e+02 2.578734594072701611e+02 2.605490582603629264e+02 2.619869821945668491e+02 2.620434655869396465e+02 2.606894866490808340e+02 2.580120945659385256e+02 2.541903775149841920e+02 2.494537214906512474e+02 2.440350504477558786e+02 2.381313573220736259e+02 2.318793556198148451e+02 2.253487630867641371e+02 2.185523303896459879e+02 2.114707564835964320e+02 2.040903201739018868e+02 1.964488740765043246e+02 1.886806916164129859e+02 1.810445838059202117e+02 1.739178091684925391e+02
1.262535168193479232e-04 1.943869443283312535e+02 1.950502630527644214e+02 1.963378021113315413e+02 1.981822922029038523e+02 2.005057156261025568e+02 2.032367739627559899e+02 2.063230511433201571e+02 2.097354823810131279e+02 2.134655750221079131e+02 2.175172714886120957e+02 2.218953743266211518e+02 2.265918430266836197e+02 2.315708722201664784e+02 2.367539722308845000e+02 2.420073519976241982e+02 2.471353544326573228e+02 2.518846466206937578e+02 2.559631403052116525e+02 2.590743102565588174e+02 2.609619947907395954e+02 2.614549942438091534e+02 2.604980654952285590e+02 2.581586685116035369e+02 2.546066391478964022e+02 2.500732948686710131e+02 2.448027287224063855e+02 2.390085649904404761e+02 2.328451036416359727e+02 2.263959489970917218e+02 2.196792424218649273e+02 2.126676866936573447e+02 2.053222380153378595e+02 1.976377607023192979e+02 1.896947775830479088e+02 1.817041082557630034e+02 1.740248625107804230e+02
2.387497639173964497e-04 1.922567064149771454e+02 1.928652338287229497e+02 1.940510879413577641e+02 1.957611418176569202e+02 1.979350177503127384e+02 2.005195484869975928e+02 2.034784152732247264e+02 2.067949894678129681e+02 2.104689074095297769e+02 2.145081507356773045e+02 2.189183598145835390e+02 2.236904621129343980e+02 2.287872240226364227e+02 2.341295327513041684e+02 2.395842220453280049e+02 2.449568027457622463e+02 2.499937696953389548e+02 2.543989991967307276e+02 2.578659755324044909e+02 2.601221335352327628e+02 2.609753314133474191e+02 2.603487451421534047e+02 2.582922450048312157e+02 2.549657498655433869e+02 2.505998421629498125e+02 2.454461582047377703e+02 2.397314686268142339e+02 2.336253049521582170e+02 2.272248157269088722e+02 2.205560185736472931e+02 2.135895616427906134e+02 2.062705339318183917e+02 1.985627398949067981e+02 1.905048906686236876e+02 1.822681701450488561e+02 1.741946388996867086e+02
1.415402154194561482e-04 1.903602112434680294e+02 1.909222133259271175e+02 1.920233304078446679e+02 1.936250764426596902e+02 1.956847788425301360e+02 1.981665569919722145e+02 2.010481840804091291e+02 2.043223485446313816e+02 2.079928800271628972e+02 2.120674704513527900e+02 2.165482955378245435e+02 2.214213126288382512e+02 2.266445430868002973e+02 2.321357982960545883e+02 2.377612577947400609e+02 2.433278920586237177e+02 2.485842701373353805e+02 2.532345866999131943e+02 2.569684780690756156e+02 2.595040146485569608e+02 2.606347410968461986e+02 2.602671507752384628e+02 2.584358243718366452e+02 2.552903369861266754e+02 2.510579640981238185e+02 2.459941695245096582e+02 2.403350784102253215e+02 2.342625040606492348e+02 2.278857922539180549e+02 2.212398011731911822e+02 2.142970761268897775e+02 2.069941771958723962e+02 1.992741674334700974e+02 1.911454608660119447e+02 1.827489924808910757e+02 1.744128388434613441e+02
7.969163444047052194e-04 1.887573623332580439e+02 1.892850820535971650e+02 1.903253921075378798e+02 1.918532588534652348e+02 1.938417983156358559e+02 1.962697406606241088e+02 1.991256113385490210e+02 2.024076440014337379e+02 2.061199768762652695e+02 2.102663395168365525e+02 2.148422365557187845e+02 2.198260644474823948e+02 2.251691962198863735e+02 2.307852234447725266e+02 2.365394455194290799e+02 2.422412628590237773e+02 2.476438050666904189e+02 2.524557553621999659e+02 2.563685401762970173e+02 2.590972453026212747e+02 2.604270927944488108e+02 2.602523052488624558e+02 2.585941905623787989e+02 2.555914551975981794e+02 2.514655259415529542e+02 2.464720657673794904e+02 2.408528204718696202e+02 2.347988404104778226e+02 2.284299009055834517e+02 2.217897286294057722e+02 2.148551506482396860e+02 2.075594192614953215e+02 1.998328509167354810e+02 1.916630702678880027e+02 1.831689167204310138e+02 1.746672064200496379e+02
8.650418786667887295e-04 1.874690465474236589e+02 1.879768034080840096e+02 1.889835809639694446e+02 1.904752327541141597e+02 1.924371909085373886e+02 1.948587863539954128e+02 1.977351399899370961e+02 2.010660908691807549e+02 2.048526598367429870e+02 2.090918998305693037e+02 2.137707237034369427e+02 2.188588162349234949e+02 2.243004390201324725e+02 2.300051243489758122e+02 2.358381074430479885e+02 2.416128491678511239e+02 2.470897108604600305e+02 2.519857088738866082e+02 2.559989160941595117e+02 2.588467240939950216e+02 2.603108355618767291e+02 2.602765393400460425e+02 2.587530813148842412e+02 2.558673090838857718e+02 2.518321259386740110e+02 2.468998970889937254e+02 2.413145404778010743e+02 2.352735872573311724e+02 2.289055716091331192e+02 2.222627945445092905e+02 2.153277934529511128e+02 2.080340247860367811e+02 2.003046565535054526e+02 1.921132374331476456e+02 1.835619345031817318e+02 1.749568797535103784e+02
9.719491264559257555e-04 1.864747788433307392e+02 1.869772399677548265e+02 1.879778680612284347e+02 1.894698676696586688e+02 1.914464818288059575e+02 1.939028585171126622e+02 1.968362592349398028e+02 2.002444344924668371e+02 2.041225885918214544e+02 2.084594514822164797e+02 2.132326750625202010e+02 2.184033820828754244e+02 2.239095084966350555e+02 2.296578060297218542e+02 2.355151679688177921e+02 2.413013422690661116e+02 2.467867727214001263e+02 2.517003369796287870e+02 2.557507925322966571e+02 2.586619049919289068e+02 2.602152274211894678e+02 2.602890449479622248e+02 2.588805882372061546e+02 2.561030768769023780e+02 2.521578697008578729e+02 2.472905868746978797e+02 2.417442161079950154e+02 2.357205115530374542e+02 2.293555630649001387e+02 2.227101658348094304e+02 2.157737054540094448e+02 2.084823205954160414e+02 2.007557071844539962e+02 1.925572955708498171e+02 1.839747551400732561e+02 1.753010218015166686e+02
1.547366171231712129e-04 1.857155677385064507e+02 1.862265098823401104e+02 1.872462283874855871e+02 1.887711719110053821e+02 1.907973499085325386e+02 1.933206617469691935e+02 1.963361619577391082e+02 1.998363247197236774e+02 2.038086556096807271e+02 2.082329111856600719e+02 2.130778657907666798e+02 2.182972567416700542e+02 2.238244400124623041e+02 2.295655337245813143e+02 2.353915474084267601e+02 2.411312672113649285e+02 2.465682705341841370e+02 2.514465920150521754e+02 2.554889959577623983e+02 2.584285422225952971e+02 2.600485820821513130e+02 2.602208562696577587e+02 2.589293333925022580e+02 2.562708871034725462e+02 2.524317878527124890e+02 2.476473644235224185e+02 2.421568333610585455e+02 2.361644314377642502e+02 2.298132361024671297e+02 2.231730303153100863e+02 2.162414676885145184e+02 2.089595649759078526e+02 2.012461202506588620e+02 1.930563616974067713e+02 1.844628233569465010e+02 1.757397141538821757e+02
7.791982379433917043e-04 1.851011696598641265e+02 1.856327460888495580e+02 1.866933775645420894e+02 1.882784127490368178e+02 1.903814345748577637e+02 1.929941034070998285e+02 1.961052775391501655e+02 1.996995792049610543e+02 2.037557093088396130e+02 2.082446373301696099e+02 2.131274635171660066e+02 2.183524854683631418e+02 2.238509406227906879e+02 2.295311227349061198e+02 2.352711944548698852e+02 2.409121498951678291e+02 2.462538991283025780e+02 2.510587020733615873e+02 2.550660031531717777e+02 2.580200543964705844e+02 2.597066975651699750e+02 2.599902895764731738e+02 2.588391295021808673e+02 2.563301325610696040e+02 2.526303703544249970e+02 2.479611051790073191e+02 2.425550290944669030e+02 2.366174842225355803e+02 2.302985419689508717e+02 2.236781484679607672e+02 2.167642705770451812e+02 2.095053392360335067e+02 2.018216271096388823e+02 1.936611452149834918e+02 1.850790157496005008e+02 1.763231839721454435e+02
4.267325074640422296e-04 1.845205452268626232e+02 1.850827846473409011e+02 1.862018961162858375e+02 1.878678243101594774e+02 1.900666942106445845e+02 1.927812738448594416e+02 1.959907530544035978e+02 1.996699777976358234e+02 2.037884521245287601e+02 2.083092554096747904e+02 2.131876868036392239e+02 2.183691684136409208e+02 2.237858479585247835e+02 2.293515042578705447e+02 2.349548732875672670e+02 2.404525127428474320e+02 2.456637678586692459e+02 2.503717649427051128e+02 2.543345672780310736e+02 2.573085758758520569e+02 2.590818146872457532e+02 2.595094960899369312e+02 2.585410841941776994e+02 2.562293472691708871e+02 2.527176338164176457e+02 2.482090964349855824e+02 2.429270386260287466e+02 2.370766115046156983e+02 2.308151881321534233e+02 2.242345658055383808e+02 2.173557249695685982e+02 2.101377148796867118e+02 2.025051732011584136e+02 1.944001099899709288e+02 1.858578654041962466e+02 1.770922632430204260e+02
5.160807611338197407e-04 1.838541655651244469e+02 1.844543528838555062e+02 1.856441905687675558e+02 1.874042468902550809e+02 1.897086433642592453e+02 1.925272165286999950e+02 1.958267151556571548e+02 1.995710179543429490e+02 2.037207600736577717e+02 2.082327027875478791e+02 2.130588300929462378e+02 2.181447895441862102e+02 2.234270999217616804e+02 2.288286082790217790e+02 2.342520875321781375e+02 2.395727632060888084e+02 2.446319531510265506e+02 2.492354704266113288e+02 2.531609976749199973e+02 2.561771678559223346e+02 2.580732272179080837e+02 2.586931200299769102e+02 2.579641835053270142e+02 2.559108224349698162e+02 2.526480638801323835e+02 2.483567141139623686e+02 2.432475417372011179e+02 2.375239472750315599e+02 2.313507939051277162e+02 2.248335307283339830e+02 2.180092273666865310e+02 2.108513834251509138e+02 2.032927582749728970e+02 1.952716910287414009e+02 1.868027480059604670e+02 1.780593584762337969e+02
8.886768897730731734e-04 1.829867395084216639e+02 1.836285390796627439e+02 1.848944942873915522e+02 1.867525283347582103e+02 1.891611221543044792e+02 1.920741332563335106e+02 1.954440723198932801e+02 1.992235571083959940e+02 2.033654726383154525e+02 2.078225089027050672e+02 2.125463675705528885e+02 2.174864090277454522e+02 2.225871500926076578e+02 2.277839593653777683e+02 2.329966228165341988e+02 2.381212863176103554e+02 2.430226448970875026e+02 2.475297856585760314e+02 2.514399239093340555e+02 2.545333043208781874e+02 2.565992559914912476e+02 2.574686493700381220e+02 2.570440217942248182e+02 2.553178246433660945e+02 2.523725300505581117e+02 2.483623279188178969e+02 2.434819103199916697e+02 2.379307766511038267e+02 2.318808877738794365e+02 2.254527423014557428e+02 2.187024593691858172e+02 2.116220845551839886e+02 2.041570318059273177e+02 1.962457832769628965e+02 1.878835026562867085e+02 1.792001332677337189e+02
7.078576965108448723e-04 1.818189434760571146e+02 1.825015043488498065e+02 1.838405826669057888e+02 1.857893305478997092e+02 1.882883574065052130e+02 1.912739282019630309e+02 1.946838097979099302e+02 1.984601300686916261e+02 2.025499627351787524e+02 2.069047544906279370e+02 2.114792915363963459e+02 2.162301817552885268e+02 2.211132654332703567e+02 2.260791826596317264e+02 2.310666018614120105e+02 2.359934181555357213e+02 2.407475554167338032e+02 2.451805468159893451e+02 2.491080634425484277e+02 2.523210004264292365e+02 2.546080152273030706e+02 2.557860895956461889e+02 2.557315836000815068e+02 2.544026134791207028e+02 2.518456360931550080e+02 2.481841107189998468e+02 2.435926796699523607e+02 2.382639665349229574e+02 2.323756741316023522e+02 2.260638618499995971e+02 2.194060016623647300e+02 2.124164984817692527e+02 2.050582764519853924e+02 1.972750562811263819e+02 1.890465784265348645e+02 1.804602349351920623e+02
6.449013380946391153e-04 1.802769641975457091e+02 1.809945298571503827e+02 1.823947995152356896e+02 1.844155522025115772e+02 1.869791169398403383e+02 1.900043255080254028e+02 1.934151778328178182e+02 1.971451681951195951e+02 2.011381755855135509e+02 2.053475253489361876e+02 2.097343746640190147e+02 2.142656417409517360e+02 2.189109320521223765e+02 2.236376286375847826e+02 2.284035695628056715e+02 2.331475200174659221e+02 2.377788965875379290e+02 2.421696515015799207e+02 2.461522550695452765e+02 2.495274637347059468e+02 2.520834197825670913e+02 2.536238722506287786e+02 2.539993339463725874e+02 2.531327536575498698e+02 2.510321511588118710e+02 2.477864679454012560e+02 2.435459455443733248e+02 2.384924556955089940e+02 2.328069187770681765e+02 2.266402574233388236e+02 2.200925100014869713e+02 2.132034303667134338e+02 2.059580004758479106e+02 1.983109129533238786e+02 1.902325799006732439e+02 1.817727010037272350e+02
7.880464231245373980e-04 1.783191356656495259e+02 1.790616375173818540e+02 1.805035111220985016e+02 1.825682264376420108e+02 1.851613622439503786e+02 1.881862754191406566e+02 1.915555552201065268e+02 1.951967640566376474e+02 1.990535177723056961e+02 2.030839752988551083e+02 2.072583457717483100e+02 2.115559103275783457e+02 2.159611189665509698e+02 2.204579610142883155e+02 2.250220513108625369e+02 2.296106152858003497e+02 2.341516675380287609e+02 2.385349395534269377e+02 2.426080685977276516e+02 2.461815443828645016e+02 2.490443613071478524e+02 2.509892833415539712e+02 2.518430334577726342e+02 2.514941268402832009e+02 2.499108397642099533e+02 2.471442753470412015e+02 2.433157005280939131e+02 2.385915673072148024e+02 2.331523405026348144e+02 2.271618089750184879e+02 2.207424837350880864e+02 2.139612559219235379e+02 2.068288183682487897e+02 1.993163855922383902e+02 1.913922641078406457e+02 1.830763177620940212e+02
