BlockUplift_2Ma_1kryTimeStep_2mmyr_k_0.0001_m_0.5_n_1.0_LinDiffusion_0.5_3x6km_30mRes_topographic__steepest_slope.txt
nrows 200
cellsize 30.0
xllcorner 0.0
ncols 100
yllcorner 0.0
[rows 136 to 152 of 200, columns 37 to 73 of 100]
1.878151144917448445e-01 1.849424459072063487e-01 1.826465722761336508e-01 1.803497664009124091e-01 1.762722204669036896e-01 1.674783907207862965e-01 1.504381175136690618e-01 1.221887221116370881e-01 8.403506871269411649e-02 4.397525140372679497e-02 3.081637345347682314e-02 3.870047670978653959e-02 7.731455485177700371e-02 1.226080531570062221e-01 1.560126373936829569e-01 1.769496363387238203e-01 1.875109789342928879e-01 1.911304005770508296e-01 1.912064832705936968e-01 1.902017842693008165e-01 1.893341926010113641e-01 1.886811758548939677e-01 1.874454595063156093e-01 1.842182516687273508e-01 1.772061738243669027e-01 1.644780463758110101e-01 1.443043422502597595e-01 1.156048941224687154e-01 7.841649225856504868e-02 3.474079244144793327e-02 6.302271182726144894e-02 1.083550535231864870e-01 1.469414672090664509e-01 1.767256627985830109e-01 1.969789345569836203e-01 2.080523719838093255e-01 2.109406016408579831e-01
1.914382408127835444e-01 1.891653640041681683e-01 1.871934255105638101e-01 1.848600044017918720e-01 1.802659075073450023e-01 1.703567757267071270e-01 1.515508266636317047e-01 1.209784354477202867e-01 8.565803636261536125e-02 4.315687781651623284e-02 3.532420786322821443e-02 4.755918342076208977e-02 8.611449049909841724e-02 1.310821164198822941e-01 1.632289103417633724e-01 1.823364431834524624e-01 1.908945860020641871e-01 1.926425815441272504e-01 1.911338163782431709e-01 1.888532396724978413e-01 1.869714521191610801e-01 1.855157130864682757e-01 1.836795554055508373e-01 1.800989421451286432e-01 1.730651185875615172e-01 1.607386275492189154e-01 1.414467900586591498e-01 1.140917494245693858e-01 7.859467874118118702e-02 4.281708748707725720e-02 5.797212566366927861e-02 1.025239528742048351e-01 1.409492268943542681e-01 1.711413060400928943e-01 1.922352728432429048e-01 2.044073134531449454e-01 2.084828698990112972e-01
1.956256505528131129e-01 1.941853455026167352e-01 1.927061239862136177e-01 1.904002997795534724e-01 1.851971845650941251e-01 1.738828642191757867e-01 1.528241962979848267e-01 1.211786385813568012e-01 8.476081257238035627e-02 4.679146717514773290e-02 3.831352455291702624e-02 5.663965218858353634e-02 9.666163847610581561e-02 1.409189566542816408e-01 1.712135929109261101e-01 1.878071636520274867e-01 1.936992006146994183e-01 1.930137813118023016e-01 1.895006442745379160e-01 1.856796930277795354e-01 1.826718748733952569e-01 1.804485326254829658e-01 1.781902015622563451e-01 1.745745428613257044e-01 1.679697657793847443e-01 1.566092188486929160e-01 1.388416713440060735e-01 1.134983047687389557e-01 8.486332640045499143e-02 5.417947363125320132e-02 5.037046127812629809e-02 9.418919904464644055e-02 1.326594727400968454e-01 1.635715645388993722e-01 1.858722139595433420e-01 1.995253165299544773e-01 2.051696393040752242e-01
1.999485030626809989e-01 1.995560683694445059e-01 1.987455173734664071e-01 1.965816188528312636e-01 1.907879074308529710e-01 1.779607473460098899e-01 1.544110022439175167e-01 1.204818971863471366e-01 8.197300195092169228e-02 4.812285623699210507e-02 4.029372070154314117e-02 6.554485099796400482e-02 1.078842930534345129e-01 1.511510669360584813e-01 1.791683875572516738e-01 1.927505055253637412e-01 1.954815938171009237e-01 1.919334411085638348e-01 1.860968536393765305e-01 1.805538457643876826e-01 1.763890373779152809e-01 1.735209494224581872e-01 1.711116315500845475e-01 1.678659642331335189e-01 1.622043177061897323e-01 1.523969514542367620e-01 1.367680329438466513e-01 1.209542478500303664e-01 9.815851575002841611e-02 6.820595152478915735e-02 4.277712531832553872e-02 8.366556418752869873e-02 1.223959583202287177e-01 1.543186803952948938e-01 1.781556611901246867e-01 1.936363758761596443e-01 2.012061307351009076e-01
2.039370532264532243e-01 2.047708919520440929e-01 2.047971394041638860e-01 2.029369258478008475e-01 1.967014989233045186e-01 1.824857461657927726e-01 1.565354922950348282e-01 1.182801116938610730e-01 7.847451899006492593e-02 4.782315536766645891e-02 4.205033400788143333e-02 7.381088150565541517e-02 1.183690655345401438e-01 1.605472537769761232e-01 1.861407822587627381e-01 1.965206304651000435e-01 1.958758480325040463e-01 1.892613771301190073e-01 1.809528790170010781e-01 1.736364316006046293e-01 1.683909006305119305e-01 1.650950010673729595e-01 1.628856071077791623e-01 1.604697009821260678e-01 1.573931629917708630e-01 1.557893572380812108e-01 1.486632640012212070e-01 1.346473360437958622e-01 1.130061029537977185e-01 8.396446476140283222e-02 4.887331542028291315e-02 7.138142730388968848e-02 1.105911598547038438e-01 1.437833825033891233e-01 1.694370587398689454e-01 1.870422086537094630e-01 1.968558258972279984e-01
2.071734381115230006e-01 2.093625713795745358e-01 2.103709428277776849e-01 2.090099374448991798e-01 2.026057712227005425e-01 1.873641097789506549e-01 1.594540830854005720e-01 1.166948947640870926e-01 7.556446654799026108e-02 4.663798303233003539e-02 4.417653299813935341e-02 8.076103567888041901e-02 1.266255009036190982e-01 1.678533021583092366e-01 1.912224977063611275e-01 1.985859654904402194e-01 1.946947742299566242e-01 1.850897928931317382e-01 1.743714150570070953e-01 1.653843539445413457e-01 1.592473739279294531e-01 1.558204990635848330e-01 1.598724106613843288e-01 1.649471126378850294e-01 1.680354467767513627e-01 1.674246233863214972e-01 1.614365234872662813e-01 1.486523237281507648e-01 1.282360913398487567e-01 1.002652263078795680e-01 6.592389946612260687e-02 5.982794745468186792e-02 9.783066181930545613e-02 1.324957033086766045e-01 1.601646505120622177e-01 1.801015463602700095e-01 1.923946980206684143e-01
2.093573889523469289e-01 2.129772697141504578e-01 2.150780990071391729e-01 2.144238338668155164e-01 2.082169396882145862e-01 1.925120662407749650e-01 1.633904469738041709e-01 1.187422477637246204e-01 7.426761586510377544e-02 4.504214489258989013e-02 4.676308737698301604e-02 8.549060364344286678e-02 1.313618318395896323e-01 1.720243392037161811e-01 1.937195972756844131e-01 1.986320426229856995e-01 1.919717233614970098e-01 1.797362837795664914e-01 1.668844531024717415e-01 1.579004066100912484e-01 1.593235475100285847e-01 1.634141422169370916e-01 1.689305025689244733e-01 1.743510450842921666e-01 1.780197397480360877e-01 1.782140297810959340e-01 1.732428729026307679e-01 1.616470853782952521e-01 1.425040609939091374e-01 1.157571192496723855e-01 8.243144269197356933e-02 5.801793227207455855e-02 8.485897292816370341e-02 1.211162450305702520e-01 1.508779292742123690e-01 1.732137159574970442e-01 1.880792774914340215e-01
2.103369701742565101e-01 2.154128774847085537e-01 2.186743362754469955e-01 2.189214833957189854e-01 2.133222340090535907e-01 1.978419844936979699e-01 1.684673409977667236e-01 1.230544113693383679e-01 7.510972957078897172e-02 4.311383843015335199e-02 4.936582763809364144e-02 8.701356747375427192e-02 1.318498975477609136e-01 1.723883332556700454e-01 1.932512699390097621e-01 1.965957542134295355e-01 1.879399734666378774e-01 1.760381815916741699e-01 1.701471755107158146e-01 1.671822592336612012e-01 1.677502965600508600e-01 1.712824065368539206e-01 1.765472876296261262e-01 1.820090694719222191e-01 1.860016612927414548e-01 1.868022073853634613e-01 1.827160670531726150e-01 1.722554873706144685e-01 1.544263475126507468e-01 1.290546512480434393e-01 9.702016253706388649e-02 6.114260892371892880e-02 7.860251099278348086e-02 1.104090824592465908e-01 1.421915325278301223e-01 1.668143331787471650e-01 1.841518407679690883e-01
2.101080776298156760e-01 2.166224002545514282e-01 2.210679562168176571e-01 2.223745352575680900e-01 2.177813180377626279e-01 2.032436554112592719e-01 1.746557830582020077e-01 1.297266169503387689e-01 7.808963582452457808e-02 4.061676142783596927e-02 5.120784653663103259e-02 8.449897401088671267e-02 1.334142882482069192e-01 1.691002205373181577e-01 1.897643065397526529e-01 1.958130008201132977e-01 1.929000519050632911e-01 1.857918524964453921e-01 1.788279698200273549e-01 1.746337092360523424e-01 1.740812054862648506e-01 1.767414729070730939e-01 1.814359095084076279e-01 1.866429506241272518e-01 1.907057300609618367e-01 1.919149248453644041e-01 1.885836729240614462e-01 1.792072693516374993e-01 1.627339460935303406e-01 1.388884038688765199e-01 1.084198015531339654e-01 7.313133474804671408e-02 8.033229472683978134e-02 1.032705901512526725e-01 1.347691028979492445e-01 1.613806346187525720e-01 1.808791296827308714e-01
2.087916980571738745e-01 2.166897461923089907e-01 2.222974259395887886e-01 2.247643955963790630e-01 2.215098233420206841e-01 2.085675836141717698e-01 1.817551011215783885e-01 1.385329736068247886e-01 8.279930271315175117e-02 4.441042557298460064e-02 5.147950809646886089e-02 7.748587232480061426e-02 1.301674402812056097e-01 1.697757148732626509e-01 1.933380106506471519e-01 2.019963895194324677e-01 1.999629195383381963e-01 1.926081360828487965e-01 1.846542700753882604e-01 1.791375302764710853e-01 1.772505404671411433e-01 1.787599812736619942e-01 1.825853529767939853e-01 1.872529918136763005e-01 1.911393013410171982e-01 1.925655689454676966e-01 1.898652190990672561e-01 1.815271976613425098e-01 1.664533097330274103e-01 1.442796584947737548e-01 1.156369070617856709e-01 8.220240139586652839e-02 8.341858691877802878e-02 1.093769915143769922e-01 1.320362611162100852e-01 1.574230545807381587e-01 1.785893093112008445e-01
2.065987939062570999e-01 2.157894997850841323e-01 2.224903737984618712e-01 2.261461180388683601e-01 2.244547200379410357e-01 2.136184253207820405e-01 1.894097299210320273e-01 1.489692505528902589e-01 9.274733124206401003e-02 5.318870941583005857e-02 4.960887040050655089e-02 6.722285080026893511e-02 1.218692484617969196e-01 1.652849465210418367e-01 1.924261583494637218e-01 2.037169846412663077e-01 2.030136306768758059e-01 1.957346334401021126e-01 1.869302574513940773e-01 1.800571445532120618e-01 1.766729819533645329e-01 1.767933213585676511e-01 1.794824699768086951e-01 1.833500639470421190e-01 1.868306344251234874e-01 1.882929764657733651e-01 1.861026849240028647e-01 1.787522003216156230e-01 1.651070021167126145e-01 1.447252982894516593e-01 1.181282316020654671e-01 8.687065119309923811e-02 8.799920512721724764e-02 1.170929543773702314e-01 1.425245172018295980e-01 1.633771009341942471e-01 1.796454757915696698e-01
2.037919427268396477e-01 2.141445461400432182e-01 2.218209273141515669e-01 2.266128906049743874e-01 2.265767896916088264e-01 2.181675372490606835e-01 1.971613067748781700e-01 1.603470402875094292e-01 1.074897122217701451e-01 6.228931055834868724e-02 4.545077053925392074e-02 6.521309654645790488e-02 1.088782005470060044e-01 1.557709914263705475e-01 1.865658660015536430e-01 2.008228764903544350e-01 2.018624028919444313e-01 1.950040785748676508e-01 1.855477806461329204e-01 1.773591792868572103e-01 1.723924698325791927e-01 1.709586514101508470e-01 1.723095260578517973e-01 1.751690846553315417e-01 1.780496941354045293e-01 1.793800624476217243e-01 1.775678660604019243e-01 1.711202198770671035e-01 1.588800664935409168e-01 1.403421280222161005e-01 1.159282099527873117e-01 8.707145797576250346e-02 9.425908118446831019e-02 1.263266197568891913e-01 1.542666618161277203e-01 1.771676121106895430e-01 1.950774964096335107e-01
2.006518495927669676e-01 2.119944595417734834e-01 2.204818915138474777e-01 2.262785758274427905e-01 2.278543547441311545e-01 2.219901254199309337e-01 2.045278126968298749e-01 1.719144027787791740e-01 1.231530695273799353e-01 7.121959072489761344e-02 3.940753330744541788e-02 6.015527280527521725e-02 9.214048840851560285e-02 1.420042416619238801e-01 1.763527353473432757e-01 1.937859979157303958e-01 1.969325748490203531e-01 1.908636337844241970e-01 1.810314706504227156e-01 1.716768795964135619e-01 1.651631717897686369e-01 1.621292858099768475e-01 1.620455943784546438e-01 1.637703972820263587e-01 1.659033085738302604e-01 1.669380976738674138e-01 1.666594496663738878e-01 1.606230082991193797e-01 1.486592665032039629e-01 1.318924627945765038e-01 1.096658379184915350e-01 8.329387511627682483e-02 1.024032563326330719e-01 1.369862950663528200e-01 1.669181350901437211e-01 1.913548424185537167e-01 2.104317066929272395e-01
1.974548867274753261e-01 2.095823673424405398e-01 2.186808697118503286e-01 2.252871461307279222e-01 2.283136279009141956e-01 2.249248590891179955e-01 2.110969202109534704e-01 1.829789564506522082e-01 1.387919794675620266e-01 8.051529381018837639e-02 4.770876653364483633e-02 5.308271094393433170e-02 7.316300015406393409e-02 1.253667043623888366e-01 1.630109889252685795e-01 1.837014150117944888e-01 1.892586287615598550e-01 1.843664524917296155e-01 1.745198431365828085e-01 1.642770386151144180e-01 1.563981127387940595e-01 1.518608308627164283e-01 1.503672741421910042e-01 1.552171159610395423e-01 1.636147587444526097e-01 1.689297749183026609e-01 1.686948752634123139e-01 1.606989452918886341e-01 1.433279458454630173e-01 1.206331809664323990e-01 1.004270996106499808e-01 8.214848580105447995e-02 1.126004886589260096e-01 1.489791521993244772e-01 1.801654335649104932e-01 2.054420410605244385e-01 2.250614843900574924e-01
1.944632908589322140e-01 2.071589904298254681e-01 2.166571588973814355e-01 2.238440549357439691e-01 2.280781541125245782e-01 2.269449168914206838e-01 2.166190451308201148e-01 1.930174979147276926e-01 1.536056528716396030e-01 9.922575400940066015e-02 5.702797258989564938e-02 4.566991779999038381e-02 6.438013543827025842e-02 1.077873329948825787e-01 1.483409930984323222e-01 1.722346136179434550e-01 1.804174151716234908e-01 1.770716562627015767e-01 1.676220820498749708e-01 1.568658398723515313e-01 1.479206071744966489e-01 1.483761660977942765e-01 1.544425911246491978e-01 1.618139881657943702e-01 1.681432669538300562e-01 1.710203448208574284e-01 1.681266597323428924e-01 1.574367478819046484e-01 1.375520570184486646e-01 1.081136510812276269e-01 8.947951813216757644e-02 8.365566088046326454e-02 1.249085283512189615e-01 1.621936365688023685e-01 1.937614938490410943e-01 2.190707279113339456e-01 2.385139467815361736e-01
1.919221637265811353e-01 2.049920314668175481e-01 2.147033127571897071e-01 2.222506366274387690e-01 2.274171823927758906e-01 2.282210395278014003e-01 2.210841519549954226e-01 2.017630504069065356e-01 1.670292932566477817e-01 1.165999176615372390e-01 6.672569899949820638e-02 3.998479357321495231e-02 5.666416044432386057e-02 9.153172110809920659e-02 1.345225005328178625e-01 1.614242557164667080e-01 1.723111888202570052e-01 1.707886283768748348e-01 1.625059663058806281e-01 1.582703901139950742e-01 1.566232282813075360e-01 1.583891562907704664e-01 1.626942614634439566e-01 1.677142314080289909e-01 1.712406512402026293e-01 1.709958305157092129e-01 1.648212842165738268e-01 1.509014742889244476e-01 1.280964934392509746e-01 9.632136272318424230e-02 7.794307291718446939e-02 9.716631032410867619e-02 1.391978397121955147e-01 1.764583337689901998e-01 2.075179777412071713e-01 2.320472385447055752e-01 2.505925867440824129e-01
1.900498615152476645e-01 2.033614191969784768e-01 2.131669290670203110e-01 2.209137675247262733e-01 2.267643179929147434e-01 2.291503539387425292e-01 2.247622224689119208e-01 2.092586293277501341e-01 1.788023469704484170e-01 1.320560991667794892e-01 7.759073170633688787e-02 4.009998193085349827e-02 5.192085264015986606e-02 7.878599383528685218e-02 1.237150083937259837e-01 1.532943645016453527e-01 1.683877954318774017e-01 1.747803873757040605e-01 1.736702160882155621e-01 1.703188229802170273e-01 1.681286051796812842e-01 1.682942517989801101e-01 1.702528113705435997e-01 1.723943267116936906e-01 1.726500945092671602e-01 1.688587851699973330e-01 1.590112055263318835e-01 1.415138327792182793e-01 1.155244902519967781e-01 8.314763104885798672e-02 7.264086384730603085e-02 1.132364169616539712e-01 1.550855432578195914e-01 1.914733598714086216e-01 2.212353080427039431e-01 2.442752690373432012e-01 2.612974463046027207e-01
