BlockUplift_2Ma_1kryTimeStep_2mmyr_k_1e-05_m_0.5_n_1.0_LinDiffusion_0.75_6x3km_30mRes_topographic__elevation.txt
nrows 100
cellsize 30.0
xllcorner 0.0
ncols 200
yllcorner 0.0
[rows 17 to 33 of 100, columns 148 to 184 of 200]
2.354069782836745617e+03 2.354069783522199486e+03 2.354069784188784070e+03 2.354069784836256986e+03 2.354069785464403139e+03 2.354069786073036539e+03 2.354069786662000297e+03 2.354069787231169812e+03 2.354069787780451406e+03 2.354069788309785054e+03 2.354069788819145288e+03 2.354069789308540749e+03 2.354069789778016911e+03 2.354069790227653812e+03 2.354069790657571048e+03 2.354069791067923234e+03 2.354069791458903183e+03 2.354069791830740996e+03 2.354069792183704067e+03 2.354069792518094800e+03 2.354069792834251984e+03 2.354069793132549421e+03 2.354069793413391835e+03 2.354069793677218513e+03 2.354069793924495116e+03 2.354069794155716863e+03 2.354069794371402622e+03 2.354069794572093542e+03 2.354069794758349417e+03 2.354069794930748230e+03 2.354069795089878426e+03 2.354069795236338905e+03 2.354069795370734028e+03 2.354069795493669972e+03 2.354069795605750187e+03 2.354069795707573576e+03 2.354069795799728126e+03
2.325587671991478601e+03 2.325587672667898460e+03 2.325587673325210289e+03 2.325587673963173984e+03 2.325587674581575357e+03 2.325587675180231145e+03 2.325587675758986734e+03 2.325587676317719797e+03 2.325587676856340750e+03 2.325587677374793657e+03 2.325587677873058055e+03 2.325587678351148497e+03 2.325587678809117733e+03 2.325587679247055348e+03 2.325587679665089127e+03 2.325587680063386870e+03 2.325587680442153669e+03 2.325587680801635543e+03 2.325587681142115798e+03 2.325587681463915487e+03 2.325587681767395225e+03 2.325587682052949276e+03 2.325587682321009197e+03 2.325587682572037920e+03 2.325587682806531120e+03 2.325587683025012666e+03 2.325587683228032802e+03 2.325587683416165873e+03 2.325587683590006236e+03 2.325587683750165979e+03 2.325587683897270836e+03 2.325587684031956087e+03 2.325587684154864291e+03 2.325587684266638462e+03 2.325587684367921156e+03 2.325587684459347656e+03 2.325587684541543695e+03
2.296224045778636082e+03 2.296224046445878230e+03 2.296224047093764966e+03 2.296224047722057094e+03 2.296224048330541336e+03 2.296224048919036250e+03 2.296224049487389038e+03 2.296224050035479195e+03 2.296224050563219407e+03 2.296224051070558289e+03 2.296224051557479470e+03 2.296224052024002958e+03 2.296224052470187871e+03 2.296224052896132434e+03 2.296224053301974891e+03 2.296224053687893047e+03 2.296224054054106546e+03 2.296224054400875048e+03 2.296224054728499141e+03 2.296224055037320340e+03 2.296224055327718816e+03 2.296224055600112933e+03 2.296224055854958806e+03 2.296224056092747560e+03 2.296224056314003064e+03 2.296224056519281021e+03 2.296224056709164415e+03 2.296224056884262154e+03 2.296224057045204972e+03 2.296224057192641794e+03 2.296224057327237006e+03 2.296224057449664997e+03 2.296224057560607434e+03 2.296224057660748713e+03 2.296224057750770953e+03 2.296224057831349910e+03 2.296224057903150424e+03
2.266060507790209158e+03 2.266060508448172641e+03 2.266060509086525144e+03 2.266060509705026561e+03 2.266060510303465435e+03 2.266060510881660321e+03 2.266060511439459333e+03 2.266060511976743783e+03 2.266060512493428632e+03 2.266060512989464314e+03 2.266060513464839005e+03 2.266060513919576806e+03 2.266060514353743656e+03 2.266060514767445056e+03 2.266060515160828345e+03 2.266060515534082697e+03 2.266060515887440943e+03 2.266060516221177750e+03 2.266060516535610532e+03 2.266060516831099903e+03 2.266060517108047861e+03 2.266060517366896420e+03 2.266060517608128521e+03 2.266060517832263486e+03 2.266060518039855651e+03 2.266060518231492097e+03 2.266060518407791733e+03 2.266060518569398937e+03 2.266060518716982642e+03 2.266060518851231336e+03 2.266060518972849877e+03 2.266060519082553583e+03 2.266060519181067320e+03 2.266060519269116412e+03 2.266060519347427089e+03 2.266060519416717852e+03 2.266060519477694925e+03
2.235175570983006764e+03 2.235175571631631101e+03 2.235175572260380250e+03 2.235175572869014559e+03 2.235175573457322116e+03 2.235175574025120568e+03 2.235175574572258938e+03 2.235175575098618538e+03 2.235175575604116148e+03 2.235175576088703110e+03 2.235175576552370330e+03 2.235175576995146457e+03 2.235175577417102886e+03 2.235175577818351940e+03 2.235175578199049596e+03 2.235175578559395490e+03 2.235175578899635184e+03 2.235175579220057898e+03 2.235175579520998781e+03 2.235175579802837547e+03 2.235175580065998474e+03 2.235175580310948135e+03 2.235175580538195845e+03 2.235175580748290031e+03 2.235175580941817316e+03 2.235175581119399340e+03 2.235175581281690029e+03 2.235175581429372414e+03 2.235175581563154083e+03 2.235175581683766268e+03 2.235175581791955665e+03 2.235175581888482611e+03 2.235175581974115175e+03 2.235175582049625064e+03 2.235175582115783072e+03 2.235175582173352268e+03 2.235175582223085257e+03
2.203644521380767856e+03 2.203644522020031673e+03 2.203644522639149272e+03 2.203644523237880094e+03 2.203644523816011315e+03 2.203644524373359218e+03 2.203644524909771917e+03 2.203644525425130269e+03 2.203644525919350144e+03 2.203644526392385160e+03 2.203644526844226220e+03 2.203644527274906523e+03 2.203644527684500645e+03 2.203644528073127731e+03 2.203644528440951490e+03 2.203644528788182015e+03 2.203644529115076239e+03 2.203644529421938387e+03 2.203644529709121343e+03 2.203644529977023467e+03 2.203644530226090865e+03 2.203644530456816483e+03 2.203644530669736469e+03 2.203644530865430170e+03 2.203644531044515588e+03 2.203644531207650743e+03 2.203644531355527306e+03 2.203644531488867415e+03 2.203644531608421858e+03 2.203644531714964160e+03 2.203644531809286036e+03 2.203644531892194209e+03 2.203644531964504040e+03 2.203644532027035893e+03 2.203644532080606950e+03 2.203644532126028935e+03 2.203644532164101747e+03
2.171539318067850218e+03 2.171539318697769886e+03 2.171539319307266396e+03 2.171539319896097368e+03 2.171539320464047705e+03 2.171539321010930962e+03 2.171539321536593889e+03 2.171539322040914612e+03 2.171539322523808551e+03 2.171539322985227955e+03 2.171539323425165094e+03 2.171539323843654529e+03 2.171539324240774931e+03 2.171539324616649537e+03 2.171539324971449332e+03 2.171539325305393959e+03 2.171539325618751263e+03 2.171539325911840933e+03 2.171539326185031314e+03 2.171539326438741227e+03 2.171539326673439064e+03 2.171539326889643235e+03 2.171539327087917627e+03 2.171539327268872967e+03 2.171539327433161816e+03 2.171539327581478119e+03 2.171539327714553110e+03 2.171539327833151219e+03 2.171539327938066435e+03 2.171539328030117304e+03 2.171539328110144197e+03 2.171539328179002496e+03 2.171539328237556219e+03 2.171539328286677119e+03 2.171539328327232397e+03 2.171539328360085165e+03 2.171539328386085344e+03
2.138928525695643202e+03 2.138928526316271473e+03 2.138928526916194642e+03 2.138928527495166691e+03 2.138928528052969341e+03 2.138928528589413418e+03 2.138928529104341123e+03 2.138928529597628767e+03 2.138928530069187218e+03 2.138928530518968273e+03 2.138928530946963292e+03 2.138928531353206381e+03 2.138928531737778485e+03 2.138928532100807388e+03 2.138928532442469532e+03 2.138928532762993200e+03 2.138928533062657152e+03 2.138928533341793809e+03 2.138928533600788342e+03 2.138928533840080036e+03 2.138928534060159109e+03 2.138928534261569894e+03 2.138928534444904926e+03 2.138928534610806310e+03 2.138928534759963441e+03 2.138928534893107098e+03 2.138928535011009444e+03 2.138928535114479018e+03 2.138928535204354830e+03 2.138928535281504537e+03 2.138928535346817625e+03 2.138928535401200406e+03 2.138928535445570560e+03 2.138928535480851679e+03 2.138928535507965989e+03 2.138928535527829808e+03 2.138928535541345354e+03
2.105877276016894939e+03 2.105877276628319123e+03 2.105877277218751260e+03 2.105877277787942603e+03 2.105877278335668962e+03 2.105877278861736613e+03 2.105877279365983213e+03 2.105877279848279613e+03 2.105877280308533045e+03 2.105877280746691213e+03 2.105877281162743202e+03 2.105877281556722664e+03 2.105877281928710090e+03 2.105877282278835992e+03 2.105877282607282268e+03 2.105877282914283569e+03 2.105877283200128659e+03 2.105877283465163600e+03 2.105877283709789936e+03 2.105877283934464231e+03 2.105877284139701260e+03 2.105877284326069912e+03 2.105877284494193191e+03 2.105877284644746396e+03 2.105877284778453941e+03 2.105877284896087076e+03 2.105877284998459800e+03 2.105877285086426127e+03 2.105877285160873271e+03 2.105877285222719365e+03 2.105877285272906192e+03 2.105877285312394179e+03 2.105877285342156028e+03 2.105877285363171268e+03 2.105877285376419877e+03 2.105877285382874106e+03 2.105877285383492108e+03
2.072447255251237493e+03 2.072447255853578099e+03 2.072447256434637438e+03 2.072447256994160398e+03 2.072447257531917330e+03 2.072447258047708601e+03 2.072447258541364590e+03 2.072447259012749782e+03 2.072447259461765498e+03 2.072447259888353528e+03 2.072447260292499323e+03 2.072447260674233348e+03 2.072447261033635641e+03 2.072447261370836713e+03 2.072447261686022557e+03 2.072447261979433279e+03 2.072447262251366737e+03 2.072447262502181275e+03 2.072447262732292529e+03 2.072447262942177986e+03 2.072447263132373337e+03 2.072447263303474756e+03 2.072447263456134351e+03 2.072447263591061528e+03 2.072447263709017989e+03 2.072447263810815912e+03 2.072447263897313860e+03 2.072447263969412234e+03 2.072447264028049176e+03 2.072447264074195118e+03 2.072447264108847321e+03 2.072447264133023054e+03 2.072447264147753231e+03 2.072447264154076947e+03 2.072447264153033302e+03 2.072447264145654572e+03 2.072447264132959845e+03
2.038696714339053869e+03 2.038696714932463010e+03 2.038696715504299164e+03 2.038696716054300623e+03 2.038696716582230692e+03 2.038696717087880415e+03 2.038696717571072213e+03 2.038696718031662385e+03 2.038696718469544066e+03 2.038696718884651773e+03 2.038696719276964131e+03 2.038696719646507745e+03 2.038696719993358556e+03 2.038696720317647532e+03 2.038696720619560892e+03 2.038696720899343973e+03 2.038696721157303273e+03 2.038696721393806001e+03 2.038696721609284396e+03 2.038696721804232538e+03 2.038696721979210224e+03 2.038696722134838637e+03 2.038696722271801264e+03 2.038696722390841387e+03 2.038696722492759363e+03 2.038696722578409435e+03 2.038696722648696095e+03 2.038696722704569311e+03 2.038696722747019749e+03 2.038696722777073091e+03 2.038696722795784353e+03 2.038696722804230376e+03 2.038696722803504144e+03 2.038696722794706830e+03 2.038696722778940966e+03 2.038696722757302496e+03 2.038696722730872807e+03
2.004680499361093553e+03 2.004680499945753809e+03 2.004680500508548675e+03 2.004680501049208033e+03 2.004680501567486317e+03 2.004680502063164113e+03 2.004680502536053609e+03 2.004680502986000192e+03 2.004680503412886992e+03 2.004680503816639202e+03 2.004680504197226810e+03 2.004680504554668914e+03 2.004680504889037138e+03 2.004680505200458583e+03 2.004680505489119923e+03 2.004680505755269451e+03 2.004680505999219577e+03 2.004680506221347514e+03 2.004680506422098915e+03 2.004680506601986053e+03 2.004680506761590323e+03 2.004680506901559511e+03 2.004680507022608026e+03 2.004680507125514168e+03 2.004680507211117856e+03 2.004680507280317215e+03 2.004680507334064032e+03 2.004680507373360115e+03 2.004680507399250928e+03 2.004680507412820134e+03 2.004680507415183229e+03 2.004680507407480263e+03 2.004680507390869025e+03 2.004680507366516622e+03 2.004680507335592665e+03 2.004680507299259489e+03 2.004680507258665784e+03
1.970450099597610460e+03 1.970450100173732608e+03 1.970450100727698100e+03 1.970450101259226358e+03 1.970450101768060449e+03 1.970450102253969590e+03 1.970450102716752326e+03 1.970450103156241539e+03 1.970450103572308080e+03 1.970450103964864184e+03 1.970450104333869376e+03 1.970450104679333435e+03 1.970450105001320026e+03 1.970450105299951701e+03 1.970450105575412636e+03 1.970450105827951802e+03 1.970450106057886160e+03 1.970450106265601789e+03 1.970450106451556621e+03 1.970450106616279982e+03 1.970450106760375093e+03 1.970450106884515890e+03 1.970450106989448159e+03 1.970450107075986125e+03 1.970450107145009724e+03 1.970450107197462785e+03 1.970450107234346660e+03 1.970450107256716592e+03 1.970450107265675570e+03 1.970450107262367965e+03 1.970450107247972937e+03 1.970450107223696705e+03 1.970450107190765721e+03 1.970450107150416670e+03 1.970450107103889195e+03 1.970450107052417707e+03 1.970450106997220473e+03
1.936053710882231599e+03 1.936053711450054834e+03 1.936053711995431286e+03 1.936053712518069688e+03 1.936053713017699238e+03 1.936053713494074600e+03 1.936053713946979769e+03 1.936053714376231710e+03 1.936053714781685585e+03 1.936053715163239303e+03 1.936053715520838750e+03 1.936053715854480970e+03 1.936053716164220077e+03 1.936053716450170896e+03 1.936053716712512824e+03 1.936053716951493698e+03 1.936053717167432978e+03 1.936053717360723795e+03 1.936053717531835218e+03 1.936053717681313401e+03 1.936053717809781574e+03 1.936053717917940730e+03 1.936053718006567578e+03 1.936053718076513178e+03 1.936053718128699529e+03 1.936053718164116617e+03 1.936053718183817409e+03 1.936053718188912853e+03 1.936053718180565738e+03 1.936053718159984783e+03 1.936053718128415994e+03 1.936053718087135621e+03 1.936053718037441058e+03 1.936053717980643569e+03 1.936053717918057146e+03 1.936053717850990552e+03 1.936053717780737543e+03
1.901536312077807679e+03 1.901536312637596211e+03 1.901536313174652832e+03 1.901536313688671498e+03 1.901536314179366400e+03 1.901536314646475375e+03 1.901536315089764230e+03 1.901536315509031510e+03 1.901536315904114417e+03 1.901536316274893579e+03 1.901536316621296692e+03 1.901536316943306701e+03 1.901536317240964308e+03 1.901536317514373877e+03 1.901536317763707757e+03 1.901536317989210147e+03 1.901536318191200962e+03 1.901536318370078561e+03 1.901536318526321793e+03 1.901536318660492043e+03 1.901536318773233006e+03 1.901536318865271141e+03 1.901536318937415444e+03 1.901536318990554037e+03 1.901536319025651665e+03 1.901536319043746062e+03 1.901536319045944310e+03 1.901536319033415566e+03 1.901536319007385146e+03 1.901536318969128615e+03 1.901536318919962241e+03 1.901536318861236168e+03 1.901536318794323506e+03 1.901536318720613053e+03 1.901536318641497701e+03 1.901536318558365792e+03 1.901536318472589528e+03
1.866939752666577533e+03 1.866939753218621718e+03 1.866939753747653640e+03 1.866939754253351794e+03 1.866939754735411952e+03 1.866939755193552401e+03 1.866939755627518480e+03 1.866939756037087136e+03 1.866939756422073970e+03 1.866939756782338236e+03 1.866939757117788076e+03 1.866939757428387566e+03 1.866939757714161260e+03 1.866939757975199882e+03 1.866939758211665776e+03 1.866939758423797002e+03 1.866939758611911657e+03 1.866939758776411054e+03 1.866939758917782228e+03 1.866939759036600208e+03 1.866939759133528696e+03 1.866939759209319845e+03 1.866939759264814256e+03 1.866939759300937794e+03 1.866939759318699316e+03 1.866939759319186805e+03 1.866939759303562141e+03 1.866939759273055188e+03 1.866939759228957428e+03 1.866939759172614458e+03 1.866939759105416442e+03 1.866939759028790832e+03 1.866939758944191226e+03 1.866939758853088051e+03 1.866939758756957872e+03 1.866939758657272478e+03 1.866939758555488197e+03
1.832302849605908023e+03 1.832302850150521408e+03 1.832302850671850138e+03 1.832302851169554287e+03 1.832302851643308941e+03 1.832302852092809644e+03 1.832302852517777637e+03 1.832302852917965765e+03 1.832302853293164162e+03 1.832302853643206845e+03 1.832302853967979217e+03 1.832302854267422390e+03 1.832302854541541137e+03 1.832302854790409583e+03 1.832302855014176430e+03 1.832302855213070870e+03 1.832302855387406225e+03 1.832302855537584719e+03 1.832302855664099752e+03 1.832302855767538858e+03 1.832302855848584613e+03 1.832302855908014408e+03 1.832302855946699992e+03 1.832302855965606341e+03 1.832302855965787330e+03 1.832302855948382103e+03 1.832302855914610518e+03 1.832302855865765650e+03 1.832302855803207876e+03 1.832302855728356235e+03 1.832302855642679333e+03 1.832302855547685567e+03 1.832302855444913575e+03 1.832302855335919730e+03 1.832302855222269500e+03 1.832302855105523349e+03 1.832302854987226056e+03
