BlockUplift_2Ma_1kryTimeStep_2mmyr_k_0.0001_m_0.5_n_1.0_LinDiffusion_1_6x3km_30mRes_topographic__elevation.txt
nrows 100
cellsize 30.0
xllcorner 0.0
ncols 200
yllcorner 0.0
[rows 68 to 84 of 100, columns 148 to 184 of 200]
4.107437273707648018e+01 4.130267130185073654e+01 4.213044970914522480e+01 4.351385242019068045e+01 4.537187646527227969e+01 4.759721180688542574e+01 5.006978258180881625e+01 5.267000307890366173e+01 5.528928818055699423e+01 5.783648467779284630e+01 6.024016697500689332e+01 6.244774756599830567e+01 6.442284599550350777e+01 6.614231986279452258e+01 6.759394042326277940e+01 6.877511827534600286e+01 6.969255342613061543e+01 7.036232381351608467e+01 7.080977827783947021e+01 7.106864498273468200e+01 7.117895683477736668e+01 7.118367790565244491e+01 7.112423694695274889e+01 7.103548207400928050e+01 7.094080612576574651e+01 7.084829675097579127e+01 7.074869581533079099e+01 7.061570085185172729e+01 7.040874618562678222e+01 7.007794658332826998e+01 6.957047806357959985e+01 6.883740550997973173e+01 6.783990262149580985e+01 6.655395102763139903e+01 6.497290879192198076e+01 6.310773246394146696e+01 6.098504428913241071e+01
3.987120015175231913e+01 4.014976326992725575e+01 4.102190020413286931e+01 4.244035786285321166e+01 4.432146187892694655e+01 4.655601000554938906e+01 4.902266880948040750e+01 5.160099043216474257e+01 5.418171635504032224e+01 5.667313638078559990e+01 5.900348701424274367e+01 6.112030934291512096e+01 6.298812505413032881e+01 6.458572687976949567e+01 6.590397229545622793e+01 6.694443313922391781e+01 6.771877613643960103e+01 6.824843948491434276e+01 6.856405710025153155e+01 6.870413829144030160e+01 6.871268741612752251e+01 6.863569600382489000e+01 6.851671564133854986e+01 6.839198183712814227e+01 6.828576101811161436e+01 6.820668601163595213e+01 6.814579060288693313e+01 6.807673912216347389e+01 6.795840123935948895e+01 6.773951410349117452e+01 6.736479560871006811e+01 6.678161135554535122e+01 6.594621059720577705e+01 6.482864532228762755e+01 6.341574169291555307e+01 6.171184687551540549e+01 5.973745978057922201e+01
3.873910705659843501e+01 3.907297180470869336e+01 3.999272219640050707e+01 4.144725567502469943e+01 4.334985103432305209e+01 4.558916951730181921e+01 4.804255606441942206e+01 5.058885374928059520e+01 5.311851918365266556e+01 5.553990331776425649e+01 5.778171857876421313e+01 5.979258130525170856e+01 6.153890668569290767e+01 6.300235422941175756e+01 6.417763275871710960e+01 6.507098143815198910e+01 6.569921855031705604e+01 6.608898581397369298e+01 6.627572957886597749e+01 6.630201905804563012e+01 6.621495752931484446e+01 6.606265180029416229e+01 6.588993463080572610e+01 6.573375381058420430e+01 6.561881470938956795e+01 6.555414916828631533e+01 6.553124589527142518e+01 6.552420056060196885e+01 6.549204695016587152e+01 6.538306975183928671e+01 6.514055374812993193e+01 6.470917172981421572e+01 6.404110892885847761e+01 6.310108287905691071e+01 6.186962564762253436e+01 6.034430594597699127e+01 5.853892513528527530e+01
3.766982015766974001e+01 3.806330654286365700e+01 3.903296746963687269e+01 4.052343236132669801e+01 4.244462749300543436e+01 4.468293507328410641e+01 4.711444062920126896e+01 4.961757156114570222e+01 5.208302907609646581e+01 5.441996884334972862e+01 5.655848545014764284e+01 5.844926015760691485e+01 6.006157483874163461e+01 6.138080430969370127e+01 6.240613233423261619e+01 6.314878838129965288e+01 6.363072704140119384e+01 6.388344736741755980e+01 6.394658155371919150e+01 6.386593581468348901e+01 6.369079573295127972e+01 6.347047783774879548e+01 6.325029490960933032e+01 6.306728397026991928e+01 6.294619598039768249e+01 6.289632914840141353e+01 6.290976809602746300e+01 6.296145010590674218e+01 6.301122895445375605e+01 6.300779157661040841e+01 6.289397067882461556e+01 6.261275710310322040e+01 6.211320046068562561e+01 6.135541608236732714e+01 6.031408064837580696e+01 5.898006502386402872e+01 5.736017482301524240e+01
3.665285221197765253e+01 3.710917181195656411e+01 3.812975711582319605e+01 3.965461544010425854e+01 4.159011184247979998e+01 4.382032838972873634e+01 4.622028832631456652e+01 4.866843217481425654e+01 5.105635646590000221e+01 5.329485679426660028e+01 5.531636331976886112e+01 5.707460293116756844e+01 5.854262672934302714e+01 5.971024422160000711e+01 6.058156295537877867e+01 6.117292670510698827e+01 6.151121422902741642e+01 6.163226702293867021e+01 6.157915650156066789e+01 6.140004223874932165e+01 6.114547285754374428e+01 6.086511217312769872e+01 6.060402038803579927e+01 6.039877094811086522e+01 6.027381685403432954e+01 6.023860331091501763e+01 6.028592164373355189e+01 6.039189086041388776e+01 6.051774392984754769e+01 6.061332261396515975e+01 6.062190594448405534e+01 6.048577486975917594e+01 6.015179605413840846e+01 5.957631284595416332e+01 5.872875694836543659e+01 5.759361683161446166e+01 5.617068256366702883e+01
3.567685041367246868e+01 3.619781077045836781e+01 3.726881768802525841e+01 3.882499220012714147e+01 4.076904683860666978e+01 4.298287644625881398e+01 4.534077631183543389e+01 4.772175437265186559e+01 5.001905174493327166e+01 5.214599629264058933e+01 5.403831112849520935e+01 5.565369355230307491e+01 5.696975136274929241e+01 5.798128360104361434e+01 5.869757475871952579e+01 5.914000458374315627e+01 5.933998119847586139e+01 5.933703365045227685e+01 5.917684364940942032e+01 5.890902008270688128e+01 5.858448975823689864e+01 5.825247414406408808e+01 5.795713737505596441e+01 5.773411857518011203e+01 5.760728381848444712e+01 5.758611885600831926e+01 5.766419795790760361e+01 5.781908341932592776e+01 5.801383641319089435e+01 5.820008393272278369e+01 5.832233972404730338e+01 5.832307394979660131e+01 5.814790860888657420e+01 5.775030370941231439e+01 5.709519199382850729e+01 5.616120134317415591e+01 5.494134727723626099e+01
3.473065853725591978e+01 3.531646322377090996e+01 3.643572862723850392e+01 3.801853481867330231e+01 3.996398189804762069e+01 4.215203090707861833e+01 4.445671782517248971e+01 4.675828425154799106e+01 4.895243924481837894e+01 5.095595850236214375e+01 5.270877941377005982e+01 5.417339756543712781e+01 5.533261405267568733e+01 5.618658306452270068e+01 5.674981424678377095e+01 5.704845038699553328e+01 5.711787462506727309e+01 5.700054275272714222e+01 5.674387447802186557e+01 5.639804105863851191e+01 5.601352818463917771e+01 5.563842029803770117e+01 5.531544415076150756e+01 5.507892174598655544e+01 5.495189939800618362e+01 5.494380966069699923e+01 5.504905081293496494e+01 5.524681008137822857e+01 5.550231178932421017e+01 5.576946750947109877e+01 5.599468795303429403e+01 5.612143419212758744e+01 5.609497519765464091e+01 5.586679683521223438e+01 5.539817433159680604e+01 5.466256437871790297e+01 5.364667593249119193e+01
3.380397569799485780e+01 3.445311042167920590e+01 3.561674926566844590e+01 3.721990052447477382e+01 3.915823160915316947e+01 4.131016448293024013e+01 4.355007091172625877e+01 4.576018708474008889e+01 4.783956109972056225e+01 4.970932178514129873e+01 5.131446926093196481e+01 5.262299353583145489e+01 5.362334773815515376e+01 5.432120349750069721e+01 5.473614060694262662e+01 5.489861484514658230e+01 5.484730057421928962e+01 5.462675084976351059e+01 5.428524572570987061e+01 5.387268206190782394e+01 5.343837505441706526e+01 5.302868693077196838e+01 5.268447397455770442e+01 5.243844685219614377e+01 5.231265422983408087e+01 5.231639435180537845e+01 5.244489781641696879e+01 5.267908291087520922e+01 5.298656213441431362e+01 5.332390056685284208e+01 5.363993581647785192e+01 5.387980873147388650e+01 5.398925471988032143e+01 5.391868048723451068e+01 5.362659897114080110e+01 5.308210746833698579e+01 5.226625829353807262e+01
3.288757110574425013e+01 3.359676374325410819e+01 3.479918291541832076e+01 3.641486819162456356e+01 3.833637651276776381e+01 4.044112160895632258e+01 4.260451885929684579e+01 4.471163247376544092e+01 4.666573901272974467e+01 4.839318161499134163e+01 4.984476480830242195e+01 5.099450885384305110e+01 5.183678184091274233e+01 5.238272830456777029e+01 5.265665212826493757e+01 5.269272092429812204e+01 5.253212232848809293e+01 5.222064694961125753e+01 5.180658755939682436e+01 5.133880754388795253e+01 5.086482941350286779e+01 5.042882476924410895e+01 5.006945441702298893e+01 4.981760828352633297e+01 4.969421100557396187e+01 4.970835793316068418e+01 4.985609208298870954e+01 5.012010192931589359e+01 5.047051327188478353e+01 5.086679107958778445e+01 5.126059923420812936e+01 5.159932670057408899e+01 5.182990349244330019e+01 5.190250719745380792e+01 5.177379674492720341e+01 5.140939648695943021e+01 5.078548304729308427e+01
3.197309536811492237e+01 3.273734097640477358e+01 3.397132561475297763e+01 3.559036317769525226e+01 3.748436206218506328e+01 3.953038270607138571e+01 4.160568372542336135e+01 4.359903473524754958e+01 4.541881488766733810e+01 4.699736392710752853e+01 4.829189478369903554e+01 4.928281169273573425e+01 4.997045641898368018e+01 5.037120218750672507e+01 5.051356183494288388e+01 5.043469571779009897e+01 5.017747133156557027e+01 4.978806468625192849e+01 4.931399495629329977e+01 4.880243188140910604e+01 4.829860046197382673e+01 4.784413075618719802e+01 4.747526580253776274e+01 4.722094295686971321e+01 4.710088276525002016e+01 4.712392130581734051e+01 4.728687157798033525e+01 4.757417528975132370e+01 4.795851045736985441e+01 4.840237851789184731e+01 4.886054601256623897e+01 4.928309635299454783e+01 4.961877779999509386e+01 4.981831800348271599e+01 4.983740560356260829e+01 4.963910651523023176e+01 4.919558196413977669e+01
3.105260297319822627e+01 3.186525079298840879e+01 3.312212412515783200e+01 3.473419640281801435e+01 3.658932017178210572e+01 3.856496177868606168e+01 4.054108529103467617e+01 4.241105135301625495e+01 4.408916248211021127e+01 4.551442318087816119e+01 4.665089408371463975e+01 4.748552096001429845e+01 4.802447549401670557e+01 4.828893336893629851e+01 4.831096292221089783e+01 4.812991887228647414e+01 4.778949975723900678e+01 4.733545769173377238e+01 4.681383920059117543e+01 4.626957357688951333e+01 4.574520431468502579e+01 4.527958157781127824e+01 4.490640163856347300e+01 4.465258528804014304e+01 4.453660882234050433e+01 4.456700420992964951e+01 4.474129543508350082e+01 4.504561625885268228e+01 4.545516505713834476e+01 4.593552203413621271e+01 4.644472126199728734e+01 4.693586832512423968e+01 4.736004108572174687e+01 4.766920516933824103e+01 4.781890554037923380e+01 4.777054997316361096e+01 4.749317576799885643e+01
3.011795541583286706e+01 3.097086026799384584e+01 3.224071911427864023e+01 3.383468985507916216e+01 3.563927698100064845e+01 3.753318825135005454e+01 3.939998063441728249e+01 4.113845751035144360e+01 4.266957100495869781e+01 4.393951036053875470e+01 4.491943713246782011e+01 4.560279495029787711e+01 4.600125142016590729e+01 4.614020388135683959e+01 4.605452228014269167e+01 4.578491987388075302e+01 4.537510117538764831e+01 4.486965894998089510e+01 4.431257487886836799e+01 4.374611198479666996e+01 4.320986645672919479e+01 4.273977328032403733e+01 4.236693394024628390e+01 4.211624525117851192e+01 4.200493188698919766e+01 4.204118736382525157e+01 4.222317674595990411e+01 4.253863209366523535e+01 4.296518520021336229e+01 4.347145973038666966e+01 4.401882455386247983e+01 4.456362383035810382e+01 4.505966152069285613e+01 4.546072361955949503e+01 4.572295505142584915e+01 4.580695607506491029e+01 4.567952124685422888e+01
2.916029833571388608e+01 3.004404056202203321e+01 3.131606488449942560e+01 3.288037044199982262e+01 3.462291422582536882e+01 3.642452212602461259e+01 3.817321310895086839e+01 3.977400514080085259e+01 4.115509041338178520e+01 4.227018480903335984e+01 4.309760433650114919e+01 4.363705049296952865e+01 4.390518490627145809e+01 4.393092677887391773e+01 4.375113580691473203e+01 4.340705280076156924e+01 4.294162271354971239e+01 4.239764234869629433e+01 4.181655575149692794e+01 4.123765578730794346e+01 4.069743589643561421e+01 4.022887080131552295e+01 3.986048613450086719e+01 3.961519204694246810e+01 3.950897970795962522e+01 3.954967897660917231e+01 3.973602014819999795e+01 4.005721795549726494e+01 4.049321048409740342e+01 4.101556860945236593e+01 4.158898091531556673e+01 4.217314558858557660e+01 4.272487668329147681e+01 4.320024971574193273e+01 4.355665205557259867e+01 4.375465029751651969e+01 4.375963422950522386e+01
2.816979039124824169e+01 2.907396491047487075e+01 3.033679113189998588e+01 3.185988426504866666e+01 3.352951918395986297e+01 3.522951823319818487e+01 3.685316711361551967e+01 3.831234508636118363e+01 3.954290208232863080e+01 4.050622213457697285e+01 4.118762578039722655e+01 4.159265125382229655e+01 4.174231544515154724e+01 4.166828169012570982e+01 4.140857343180478978e+01 4.100417247360628892e+01 4.049658822756790499e+01 3.992630142432642515e+01 3.933187029674999025e+01 3.874943049833272823e+01 3.821231566656940259e+01 3.775057036893613827e+01 3.739021565423308147e+01 3.715224539491101297e+01 3.705145384493803107e+01 3.709528959278146942e+01 3.728297046571685769e+01 3.760506567778922715e+01 3.804366576449751847e+01 3.857314747270299193e+01 3.916143744162334173e+01 3.977161514704132372e+01 4.036368307093783869e+01 4.089636089789773621e+01 4.132880957884274409e+01 4.162224088257762133e+01 4.174141078724537124e+01
2.713570498177655921e+01 2.804927144198499533e+01 2.929140775536626862e+01 3.076221866207422551e+01 3.234919585445008039e+01 3.393999795056504354e+01 3.543387450433446162e+01 3.675004846208302212e+01 3.783224441027454787e+01 3.864944421466962154e+01 3.919362687660789391e+01 3.947558974498620188e+01 3.951996662013161199e+01 3.936035236435347429e+01 3.903513556328564960e+01 3.858433071768381240e+01 3.804744750991261526e+01 3.746225648879819659e+01 3.686420462135291842e+01 3.628618988358287822e+01 3.575841258567446346e+01 3.530807650007670162e+01 3.495880742940300934e+01 3.472977563487268782e+01 3.463462714418776045e+01 3.468041765799892318e+01 3.486677617391045914e+01 3.518549334864903955e+01 3.562064326636770062e+01 3.614923661947911171e+01 3.674230547690714843e+01 3.736626406496258568e+01 3.798438656711134342e+01 3.855828153732998942e+01 3.904930054872543366e+01 3.941987449931055920e+01 3.963481419550213758e+01
2.604693762181812389e+01 2.695861237221246753e+01 2.816886349103097231e+01 2.957723339408828167e+01 3.107333156793649920e+01 3.254941829142099152e+01 3.391126146623663118e+01 3.508571803499102515e+01 3.602438858839636993e+01 3.670357234020573145e+01 3.712138300351296749e+01 3.729317510636113298e+01 3.724640160528070254e+01 3.701578266070921330e+01 3.663933656554164742e+01 3.615550602376782052e+01 3.560136173251000002e+01 3.501169715244243008e+01 3.441873699463054948e+01 3.385215350208604690e+01 3.333910718954767560e+01 3.290409385421283872e+01 3.256847832963842393e+01 3.234971275773197874e+01 3.226035025688140934e+01 3.230704650009452195e+01 3.248976895966447387e+01 3.280139793848801588e+01 3.322781678826682139e+01 3.374848041145829569e+01 3.433735753874250918e+01 3.496409198053540024e+01 3.559523116672216503e+01 3.619541653928340708e+01 3.672849676788150930e+01 3.715858820549976826e+01 3.745115462285712482e+01
2.489285172584052219e+01 2.579151198789103816e+01 2.695937456635664375e+01 2.829641577938554775e+01 2.969523745013820815e+01 3.105336503534840986e+01 3.228347447967502859e+01 3.332014256212810466e+01 3.412263252818767256e+01 3.467408566106036005e+01 3.497807720756858174e+01 3.505372950016882072e+01 3.493049700819798886e+01 3.464346124066732813e+01 3.422962513622046288e+01 3.372537451667002983e+01 3.316503041036587973e+01 3.258026298505058804e+01 3.200006474107541976e+01 3.145096980809621812e+01 3.095724263623208117e+01 3.054083258798825895e+01 3.022099129970234799e+01 3.001356326600684099e+01 2.993006620041169441e+01 2.997675173257251657e+01 3.015385834279846122e+01 3.045522995970522473e+01 3.086838720896268384e+01 3.137503246624699571e+01 3.195187971369228919e+01 3.257165362858366819e+01 3.320410958964944825e+01 3.381697782472002700e+01 3.437680827297861441e+01 3.484976419584500462e+01 3.520246719803043334e+01
