BlockUplift_2Ma_1kryTimeStep_2mmyr_k_5e-05_m_0.5_n_1.0_LinDiffusion_0.5_6x3km_30mRes_topographic__steepest_slope.txt
nrows 100
cellsize 30.0
xllcorner 0.0
ncols 200
yllcorner 0.0
[rows 68 to 84 of 100, columns 74 to 110 of 200]
3.155412162883085014e-01 2.974926992876139042e-01 2.738153471845607423e-01 2.444863163634262426e-01 2.098183278356324788e-01 1.794512619207485615e-01 1.751644324010896980e-01 1.944131912764829606e-01 2.239562921000196605e-01 2.488684254029817355e-01 2.690829007209999402e-01 3.047688465586285700e-01 3.361157121613719823e-01 3.614765285724160782e-01 3.813807466160407667e-01 3.964378047234409785e-01 4.072274641127478501e-01 4.141327466004213198e-01 4.170439867620141516e-01 4.149257882341184089e-01 4.053876310359470492e-01 3.845778118194393413e-01 3.477870435195967724e-01 2.909380028319086819e-01 2.126256230663803592e-01 1.166679156542269752e-01 4.917964123788844122e-02 4.762581783543851088e-02 1.041792321296513973e-01 1.969455675931053862e-01 2.757879735464617288e-01 3.331157056712309439e-01 3.702756291197981109e-01 3.914114381233304019e-01 4.013929758870896647e-01 4.042731324175472540e-01 4.026455302379152723e-01
3.237465491248125438e-01 3.058451441921513636e-01 2.828176456588353260e-01 2.547805622883460019e-01 2.220802941734793534e-01 2.000664408225910906e-01 1.962619739254894968e-01 2.019533891736926823e-01 2.296924505578170350e-01 2.532486503893380814e-01 2.725613838536487532e-01 2.893515954540873958e-01 3.213153527463077919e-01 3.478116861038548224e-01 3.693005108119829516e-01 3.863282830129653456e-01 3.993972622595123312e-01 4.087876770607285493e-01 4.142591565948919308e-01 4.146140893583748488e-01 4.072601739768354490e-01 3.881025399718330271e-01 3.521730852636314468e-01 2.951880274809960958e-01 2.156855228092704746e-01 1.168025460518852809e-01 4.755943452438676083e-02 4.639294794508733166e-02 1.061476146784947061e-01 2.028132417647460217e-01 2.825361409451573880e-01 3.396602232370725116e-01 3.756353048687079421e-01 3.948307422225620367e-01 4.023667614889698263e-01 4.025123177326150881e-01 3.980292990836905576e-01
3.311896619533762354e-01 3.131865821634361446e-01 2.906939627923736946e-01 2.639645061946981341e-01 2.333653382801805787e-01 2.205062706630769864e-01 2.174118329411347250e-01 2.104400847042939005e-01 2.356692010146503313e-01 2.578534872465989003e-01 2.762995793426751279e-01 2.910534398427497838e-01 3.055109741919181943e-01 3.328374284813359618e-01 3.555746806710260444e-01 3.742499561596891455e-01 3.893389385871358632e-01 4.010626293915057206e-01 4.090767713823396656e-01 4.120287808672751795e-01 4.071137640567125682e-01 3.899677451090326485e-01 3.553262250402762223e-01 2.986553960314163869e-01 2.183964085486062856e-01 1.178336499876185967e-01 4.667749827696733578e-02 4.592617296548742734e-02 1.081608613928272122e-01 2.076671524529321855e-01 2.879440765122486257e-01 3.445204850199246605e-01 3.789671997236183643e-01 3.959128079315083482e-01 4.007684128360011755e-01 3.980572157186382243e-01 3.907364643820718242e-01
3.370391917972835327e-01 3.188137184562847004e-01 2.968532954949333336e-01 2.715363244457701386e-01 2.432339615883332973e-01 2.404515709794452505e-01 2.382429903296629792e-01 2.318494090276412012e-01 2.416046974962065275e-01 2.623733436260122232e-01 2.799828719370341945e-01 2.943860301659287915e-01 3.056167139880292538e-01 3.169935007537693084e-01 3.406325342109558507e-01 3.605540598756761250e-01 3.772658827553726502e-01 3.909970515637856692e-01 4.013582791998904775e-01 4.068803544020606067e-01 4.045576709928696002e-01 3.897418464814279560e-01 3.568334170488810519e-01 3.009956806527924189e-01 2.205192238407221450e-01 1.187962469256045039e-01 4.783676310637759166e-02 4.745905874348561176e-02 1.109743279125161713e-01 2.112168778349030052e-01 2.916211038030127045e-01 3.472441073950884860e-01 3.798093259104139974e-01 3.942483353483519637e-01 3.963061510830783729e-01 3.907894264059393885e-01 3.808558205877536351e-01
3.405841911696073088e-01 3.221817537659039110e-01 3.008773949392613001e-01 2.771628065863608881e-01 2.566575885084413922e-01 2.596859028177978534e-01 2.584686415203426013e-01 2.527205486479165986e-01 2.472412636259218310e-01 2.665132750965005792e-01 2.832900150325837196e-01 2.974346825424097895e-01 3.088116368571910964e-01 3.174420615525247458e-01 3.250550081245336398e-01 3.458282202973322339e-01 3.636939356743492113e-01 3.789668210890113076e-01 3.912975119386506440e-01 3.991718053571948754e-01 3.994268077973003872e-01 3.871380773708864576e-01 3.563460421448240711e-01 3.018619311159265184e-01 2.217676213427125786e-01 1.215731337695526854e-01 5.241857964045663898e-02 5.232743138689575912e-02 1.154605754213115232e-01 2.132358255928835378e-01 2.932581899049144791e-01 3.475007305333860930e-01 3.778818670352573350e-01 3.896799614575295889e-01 3.890043122663409125e-01 3.809484955759993574e-01 3.688395247579450142e-01
3.413029912275503119e-01 3.229463652618498881e-01 3.025429202616711777e-01 2.806876100897532367e-01 2.736618475908471626e-01 2.780576981606884823e-01 2.778579331758692095e-01 2.727722508577831717e-01 2.631855568816036106e-01 2.700022879511859708e-01 2.859027504834831812e-01 2.998361964900571608e-01 3.114957607372039194e-01 3.207003566287989216e-01 3.275079393520443638e-01 3.322171896070087449e-01 3.493685702810002680e-01 3.656609701868556161e-01 3.794487097068355297e-01 3.892696543033565826e-01 3.918808447327080668e-01 3.821248658213969862e-01 3.536869024157008878e-01 3.009979816031394528e-01 2.218815180294844425e-01 1.281638362014392851e-01 6.146681601236328452e-02 6.156639385638224687e-02 1.223286895883404085e-01 2.136001177156742759e-01 2.926996976484531610e-01 3.451809996012230042e-01 3.732005487318351133e-01 3.824107323098085431e-01 3.792845248662047308e-01 3.691655738581317570e-01 3.554769641039589034e-01
3.389159877887259475e-01 3.209854624394990474e-01 3.018232591394575670e-01 2.821216889455336330e-01 2.897374039602292894e-01 2.954432468672488765e-01 2.962078315286286734e-01 2.917605468705763427e-01 2.825013077757527191e-01 2.726092468827874260e-01 2.875320574342510871e-01 3.012294931882044668e-01 3.132348340040230772e-01 3.231631110618118918e-01 3.308747764940569991e-01 3.365136502199481683e-01 3.404374606630650724e-01 3.519695783202564376e-01 3.666641469385448771e-01 3.778947312716913753e-01 3.824418008774264077e-01 3.749973202176534182e-01 3.489400883236565276e-01 2.983317356064143500e-01 2.207109897702783374e-01 1.377025549766269230e-01 7.527669956082452818e-02 7.549228563865142960e-02 1.318254125877781069e-01 2.123163832747574642e-01 2.899978416032610307e-01 3.404649958630140416e-01 3.661402752049184306e-01 3.730412496576510084e-01 3.679568708033750801e-01 3.563971019196259249e-01 3.417720306966041677e-01
3.334290340356346749e-01 3.164096522340760775e-01 2.988792602676308974e-01 2.936348983724296202e-01 3.048800002703008771e-01 3.117211034606706677e-01 3.133254599534287532e-01 3.094634691450626751e-01 3.005320799490277528e-01 2.874723768173870209e-01 2.879595581828227058e-01 3.013173751485490048e-01 3.136374120133585408e-01 3.243443262985291620e-01 3.331006137489955776e-01 3.398832286349131038e-01 3.449378804340174631e-01 3.486063808203306302e-01 3.539366499962312562e-01 3.660115886976010868e-01 3.719378824698443275e-01 3.663725399992803777e-01 3.424863097960165192e-01 2.940338174401451732e-01 2.212848853478100453e-01 1.496434338450849388e-01 9.312662941857373367e-02 9.341446487604704307e-02 1.435286721577152536e-01 2.156991257618817159e-01 2.854376457321061711e-01 3.338360102027849163e-01 3.574173040368814891e-01 3.625035928616455183e-01 3.560978819457830125e-01 3.452670256576544916e-01 3.427877788440256146e-01
3.251636720129643665e-01 3.095623500646794701e-01 2.940419618537085666e-01 3.066237044257812960e-01 3.190605248156127005e-01 3.267605301880953106e-01 3.290231910617118505e-01 3.256764213819745013e-01 3.170926669258269381e-01 3.041418438709664884e-01 2.880752861829913858e-01 2.999260957091497426e-01 3.124391488090459412e-01 3.238749511280468174e-01 3.337100085209463995e-01 3.417512823189894355e-01 3.481177057986370449e-01 3.530775818678349998e-01 3.567099861152194240e-01 3.583910216813827043e-01 3.613478414266902972e-01 3.570901186184187170e-01 3.349575744072543215e-01 2.885132709541617380e-01 2.333623802285729187e-01 1.628045962808179203e-01 1.132768347845370671e-01 1.136144900614515507e-01 1.563335537256055618e-01 2.275328536107117661e-01 2.831680158589419127e-01 3.260230128115599313e-01 3.479764644274458418e-01 3.518890554810752969e-01 3.531327206464446866e-01 3.511472493415630503e-01 3.473399152329275652e-01
3.147531109980686859e-01 3.009983953794709843e-01 3.017917109036299395e-01 3.190290122681100349e-01 3.322134984216376097e-01 3.404213331003565490e-01 3.431235072193393187e-01 3.402154778788352707e-01 3.320244527937935008e-01 3.192984036720010743e-01 3.031584486516256671e-01 2.970343176583092881e-01 3.095507846183120915e-01 3.215728626376100352e-01 3.324124147280116959e-01 3.417105619127112637e-01 3.494483506856992938e-01 3.557991126536775295e-01 3.607885037074811674e-01 3.637686960957292603e-01 3.628477360535196095e-01 3.546082038285490734e-01 3.345505347102598614e-01 2.985036964830395934e-01 2.446995740809755904e-01 1.755723594159394885e-01 1.332772154901547823e-01 1.336456981062449645e-01 1.686631651873439219e-01 2.385219642707768206e-01 2.930080522478947236e-01 3.295271284186072625e-01 3.497619643201519968e-01 3.578998132074947547e-01 3.585374223561640372e-01 3.552253775260749702e-01 3.499838854034322266e-01
3.030757229416897736e-01 2.917195361956838040e-01 3.130009851151461242e-01 3.308297548771008678e-01 3.442352198944774733e-01 3.525608619495111951e-01 3.554691746897863935e-01 3.529251671836201587e-01 3.451939384801174238e-01 3.328619227664205704e-01 3.168552234622609154e-01 2.984081937549670216e-01 3.050565407866736023e-01 3.174550636570953044e-01 3.291332061326591174e-01 3.395760591384280880e-01 3.486191856120635091e-01 3.563210541702709899e-01 3.626297661660628502e-01 3.668551181200997435e-01 3.670955649119072017e-01 3.599592077469319640e-01 3.410099829395383253e-01 3.061694845055548120e-01 2.537596064112929151e-01 1.862496169025129600e-01 1.505085535572770195e-01 1.508787736334132601e-01 1.788433252917466521e-01 2.471480320489884974e-01 3.003252369788428910e-01 3.357296484300940631e-01 3.549387982885599535e-01 3.620340756496123746e-01 3.615384303835422197e-01 3.569693172582500407e-01 3.503499527561502735e-01
2.911158530071058514e-01 3.025226197624495961e-01 3.242052573963415396e-01 3.419163278749465240e-01 3.549892975737861667e-01 3.630445967498066584e-01 3.659347817946714820e-01 3.636879362660560555e-01 3.564956644485391957e-01 3.447594255755916381e-01 3.291648121355592593e-01 3.107245118504361470e-01 2.991760054747032993e-01 3.117043105533087721e-01 3.239913766611003387e-01 3.353810889078170931e-01 3.455601217820568061e-01 3.544550956747573589e-01 3.619150121435195100e-01 3.671923088815897684e-01 3.683776473442484933e-01 3.621279328516916474e-01 3.441091595386351898e-01 3.103700879032248450e-01 2.593269818164484208e-01 1.934405748434221417e-01 1.627870713848646178e-01 1.631169945126255127e-01 1.855120795894881491e-01 2.522178170592450641e-01 3.040881667835210189e-01 3.384695423170215323e-01 3.568289523009016140e-01 3.631061239896095638e-01 3.617097371843073783e-01 3.560982763812746699e-01 3.482934120736336236e-01
2.892432288764069659e-01 3.140388366533964359e-01 3.352154007942800829e-01 3.520978853046415336e-01 3.643190255045974935e-01 3.717579105729271194e-01 3.744365747265305799e-01 3.724325846973546850e-01 3.658587206943347270e-01 3.549256055548302702e-01 3.400569387447338610e-01 3.219938818107143108e-01 3.018225457403663770e-01 3.046160182336223876e-01 3.172493675812280700e-01 3.293359322729235150e-01 3.404159069401876958e-01 3.502718340576590483e-01 3.586354903640177616e-01 3.646891858045918089e-01 3.665179859189532374e-01 3.608480225462205038e-01 3.434791195575906952e-01 3.106135928831004756e-01 2.607637457441209783e-01 1.963497472325534399e-01 1.688415586353945175e-01 1.690826698716439980e-01 1.879282671865616927e-01 2.531385015101326186e-01 3.038435529623439435e-01 3.374129948178522520e-01 3.551998693483224279e-01 3.609733733749891371e-01 3.589932971460362832e-01 3.526358745113146176e-01 3.439166277619417622e-01
3.020836994739710124e-01 3.258859713310717776e-01 3.457011589512423710e-01 3.611271035752773861e-01 3.720661544930834452e-01 3.786173356428870762e-01 3.809384745837490760e-01 3.791390189598113358e-01 3.732535824573896543e-01 3.633120382714186691e-01 3.494787947072163781e-01 3.322007815865248292e-01 3.122952267118392911e-01 2.965469557015337765e-01 3.092585138076517359e-01 3.217723580164530972e-01 3.334923737767244711e-01 3.440518299167810712e-01 3.530517138637876973e-01 3.595924398473548389e-01 3.617521621762236905e-01 3.563381223850021762e-01 3.393037398039908670e-01 3.070211993124536964e-01 2.581011721733563191e-01 1.949107716727759010e-01 1.685299077412248381e-01 1.686376081669687665e-01 1.860939345772104070e-01 2.500079319886314155e-01 2.997754155817025090e-01 3.328023257814862745e-01 3.503239398681282646e-01 3.559199836991266963e-01 3.536786853415934684e-01 3.468796324860446423e-01 3.375318890612462042e-01
3.156286978817651745e-01 3.374940662114170320e-01 3.552496531337889230e-01 3.687402340119206312e-01 3.780936671577904695e-01 3.835798210505279027e-01 3.854533137294500755e-01 3.838376952155527766e-01 3.786954990611463012e-01 3.698982036954570618e-01 3.573735218060714036e-01 3.412777511358910942e-01 3.221287123404371067e-01 3.008448229479246949e-01 3.004133740130282559e-01 3.130906597506848410e-01 3.251944308851997811e-01 3.362126430066531002e-01 3.456082042457017112e-01 3.523889940714619584e-01 3.546196232205026111e-01 3.491888568021224715e-01 3.322090465993911557e-01 3.002280752118568485e-01 2.519597185195543432e-01 1.897269617968525834e-01 1.627625324088559922e-01 1.627055414887768336e-01 1.806801679815203399e-01 2.435201841679204282e-01 2.925924279861423782e-01 3.253330268966653782e-01 3.428547590643688525e-01 3.485404413245296040e-01 3.462993231451019782e-01 3.393122666478937122e-01 3.295877931011990669e-01
3.289899539003196538e-01 3.482257634888024089e-01 3.634440284364037210e-01 3.747031220630229198e-01 3.823077013908933730e-01 3.866484434152747673e-01 3.880395252918731330e-01 3.866039169479449922e-01 3.822425297128679289e-01 3.746984449548572682e-01 3.636991227498602708e-01 3.491353961205447831e-01 3.312224390112826766e-01 3.105890545412288706e-01 2.911187485922137608e-01 3.037177994733217257e-01 3.159711195972211839e-01 3.272356023501660771e-01 3.368369389066906416e-01 3.436826855729323560e-01 3.458131205776397987e-01 3.401883812589503453e-01 3.230718373502662333e-01 2.911837013361041060e-01 2.433478721532188471e-01 1.818693912881203245e-01 1.531984787995668285e-01 1.529647794487900003e-01 1.728105010632360328e-01 2.347478218633216873e-01 2.833112425997372785e-01 3.159460334331012366e-01 3.336378154562901766e-01 3.395762137737655117e-01 3.374988232104059738e-01 3.304973564095269878e-01 3.205906324605675706e-01
3.413037652305585534e-01 3.575015262810637973e-01 3.699380773841729475e-01 3.788502424852718264e-01 3.846729869517067635e-01 3.878733683458885362e-01 3.887943897142008831e-01 3.875486856681770176e-01 3.839888688992137422e-01 3.777626615311068803e-01 3.684409362837707813e-01 3.556891266840731536e-01 3.394396173722270538e-01 3.200174583346883650e-01 2.981779375602381377e-01 2.940786845894010626e-01 3.062761750249323733e-01 3.176100085148076957e-01 3.272789020622994816e-01 3.340876778303994987e-01 3.360407847444342733e-01 3.301531727834111640e-01 3.128223844523033703e-01 2.809313155357829328e-01 2.334221478879623668e-01 1.726175949009347010e-01 1.418431165059923782e-01 1.414419339179052715e-01 1.637915808557067476e-01 2.248896365761439142e-01 2.730232534381545340e-01 3.056185724619305266e-01 3.235309736589847551e-01 3.297693538909913236e-01 3.279177395482580915e-01 3.209958015679279519e-01 3.110447247902436985e-01
