BlockUplift_2Ma_1kryTimeStep_5mmyr_k_0.0001_m_0.5_n_1.0_LinDiffusion_1.0_6x3km_30mRes_drainage_area.txt
nrows 100
cellsize 30.0
xllcorner 0.0
ncols 200
yllcorner 0.0
[rows 17 to 33 of 100, columns 111 to 147 of 200]
1.530000000000000000e+04 1.530000000000000000e+04 1.350000000000000000e+04 1.260000000000000000e+04 1.170000000000000000e+04 9.900000000000000000e+03 9.000000000000000000e+03 8.100000000000000000e+03 7.200000000000000000e+03 6.300000000000000000e+03 5.400000000000000000e+03 4.500000000000000000e+03 3.600000000000000000e+03 2.700000000000000000e+03 1.080000000000000000e+04 1.800000000000000000e+03 9.000000000000000000e+02 1.440000000000000000e+04 1.260000000000000000e+04 9.000000000000000000e+03 9.000000000000000000e+02 1.800000000000000000e+03 2.700000000000000000e+03 3.600000000000000000e+03 4.500000000000000000e+03 5.400000000000000000e+03 6.300000000000000000e+03 7.200000000000000000e+03 8.100000000000000000e+03 9.900000000000000000e+03 1.080000000000000000e+04 1.170000000000000000e+04 1.350000000000000000e+04 1.440000000000000000e+04 1.377000000000000000e+05 1.620000000000000000e+04 1.710000000000000000e+04
1.620000000000000000e+04 1.440000000000000000e+04 1.350000000000000000e+04 1.260000000000000000e+04 1.080000000000000000e+04 9.900000000000000000e+03 9.000000000000000000e+03 8.100000000000000000e+03 7.200000000000000000e+03 6.300000000000000000e+03 5.400000000000000000e+03 4.500000000000000000e+03 3.600000000000000000e+03 1.170000000000000000e+04 2.700000000000000000e+03 1.800000000000000000e+03 9.000000000000000000e+02 1.530000000000000000e+04 1.350000000000000000e+04 9.900000000000000000e+03 9.000000000000000000e+02 1.800000000000000000e+03 2.700000000000000000e+03 3.600000000000000000e+03 4.500000000000000000e+03 5.400000000000000000e+03 6.300000000000000000e+03 7.200000000000000000e+03 8.100000000000000000e+03 9.000000000000000000e+03 1.080000000000000000e+04 1.170000000000000000e+04 1.260000000000000000e+04 1.440000000000000000e+04 1.530000000000000000e+05 1.710000000000000000e+04 1.800000000000000000e+04
1.530000000000000000e+04 1.440000000000000000e+04 1.350000000000000000e+04 1.170000000000000000e+04 1.080000000000000000e+04 9.900000000000000000e+03 9.000000000000000000e+03 8.100000000000000000e+03 7.200000000000000000e+03 6.300000000000000000e+03 5.400000000000000000e+03 4.500000000000000000e+03 1.260000000000000000e+04 3.600000000000000000e+03 2.700000000000000000e+03 1.800000000000000000e+03 9.000000000000000000e+02 1.620000000000000000e+04 1.440000000000000000e+04 1.080000000000000000e+04 9.000000000000000000e+02 1.800000000000000000e+03 2.700000000000000000e+03 3.600000000000000000e+03 4.500000000000000000e+03 5.400000000000000000e+03 6.300000000000000000e+03 7.200000000000000000e+03 8.100000000000000000e+03 9.000000000000000000e+03 9.900000000000000000e+03 1.170000000000000000e+04 1.260000000000000000e+04 1.350000000000000000e+04 1.683000000000000000e+05 1.800000000000000000e+04 1.890000000000000000e+04
1.530000000000000000e+04 1.440000000000000000e+04 1.260000000000000000e+04 1.170000000000000000e+04 1.080000000000000000e+04 9.900000000000000000e+03 9.000000000000000000e+03 8.100000000000000000e+03 7.200000000000000000e+03 6.300000000000000000e+03 5.400000000000000000e+03 1.350000000000000000e+04 4.500000000000000000e+03 3.600000000000000000e+03 2.700000000000000000e+03 1.800000000000000000e+03 1.710000000000000000e+04 9.000000000000000000e+02 1.530000000000000000e+04 1.170000000000000000e+04 1.800000000000000000e+03 9.000000000000000000e+02 2.700000000000000000e+03 3.600000000000000000e+03 4.500000000000000000e+03 5.400000000000000000e+03 6.300000000000000000e+03 7.200000000000000000e+03 8.100000000000000000e+03 9.000000000000000000e+03 9.900000000000000000e+03 1.080000000000000000e+04 1.260000000000000000e+04 1.350000000000000000e+04 1.827000000000000000e+05 1.890000000000000000e+04 1.980000000000000000e+04
1.530000000000000000e+04 1.350000000000000000e+04 1.260000000000000000e+04 1.170000000000000000e+04 1.080000000000000000e+04 9.900000000000000000e+03 9.000000000000000000e+03 8.100000000000000000e+03 7.200000000000000000e+03 6.300000000000000000e+03 1.440000000000000000e+04 5.400000000000000000e+03 4.500000000000000000e+03 3.600000000000000000e+03 2.700000000000000000e+03 1.800000000000000000e+04 1.800000000000000000e+03 9.000000000000000000e+02 1.620000000000000000e+04 1.260000000000000000e+04 2.700000000000000000e+03 9.000000000000000000e+02 1.800000000000000000e+03 3.600000000000000000e+03 4.500000000000000000e+03 5.400000000000000000e+03 6.300000000000000000e+03 7.200000000000000000e+03 8.100000000000000000e+03 9.000000000000000000e+03 9.900000000000000000e+03 1.080000000000000000e+04 1.170000000000000000e+04 1.350000000000000000e+04 1.440000000000000000e+04 2.025000000000000000e+05 2.070000000000000000e+04
1.440000000000000000e+04 1.350000000000000000e+04 1.260000000000000000e+04 1.170000000000000000e+04 1.080000000000000000e+04 9.900000000000000000e+03 9.000000000000000000e+03 8.100000000000000000e+03 7.200000000000000000e+03 1.530000000000000000e+04 6.300000000000000000e+03 5.400000000000000000e+03 4.500000000000000000e+03 3.600000000000000000e+03 1.890000000000000000e+04 2.700000000000000000e+03 1.800000000000000000e+03 9.000000000000000000e+02 1.710000000000000000e+04 1.350000000000000000e+04 3.600000000000000000e+03 9.000000000000000000e+02 1.800000000000000000e+03 2.700000000000000000e+03 4.500000000000000000e+03 5.400000000000000000e+03 6.300000000000000000e+03 7.200000000000000000e+03 8.100000000000000000e+03 9.000000000000000000e+03 9.900000000000000000e+03 1.080000000000000000e+04 1.170000000000000000e+04 1.260000000000000000e+04 1.440000000000000000e+04 2.178000000000000000e+05 2.160000000000000000e+04
1.440000000000000000e+04 1.350000000000000000e+04 1.260000000000000000e+04 1.170000000000000000e+04 1.080000000000000000e+04 9.900000000000000000e+03 9.000000000000000000e+03 8.100000000000000000e+03 1.620000000000000000e+04 7.200000000000000000e+03 6.300000000000000000e+03 5.400000000000000000e+03 4.500000000000000000e+03 1.980000000000000000e+04 3.600000000000000000e+03 2.700000000000000000e+03 1.800000000000000000e+03 1.800000000000000000e+04 9.000000000000000000e+02 1.440000000000000000e+04 4.500000000000000000e+03 9.000000000000000000e+02 1.800000000000000000e+03 2.700000000000000000e+03 3.600000000000000000e+03 5.400000000000000000e+03 6.300000000000000000e+03 7.200000000000000000e+03 8.100000000000000000e+03 9.000000000000000000e+03 9.900000000000000000e+03 1.080000000000000000e+04 1.170000000000000000e+04 1.260000000000000000e+04 1.350000000000000000e+04 2.331000000000000000e+05 2.250000000000000000e+04
1.440000000000000000e+04 1.350000000000000000e+04 1.260000000000000000e+04 1.170000000000000000e+04 1.080000000000000000e+04 9.900000000000000000e+03 9.000000000000000000e+03 1.710000000000000000e+04 8.100000000000000000e+03 7.200000000000000000e+03 6.300000000000000000e+03 5.400000000000000000e+03 2.070000000000000000e+04 4.500000000000000000e+03 3.600000000000000000e+03 2.700000000000000000e+03 1.890000000000000000e+04 1.800000000000000000e+03 9.000000000000000000e+02 1.530000000000000000e+04 5.400000000000000000e+03 9.000000000000000000e+02 1.800000000000000000e+03 2.700000000000000000e+03 3.600000000000000000e+03 4.500000000000000000e+03 6.300000000000000000e+03 7.200000000000000000e+03 8.100000000000000000e+03 9.000000000000000000e+03 9.900000000000000000e+03 1.080000000000000000e+04 1.170000000000000000e+04 1.260000000000000000e+04 1.350000000000000000e+04 2.475000000000000000e+05 2.340000000000000000e+04
1.440000000000000000e+04 1.350000000000000000e+04 1.260000000000000000e+04 1.170000000000000000e+04 1.080000000000000000e+04 9.900000000000000000e+03 1.800000000000000000e+04 9.000000000000000000e+03 8.100000000000000000e+03 7.200000000000000000e+03 6.300000000000000000e+03 2.160000000000000000e+04 5.400000000000000000e+03 4.500000000000000000e+03 3.600000000000000000e+03 1.980000000000000000e+04 2.700000000000000000e+03 1.800000000000000000e+03 9.000000000000000000e+02 1.620000000000000000e+04 6.300000000000000000e+03 9.000000000000000000e+02 1.800000000000000000e+03 2.700000000000000000e+03 3.600000000000000000e+03 4.500000000000000000e+03 5.400000000000000000e+03 1.260000000000000000e+04 2.070000000000000000e+04 2.970000000000000000e+04 9.900000000000000000e+03 1.080000000000000000e+04 1.170000000000000000e+04 1.260000000000000000e+04 1.350000000000000000e+04 2.619000000000000000e+05 2.430000000000000000e+04
1.440000000000000000e+04 1.350000000000000000e+04 1.260000000000000000e+04 1.170000000000000000e+04 1.080000000000000000e+04 1.890000000000000000e+04 9.900000000000000000e+03 9.000000000000000000e+03 8.100000000000000000e+03 7.200000000000000000e+03 2.250000000000000000e+04 6.300000000000000000e+03 5.400000000000000000e+03 4.500000000000000000e+03 2.070000000000000000e+04 3.600000000000000000e+03 2.700000000000000000e+03 1.800000000000000000e+03 1.710000000000000000e+04 9.000000000000000000e+02 7.200000000000000000e+03 9.000000000000000000e+02 1.800000000000000000e+03 2.700000000000000000e+03 3.600000000000000000e+03 8.100000000000000000e+03 1.350000000000000000e+04 1.440000000000000000e+04 1.530000000000000000e+04 1.620000000000000000e+04 4.680000000000000000e+04 5.760000000000000000e+04 1.170000000000000000e+04 1.260000000000000000e+04 1.350000000000000000e+04 1.440000000000000000e+04 2.871000000000000000e+05
1.440000000000000000e+04 1.350000000000000000e+04 1.260000000000000000e+04 1.170000000000000000e+04 1.980000000000000000e+04 1.080000000000000000e+04 9.900000000000000000e+03 9.000000000000000000e+03 8.100000000000000000e+03 2.340000000000000000e+04 7.200000000000000000e+03 6.300000000000000000e+03 5.400000000000000000e+03 2.160000000000000000e+04 4.500000000000000000e+03 3.600000000000000000e+03 2.700000000000000000e+03 1.800000000000000000e+04 1.800000000000000000e+03 9.000000000000000000e+02 8.100000000000000000e+03 9.000000000000000000e+02 1.800000000000000000e+03 2.700000000000000000e+03 6.300000000000000000e+03 7.200000000000000000e+03 8.100000000000000000e+03 9.000000000000000000e+03 9.900000000000000000e+03 1.080000000000000000e+04 1.170000000000000000e+04 1.260000000000000000e+04 7.110000000000000000e+04 1.260000000000000000e+04 1.350000000000000000e+04 1.440000000000000000e+04 3.024000000000000000e+05
1.440000000000000000e+04 1.350000000000000000e+04 1.260000000000000000e+04 2.070000000000000000e+04 1.170000000000000000e+04 1.080000000000000000e+04 9.900000000000000000e+03 9.000000000000000000e+03 2.430000000000000000e+04 8.100000000000000000e+03 7.200000000000000000e+03 6.300000000000000000e+03 3.600000000000000000e+04 1.350000000000000000e+04 8.100000000000000000e+03 3.600000000000000000e+03 1.890000000000000000e+04 2.700000000000000000e+03 1.800000000000000000e+03 9.000000000000000000e+02 9.000000000000000000e+03 9.000000000000000000e+02 1.800000000000000000e+03 2.700000000000000000e+03 3.600000000000000000e+03 4.500000000000000000e+03 5.400000000000000000e+03 6.300000000000000000e+03 7.200000000000000000e+03 8.100000000000000000e+03 9.000000000000000000e+03 9.900000000000000000e+03 1.080000000000000000e+04 8.280000000000000000e+04 1.350000000000000000e+04 1.440000000000000000e+04 3.177000000000000000e+05
1.440000000000000000e+04 1.350000000000000000e+04 2.160000000000000000e+04 1.260000000000000000e+04 1.170000000000000000e+04 1.080000000000000000e+04 9.900000000000000000e+03 2.520000000000000000e+04 9.000000000000000000e+04 8.100000000000000000e+04 7.290000000000000000e+04 6.570000000000000000e+04 2.880000000000000000e+04 2.790000000000000000e+04 2.700000000000000000e+04 2.610000000000000000e+04 6.300000000000000000e+03 2.700000000000000000e+03 1.800000000000000000e+03 9.000000000000000000e+02 9.000000000000000000e+02 9.900000000000000000e+03 1.800000000000000000e+03 4.500000000000000000e+03 5.400000000000000000e+03 6.300000000000000000e+03 7.200000000000000000e+03 8.100000000000000000e+03 9.000000000000000000e+03 9.900000000000000000e+03 1.080000000000000000e+04 1.170000000000000000e+04 1.260000000000000000e+04 1.350000000000000000e+04 9.720000000000000000e+04 1.440000000000000000e+04 3.330000000000000000e+05
1.440000000000000000e+04 2.250000000000000000e+04 1.350000000000000000e+04 1.260000000000000000e+04 1.170000000000000000e+04 1.404000000000000000e+05 1.296000000000000000e+05 1.035000000000000000e+05 1.260000000000000000e+04 1.170000000000000000e+04 1.080000000000000000e+04 9.900000000000000000e+03 9.000000000000000000e+03 8.100000000000000000e+03 7.200000000000000000e+03 6.300000000000000000e+03 5.400000000000000000e+03 4.500000000000000000e+03 1.800000000000000000e+03 1.800000000000000000e+03 9.000000000000000000e+02 9.000000000000000000e+02 1.080000000000000000e+04 1.170000000000000000e+04 1.260000000000000000e+04 1.350000000000000000e+04 1.440000000000000000e+04 1.530000000000000000e+04 1.620000000000000000e+04 1.710000000000000000e+04 1.800000000000000000e+04 1.890000000000000000e+04 1.980000000000000000e+04 2.070000000000000000e+04 2.160000000000000000e+04 9.810000000000000000e+04 3.483000000000000000e+05
2.340000000000000000e+04 1.440000000000000000e+04 1.350000000000000000e+04 1.701000000000000000e+05 1.575000000000000000e+05 1.620000000000000000e+04 1.530000000000000000e+04 1.440000000000000000e+04 1.350000000000000000e+04 1.260000000000000000e+04 1.170000000000000000e+04 1.080000000000000000e+04 9.900000000000000000e+03 9.000000000000000000e+03 8.100000000000000000e+03 7.200000000000000000e+03 6.300000000000000000e+03 5.400000000000000000e+03 4.500000000000000000e+03 1.800000000000000000e+03 9.000000000000000000e+02 9.000000000000000000e+02 2.700000000000000000e+03 3.600000000000000000e+03 4.500000000000000000e+03 5.400000000000000000e+03 6.300000000000000000e+03 7.200000000000000000e+03 8.100000000000000000e+03 9.000000000000000000e+03 9.900000000000000000e+03 1.080000000000000000e+04 1.170000000000000000e+04 1.260000000000000000e+04 1.350000000000000000e+04 3.600000000000000000e+04 9.900000000000000000e+04
1.530000000000000000e+04 2.016000000000000000e+05 1.872000000000000000e+05 1.620000000000000000e+04 1.530000000000000000e+04 1.440000000000000000e+04 1.350000000000000000e+04 1.260000000000000000e+04 1.170000000000000000e+04 1.080000000000000000e+04 9.900000000000000000e+03 9.000000000000000000e+03 8.100000000000000000e+03 7.200000000000000000e+03 6.300000000000000000e+03 5.400000000000000000e+03 4.500000000000000000e+03 3.600000000000000000e+03 2.700000000000000000e+03 1.800000000000000000e+03 9.000000000000000000e+02 9.000000000000000000e+02 1.800000000000000000e+03 2.700000000000000000e+03 3.600000000000000000e+03 4.500000000000000000e+03 5.400000000000000000e+03 6.300000000000000000e+03 7.200000000000000000e+03 8.100000000000000000e+03 9.000000000000000000e+03 9.900000000000000000e+03 1.080000000000000000e+04 1.170000000000000000e+04 1.260000000000000000e+04 1.350000000000000000e+04 3.690000000000000000e+04
2.205000000000000000e+05 1.800000000000000000e+04 1.710000000000000000e+04 1.620000000000000000e+04 1.530000000000000000e+04 1.440000000000000000e+04 1.350000000000000000e+04 1.260000000000000000e+04 1.170000000000000000e+04 1.080000000000000000e+04 9.900000000000000000e+03 9.000000000000000000e+03 8.100000000000000000e+03 7.200000000000000000e+03 6.300000000000000000e+03 5.400000000000000000e+03 4.500000000000000000e+03 3.600000000000000000e+03 2.700000000000000000e+03 1.800000000000000000e+03 9.000000000000000000e+02 9.000000000000000000e+02 1.800000000000000000e+03 2.700000000000000000e+03 3.600000000000000000e+03 4.500000000000000000e+03 5.400000000000000000e+03 6.300000000000000000e+03 7.200000000000000000e+03 8.100000000000000000e+03 9.000000000000000000e+03 9.900000000000000000e+03 1.080000000000000000e+04 1.170000000000000000e+04 1.260000000000000000e+04 1.350000000000000000e+04 2.790000000000000000e+04
