BlockTilt_5Ma_1mmyr_m1_n5_k1Minus5_10kyrTimeStep_wLinDiffp1_30mRes_7p5kmBy15km.txt
nrows 250
cellsize 30.0
xllcorner 0.0
ncols 500
yllcorner 0.0
[rows 187 to 203 of 250, columns 370 to 406 of 500]
9.249612640820164415e+02 8.943146984434940805e+02 8.621554156043757757e+02 8.291864282549822747e+02 7.959661087443005272e+02 7.629218721587108121e+02 7.303674199334752757e+02 6.985211832162618748e+02 6.675243401308822513e+02 6.374573778980033012e+02 6.083546345526287951e+02 5.802165946949285171e+02 5.530199433545236616e+02 5.267255194263993872e+02 5.012843693502210272e+02 4.766424771238799281e+02 4.527448474073537454e+02 4.295143105834310973e+02 4.068893357298800879e+02 3.865925327459154914e+02 3.774947965666853520e+02 3.899381643981527645e+02 4.136346437435703365e+02 4.398659309069563506e+02 4.669743956240598663e+02 4.949871901824582210e+02 5.239244693880460773e+02 5.537759042790738704e+02 5.845069429669932788e+02 6.160387931795831946e+02 6.482292580696567939e+02 6.808529175957297639e+02 7.135797039282799687e+02 7.459523577641130032e+02 7.773644910697074693e+02 8.070422799358238990e+02 8.340343567376733063e+02
9.211908294113014790e+02 8.906668739215423329e+02 8.585662435694692931e+02 8.256030141458286380e+02 7.923463019418534259e+02 7.592333277461273155e+02 7.265863501012539700e+02 6.946310188279314843e+02 6.635144464808672637e+02 6.333219091445334925e+02 6.040915681133118369e+02 5.758269574319149342e+02 5.485072209593336083e+02 5.220952203430380223e+02 4.965436809122091972e+02 4.717998918937940971e+02 4.478095778911888942e+02 4.244954604989259224e+02 4.017958698924583700e+02 3.814364693156765611e+02 3.723065772751261306e+02 3.847893580489952114e+02 4.085950168724591549e+02 4.349633876338203891e+02 4.621995119853967822e+02 4.903206012970691177e+02 5.193489668867149476e+02 5.492784656096265508e+02 5.800766878649548062e+02 6.116640439165599901e+02 6.438953408995272412e+02 6.765405455188098358e+02 7.092634256194662612e+02 7.415987565632251517e+02 7.729300244363084857e+02 8.024706630828861762e+02 8.292532454025500783e+02
9.173147245453143341e+02 8.868974082846131068e+02 8.548456347821507961e+02 8.218830595343558798e+02 7.885884447072278363e+02 7.554080034907798336e+02 7.226719532880580346e+02 6.906127245844288609e+02 6.593830400830431699e+02 6.290727137753358420e+02 5.997235177890676141e+02 5.713418332412190921e+02 5.439090518262030400e+02 5.173898377955133583e+02 4.917383942516943307e+02 4.669031891873956965e+02 4.428306747538522927e+02 4.194435678555778964e+02 3.966781194409727505e+02 3.762542153459914402e+02 3.670702851145549062e+02 3.795633487819764014e+02 4.034811880588996473e+02 4.300030065163140875e+02 4.573756707881686339e+02 4.856073996536762820e+02 5.147302944702241803e+02 5.447447826557995540e+02 5.756200252927059182e+02 6.072748464866518816e+02 6.395606040623540594e+02 6.722424726697539654e+02 7.049780193847863075e+02 7.372941079429709816e+02 7.685642705954119265e+02 7.979896862440757559e+02 8.245880690347642030e+02
9.133694489240242547e+02 8.830453201232785432e+02 8.510338594626954318e+02 8.180672309151041190e+02 7.847330130794517800e+02 7.514857704414699811e+02 7.186631895175125919e+02 6.865041095068415871e+02 6.551665763890487142e+02 6.247447093924553201e+02 5.952836851470560759e+02 5.667925276966343517e+02 5.392546562782666797e+02 5.126362970037750983e+02 4.868929002455467980e+02 4.619739921666916302e+02 4.378269046016127390e+02 4.143743870304498387e+02 3.915497600905147237e+02 3.710687001594748153e+02 3.618395363353652670e+02 3.743420621074572523e+02 3.983515365559306360e+02 4.249974326603165764e+02 4.524839042540982632e+02 4.808135447662048705e+02 5.100255887219369129e+02 5.401249904709150087e+02 5.710804835262014194e+02 6.028080249957702108e+02 6.351550728019036569e+02 6.678820141983586609e+02 7.006404602963460775e+02 7.329498340083479206e+02 7.641745332553726939e+02 7.935048931997137061e+02 8.199465033158696770e+02
9.093805443640952717e+02 8.791392684701896769e+02 8.471613898393305817e+02 8.141869043830106421e+02 7.808116251904846195e+02 7.474979900741208212e+02 7.145907779523396357e+02 6.823349458087532184e+02 6.508936354200498045e+02 6.203650836481596116e+02 5.907977019536845091e+02 5.622029854433924356e+02 5.345661874763878814e+02 5.078548642774566133e+02 4.820254426070165437e+02 4.570282448113104010e+02 4.328113541667468098e+02 4.092985294646964007e+02 3.864260819279900829e+02 3.659164686534168140e+02 3.566859784567217844e+02 3.692190634449758022e+02 3.932882235846510639e+02 4.199953734549434330e+02 4.475463520272461437e+02 4.759499105909234800e+02 5.052429115881972166e+02 5.354255703887893105e+02 5.664624731229489498e+02 5.982656744411478940e+02 6.306785794890663510e+02 6.634569457205370782e+02 6.962467704642416493e+02 7.285606316002391623e+02 7.597548013292978339e+02 7.890104235072765277e+02 8.153235130071362846e+02
9.053720479142184558e+02 8.752064716814601297e+02 8.432573259088131863e+02 8.102721291114280575e+02 7.768545628361023319e+02 7.434746139870944717e+02 7.104838988576332213e+02 6.781333007521827767e+02 6.465909115953039645e+02 6.159589668551022896e+02 5.862890038520901044e+02 5.575948755228129130e+02 5.298635359543426375e+02 5.030636945363707468e+02 4.771524988187741769e+02 4.520806918008288449e+02 4.277966151195301450e+02 4.042242107761385910e+02 3.812999538610799846e+02 3.607455427278792968e+02 3.514786960807658147e+02 3.640097567302699417e+02 3.881365290272414086e+02 4.149189382822768835e+02 4.425428565608308418e+02 4.710218759695723065e+02 5.003947794554876509e+02 5.306597028133056710e+02 5.617780008363423576e+02 5.936582350471273912e+02 6.261400469666666595e+02 6.589748235150550499e+02 6.918033133059964257e+02 7.241318799330094862e+02 7.553097284212631166e+02 7.845104622288530436e+02 8.107229028762536700e+02
9.013774334226926612e+02 8.712831966555631880e+02 8.393594402792946312e+02 8.063611990348808831e+02 7.728998479917693203e+02 7.394527598156223576e+02 7.063782796290009856e+02 6.739331540637217586e+02 6.422903879115169730e+02 6.115561866053274116e+02 5.817851823269237457e+02 5.529935466258020824e+02 5.251698819491502945e+02 4.982839740104064390e+02 4.722935643961972119e+02 4.471495981993039095e+02 4.228003314834889466e+02 3.991691004081698111e+02 3.761874517730188359e+02 3.555607790050501080e+02 3.462032347235513043e+02 3.586921201881055481e+02 3.828862861423298796e+02 4.097772340770476944e+02 4.374924004897557666e+02 4.660485431598828541e+02 4.954979947699800391e+02 5.258421766195999680e+02 5.570403128723542068e+02 5.889977114048327849e+02 6.215503741793196468e+02 6.544454686429266985e+02 6.873188058831647140e+02 7.196711426850661155e+02 7.508456426844007865e+02 7.800099136556667645e+02 8.061477051958529501e+02
8.974069771592617144e+02 8.673831007096072199e+02 8.354840549913644736e+02 8.024722431706195493e+02 7.689665967347181095e+02 7.354518191391331356e+02 7.022930063744774998e+02 6.697528326009158945e+02 6.380092909733942861e+02 6.071726246673961214e+02 5.773006127968101282e+02 5.484117826942566580e+02 5.204964134703974423e+02 4.935253913609729466e+02 4.674570680969900991e+02 4.422425963986251531e+02 4.178302040970473854e+02 3.941429129759062562e+02 3.711087037987686017e+02 3.504223759189852672e+02 3.410037184010884630e+02 3.534770767744101363e+02 3.777154990579375067e+02 4.046677809292072538e+02 4.324380726174682081e+02 4.610520202830851986e+02 4.905690731831493849e+02 5.209882183809307890e+02 5.522642772890247898e+02 5.842987047731244274e+02 6.169237463280410338e+02 6.498824177516943337e+02 6.828058650466548443e+02 7.151898024005287198e+02 7.463722837664435019e+02 7.755162595642808583e+02 8.016021166880151441e+02
8.932891375079059344e+02 8.633441263767706459e+02 8.314797742853133968e+02 7.984646662176709242e+02 7.649245652546673000e+02 7.313511802531414787e+02 6.981162565675188034e+02 6.654884167872129410e+02 6.336507244755099464e+02 6.027175670597182489e+02 5.727499817114206735e+02 5.437689607040267674e+02 5.157665714466604641e+02 4.887149261318512004e+02 4.625731393458000866e+02 4.372927848401589017e+02 4.128223496857555119e+02 3.890848308542787777e+02 3.660088416519428733e+02 3.452994049870414415e+02 3.359004662697923891e+02 3.484222557563256828e+02 3.726627010070324673e+02 3.995977793534603961e+02 4.273795625609634499e+02 4.560379370445130576e+02 4.856188685335325204e+02 5.161114643550019991e+02 5.474649389576458134e+02 5.795768820176754161e+02 6.122758917489668420e+02 6.453009702849344649e+02 6.782788803648350040e+02 7.107008194095326417e+02 7.419005526226757183e+02 7.710374831790117014e+02 7.970899289515407418e+02
8.887870710044581983e+02 8.589419084602468502e+02 8.271364178813213357e+02 7.941424958919193386e+02 7.605914805721629364e+02 7.269814679321600579e+02 6.936905870852042426e+02 6.609933481709481384e+02 6.290779451586214464e+02 5.980630371705304924e+02 5.680130790286747242e+02 5.389516991742420942e+02 5.108729305240502185e+02 4.837503035937666596e+02 4.575439244273073314e+02 4.322060679228410436e+02 4.076859369476995880e+02 3.839083946294368275e+02 3.608093361303041888e+02 3.401167084318771003e+02 3.307986181622933941e+02 3.434047807065866209e+02 3.676277907720963185e+02 3.945164236909910187e+02 4.223022273671114135e+02 4.510085812785264352e+02 4.806572587672167742e+02 5.112253630518018213e+02 5.426574804157005474e+02 5.748482326867006122e+02 6.076229391838325000e+02 6.407167799521618008e+02 6.737524148694922133e+02 7.062170123776880928e+02 7.374407754389638967e+02 7.665804906763356712e+02 7.926134116203079429e+02
8.842331208409948431e+02 8.545084044091421447e+02 8.227779664294903341e+02 7.898173040590091887e+02 7.562638332873324316e+02 7.226226645956085122e+02 6.892789259307969587e+02 6.565135689504675156e+02 6.245203944363064466e+02 5.934227272461572511e+02 5.632887512457587036e+02 5.341449629751220982e+02 5.059875223374803568e+02 4.787914863752047836e+02 4.525180263467784698e+02 4.271201487974509519e+02 4.025475851065273787e+02 3.787260479477571380e+02 3.555959261896296084e+02 3.348981910620656208e+02 3.256072198048615292e+02 3.382407568835761253e+02 3.624606147096608879e+02 3.893604804642147883e+02 4.171954015781645353e+02 4.459722872183207301e+02 4.756977704749692180e+02 5.063451184948921195e+02 5.378581021249873402e+02 5.701295329662210634e+02 6.029816745347924325e+02 6.361459713274045953e+02 6.692412146595142985e+02 7.017509983679718744e+02 7.330026357171993823e+02 7.621511348519935609e+02 7.881735585528966794e+02
8.798676978053739504e+02 8.502862652123952785e+02 8.186430515482002193e+02 7.857196967312287370e+02 7.521617907565359928e+02 7.184831462718113926e+02 6.850772352272373382e+02 6.522325111414617140e+02 6.201492048921804781e+02 5.889559310969335684e+02 5.587250554702890213e+02 5.294862441438516498e+02 5.012379499075023546e+02 4.739568043785986333e+02 4.476049948056104313e+02 4.221361094368096474e+02 3.975000870343801012e+02 3.736226174256578361e+02 3.504430130875735472e+02 3.296932248760012385e+02 3.203322745780462242e+02 3.329082951586755712e+02 3.571618516323635504e+02 3.841557456829370949e+02 4.120879443588370350e+02 4.409511754444191070e+02 4.707584976450500562e+02 5.014881657861064355e+02 5.330848141900863766e+02 5.654393098080686286e+02 5.983705257759344249e+02 6.316060743717513333e+02 6.647610693776069866e+02 6.973159817271301790e+02 7.285959147391005217e+02 7.577549482239608096e+02 7.837708557201819985e+02
8.757237818349462941e+02 8.463162251258432889e+02 8.147766311401675239e+02 7.818964788937162211e+02 7.483323581014487900e+02 7.146089624320779876e+02 6.811297956994195602e+02 6.481921226920128447e+02 6.160036166176957977e+02 5.846989543742203068e+02 5.543552552915950855e+02 5.250057499532847487e+02 4.966514147960679679e+02 4.692705333243776522e+02 4.428262570287012636e+02 4.172726234651656227e+02 3.925596037758030548e+02 3.686121818386711197e+02 3.453647750865577564e+02 3.245296534362622083e+02 3.150447630389836604e+02 3.275291207769899984e+02 3.518441057047116374e+02 3.789706306058060932e+02 4.070151902923520311e+02 4.359675125502782862e+02 4.658585038656484585e+02 4.966740317815698518e+02 5.283583907547613308e+02 5.607990629351954794e+02 5.938107836673125348e+02 6.271171562177439682e+02 6.603298226157857016e+02 6.929266309574948082e+02 7.242312347764849392e+02 7.533977590308239769e+02 7.794057704702960336e+02
8.717967123180389990e+02 8.426012164844338486e+02 8.111869050266333261e+02 7.783593736617460763e+02 7.447894686195938903e+02 7.110152323959003979e+02 6.774520974823523147e+02 6.444076139026560668e+02 6.120980487645417725e+02 5.806650388782783239e+02 5.501911465714084670e+02 5.207136752181048678e+02 4.922364634559228875e+02 4.647396162387843788e+02 4.381872551199235204e+02 4.125337514274473278e+02 3.877290045786145356e+02 3.636975953608360328e+02 3.403709073330689421e+02 3.194485795169124458e+02 3.098626271020057743e+02 3.222911434058067925e+02 3.466622577194302721e+02 3.738835865662539959e+02 4.020102000225480197e+02 4.310407976782299784e+02 4.610175358379182171e+02 4.919254844230616186e+02 5.237038444752352007e+02 5.562346671765583324e+02 5.893278340922878442e+02 6.227028577262747149e+02 6.559681965706885194e+02 6.885996779091826738e+02 7.199204222410191960e+02 7.490858080406804902e+02 7.750786061962078293e+02
8.680226336540848706e+02 8.390840139607979609e+02 8.078224963953365432e+02 7.750623700120405601e+02 7.414919441595584431e+02 7.076650051703531972e+02 6.740107650823007361e+02 6.408485237563647843e+02 6.084043188339954895e+02 5.768276999516474461e+02 5.462074442001568286e+02 5.165855441685586129e+02 4.879691713531279902e+02 4.603405696160107254e+02 4.336649755540604474e+02 4.078970699103693391e+02 3.829865540771947963e+02 3.588573165856457763e+02 3.354385856909595987e+02 3.144300181732020292e+02 3.047842484661112508e+02 3.172114433031822500e+02 3.416196825721734172e+02 3.688864606716954313e+02 3.970728434931207858e+02 4.261844807576683252e+02 4.562586447593717480e+02 4.872710406505404990e+02 5.191522860446432333e+02 5.517777667162598618e+02 5.849522070630422377e+02 6.183911293375451805e+02 6.517002130618562887e+02 6.843540162550967807e+02 7.156762759885149308e+02 7.448251771311066705e+02 7.707885787391004442e+02
8.642564506247606460e+02 8.356230344109634416e+02 8.045481400240093990e+02 7.718779677509869543e+02 7.383206786883545192e+02 7.044475940451341103e+02 6.707031443521191250e+02 6.374195856806265965e+02 6.048337616016852962e+02 5.731040360791425883e+02 5.423261926488301015e+02 5.125476099531854288e+02 4.837793993395735015e+02 4.560064506129832580e+02 4.291954915282461229e+02 4.033017062225709424e+02 3.782745865610387455e+02 3.540373242825734224e+02 3.305187876179711566e+02 3.094284150501158592e+02 2.997532089462509362e+02 3.122153594943519010e+02 3.366536563378119808e+02 3.639507406624143186e+02 3.922048681817828992e+02 4.214198901757263798e+02 4.516138841726574356e+02 4.827477947525367767e+02 5.147425548188593893e+02 5.474667715812732922e+02 5.807201022457197723e+02 6.142143221175672352e+02 6.475528615937847690e+02 6.802099595350236996e+02 7.115114299312919002e+02 7.406202674369650367e+02 7.665319168035156281e+02
8.604783769228300798e+02 8.321990103559113550e+02 8.013464128013904428e+02 7.687915746338065901e+02 7.352641256808195749e+02 7.013542889672413594e+02 6.675229142592844482e+02 6.341162974317659291e+02 6.013830762760314883e+02 5.694913365402518366e+02 5.385447078847546436e+02 5.085967394609254484e+02 4.796632224021450952e+02 4.517323898453357174e+02 4.247730884903212427e+02 3.987414664765611292e+02 3.735869209676408218e+02 3.492319225808431042e+02 3.256051371169716617e+02 3.044221703189442678e+02 2.946991024536123973e+02 3.071830524971152840e+02 3.316739916844367713e+02 3.590512890027305843e+02 3.874244126001190693e+02 4.167838056287059203e+02 4.471277415269308335e+02 4.784030164740802320e+02 5.105219033695375401e+02 5.433468829841567640e+02 5.766728121215587635e+02 6.102080394550115443e+02 6.435544252156003040e+02 6.761871015828529607e+02 7.074358123041395174e+02 7.364709104251633107e+02 7.622986480886253275e+02
