BlockUplift_2Ma_1kryTimeStep_2mmyr_k_0.0001_m_0.5_n_1.0_LinDiffusion_1_6x3km_30mRes_topographic__steepest_slope.txt
nrows 100
cellsize 30.0
xllcorner 0.0
ncols 200
yllcorner 0.0
[rows 17 to 33 of 100, columns 111 to 147 of 200]
9.547707443233328928e-02 9.831206111865248287e-02 1.006766169349854051e-01 1.026795960137921598e-01 1.044111789989528166e-01 1.059156879658590678e-01 1.071770159277833784e-01 1.081165118799433666e-01 1.086014716933115659e-01 1.084618856054705566e-01 1.075130459215509204e-01 1.055813747155553012e-01 1.025302079221268592e-01 9.828163188696702190e-02 9.283048085150850948e-02 8.624780471296804307e-02 7.867348935225480788e-02 7.030054267786245425e-02 6.690487605117899361e-02 6.611348763720220623e-02 6.540780047536950970e-02 6.646504648470834276e-02 7.381995473993786805e-02 8.033615903640613232e-02 8.578411342859595945e-02 8.997567007774175118e-02 9.277525654079597783e-02 9.410609373703779368e-02 9.395136807598342132e-02 9.235128135457554288e-02 8.939695690827782759e-02 8.522162668849880829e-02 7.998921974033040838e-02 7.388108463435544282e-02 6.708296529283412635e-02 6.083835403129853742e-02 6.150938702182363188e-02
9.321208746743564477e-02 9.607472205375396090e-02 9.852810530116237753e-02 1.006735207477616328e-01 1.025895672152208199e-01 1.043073133304560085e-01 1.057973949252491025e-01 1.069687436310888390e-01 1.076772509618003637e-01 1.077423614525571255e-01 1.069695855193729395e-01 1.051765957081395725e-01 1.022197747302736465e-01 9.801722804793659705e-02 9.256407686377132737e-02 8.593690094321247697e-02 7.828654547213877157e-02 6.982146610770489925e-02 6.520689874231636041e-02 6.444531442854402326e-02 6.380694391137306520e-02 6.504581504532190583e-02 7.246825957567852583e-02 7.901160236326050523e-02 8.444418466527153777e-02 8.858269547083237605e-02 9.130156692475320523e-02 9.253647316191611349e-02 9.228243075311559629e-02 9.058814314132142276e-02 8.754829259780633199e-02 8.329473949162677360e-02 7.798687359525756368e-02 7.180141592249179860e-02 6.492283263427038598e-02 5.753642565990677027e-02 5.767180739807902662e-02
9.097329073215117134e-02 9.384126955640081924e-02 9.635727549919455293e-02 9.861480828171545476e-02 1.006811812866121175e-01 1.025750909123158555e-01 1.042553118013647556e-01 1.056200827124235964e-01 1.065156827514495697e-01 1.067525800927263541e-01 1.061275806816636830e-01 1.044500000135201029e-01 1.015689160839402666e-01 9.739747926915164056e-02 9.192981546511297397e-02 8.524691057486956380e-02 7.751011882593229763e-02 6.894398125287240497e-02 6.296847549430945046e-02 6.228913014748892890e-02 6.177557099428459403e-02 6.347993755338035560e-02 7.100715431048625070e-02 7.760226484879668984e-02 8.303302306001435207e-02 8.712354108020943511e-02 8.976132450690083031e-02 9.089756343472943367e-02 9.054184790326708088e-02 8.875367529141528489e-02 8.563312080861902598e-02 8.131208261904433743e-02 7.594640129918830973e-02 6.970868739996932684e-02 6.278207059729382089e-02 5.535575281912506057e-02 5.411754687974763833e-02
8.874683321377316303e-02 9.159067260191658399e-02 9.413350621173841026e-02 9.646115422558644570e-02 9.863046583354301289e-02 1.006493145494801594e-01 1.024667606848285450e-01 1.039728553191010124e-01 1.050068195145165278e-01 1.053724091552698666e-01 1.048593746220301964e-01 1.032694532007750188e-01 1.004442060473348386e-01 9.629069722845610968e-02 9.080030079526073272e-02 8.405651644479340823e-02 7.622976983522206096e-02 6.756024484943337627e-02 6.010158968403847557e-02 5.956302423337499902e-02 5.923317559274418609e-02 6.175080846899888565e-02 6.941729948513396253e-02 7.608564714861350275e-02 8.152525085236360380e-02 8.557069389159345507e-02 8.812585863441324552e-02 8.916057248317423023e-02 8.870169272217305612e-02 8.682170938045924435e-02 8.362782765806399399e-02 7.925329533936498194e-02 7.385125717996979255e-02 6.759048622507082826e-02 6.065229331281979386e-02 5.322838366164769908e-02 5.083628091537377436e-02
8.649474862985573331e-02 8.927711188514496354e-02 9.180142837386222332e-02 9.414628388238013845e-02 9.635936028065156256e-02 9.843981276075627895e-02 1.003297265699470003e-01 1.019140709535373973e-01 1.030281501094122143e-01 1.034718194388724311e-01 1.030298939634693850e-01 1.014976530715867714e-01 9.870907481791163507e-02 9.456388968142882823e-02 8.904853695721473561e-02 8.224639160912373959e-02 7.433449400561968623e-02 6.556704660304049637e-02 5.653222798379431424e-02 5.619347407102660841e-02 5.610162970267396076e-02 5.983156154731179843e-02 6.766446398209442770e-02 7.442119425895649121e-02 7.987573130540129296e-02 8.387650163329324338e-02 8.634706327618396626e-02 8.727875559066620992e-02 8.671800881068271460e-02 8.475206715203929819e-02 8.149658037341148131e-02 7.708707295216997435e-02 7.167448123454207842e-02 6.542361749297752327e-02 5.851300943419332490e-02 5.113486902282336072e-02 4.778916272725363540e-02
8.416518843192535848e-02 8.684223462443504959e-02 8.929550251204350364e-02 9.159710288380547294e-02 9.378719181184894116e-02 9.585864181518966021e-02 9.774960136187091364e-02 9.934333524119873249e-02 1.004746331418523292e-01 1.009425273939871109e-01 1.005292856686727798e-01 9.902509041990217864e-02 9.625642539158096866e-02 9.211443042061519260e-02 8.657817121668640037e-02 7.972770026226723428e-02 7.174334802802709299e-02 6.289060144290206655e-02 5.349329026961521794e-02 5.213849130147849703e-02 5.232695782030939713e-02 5.769523189263132956e-02 6.570969945371611665e-02 7.256063991778892441e-02 7.803011553485331153e-02 8.198384999516437899e-02 8.436805702276629904e-02 8.519786814302267308e-02 8.454085615145170984e-02 8.250001975420540035e-02 7.920006224545710072e-02 7.477909853972704302e-02 6.938581773902123551e-02 6.318047480307119323e-02 5.633738800990162332e-02 4.904680449356094846e-02 4.491686248214676880e-02
8.170550720038181891e-02 8.423063243151718282e-02 8.655806594412200627e-02 8.875442206378195142e-02 9.085409999447757734e-02 9.284613130815540238e-02 9.466766034483310721e-02 9.620345135863064834e-02 9.729100473558116580e-02 9.773149116948753878e-02 9.730700902079710002e-02 9.580410812236425655e-02 9.304204339261086532e-02 8.890227170857804839e-02 8.335408458070570070e-02 7.647081157589555311e-02 6.843222837359659583e-02 5.951153091071140905e-02 5.004871740632512583e-02 4.741104234870145012e-02 4.790280598648024440e-02 5.532772404071964467e-02 6.352329401843112566e-02 7.046281497682826966e-02 7.594022620205793939e-02 7.984174534944403490e-02 8.213854845885712463e-02 8.287091190884041114e-02 8.212809742428665849e-02 8.002886782556058176e-02 7.670671473079461455e-02 7.230193692584187259e-02 6.696036937834884406e-02 6.083667129902154552e-02 5.409917772887502807e-02 4.693342832872997306e-02 4.214950234831841419e-02
7.907686796617241498e-02 8.140655843831735849e-02 8.355810951937327202e-02 8.559367449629025348e-02 8.754351392512473018e-02 8.939488947718053635e-02 9.108632146918849148e-02 9.250662484699935517e-02 9.349859224026658977e-02 9.386797370488422776e-02 9.339877299045719339e-02 9.187533476348987149e-02 8.911016704544930112e-02 8.497433905330369075e-02 7.942538552504392613e-02 7.252679087745460274e-02 6.445391416752876967e-02 5.548368214173189650e-02 4.596890149889703431e-02 4.209697473372576298e-02 4.332368507183489287e-02 5.274128430099401382e-02 6.110028179535023640e-02 6.811072743488298664e-02 7.358210570384079996e-02 7.742366993153458610e-02 7.963285368773082018e-02 8.027525166127140455e-02 7.946118023191052482e-02 7.732411486885794327e-02 7.400519740721729633e-02 6.964584181050008371e-02 6.438796098154143943e-02 5.837929444981240779e-02 5.178028463916633378e-02 4.476902288374074584e-02 3.941816374935314116e-02
7.626799807666916065e-02 7.836878208264867751e-02 8.030689873211500907e-02 8.214093103725202127e-02 8.389818525185274711e-02 8.556550676066705663e-02 8.708423216219071672e-02 8.834872504889637601e-02 8.920862559100824207e-02 8.947585476527995796e-02 8.893785631894568500e-02 8.737805373862313207e-02 8.460296030894434716e-02 8.047316846567635629e-02 7.493328263211172791e-02 6.803461117082958143e-02 5.994478406746048260e-02 5.094060996141974718e-02 4.138397693960026158e-02 3.636149044137369085e-02 4.034164302264744983e-02 4.998504601373038314e-02 5.847378444615013160e-02 6.552694227003014182e-02 7.097259928122411077e-02 7.474454297246296841e-02 7.686649562694755633e-02 7.742825521667900945e-02 7.655939817264256764e-02 7.440612152378188460e-02 7.111539580392343962e-02 6.682824854234624412e-02 6.168139332004941855e-02 5.581430980089540500e-02 4.937779302058758341e-02 4.254006261761174995e-02 3.666679518436429669e-02
7.330517655830588730e-02 7.516010315204132985e-02 7.686644142541884661e-02 7.847976047758052631e-02 8.002494831252815466e-02 8.148884617526315488e-02 8.281588536860787220e-02 8.390621092793096314e-02 8.461664552756287261e-02 8.476585785533859163e-02 8.524610689264260077e-02 8.442885050510966216e-02 8.178200798798893056e-02 7.704952373091961126e-02 7.009954496054771056e-02 6.321002960439225937e-02 5.511433809998548400e-02 4.608595752596375550e-02 3.649220443910877049e-02 3.044004919039669868e-02 3.733188382000460215e-02 4.714898472294564574e-02 5.572187921300168073e-02 6.278246027960059095e-02 6.817936352843918801e-02 7.187107361860815835e-02 7.390626592151630647e-02 7.439660880468988713e-02 7.348819187118539598e-02 7.133730269935650847e-02 6.809458223068348692e-02 6.389909574957994276e-02 5.888122131909553220e-02 5.317115789212616822e-02 4.690877621500246647e-02 4.025063294054036928e-02 3.386263373443464814e-02
7.025582596678874026e-02 7.186875423638715288e-02 7.334802327937114952e-02 7.474629253835170239e-02 7.608584237036233877e-02 7.735295174636090676e-02 7.863531031167572682e-02 8.175146008642712736e-02 8.435543403535253337e-02 8.612327381303069851e-02 8.670024551337481011e-02 8.572822199665779130e-02 8.288153358826472195e-02 7.790910407256698700e-02 7.067767956063117363e-02 6.120858816621724263e-02 5.021821595156147899e-02 4.116814227916795049e-02 3.153635343162547455e-02 2.461325861520057001e-02 3.443010637546832509e-02 4.435868321311712409e-02 5.296458163447721745e-02 5.999509131182177712e-02 6.531993712168465693e-02 6.892101204580453055e-02 7.086932936534670602e-02 7.129512750552548239e-02 7.035767059229278142e-02 6.822048215459808329e-02 6.503580477230157253e-02 6.093949619981645083e-02 5.605497121482962142e-02 5.050277360557168388e-02 4.441134122821511349e-02 3.792466504956580609e-02 3.120370876318895662e-02
6.722427428753745271e-02 6.862064843693811700e-02 6.990035384459646062e-02 7.111279465112919917e-02 7.348884105335191930e-02 7.702123048709381969e-02 8.044970066543537246e-02 8.355949723384223371e-02 8.608061543231333712e-02 8.769891711434638082e-02 8.807273101588654340e-02 8.685742492282458316e-02 8.373897885843036015e-02 7.847491357289489156e-02 7.093771710435656241e-02 6.115316550576276738e-02 4.932472895366070420e-02 3.644436706865319259e-02 2.676937907126936134e-02 2.077868764421528930e-02 3.178406575429100489e-02 4.176058377922059472e-02 5.034992666488059126e-02 5.731583481788348616e-02 6.254811924616204832e-02 6.604944743864492318e-02 6.790955339853214923e-02 6.827336643992228116e-02 6.730983382654784353e-02 6.518707505473254893e-02 6.205735684981227712e-02 5.805276145026146140e-02 5.328990872099491349e-02 4.788019272928899228e-02 4.194106431462307077e-02 3.560407563385153962e-02 2.901660061114058956e-02
6.434004135874417385e-02 6.556367822432181136e-02 6.828926926465138381e-02 7.184265211486717817e-02 7.546559550573875286e-02 7.905938658075087333e-02 8.246486282354463515e-02 8.546859864727689160e-02 8.780958339895761355e-02 8.918802619726401426e-02 8.927920434137442962e-02 8.775529540565353559e-02 8.431669946005133920e-02 7.873165426812912815e-02 7.087958132436066039e-02 6.079055489808667112e-02 4.867170094812867803e-02 3.491212941084758520e-02 2.241716619535355851e-02 1.847392635762615254e-02 2.953231772220524937e-02 3.950024786473425170e-02 4.803137030559451182e-02 5.552872617151934087e-02 6.148257822856446203e-02 6.518303654529043756e-02 6.680536147064421171e-02 6.658457334781076042e-02 6.476966068126538412e-02 6.237677753363254224e-02 5.928479187330557010e-02 5.534898711055336040e-02 5.068027865653898512e-02 4.538236678083126807e-02 3.956314202414969866e-02 3.334285891392733264e-02 2.685611862190249999e-02
6.310790471969957016e-02 6.669702411538859510e-02 7.032431251463530653e-02 7.400101758956528775e-02 7.767582598894572088e-02 8.123951448191490954e-02 8.453107652277462580e-02 8.734328862033512164e-02 8.942776238432705027e-02 9.050152227721118547e-02 9.025837910670020392e-02 8.838837064314380987e-02 8.460711490091531173e-02 7.869420440051869137e-02 7.053630724561325838e-02 6.016738767311693298e-02 4.779659606104994657e-02 3.381492851058472832e-02 1.877511058487281448e-02 1.672878081538779066e-02 2.778277009693622124e-02 3.834875300903301670e-02 4.880774751236221370e-02 5.697577250285803391e-02 6.277562642408819615e-02 6.628310428504941010e-02 6.768463282191229669e-02 6.722810054031877480e-02 6.517652401166884601e-02 6.177215794718714931e-02 5.721557905153436957e-02 5.292654185832625091e-02 4.831172253571128922e-02 4.308328860501210722e-02 3.734182455783126298e-02 3.119826261477352466e-02 2.477606556836699225e-02
6.513224172982887139e-02 6.887027900421856252e-02 7.259996323964183762e-02 7.631581865485562166e-02 7.995538636755318562e-02 8.340544127986314338e-02 8.650823938075641317e-02 8.906612670827485090e-02 9.084497927463199007e-02 9.157886366053039073e-02 9.097943922566381625e-02 8.875356749886834096e-02 8.463116133954902420e-02 7.840259205462415948e-02 6.996146948939288568e-02 5.934524282363232150e-02 4.676403695411011224e-02 3.260852590195734840e-02 1.743092087926735589e-02 1.558737200613009161e-02 2.739354003521251787e-02 3.987762323579697316e-02 5.028913647557023414e-02 5.837374258982919173e-02 6.405688360776906620e-02 6.741812833377877623e-02 6.864892310016965093e-02 6.800371666780098689e-02 6.575395214989422643e-02 6.215223659239844239e-02 5.741091959736147748e-02 5.169602506509060613e-02 4.624663686583055378e-02 4.103946825336294429e-02 3.532955991185900146e-02 2.922101642001656910e-02 2.282829067874926621e-02
6.738807552131050038e-02 7.120348195418699233e-02 7.495457615537712281e-02 7.862685107186137556e-02 8.215377843179348660e-02 8.542372979292452151e-02 8.828583679766856263e-02 9.055351709379901026e-02 9.200652438390856391e-02 9.239418284804656878e-02 9.144346638261803550e-02 8.887544822346409024e-02 8.443219755461654763e-02 7.791350395539826945e-02 6.921931714276373382e-02 5.839039208653341861e-02 4.563752557730395981e-02 3.135007373273405312e-02 1.607766380236862885e-02 1.503882419852894947e-02 2.884072864142600209e-02 4.130281839435572672e-02 5.166959412730799672e-02 5.968797621397830405e-02 6.528390486779329926e-02 6.853701929091045308e-02 6.963911220940512126e-02 6.884623627921608591e-02 6.643367807894880184e-02 6.266072373544488705e-02 5.774909681307747317e-02 5.187585248775169328e-02 4.517879702277080578e-02 3.928080179777747316e-02 3.355842116741487163e-02 2.744686644902130657e-02 2.105383286530092268e-02
6.972824914543972186e-02 7.354598794440506127e-02 7.724178276450288649e-02 8.079940332744257880e-02 8.415424590327282017e-02 8.720030562502879834e-02 8.979538284485878707e-02 9.176362271636644141e-02 9.289656669719002779e-02 9.295555409571297500e-02 9.167916878543375114e-02 8.879920366007260091e-02 8.406714771231757477e-02 7.729053586588226221e-02 6.837505624147013905e-02 5.736494849651686823e-02 4.447213376300804266e-02 3.008480786172498117e-02 1.474943013901158437e-02 1.607949193849454728e-02 3.018705977913545627e-02 4.261635106073953516e-02 5.293778899182133985e-02 6.089975688965267725e-02 6.642760088160362675e-02 6.959880829945319647e-02 7.060251436751059650e-02 6.969302032417108717e-02 6.714617780320537854e-02 6.322512371819138943e-02 5.815886691435849520e-02 5.213433208392264512e-02 4.530003730762217906e-02 3.780692271982258323e-02 3.203575220601705131e-02 2.589129857090295347e-02 1.947652949325626159e-02
