BlockUplift_2Ma_1kryTimeStep_2mmyr_k_0.0001_m_0.5_n_1.0_LinDiffusion_0.5_3x6km_30mRes_topographic__elevation.txt
nrows 200
cellsize 30.0
xllcorner 0.0
ncols 100
yllcorner 0.0
[rows 68 to 84 of 200, columns 37 to 73 of 100]
2.116106460162697260e+02 2.153165022140217673e+02 2.207513897251115509e+02 2.274036539853338468e+02 2.347448689493064649e+02 2.423230559919083476e+02 2.498119163715768991e+02 2.570155989483599797e+02 2.638435922445215169e+02 2.702741554936440593e+02 2.763202439735858320e+02 2.820048099239551220e+02 2.873467593845455781e+02 2.923558983176718584e+02 2.970342288562688395e+02 3.013809284928842089e+02 3.053986616500866376e+02 3.090993747465508363e+02 3.125083939322252036e+02 3.156663594777626258e+02 3.186290393670089429e+02 3.214651582755290633e+02 3.242521254462226921e+02 3.270693234299774872e+02 3.299888287725486293e+02 3.330641183369514806e+02 3.363180871289720244e+02 3.397321221051290649e+02 3.432379878703983422e+02 3.467142429864047131e+02 3.499890964677321108e+02 3.528517108315451196e+02 3.550731134614860594e+02 3.564354724707484934e+02 3.567649729259014748e+02 3.559605406627374578e+02 3.540101828419232106e+02
2.103342489661986292e+02 2.145958386674699909e+02 2.204782412244202305e+02 2.274573757426583143e+02 2.350227231802887502e+02 2.427601474315214318e+02 2.503866816868447813e+02 2.577426165909953966e+02 2.647588957899018283e+02 2.714186980969560636e+02 2.777256619217977800e+02 2.836835713233795673e+02 2.892871314806021132e+02 2.945212370969430253e+02 2.993657380628379201e+02 3.038029504586839948e+02 3.078255338608485658e+02 3.114428810854832932e+02 3.146849518128730097e+02 3.176033731038623387e+02 3.202702026903835986e+02 3.227746532256915089e+02 3.252174489114108837e+02 3.277020103698431512e+02 3.303220432806323856e+02 3.331463962478508165e+02 3.362035164224981258e+02 3.394685541256436068e+02 3.428558669357619806e+02 3.462188648557296347e+02 3.493584720092025009e+02 3.520409453626120353e+02 3.540246615078867194e+02 3.550931495456351854e+02 3.550885645408883420e+02 3.539375893709583920e+02 3.516622435384190908e+02
2.091336754324070171e+02 2.138705813153998179e+02 2.201078571903931902e+02 2.273229854277691970e+02 2.350333512103734677e+02 2.428665424398676294e+02 2.505812571324163969e+02 2.580490111349265590e+02 2.652165836115867137e+02 2.720674372971782873e+02 2.785927590556793234e+02 2.847752289138895776e+02 2.905840886244719741e+02 2.959784417029673023e+02 3.009155723983798225e+02 3.053612975222605428e+02 3.092996679680358056e+02 3.127399532346847195e+02 3.157199403054681852e+02 3.183058355704723112e+02 3.205897438027976136e+02 3.226852717544876441e+02 3.247205759204751416e+02 3.268273124420744580e+02 3.291245927755647926e+02 3.316992253247047415e+02 3.345859338872224953e+02 3.377522933228594297e+02 3.410922558014108859e+02 3.444301954181850078e+02 3.475356506694624272e+02 3.501478498044583034e+02 3.520080226646854271e+02 3.528956338116678921e+02 3.526622285176920855e+02 3.512550275313552106e+02 3.487234538793424576e+02
2.080902384088329882e+02 2.132491949002996137e+02 2.197775897623482422e+02 2.271653182228032222e+02 2.349641699331974110e+02 2.428445125917423582e+02 2.506035031264692066e+02 2.581387493411705805e+02 2.654079814670955102e+02 2.723915396858481017e+02 2.790664456357116592e+02 2.853938758764708155e+02 2.913180753013418212e+02 2.967734994411357548e+02 3.016967810749779346e+02 3.060400908902178685e+02 3.097826375250429010e+02 3.129378932268929248e+02 3.155557767520921857e+02 3.177208275119003247e+02 3.195481893334575716e+02 3.211782473086666414e+02 3.227686535500783975e+02 3.244811126971459885e+02 3.264613720561241053e+02 3.288142668933372761e+02 3.315792906243530638e+02 3.347134950928407875e+02 3.380867525004086929e+02 3.414909196300495751e+02 3.446614260167077646e+02 3.473083271998066834e+02 3.491532736805924628e+02 3.499678917180045801e+02 3.496074519282470874e+02 3.480325836717481138e+02 3.453128900046457943e+02
2.072772333052382407e+02 2.128269788838102556e+02 2.196056310996144703e+02 2.271237689207090682e+02 2.349715723567595660e+02 2.428615369393899073e+02 2.506254393032706389e+02 2.581820671235529403e+02 2.654958505026989997e+02 2.725412944459549180e+02 2.792802052574067488e+02 2.856526380101131508e+02 2.915794490820158558e+02 2.969732620111928441e+02 3.017541609035615693e+02 3.058659978966690574e+02 3.092892776514961497e+02 3.120478414875526596e+02 3.142090155293102498e+02 3.158793711339492347e+02 3.171990345452005613e+02 3.183356676210563592e+02 3.194759605847449393e+02 3.208105401115281552e+02 3.225099248892837522e+02 3.246941524418908784e+02 3.274037297385934266e+02 3.305810477855312115e+02 3.340683304785661107e+02 3.376227843412319203e+02 3.409452508317867796e+02 3.437170874535632947e+02 3.456404022505884086e+02 3.464771457608678702e+02 3.460818637418793742e+02 3.444219355919910299e+02 3.415797243582762803e+02
2.067414273090713550e+02 2.126634273667370394e+02 2.196654957962490755e+02 2.272852429195125694e+02 2.351535404913335299e+02 2.430234055681232235e+02 2.507572264878120336e+02 2.582903700327070737e+02 2.655901136720563613e+02 2.726226775940074845e+02 2.793337735265139372e+02 2.856430329051265176e+02 2.914502603646096190e+02 2.966503456923813928e+02 3.011526930610201589e+02 3.049001412542199887e+02 3.078824347513087218e+02 3.101412159371631674e+02 3.117669749198159934e+02 3.128916257052172227e+02 3.136809984975296288e+02 3.143285599914688646e+02 3.150469671870459933e+02 3.160515601635786993e+02 3.175325479823470687e+02 3.196195159392364644e+02 3.223483850703872235e+02 3.256423485472688526e+02 3.293135635000688808e+02 3.330848376585479400e+02 3.366249564928788800e+02 3.395900372565421890e+02 3.416651621028227055e+02 3.426025431797469309e+02 3.422526352823503544e+02 3.405833959451545070e+02 3.376824810709653661e+02
2.064997352929725594e+02 2.127785387163403641e+02 2.199828201087517527e+02 2.276820019612667068e+02 2.355486767584608572e+02 2.433741284964447686e+02 2.510472865850262849e+02 2.585157312596059000e+02 2.657459687681184732e+02 2.726935913673753475e+02 2.792874000242868533e+02 2.854275214845361575e+02 2.909955993409706707e+02 2.958738084768008321e+02 2.999678884864155179e+02 3.032280818665725519e+02 3.056621216390770428e+02 3.073372002175279363e+02 3.083725060042785344e+02 3.089278772783998761e+02 3.091943591294535167e+02 3.093880233386859118e+02 3.097421331436755167e+02 3.104897773733932240e+02 3.118329205051892927e+02 3.139027209710679927e+02 3.167238116651028577e+02 3.201961854604941777e+02 3.241016126910706703e+02 3.281318589262513115e+02 3.319295067730811297e+02 3.351317449256712848e+02 3.374111954755070428e+02 3.385115408620440007e+02 3.382764913279203824e+02 3.366687513831238334e+02 3.337737993961274583e+02
2.065471655771315511e+02 2.131632383535485644e+02 2.205484662949242249e+02 2.283072438664327422e+02 2.361536377961004689e+02 2.439142694651205261e+02 2.515003988923564009e+02 2.588676093598712669e+02 2.659782492583090061e+02 2.727751685975006239e+02 2.791697182025928896e+02 2.850438514036584365e+02 2.902645051543133263e+02 2.947067628718885999e+02 2.982801542790925851e+02 3.009508154395822999e+02 3.027528378817621615e+02 3.037859627736676202e+02 3.042026766810278104e+02 3.041923599095505892e+02 3.039697834529414422e+02 3.037692101686130286e+02 3.038375200449657427e+02 3.044165526577419882e+02 3.057100263412998515e+02 3.078412562896409099e+02 3.108167153088596706e+02 3.145105761645734219e+02 3.186765645927096102e+02 3.229819861864462496e+02 3.270520448863055663e+02 3.305134763625360961e+02 3.330322603264385748e+02 3.343453603939562413e+02 3.342874088755494881e+02 3.328102732491133224e+02 3.299898999021216355e+02
2.068672417069625453e+02 2.137934990079693875e+02 2.213358719478402463e+02 2.291349584984780847e+02 2.369445643322583521e+02 2.446229033454105490e+02 2.520991417652641644e+02 2.593328363572088051e+02 2.662791908451964105e+02 2.728667381915615806e+02 2.789894966172957425e+02 2.845132972987219091e+02 2.892944549726606738e+02 2.932068818408928905e+02 2.961710762976303499e+02 2.981766081899382357e+02 2.992908086331706272e+02 2.996512842790720583e+02 2.994469451492392409e+02 2.988973027711325585e+02 2.982387218153501749e+02 2.977186777147120438e+02 2.975898780802140777e+02 2.980928378405866397e+02 2.994220202705321299e+02 3.016831305798849598e+02 3.048583950672735909e+02 3.087955175160085446e+02 3.132252180794275773e+02 3.177995971030297824e+02 3.221372892387624916e+02 3.258640804156948434e+02 3.286453842655809581e+02 3.302132059540357432e+02 3.303908323477050430e+02 3.291140406172727921e+02 3.264423051968438472e+02
2.074376924152034860e+02 2.146393899665190759e+02 2.223124796962272285e+02 2.301328130867576078e+02 2.378905738726947448e+02 2.454709795659903762e+02 2.528165331670724356e+02 2.598870928960893707e+02 2.666284242296869138e+02 2.729540889538685065e+02 2.787419292880726402e+02 2.838446765945114407e+02 2.881127235883310505e+02 2.914246697039104674e+02 2.937182041978748543e+02 2.950120541509686518e+02 2.954113359687212892e+02 2.950945356683383238e+02 2.942883689361722190e+02 2.932421381673394762e+02 2.922114262670612561e+02 2.914520017629734525e+02 2.912146239601262323e+02 2.917283297747758866e+02 2.931674504474791547e+02 2.956110786634895362e+02 2.990127063927108679e+02 3.031951212673798182e+02 3.078732874731599622e+02 3.126949265393830615e+02 3.172834900921996564e+02 3.212730060647361938e+02 3.243336783814381192e+02 3.261937662427027362e+02 3.266629547572828756e+02 3.256562765615678927e+02 3.232106775529846914e+02
2.082301856138935818e+02 2.156668296477917579e+02 2.234423215386665902e+02 2.312647285827948735e+02 2.389558084764243233e+02 2.464225871709754188e+02 2.536164635496256210e+02 2.604945923988312870e+02 2.669920416774662044e+02 2.730080033821249117e+02 2.784065892377508362e+02 2.830314915884589482e+02 2.867323107387102255e+02 2.893976898674263225e+02 2.909871702278382486e+02 2.915519266992118332e+02 2.912366002249926851e+02 2.902610367052255924e+02 2.888894118428592037e+02 2.873997505242861052e+02 2.860645646786550174e+02 2.851435138293398381e+02 2.848782932639048795e+02 2.854771101607930177e+02 2.870844561996185007e+02 2.897455285058620689e+02 2.933827319879300717e+02 2.977975398032358498e+02 3.026977309124902149e+02 3.077376422719022457e+02 3.125559810882817260e+02 3.168026381515089156e+02 3.201564758103004351e+02 3.223424154613079509e+02 3.231544321515948468e+02 3.224831441728289860e+02 3.203383408396144887e+02
2.092079004716316035e+02 2.168355245532108029e+02 2.246833278476225928e+02 2.324870488506236086e+02 2.400943722094723114e+02 2.474288677689431495e+02 2.544469634226569781e+02 2.611011336713035007e+02 2.673158049483706122e+02 2.729778334932578900e+02 2.779413581658140515e+02 2.820459561852375145e+02 2.851456250949879063e+02 2.871434235676855451e+02 2.880233896804157894e+02 2.878697183721934039e+02 2.868654637261078051e+02 2.852699386273548043e+02 2.833829520906372181e+02 2.815096747760945277e+02 2.799375131892514901e+02 2.789263428245312753e+02 2.787027339859121753e+02 2.794461624430152824e+02 2.812635348812874554e+02 2.841612396386638579e+02 2.880305495183425819e+02 2.926567696230530942e+02 2.977492668746514823e+02 3.029787281384543007e+02 3.080072723631364511e+02 3.125057750153861207e+02 3.161637279000090075e+02 3.187023479544712359e+02 3.198982353570298756e+02 3.196153274912486495e+02 3.178335547643862924e+02
2.103246837171671189e+02 2.180971509301143669e+02 2.259841446502430529e+02 2.337440081996325887e+02 2.412447849317898942e+02 2.484219767228203750e+02 2.552342355064922685e+02 2.616286835997238995e+02 2.675205736240660030e+02 2.727878193610841890e+02 2.772794116621693661e+02 2.808362031599249917e+02 2.833213668877625082e+02 2.846553549036350432e+02 2.848471371351387234e+02 2.840118950806530620e+02 2.823675152548374854e+02 2.802089975340111323e+02 2.778688602098109186e+02 2.756774873846192122e+02 2.739353568373169310e+02 2.728995500731920743e+02 2.727766234759930626e+02 2.737112307653080165e+02 2.757673688115974073e+02 2.789103345960079992e+02 2.830023207156928038e+02 2.878183915678446851e+02 2.930773324684095087e+02 2.984734675551355281e+02 3.036973069981864910e+02 3.084429139263030493e+02 3.124105160026818453e+02 3.153168024306715438e+02 3.169201856409489437e+02 3.170574349570331378e+02 3.156781806229870426e+02
2.115251112050895586e+02 2.193939266742524978e+02 2.272817240182534988e+02 2.349649608534992922e+02 2.423275106159887002e+02 2.493135097682439323e+02 2.558824211255625301e+02 2.619766885069685145e+02 2.675050839066428239e+02 2.723409732603051339e+02 2.763336170684820559e+02 2.793304916060576488e+02 2.812078947856418267e+02 2.819050807557854910e+02 2.814543564341269644e+02 2.799977852899324944e+02 2.777827747722757863e+02 2.751350306185496493e+02 2.724161512459545520e+02 2.699794508873336554e+02 2.681365925214371373e+02 2.671392076174630574e+02 2.671699846550051234e+02 2.683345457617518264e+02 2.706511776738848880e+02 2.740443098447046282e+02 2.783506850739578340e+02 2.833409762385069257e+02 2.887493287510743585e+02 2.942978241277422171e+02 2.997068799186789647e+02 3.046931934911508506e+02 3.089664298657014001e+02 3.122380078304615267e+02 3.142486238988461196e+02 3.148094178008886956e+02 3.138416218115975198e+02
2.127408530351140996e+02 2.206541211029899046e+02 2.284973832891313066e+02 2.360620884582507983e+02 2.432450587463961824e+02 2.499973745094615367e+02 2.562792546794973418e+02 2.620301857721292436e+02 2.671559002416604471e+02 2.715300429481898163e+02 2.750075902499295353e+02 2.774475078154403036e+02 2.787421601359428109e+02 2.788496408343626172e+02 2.778225717816861788e+02 2.758246187662618354e+02 2.731266121653199548e+02 2.700794803592379481e+02 2.670698135807842846e+02 2.644710010621417382e+02 2.626034415543852560e+02 2.617105063003677969e+02 2.619478664791478764e+02 2.633796173941801726e+02 2.659778751578421065e+02 2.696285369531361198e+02 2.741474618120576565e+02 2.793059809735632939e+02 2.848571346713974322e+02 2.905516221256788754e+02 2.961381937331642007e+02 3.013535571069531329e+02 3.059148607567438489e+02 3.095281783776775342e+02 3.119185480973897029e+02 3.128750460232234900e+02 3.122945182274575018e+02
2.138801027354949440e+02 2.217822812048307526e+02 2.295297515714102019e+02 2.369272736525836933e+02 2.438832689946451922e+02 2.503553445945156284e+02 2.563052674897461998e+02 2.616717188424794927e+02 2.663609385414937378e+02 2.702515238861295188e+02 2.732092083510317480e+02 2.751086620910083411e+02 2.758604540713591291e+02 2.754408039699526398e+02 2.739191609631586175e+02 2.714754285179512294e+02 2.683978981708829679e+02 2.650572259703329792e+02 2.618603918249541493e+02 2.591969311607657005e+02 2.573922719206216243e+02 2.566779417245947457e+02 2.571797316469472321e+02 2.589191460429460108e+02 2.618236923655388182e+02 2.657447269006719353e+02 2.704822115794481761e+02 2.758120458407703950e+02 2.815073652459419122e+02 2.873456558549376041e+02 2.931002639838233677e+02 2.985242167349330771e+02 3.033403261355497875e+02 3.072503128197936917e+02 3.099671829984819738e+02 3.112631939453405039e+02 3.110163646861726647e+02
2.148137514651654385e+02 2.226480647018798891e+02 2.302480216566554247e+02 2.374305785016364041e+02 2.441149196347955126e+02 2.502650067520301320e+02 2.558448665293768443e+02 2.607941987893225360e+02 2.650228439738432371e+02 2.684185316454160102e+02 2.708623080971231047e+02 2.722483559652521308e+02 2.725073985446062466e+02 2.716332701286561928e+02 2.697094192980511025e+02 2.669275626631967953e+02 2.635882661679676744e+02 2.600764864312968712e+02 2.568140247209101972e+02 2.542007932897862190e+02 2.525615002063021279e+02 2.521108885629521694e+02 2.529419494611182984e+02 2.550337410428795124e+02 2.582725021389985613e+02 2.624804109246581447e+02 2.674467694136473028e+02 2.729549916075788474e+02 2.787978371516227298e+02 2.847761317567143919e+02 2.906831319608426156e+02 2.962844348356715614e+02 3.013073743545932643e+02 3.054513796572351225e+02 3.084221744453445240e+02 3.099814060527181141e+02 3.099945595790739503e+02
