BlockUplift_2Ma_1kryTimeStep_2mmyr_k_1e-05_m_0.5_n_1.0_LinDiffusion_0.25_3x6km_30mRes_flow__link_to_receiver_node.txt
nrows 200
cellsize 30.0
xllcorner 0.0
ncols 100
yllcorner 0.0
[rows 102 to 118 of 200, columns 37 to 73 of 100]
1.934000000000000000e+04 1.934100000000000000e+04 1.934200000000000000e+04 1.924300000000000000e+04 1.924400000000000000e+04 5.879000000000000000e+04 1.934500000000000000e+04 1.934600000000000000e+04 1.934700000000000000e+04 1.934800000000000000e+04 1.934900000000000000e+04 1.935000000000000000e+04 1.935100000000000000e+04 1.935200000000000000e+04 1.935300000000000000e+04 1.935400000000000000e+04 5.881200000000000000e+04 5.881400000000000000e+04 5.881600000000000000e+04 5.881800000000000000e+04 5.882000000000000000e+04 5.882200000000000000e+04 5.882400000000000000e+04 5.882600000000000000e+04 5.882800000000000000e+04 5.883000000000000000e+04 5.883200000000000000e+04 5.883400000000000000e+04 5.883600000000000000e+04 5.883800000000000000e+04 5.884000000000000000e+04 5.884200000000000000e+04 5.884400000000000000e+04 5.884600000000000000e+04 5.884800000000000000e+04 5.885000000000000000e+04 5.885200000000000000e+04
1.914100000000000000e+04 1.914200000000000000e+04 1.914300000000000000e+04 5.859100000000000000e+04 1.904500000000000000e+04 5.859200000000000000e+04 1.914600000000000000e+04 1.914700000000000000e+04 1.914800000000000000e+04 1.914900000000000000e+04 1.915000000000000000e+04 1.915100000000000000e+04 1.915200000000000000e+04 1.915300000000000000e+04 5.861000000000000000e+04 5.861200000000000000e+04 5.861400000000000000e+04 5.861600000000000000e+04 5.861800000000000000e+04 5.862000000000000000e+04 5.862200000000000000e+04 5.862400000000000000e+04 5.862600000000000000e+04 5.862800000000000000e+04 5.863000000000000000e+04 5.863200000000000000e+04 5.863400000000000000e+04 5.863600000000000000e+04 5.863800000000000000e+04 5.864000000000000000e+04 5.864200000000000000e+04 5.864400000000000000e+04 5.864600000000000000e+04 5.864800000000000000e+04 5.865000000000000000e+04 5.865200000000000000e+04 5.865400000000000000e+04
1.894200000000000000e+04 1.894300000000000000e+04 1.894400000000000000e+04 5.839300000000000000e+04 1.884600000000000000e+04 5.839400000000000000e+04 1.894700000000000000e+04 1.894800000000000000e+04 1.894900000000000000e+04 1.895000000000000000e+04 1.895100000000000000e+04 1.895200000000000000e+04 5.840800000000000000e+04 5.841000000000000000e+04 5.841200000000000000e+04 5.841400000000000000e+04 5.841600000000000000e+04 5.841800000000000000e+04 5.842000000000000000e+04 5.842200000000000000e+04 5.842400000000000000e+04 5.842600000000000000e+04 5.842800000000000000e+04 5.843000000000000000e+04 5.843200000000000000e+04 5.843400000000000000e+04 5.843600000000000000e+04 5.843800000000000000e+04 5.844000000000000000e+04 5.844200000000000000e+04 5.844400000000000000e+04 5.844600000000000000e+04 5.844800000000000000e+04 5.845000000000000000e+04 5.845200000000000000e+04 5.845400000000000000e+04 5.845600000000000000e+04
1.874300000000000000e+04 1.874400000000000000e+04 5.819300000000000000e+04 5.819500000000000000e+04 1.864700000000000000e+04 5.819600000000000000e+04 5.819800000000000000e+04 1.874900000000000000e+04 1.875000000000000000e+04 1.875100000000000000e+04 5.820600000000000000e+04 5.820800000000000000e+04 5.821000000000000000e+04 5.821200000000000000e+04 5.821400000000000000e+04 5.821600000000000000e+04 5.821800000000000000e+04 5.822000000000000000e+04 5.822200000000000000e+04 5.822400000000000000e+04 5.822600000000000000e+04 5.822800000000000000e+04 5.823000000000000000e+04 5.823200000000000000e+04 5.823400000000000000e+04 5.823600000000000000e+04 5.823800000000000000e+04 5.824000000000000000e+04 5.824200000000000000e+04 5.824400000000000000e+04 5.824600000000000000e+04 5.824800000000000000e+04 5.825000000000000000e+04 5.825200000000000000e+04 5.825400000000000000e+04 5.825600000000000000e+04 5.825800000000000000e+04
1.854400000000000000e+04 1.854500000000000000e+04 5.799500000000000000e+04 5.799700000000000000e+04 1.844800000000000000e+04 5.799800000000000000e+04 5.800000000000000000e+04 5.800200000000000000e+04 5.800400000000000000e+04 5.800600000000000000e+04 5.800800000000000000e+04 5.801000000000000000e+04 5.801200000000000000e+04 5.801400000000000000e+04 5.801600000000000000e+04 5.801800000000000000e+04 5.802000000000000000e+04 5.802200000000000000e+04 5.802400000000000000e+04 5.802600000000000000e+04 5.802800000000000000e+04 5.803000000000000000e+04 5.803200000000000000e+04 5.803400000000000000e+04 5.803600000000000000e+04 5.803800000000000000e+04 5.804000000000000000e+04 5.804200000000000000e+04 5.804400000000000000e+04 5.804600000000000000e+04 5.804800000000000000e+04 5.805000000000000000e+04 5.805200000000000000e+04 5.805400000000000000e+04 5.805600000000000000e+04 5.805800000000000000e+04 5.806000000000000000e+04
5.779300000000000000e+04 5.779500000000000000e+04 5.779700000000000000e+04 5.779900000000000000e+04 1.824900000000000000e+04 5.780000000000000000e+04 5.780200000000000000e+04 5.780400000000000000e+04 5.780600000000000000e+04 5.780800000000000000e+04 5.781000000000000000e+04 5.781200000000000000e+04 5.781400000000000000e+04 5.781600000000000000e+04 5.781800000000000000e+04 5.782000000000000000e+04 5.782200000000000000e+04 5.782400000000000000e+04 5.782600000000000000e+04 5.782800000000000000e+04 5.783000000000000000e+04 5.783200000000000000e+04 5.783400000000000000e+04 5.783600000000000000e+04 5.783800000000000000e+04 5.784000000000000000e+04 5.784200000000000000e+04 5.784400000000000000e+04 5.784600000000000000e+04 5.784800000000000000e+04 5.785000000000000000e+04 5.785200000000000000e+04 5.785400000000000000e+04 5.785600000000000000e+04 5.785800000000000000e+04 5.786000000000000000e+04 5.786200000000000000e+04
5.759500000000000000e+04 5.759700000000000000e+04 5.759900000000000000e+04 5.760100000000000000e+04 1.805000000000000000e+04 1.805100000000000000e+04 5.760400000000000000e+04 5.760600000000000000e+04 5.760800000000000000e+04 5.761000000000000000e+04 5.761200000000000000e+04 5.761400000000000000e+04 5.761600000000000000e+04 5.761800000000000000e+04 5.762000000000000000e+04 5.762200000000000000e+04 5.762400000000000000e+04 5.762600000000000000e+04 5.762800000000000000e+04 5.763000000000000000e+04 5.763200000000000000e+04 5.763400000000000000e+04 5.763600000000000000e+04 5.763800000000000000e+04 5.764000000000000000e+04 5.764200000000000000e+04 5.764400000000000000e+04 5.764600000000000000e+04 5.764800000000000000e+04 5.765000000000000000e+04 5.765200000000000000e+04 5.765400000000000000e+04 5.765600000000000000e+04 5.765800000000000000e+04 5.766000000000000000e+04 5.766200000000000000e+04 5.766400000000000000e+04
5.739700000000000000e+04 5.739900000000000000e+04 5.740100000000000000e+04 1.785000000000000000e+04 1.785100000000000000e+04 1.785200000000000000e+04 5.740600000000000000e+04 5.740800000000000000e+04 5.741000000000000000e+04 5.741200000000000000e+04 5.741400000000000000e+04 5.741600000000000000e+04 5.741800000000000000e+04 5.742000000000000000e+04 5.742200000000000000e+04 5.742400000000000000e+04 5.742600000000000000e+04 5.742800000000000000e+04 5.743000000000000000e+04 5.743200000000000000e+04 5.743400000000000000e+04 5.743600000000000000e+04 5.743800000000000000e+04 5.744000000000000000e+04 5.744200000000000000e+04 5.744400000000000000e+04 5.744600000000000000e+04 5.744800000000000000e+04 5.745000000000000000e+04 5.745200000000000000e+04 5.745400000000000000e+04 5.745600000000000000e+04 5.745800000000000000e+04 5.746000000000000000e+04 5.746200000000000000e+04 5.746400000000000000e+04 5.746600000000000000e+04
5.719900000000000000e+04 5.720100000000000000e+04 5.720300000000000000e+04 1.765100000000000000e+04 1.765200000000000000e+04 1.765300000000000000e+04 5.720800000000000000e+04 5.721000000000000000e+04 5.721200000000000000e+04 5.721400000000000000e+04 5.721600000000000000e+04 5.721800000000000000e+04 5.722000000000000000e+04 5.722200000000000000e+04 5.722400000000000000e+04 5.722600000000000000e+04 5.722800000000000000e+04 5.723000000000000000e+04 5.723200000000000000e+04 5.723400000000000000e+04 5.723600000000000000e+04 5.723800000000000000e+04 5.724000000000000000e+04 5.724200000000000000e+04 5.724400000000000000e+04 5.724600000000000000e+04 5.724800000000000000e+04 5.725000000000000000e+04 5.725200000000000000e+04 1.777600000000000000e+04 1.777700000000000000e+04 1.777800000000000000e+04 1.777900000000000000e+04 1.778000000000000000e+04 5.726400000000000000e+04 5.726600000000000000e+04 5.726800000000000000e+04
5.700100000000000000e+04 5.700300000000000000e+04 5.700500000000000000e+04 1.745200000000000000e+04 1.745300000000000000e+04 1.745400000000000000e+04 5.701000000000000000e+04 5.701200000000000000e+04 5.701400000000000000e+04 5.701600000000000000e+04 5.701800000000000000e+04 5.702000000000000000e+04 5.702200000000000000e+04 5.702400000000000000e+04 5.702600000000000000e+04 5.702800000000000000e+04 5.703000000000000000e+04 5.703200000000000000e+04 5.703400000000000000e+04 5.703600000000000000e+04 5.703800000000000000e+04 5.704000000000000000e+04 5.704200000000000000e+04 5.704400000000000000e+04 5.704600000000000000e+04 5.704800000000000000e+04 1.757400000000000000e+04 1.757500000000000000e+04 1.757600000000000000e+04 1.757700000000000000e+04 1.757800000000000000e+04 1.757900000000000000e+04 1.758000000000000000e+04 1.758100000000000000e+04 5.706600000000000000e+04 5.706800000000000000e+04 5.707000000000000000e+04
5.680300000000000000e+04 5.680500000000000000e+04 5.680700000000000000e+04 1.725300000000000000e+04 1.725400000000000000e+04 1.725500000000000000e+04 5.681200000000000000e+04 5.681400000000000000e+04 5.681600000000000000e+04 5.681800000000000000e+04 5.682000000000000000e+04 5.682200000000000000e+04 5.682400000000000000e+04 5.682600000000000000e+04 5.682800000000000000e+04 5.683000000000000000e+04 5.683200000000000000e+04 5.683400000000000000e+04 5.683600000000000000e+04 5.683800000000000000e+04 5.684000000000000000e+04 5.684200000000000000e+04 5.684400000000000000e+04 1.737200000000000000e+04 1.737300000000000000e+04 1.737400000000000000e+04 1.737500000000000000e+04 1.737600000000000000e+04 1.737700000000000000e+04 1.737800000000000000e+04 1.737900000000000000e+04 1.738000000000000000e+04 1.738100000000000000e+04 1.738200000000000000e+04 5.686800000000000000e+04 5.687000000000000000e+04 5.687200000000000000e+04
5.660500000000000000e+04 5.660700000000000000e+04 5.660900000000000000e+04 1.705400000000000000e+04 1.705500000000000000e+04 1.705600000000000000e+04 5.661400000000000000e+04 5.661600000000000000e+04 5.661800000000000000e+04 5.662000000000000000e+04 5.662200000000000000e+04 5.662400000000000000e+04 5.662600000000000000e+04 5.662800000000000000e+04 5.663000000000000000e+04 5.663200000000000000e+04 5.663400000000000000e+04 5.663600000000000000e+04 5.663800000000000000e+04 5.664000000000000000e+04 1.717000000000000000e+04 1.717100000000000000e+04 1.717200000000000000e+04 1.717300000000000000e+04 1.717400000000000000e+04 1.717500000000000000e+04 1.717600000000000000e+04 1.717700000000000000e+04 1.717800000000000000e+04 1.717900000000000000e+04 1.718000000000000000e+04 1.718100000000000000e+04 1.718200000000000000e+04 1.718300000000000000e+04 5.667000000000000000e+04 5.667200000000000000e+04 5.667400000000000000e+04
5.640700000000000000e+04 5.640900000000000000e+04 5.641100000000000000e+04 1.685500000000000000e+04 1.685600000000000000e+04 1.685700000000000000e+04 5.641600000000000000e+04 5.641800000000000000e+04 5.642000000000000000e+04 5.642200000000000000e+04 5.642400000000000000e+04 5.642600000000000000e+04 5.642800000000000000e+04 5.643000000000000000e+04 5.643200000000000000e+04 5.643400000000000000e+04 5.643600000000000000e+04 5.643800000000000000e+04 1.696900000000000000e+04 1.697000000000000000e+04 1.697100000000000000e+04 1.697200000000000000e+04 1.697300000000000000e+04 1.697400000000000000e+04 1.697500000000000000e+04 1.697600000000000000e+04 1.697700000000000000e+04 1.697800000000000000e+04 1.697900000000000000e+04 1.698000000000000000e+04 1.698100000000000000e+04 1.698200000000000000e+04 1.698300000000000000e+04 5.647000000000000000e+04 5.647200000000000000e+04 5.647400000000000000e+04 5.647600000000000000e+04
5.620900000000000000e+04 5.621100000000000000e+04 5.621300000000000000e+04 1.665600000000000000e+04 1.665700000000000000e+04 1.665800000000000000e+04 5.621800000000000000e+04 5.622000000000000000e+04 5.622200000000000000e+04 5.622400000000000000e+04 5.622600000000000000e+04 5.622800000000000000e+04 5.623000000000000000e+04 5.623200000000000000e+04 5.623400000000000000e+04 1.676700000000000000e+04 1.676800000000000000e+04 1.676900000000000000e+04 1.677000000000000000e+04 1.677100000000000000e+04 1.677200000000000000e+04 1.677300000000000000e+04 1.677400000000000000e+04 1.677500000000000000e+04 1.677600000000000000e+04 1.677700000000000000e+04 1.677800000000000000e+04 1.677900000000000000e+04 1.678000000000000000e+04 1.678100000000000000e+04 1.678200000000000000e+04 1.678300000000000000e+04 5.627000000000000000e+04 5.627200000000000000e+04 5.627400000000000000e+04 5.627600000000000000e+04 5.627800000000000000e+04
5.601100000000000000e+04 5.601300000000000000e+04 5.601500000000000000e+04 1.645700000000000000e+04 1.645800000000000000e+04 1.645900000000000000e+04 5.602000000000000000e+04 5.602200000000000000e+04 5.602400000000000000e+04 5.602600000000000000e+04 5.602800000000000000e+04 5.603000000000000000e+04 5.603200000000000000e+04 1.656600000000000000e+04 1.656700000000000000e+04 1.656800000000000000e+04 1.656900000000000000e+04 1.657000000000000000e+04 1.657100000000000000e+04 1.657200000000000000e+04 1.657300000000000000e+04 1.657400000000000000e+04 1.657500000000000000e+04 1.657600000000000000e+04 1.657700000000000000e+04 1.657800000000000000e+04 1.657900000000000000e+04 1.658000000000000000e+04 1.658100000000000000e+04 1.658200000000000000e+04 1.658300000000000000e+04 5.607000000000000000e+04 5.607200000000000000e+04 5.607400000000000000e+04 5.607600000000000000e+04 5.607800000000000000e+04 5.608000000000000000e+04
5.581300000000000000e+04 5.581500000000000000e+04 5.581700000000000000e+04 1.625800000000000000e+04 1.625900000000000000e+04 5.582000000000000000e+04 5.582200000000000000e+04 5.582400000000000000e+04 5.582600000000000000e+04 5.582800000000000000e+04 1.636400000000000000e+04 1.636500000000000000e+04 1.636600000000000000e+04 1.636700000000000000e+04 1.636800000000000000e+04 1.636900000000000000e+04 1.637000000000000000e+04 1.637100000000000000e+04 1.637200000000000000e+04 1.637300000000000000e+04 1.637400000000000000e+04 1.637500000000000000e+04 1.637600000000000000e+04 1.637700000000000000e+04 1.637800000000000000e+04 1.637900000000000000e+04 1.638000000000000000e+04 1.638100000000000000e+04 1.638200000000000000e+04 1.638300000000000000e+04 1.638400000000000000e+04 5.587200000000000000e+04 5.587400000000000000e+04 5.587600000000000000e+04 5.587800000000000000e+04 5.588000000000000000e+04 5.588200000000000000e+04
5.561500000000000000e+04 5.561700000000000000e+04 5.561900000000000000e+04 1.605900000000000000e+04 1.606000000000000000e+04 5.562200000000000000e+04 5.562400000000000000e+04 5.562600000000000000e+04 1.616300000000000000e+04 1.616400000000000000e+04 1.616500000000000000e+04 1.616600000000000000e+04 1.616700000000000000e+04 1.616800000000000000e+04 1.616900000000000000e+04 1.617000000000000000e+04 1.617100000000000000e+04 1.617200000000000000e+04 1.617300000000000000e+04 1.617400000000000000e+04 1.617500000000000000e+04 1.617600000000000000e+04 1.617700000000000000e+04 1.617800000000000000e+04 1.617900000000000000e+04 1.618000000000000000e+04 1.618100000000000000e+04 1.618200000000000000e+04 1.618300000000000000e+04 1.618400000000000000e+04 5.567200000000000000e+04 5.567400000000000000e+04 5.567600000000000000e+04 5.567800000000000000e+04 5.568000000000000000e+04 5.568200000000000000e+04 5.568400000000000000e+04
