BlockUplift_2Ma_1kryTimeStep_5mmyr_k_5e-05_m_0.5_n_1.0_LinDiffusion_1.0_6x3km_30mRes_topographic__elevation.txt
nrows 100
cellsize 30.0
xllcorner 0.0
ncols 200
yllcorner 0.0
[rows 68 to 84 of 100, columns 0 to 36 of 200]
3.877617062539362230e-04 7.600848886547282746e+01 7.688442306803187876e+01 7.857380506773905893e+01 8.096044314429772726e+01 8.388989614937401029e+01 8.718809872354619017e+01 9.067937158034166600e+01 9.420084246548636031e+01 9.761178069972523019e+01 1.007978989645313135e+02 1.036717920076448394e+02 1.061711187878249376e+02 1.082559461398563627e+02 1.099061177903671620e+02 1.111189067358041171e+02 1.119067887066872089e+02 1.122950343292394564e+02 1.123189174793138250e+02 1.120205580381825428e+02 1.114456289099497752e+02 1.106402706355783039e+02 1.096485449163541830e+02 1.085106474637891125e+02 1.072619462949912190e+02 1.059327701494508176e+02 1.045487801614302441e+02 1.031317269137159087e+02 1.017004129234777423e+02 1.002717241227080081e+02 9.886163905026819521e+01 9.748615465298247784e+01 9.616207683722544175e+01 9.490761624542352592e+01 9.374271598247760551e+01 9.268903156638616281e+01 9.176949588703794802e+01
7.776305746064738050e-04 7.368327150255842639e+01 7.455422565800414247e+01 7.623295937828393676e+01 7.860198792187014760e+01 8.150513550454968481e+01 8.476639465952547425e+01 8.820822434787379507e+01 9.166628498963004290e+01 9.499907613561221353e+01 9.809248701573419282e+01 1.008603864499357741e+02 1.032428242429242431e+02 1.052032455450965500e+02 1.067255902315442313e+02 1.078115705992717039e+02 1.084780228677149410e+02 1.087540988421289256e+02 1.086781592640396497e+02 1.082944312108004681e+02 1.076496741002044075e+02 1.067901819698920036e+02 1.057594148966978906e+02 1.045964315353934495e+02 1.033351437180592853e+02 1.020042854135135570e+02 1.006279133747545558e+02 9.922624073807612888e+01 9.781663276576961152e+01 9.641464173296712659e+01 9.503500289155023495e+01 9.369254092747877394e+01 9.240294229324321407e+01 9.118333843678732364e+01 9.005262943799590403e+01 8.903147004556747390e+01 8.814185176673058209e+01
2.497952604620381437e-04 7.138286715253632053e+01 7.224745285667925998e+01 7.391282838918846210e+01 7.626034797799640330e+01 7.913229489689778973e+01 8.235097020339262031e+01 8.573727228936094491e+01 8.912573695973827625e+01 9.237446482187787922e+01 9.536990094118939965e+01 9.802754923214769178e+01 1.002901607259914414e+02 1.021247848799651052e+02 1.035195708048434540e+02 1.044806541477888686e+02 1.050290881200909467e+02 1.051976550052725941e+02 1.050274801082606189e+02 1.045645471764046164e+02 1.038563654842031099e+02 1.029490926999338853e+02 1.018853633488405137e+02 1.007029458590429982e+02 9.943420679588307109e+01 9.810624688481169642e+01 9.674151512387045670e+01 9.535870499380605736e+01 9.397377300261813104e+01 9.260097035017066958e+01 9.125382218819608227e+01 8.994601332507518521e+01 8.869214196009319551e+01 8.750829026332820604e+01 8.641234367603857436e+01 8.542398248492932566e+01 8.456428019990553935e+01
7.133011174993004978e-04 6.910277603736047070e+01 6.995968071331306248e+01 7.160913683274340258e+01 7.393146431305379451e+01 7.676759280352017356e+01 7.993837642020650947e+01 8.326344942952238171e+01 8.657656257574802794e+01 8.973578578072583412e+01 9.262849509711767837e+01 9.517218215541724646e+01 9.731259472351803197e+01 9.902059059628443549e+01 1.002886137818313870e+02 1.011271781885620840e+02 1.015613846145200512e+02 1.016273771429278980e+02 1.013687163559062014e+02 1.008327967519579147e+02 1.000675551367450709e+02 9.911874342438503049e+01 9.802796916674361682e+01 9.683157835381615541e+01 9.556032030593442528e+01 9.423963641582682271e+01 9.289037253122540960e+01 9.152972484349302817e+01 9.017227196716152093e+01 8.883099777093019611e+01 8.751825113990717853e+01 8.624660986255065609e+01 8.502961548206410214e+01 8.388233108529074400e+01 8.282165594033600087e+01 8.186632199716557068e+01 8.103650769022154066e+01
1.732519934253101657e-04 6.683976071813272313e+01 6.768771581121259828e+01 6.931877751310577196e+01 7.161235542256225983e+01 7.440821074770292398e+01 7.752599512835361395e+01 8.078437787165513839e+01 8.401666912659153752e+01 8.708128136954930198e+01 8.986689861399604240e+01 9.229334810712931869e+01 9.430965631621840828e+01 9.589067091582566604e+01 9.703318752670730873e+01 9.775202244854703792e+01 9.807612756941729515e+01 9.804472153635803977e+01 9.770346372268592461e+01 9.710081778326158997e+01 9.628483932358906827e+01 9.530062423651082781e+01 9.418857228406547222e+01 9.298349361256290990e+01 9.171446336506458863e+01 9.040524821838812386e+01 8.907510230438805365e+01 8.773975084888429876e+01 8.641242760389285138e+01 8.510488410087488376e+01 8.382832765929292407e+01 8.259426262707263788e+01 8.141520609764098992e+01 8.030523270270086300e+01 7.928028418240300823e+01 7.835817015387027595e+01 7.755819647373644443e+01
5.998280314388864916e-04 6.459166679612752660e+01 6.542941415829189111e+01 6.703962746956452179e+01 6.930093137195871122e+01 7.205210774096066473e+01 7.511185778134519353e+01 7.829819620850342687e+01 8.144435020131386693e+01 8.440945989245587100e+01 8.708390067211497865e+01 8.939018058414632151e+01 9.128087286323213334e+01 9.273497221163155757e+01 9.375365117678131810e+01 9.435591967108258871e+01 9.457435576611837291e+01 9.445094637764175616e+01 9.403310594102876507e+01 9.337002991798405560e+01 9.250959706650236569e+01 9.149601501402634085e+01 9.036831394975635590e+01 8.915967180656494406e+01 8.789744601325868700e+01 8.660372256391377732e+01 8.529618131771678691e+01 8.398910644216827848e+01 8.269442199256667436e+01 8.142268357319491656e+01 8.018399275157348427e+01 7.898881497567164445e+01 7.784867589450395542e+01 7.677669287479511695e+01 7.578787902864793580e+01 7.489914756046488264e+01 7.412895384085658179e+01
6.879981563480988506e-04 6.235722128786837004e+01 6.318347944852201437e+01 6.477034671505354879e+01 6.699579480330746151e+01 6.969782669032272793e+01 7.269446149132487278e+01 7.580338987562637953e+01 7.885813483391395096e+01 8.171896703340974000e+01 8.427834625831550852e+01 8.646180416881347242e+01 8.822571309562667352e+01 8.955334449365618354e+01 9.045023863893561611e+01 9.093945501335284121e+01 9.105694331007215681e+01 9.084713308433278200e+01 9.035884308780904917e+01 8.964166766724683555e+01 8.874302591303641918e+01 8.770602214294297028e+01 8.656817296186571298e+01 8.536094333138001389e+01 8.410994153051019850e+01 8.283557536132100552e+01 8.155397331390742011e+01 8.027801181025380117e+01 7.901834259450487252e+01 7.778436339336025185e+01 7.658510720736190081e+01 7.543003631384941343e+01 7.432971888871406918e+01 7.329634688870162051e+01 7.234403400235382264e+01 7.148882287152821391e+01 7.074834006213079363e+01
8.892593105697957833e-04 6.013580939650277912e+01 6.094924088485267788e+01 6.251015876810686223e+01 6.469602684133982962e+01 6.734428940879953984e+01 7.027257762217681147e+01 7.329861794597871949e+01 7.625663653394686037e+01 7.900845993239293819e+01 8.144903648199438351e+01 8.350726060472698009e+01 8.514353704636361897e+01 8.634551231089591283e+01 8.712304710860438206e+01 8.750306878107213038e+01 8.752461341202729272e+01 8.723420831176736101e+01 8.668171937736318000e+01 8.591681185835838619e+01 8.498617522673397673e+01 8.393161211802458865e+01 8.278899836282874958e+01 8.158801970923177294e+01 8.035251498105726853e+01 7.910122406551153063e+01 7.784875212741552275e+01 7.660660454167134503e+01 7.538420052257617954e+01 7.418981986993767919e+01 7.303146583500176803e+01 7.191763465374944531e+01 7.085797210864997453e+01 6.986377734289357022e+01 6.894829415470408662e+01 6.812672039229580889e+01 6.741587505781839695e+01
2.826028614054564209e-04 5.792720702531489252e+01 5.872638821207064552e+01 6.025859125455281173e+01 6.240093715951771003e+01 6.499056084913401321e+01 6.784503529183726300e+01 7.078252072572976772e+01 7.363838878375234742e+01 7.627647278012307197e+01 7.859462456368333960e+01 8.052543365286948074e+01 8.203354681268189097e+01 8.311104758585717889e+01 8.377202784356195764e+01 8.404706116519605530e+01 8.397795353938512619e+01 8.361296649571927730e+01 8.300265057636892152e+01 8.219641983967997589e+01 8.123997747568981254e+01 8.017364255192390488e+01 7.903153913824463928e+01 7.784152126985101461e+01 7.662564846789776141e+01 7.540101035050439293e+01 7.418072181227550743e+01 7.297495736959022850e+01 7.179194612507815521e+01 7.063889208564542344e+01 6.952280945767657272e+01 6.845126715446970422e+01 6.743302486871711210e+01 6.647852231683988578e+01 6.560016326583496493e+01 6.481232641960467333e+01 6.413104395945704539e+01
3.884479341613774738e-04 5.573123741848947077e+01 5.651463323079492085e+01 5.801514757101291764e+01 6.010975164992257902e+01 6.263555903162237826e+01 6.541045965727049349e+01 6.825349157719074356e+01 7.100165390387827813e+01 7.352126403381208775e+01 7.571350037938896094e+01 7.751496789235194740e+01 7.889473508287349546e+01 7.984934260777222903e+01 8.039697831468518530e+01 8.057159868885946707e+01 8.041743200875436060e+01 7.998409320926911903e+01 7.932245144243287882e+01 7.848135489985911306e+01 7.750527800711410009e+01 7.643289108352847450e+01 7.529647139664992039e+01 7.412200206245792344e+01 7.292976351722934680e+01 7.173521992925199697e+01 7.055003401777068461e+01 6.938309331786533107e+01 6.824148215794880912e+01 6.713137335553268770e+01 6.605883489954904064e+01 6.503054885046149991e+01 6.405442642400861075e+01 6.314008210616549377e+01 6.229910978588143422e+01 6.154509448534570737e+01 6.089330172222502569e+01
3.319618847482213296e-04 5.354733010725461639e+01 5.431327697348206129e+01 5.577889069067590100e+01 5.782122137624553204e+01 6.027769738085017792e+01 6.296695487861940421e+01 6.570940591492052363e+01 6.834420092206246977e+01 7.074064306719799333e+01 7.280366297729474923e+01 7.447418193018937416e+01 7.572583246520761691e+01 7.655958443699923066e+01 7.699753696556186355e+01 7.707672345022699290e+01 7.684341691694471876e+01 7.634819005381947932e+01 7.564186376655433719e+01 7.477241538551295719e+01 7.378286373326525904e+01 7.271008257783411466e+01 7.158442340330670106e+01 7.042997235724348570e+01 6.926524093585530295e+01 6.810409984534051375e+01 6.695680291719716593e+01 6.583099853468709739e+01 6.473267480993324341e+01 6.366702071864097690e+01 6.263920319109448798e+01 6.165505978406229559e+01 6.072169220977384896e+01 5.984792471680830062e+01 5.904457170101071029e+01 5.832444968104730521e+01 5.770207696289755717e+01
6.917431691057290746e-04 5.137398972737400982e+01 5.212069062925440477e+01 5.354794812077457067e+01 5.553316293340964904e+01 5.791447064731542582e+01 6.051174368947992832e+01 6.314731957489238567e+01 6.566306435887817372e+01 6.793178734211640801e+01 6.986259089614854645e+01 7.140098432027154729e+01 7.252526029529998652e+01 7.324073583645107988e+01 7.357318431675921033e+01 7.356236776440151459e+01 7.325619914811012734e+01 7.270580220726546372e+01 7.196158573930937052e+01 7.107036399655859782e+01 7.007349108100724777e+01 6.900591491418286694e+01 6.789599874852746098e+01 6.676591901750269642e+01 6.563243842714577170e+01 6.450787352408927688e+01 6.340111797475080380e+01 6.231863309239015791e+01 6.126536285006319105e+01 6.024556272184133832e+01 5.926354624112827452e+01 5.832435077855719641e+01 5.743430889150446461e+01 5.660149033430020893e+01 5.583596053221194921e+01 5.514979226482216745e+01 5.455677522051207262e+01
4.742756502509650742e-04 4.920822625847407750e+01 4.993376123913289177e+01 5.131898789697635266e+01 5.324197823324870882e+01 5.554202973022910328e+01 5.804080531397678300e+01 6.056317392634755237e+01 6.295431632921134479e+01 6.509107721883502506e+01 6.688713213782723699e+01 6.829280910743646871e+01 6.929110147329909353e+01 6.989153163725933382e+01 7.012325644636378286e+01 7.002837809240713796e+01 6.965602183885599175e+01 6.905745001870633359e+01 6.828230342336519243e+01 6.737595770480065482e+01 6.637791348848664086e+01 6.532108358768154233e+01 6.423179787047246236e+01 6.313032397971888798e+01 6.203170622453664151e+01 6.094675385946573698e+01 5.988305483730660939e+01 5.884594004365095543e+01 5.783936518564475904e+01 5.686670577811803895e+01 5.593147224937220585e+01 5.503794811577305524e+01 5.419173847924486154e+01 5.340019501155467196e+01 5.267266470085137797e+01 5.202050077684172891e+01 5.145678186031022960e+01
1.868929910681809174e-04 4.704504472940426041e+01 4.774739831245502586e+01 4.908675798907885479e+01 5.094224048508542779e+01 5.315482488235002734e+01 5.554858252168865107e+01 5.795156884993838986e+01 6.021290297375491463e+01 6.221398944722920277e+01 6.387344553998769214e+01 6.514659454408231909e+01 6.602110603443188097e+01 6.651050183430157858e+01 6.664697810004771839e+01 6.647455265704648752e+01 6.604311880602320173e+01 6.540366597900496970e+01 6.460472499098978005e+01 6.368997861394639415e+01 6.269690862639384221e+01 6.165630527014427287e+01 6.059243809933727221e+01 5.952368104665900006e+01 5.846340098537576324e+01 5.742095460916927152e+01 5.640268464274107174e+01 5.541285303556172437e+01 5.445448713446250366e+01 5.353013939957055811e+01 5.264257015243473603e+01 5.179535740109003683e+01 5.099342177752769345e+01 5.024343383451125788e+01 4.955405250856265553e+01 4.893593490020420944e+01 4.840146484902699342e+01
2.732476074710214102e-04 4.487712392007938433e+01 4.555422778215145030e+01 4.684380943220775606e+01 4.862645785619528027e+01 5.074541766032786683e+01 5.302784537862162750e+01 5.530567740367666119e+01 5.743260519683298782e+01 5.929509615326414718e+01 6.081702854201727604e+01 6.195882993673452432e+01 6.271274835953464333e+01 6.309603222244543019e+01 6.314352189495981804e+01 6.290069630328099493e+01 6.241776368590012680e+01 6.174503778432830359e+01 6.092961792277948518e+01 6.001326574579348971e+01 5.903130528702251212e+01 5.801234031311943795e+01 5.697857227353051712e+01 5.594651111329578441e+01 5.492789812299059804e+01 5.393070031887507554e+01 5.296008199445017794e+01 5.201930274765503270e+01 5.111052568402688934e+01 5.023554057736184575e+01 4.939641336936075788e+01 4.859606687195546471e+01 4.783878141413519813e+01 4.713058379415629418e+01 4.647947494445801198e+01 4.589543826474827881e+01 4.539017758476763476e+01
9.966129662887682032e-04 4.269481246823256271e+01 4.334459806072403154e+01 4.458052086746469200e+01 4.628512241951279549e+01 4.830455679492435195e+01 5.046979289761356569e+01 5.261736879607752826e+01 5.460617606327313212e+01 5.632820854593158089e+01 5.771285919519116447e+01 5.872568920004152204e+01 5.936334750461524123e+01 5.964646897278770155e+01 5.961209664384048779e+01 5.930669358087768472e+01 5.878032965797665099e+01 5.808225687714327989e+01 5.725784842684146270e+01 5.634674707445920205e+01 5.538200940326001387e+01 5.439001381109626720e+01 5.339090568751255717e+01 5.239937570114830834e+01 5.142560254142328091e+01 5.047623480481489366e+01 4.955533167611179124e+01 4.866522225705443816e+01 4.780727385781757732e+01 4.698257743557367405e+01 4.619256297284658075e+01 4.543955026867075730e+01 4.472722455380895212e+01 4.406100645410629824e+01 4.344826838869624197e+01 4.289834124069314214e+01 4.242226180560302851e+01
9.043019954626162421e-04 4.048652709646366787e+01 4.110697982310102816e+01 4.228550018839830926e+01 4.390711179426032373e+01 4.582157540657834005e+01 4.786443914141531053e+01 4.987757528942266561e+01 5.172568025675283110e+01 5.330668184318733438e+01 5.455566170767773571e+01 5.544325502662490379e+01 5.597025090612986276e+01 5.616026522534565402e+01 5.605206182272272741e+01 5.569259679147030084e+01 5.513135667515737737e+01 5.441616979008865229e+01 5.359042087287325273e+01 5.269147004745835972e+01 5.175002781542006147e+01 5.079023414685502047e+01 4.983021052835135833e+01 4.888288813630759222e+01 4.795695724200563603e+01 4.705782776412433321e+01 4.618853375081270229e+01 4.535055102969359098e+01 4.454452392622621915e+01 4.377091192182610513e+01 4.303057006209837709e+01 4.232526904560749870e+01 4.165814506722221466e+01 4.103405016721375631e+01 4.045975694128092925e+01 3.994396342034375635e+01 3.949705024057982428e+01
