BlockUplift_2Ma_1kryTimeStep_2mmyr_k_1e-05_m_0.5_n_1.0_LinDiffusion_0.5_3x6km_30mRes_topographic__steepest_slope.txt
nrows 200
cellsize 30.0
xllcorner 0.0
ncols 100
yllcorner 0.0
[rows 68 to 84 of 200, columns 37 to 73 of 100]
8.628601640427859820e-01 8.628597942779226981e-01 8.628594199052561642e-01 8.628590413093509826e-01 8.628586588791828937e-01 8.628582730075777807e-01 8.628578840909236769e-01 8.628574925287466613e-01 8.628570987232403455e-01 8.628567030789326964e-01 8.628563060022316211e-01 8.628559079010149624e-01 8.628555091841766389e-01 8.628551102612770363e-01 8.628547115420891478e-01 8.628543134361431610e-01 8.628539163523782918e-01 8.628535206986877037e-01 8.628531268814791932e-01 8.628527353052656279e-01 8.628523463723013487e-01 8.628519604821576205e-01 8.628515780311923900e-01 8.628511994123527762e-01 8.628508250145842107e-01 8.628504552225422231e-01 8.628500904162137441e-01 8.628497309703259122e-01 8.628493772543303075e-01 8.628490296316461139e-01 8.628486884595076845e-01 8.628483540885251157e-01 8.628480268623661686e-01 8.628477071173165092e-01 8.628473951820978538e-01 8.628470913773375051e-01 8.628467960153708427e-01
8.551528286003152735e-01 8.551524917792903135e-01 8.551521507623116580e-01 8.551518058997317207e-01 8.551514575458744050e-01 8.551511060586259871e-01 8.551507517991012719e-01 8.551503951311436591e-01 8.551500364211733762e-01 8.551496760376873230e-01 8.551493143508196448e-01 8.551489517321139155e-01 8.551485885540235365e-01 8.551482251895776709e-01 8.551478620119875584e-01 8.551474993942823621e-01 8.551471377089152615e-01 8.551467773273240258e-01 8.551464186197336170e-01 8.551460619544892783e-01 8.551457076979810390e-01 8.551453562140522990e-01 8.551450078637420349e-01 8.551446630048757935e-01 8.551443219916412541e-01 8.551439851743907195e-01 8.551436528990962183e-01 8.551433255071363426e-01 8.551430033347969806e-01 8.551426867131339815e-01 8.551423759674283698e-01 8.551420714170187010e-01 8.551417733747712635e-01 8.551414821470644245e-01 8.551411980330916318e-01 8.551409213249220320e-01 8.551406523069393639e-01
8.476476163860752200e-01 8.476473098342921508e-01 8.476469994649808992e-01 8.476466855970709036e-01 8.476463685530234438e-01 8.476460486585892795e-01 8.476457262423839900e-01 8.476454016356911314e-01 8.476450751719464272e-01 8.476447471864503314e-01 8.476444180161706310e-01 8.476440879991665733e-01 8.476437574744067893e-01 8.476434267813904855e-01 8.476430962597381047e-01 8.476427662489034454e-01 8.476424370878097303e-01 8.476421091145008857e-01 8.476417826657931531e-01 8.476414580769566776e-01 8.476411356813362552e-01 8.476408158100032786e-01 8.476404987914671896e-01 8.476401849512967823e-01 8.476398746118624095e-01 8.476395680918661357e-01 8.476392657060993763e-01 8.476389677651847698e-01 8.476386745751521845e-01 8.476383864371503929e-01 8.476381036471745123e-01 8.476378264957020736e-01 8.476375552675411429e-01 8.476372902412853128e-01 8.476370316892977153e-01 8.476367798772268536e-01 8.476365350638691565e-01
8.403377101136356719e-01 8.403374313438841670e-01 8.403371491038948982e-01 8.403368636837209582e-01 8.403365753766744994e-01 8.403362844789625807e-01 8.403359912894756700e-01 8.403356961094535782e-01 8.403353992420761198e-01 8.403351009923426540e-01 8.403348016665859177e-01 8.403345015722455402e-01 8.403342010175340882e-01 8.403339003111340855e-01 8.403335997618645026e-01 8.403332996783622333e-01 8.403330003687794481e-01 8.403327021404645158e-01 8.403324052996594684e-01 8.403321101511967983e-01 8.403318169980745767e-01 8.403315261413657478e-01 8.403312378797181958e-01 8.403309525091117171e-01 8.403306703225552621e-01 8.403303916098139315e-01 8.403301166571357506e-01 8.403298457468281191e-01 8.403295791570902784e-01 8.403293171617406410e-01 8.403290600298229940e-01 8.403288080254697201e-01 8.403285614074472720e-01 8.403283204291710495e-01 8.403280853381602800e-01 8.403278563759158937e-01 8.403276337776485194e-01
8.332163910749689206e-01 8.332161377775112454e-01 8.332158813282755094e-01 8.332156219908635197e-01 8.332153600317421249e-01 8.332150957201368557e-01 8.332148293275926099e-01 8.332145611277610442e-01 8.332142913962646835e-01 8.332140204101354808e-01 8.332137484477092348e-01 8.332134757883068454e-01 8.332132027119769635e-01 8.332129294991470481e-01 8.332126564303659055e-01 8.332123837860307969e-01 8.332121118460994458e-01 8.332118408897712936e-01 8.332115711952459147e-01 8.332113030393883957e-01 8.332110366975484794e-01 8.332107724430898310e-01 8.332105105473298634e-01 8.332102512791456084e-01 8.332099949047006016e-01 8.332097416872178419e-01 8.332094918865853295e-01 8.332092457593414103e-01 8.332090035581435350e-01 8.332087655316778863e-01 8.332085319243408561e-01 8.332083029760117832e-01 8.332080789218252459e-01 8.332078599918228967e-01 8.332076464108619795e-01 8.332074383983126831e-01 8.332072361678759531e-01
8.262770650830891794e-01 8.262768351163989333e-01 8.262766022895600138e-01 8.262763668419059737e-01 8.262761290154837512e-01 8.262758890546290091e-01 8.262756472059815671e-01 8.262754037180305433e-01 8.262751588408415726e-01 8.262749128260414855e-01 8.262746659262726334e-01 8.262744183951478139e-01 8.262741704868555859e-01 8.262739224559482176e-01 8.262736745571298558e-01 8.262734270448921503e-01 8.262731801733631531e-01 8.262729341959735851e-01 8.262726893651688442e-01 8.262724459323635973e-01 8.262722041473655743e-01 8.262719642583609136e-01 8.262717265115800958e-01 8.262714911509950744e-01 8.262712584182281272e-01 8.262710285521279729e-01 8.262708017886325473e-01 8.262705783604663567e-01 8.262703584969889326e-01 8.262701424238760861e-01 8.262699303629384984e-01 8.262697225318333949e-01 8.262695191439585196e-01 8.262693204080885367e-01 8.262691265283137465e-01 8.262689377037076843e-01 8.262687541281896753e-01
8.195132834830929358e-01 8.195130748640319096e-01 8.195128636517438059e-01 8.195126500633553857e-01 8.195124343183730620e-01 8.195122166385772067e-01 8.195119972476579973e-01 8.195117763710337844e-01 8.195115542356536942e-01 8.195113310696494624e-01 8.195111071023044591e-01 8.195108825635695204e-01 8.195106576840468504e-01 8.195104326946420770e-01 8.195102078263213352e-01 8.195099833099599440e-01 8.195097593759934629e-01 8.195095362542663686e-01 8.195093141738349907e-01 8.195090933625427398e-01 8.195088740470358735e-01 8.195086564523534900e-01 8.195084408017464517e-01 8.195082273165704700e-01 8.195080162158319137e-01 8.195078077161118690e-01 8.195076020314142617e-01 8.195073993727570727e-01 8.195071999481114977e-01 8.195070039620835356e-01 8.195068116158381599e-01 8.195066231067661411e-01 8.195064386283168467e-01 8.195062583698472514e-01 8.195060825163636986e-01 8.195059112484159858e-01 8.195057447418093721e-01
8.129187598306089058e-01 8.129185707255146554e-01 8.129183792710894529e-01 8.129181856642087034e-01 8.129179901039605971e-01 8.129177927913284751e-01 8.129175939290689268e-01 8.129173937215303791e-01 8.129171923744251682e-01 8.129169900945877325e-01 8.129167870897465731e-01 8.129165835684034613e-01 8.129163797395145830e-01 8.129161758123700787e-01 8.129159719962899544e-01 8.129157685004428924e-01 8.129155655337247932e-01 8.129153633044249316e-01 8.129151620200142370e-01 8.129149618870390448e-01 8.129147631108177841e-01 8.129145658953196296e-01 8.129143704428315464e-01 8.129141769538212881e-01 8.129139856267859621e-01 8.129137966580249897e-01 8.129136102413212495e-01 8.129134265679264226e-01 8.129132458262423588e-01 8.129130682016997289e-01 8.129128938764703660e-01 8.129127230294367346e-01 8.129125558358585302e-01 8.129123924673270496e-01 8.129122330914470007e-01 8.129120778717757734e-01 8.129119269675962878e-01
8.064873827855232324e-01 8.064872115009166231e-01 8.064870380897900537e-01 8.064868627304804249e-01 8.064866856032798514e-01 8.064865068902994372e-01 8.064863267752268028e-01 8.064861454431441201e-01 8.064859630803463686e-01 8.064857798741589257e-01 8.064855960127109702e-01 8.064854116848891863e-01 8.064852270798837930e-01 8.064850423872030882e-01 8.064848577964008891e-01 8.064846734969706166e-01 8.064844896779352901e-01 8.064843065279395651e-01 8.064841242348848027e-01 8.064839429857481035e-01 8.064837629664300955e-01 8.064835843615431044e-01 8.064834073542593851e-01 8.064832321261140580e-01 8.064830588567929448e-01 8.064828877239355043e-01 8.064827189030439047e-01 8.064825525672555395e-01 8.064823888870856772e-01 8.064822280304118074e-01 8.064820701621859822e-01 8.064819154443133575e-01 8.064817640354401407e-01 8.064816160908928611e-01 8.064814717624206875e-01 8.064813311980743027e-01 8.064811945421297423e-01
8.002132257138783178e-01 8.002130706878839428e-01 8.002129137386418956e-01 8.002127550275872636e-01 8.002125947179441479e-01 8.002124329744977338e-01 8.002122699635341174e-01 8.002121058525669683e-01 8.002119408102317255e-01 8.002117750060127044e-01 8.002116086102736281e-01 8.002114417937566948e-01 8.002112747277957405e-01 8.002111075838305165e-01 8.002109405334068004e-01 8.002107737479036143e-01 8.002106073984426304e-01 8.002104416556297117e-01 8.002102766894646502e-01 8.002101126690983612e-01 8.002099497627114255e-01 8.002097881373325672e-01 8.002096279586566885e-01 8.002094693908929912e-01 8.002093125965530351e-01 8.002091577363746877e-01 8.002090049691105156e-01 8.002088544512844237e-01 8.002087063372073095e-01 8.002085607787042809e-01 8.002084179249777662e-01 8.002082779224565234e-01 8.002081409147194790e-01 8.002080070421925262e-01 8.002078764421336476e-01 8.002077492485113464e-01 8.002076255917169867e-01
7.940905534438722491e-01 7.940904132377303304e-01 7.940902712936500629e-01 7.940901277576206674e-01 7.940899827772833763e-01 7.940898365017801108e-01 7.940896890813898823e-01 7.940895406677099810e-01 7.940893914131417208e-01 7.940892414710560843e-01 7.940890909954305688e-01 7.940889401407427162e-01 7.940887890618493206e-01 7.940886379137889195e-01 7.940884868516150386e-01 7.940883360303057081e-01 7.940881856045659548e-01 7.940880357286308477e-01 7.940878865561292743e-01 7.940877382400078899e-01 7.940875909322888671e-01 7.940874447839481043e-01 7.940872999447340375e-01 7.940871565630610585e-01 7.940870147858579697e-01 7.940868747583560427e-01 7.940867366240430547e-01 7.940866005244212600e-01 7.940864665989617599e-01 7.940863349848162889e-01 7.940862058168780546e-01 7.940860792275088453e-01 7.940859553463875953e-01 7.940858343004796316e-01 7.940857162138854619e-01 7.940856012076135118e-01 7.940854893995947794e-01
7.881138265755149863e-01 7.881136998655164927e-01 7.881135715862910285e-01 7.881134418698517718e-01 7.881133108496669593e-01 7.881131786604479439e-01 7.881130454381339856e-01 7.881129113196190250e-01 7.881127764427522386e-01 7.881126409460497140e-01 7.881125049686185102e-01 7.881123686501116943e-01 7.881122321303943856e-01 7.881120955495134472e-01 7.881119590476373116e-01 7.881118227646918273e-01 7.881116868404357545e-01 7.881115514141886491e-01 7.881114166247547015e-01 7.881112826102859570e-01 7.881111495080403984e-01 7.881110174543664026e-01 7.881108865845666278e-01 7.881107570326396639e-01 7.881106289312508340e-01 7.881105024116398239e-01 7.881103776033039354e-01 7.881102546340571502e-01 7.881101336298342863e-01 7.881100147145541079e-01 7.881098980099674467e-01 7.881097836355820396e-01 7.881096717085559478e-01 7.881095623435461217e-01 7.881094556525870543e-01 7.881093517449850872e-01 7.881092507271962866e-01
7.822777037020690605e-01 7.822775892717042101e-01 7.822774734256351392e-01 7.822773562831722982e-01 7.822772379647934260e-01 7.822771185922647863e-01 7.822769982883073236e-01 7.822768771765671314e-01 7.822767553814932162e-01 7.822766330282017178e-01 7.822765102423090422e-01 7.822763871498258359e-01 7.822762638770655030e-01 7.822761405505237464e-01 7.822760172966203296e-01 7.822758942417598060e-01 7.822757715120284283e-01 7.822756492332094691e-01 7.822755275305705025e-01 7.822754065287578218e-01 7.822752863516749811e-01 7.822751671223916459e-01 7.822750489629773929e-01 7.822749319943492763e-01 7.822748163362576168e-01 7.822747021070426410e-01 7.822745894236201591e-01 7.822744784013442310e-01 7.822743691537804578e-01 7.822742617927360698e-01 7.822741564281083804e-01 7.822740531677330189e-01 7.822739521173237565e-01 7.822738533803051952e-01 7.822737570577980026e-01 7.822736632483914265e-01 7.822735720482342225e-01
7.765770418615072224e-01 7.765769385940832770e-01 7.765768340505928569e-01 7.765767283386746378e-01 7.765766215671495720e-01 7.765765138458543548e-01 7.765764052855956834e-01 7.765762959979080060e-01 7.765761860951443385e-01 7.765760756901575190e-01 7.765759648963164175e-01 7.765758538272924394e-01 7.765757425970757355e-01 7.765756313196864324e-01 7.765755201092664484e-01 7.765754090797145626e-01 7.765752983448389601e-01 7.765751880180686850e-01 7.765750782123480578e-01 7.765749690400449712e-01 7.765748606129818654e-01 7.765747530420867850e-01 7.765746464373781688e-01 7.765745409079651829e-01 7.765744365617592848e-01 7.765743335054897667e-01 7.765742318445518766e-01 7.765741316829007923e-01 7.765740331229911142e-01 7.765739362656253197e-01 7.765738412098471821e-01 7.765737480528969172e-01 7.765736568900440950e-01 7.765735678145877507e-01 7.765734809176441100e-01 7.765733962881919972e-01 7.765733140128152634e-01
7.710068955016292636e-01 7.710068023732522535e-01 7.710067080956529706e-01 7.710066127659198632e-01 7.710065164821874317e-01 7.710064193435451907e-01 7.710063214499011108e-01 7.710062229019059021e-01 7.710061238008013573e-01 7.710060242483450788e-01 7.710059243467791701e-01 7.710058241985886518e-01 7.710057239065009060e-01 7.710056235733342422e-01 7.710055233019071919e-01 7.710054231949622361e-01 7.710053233549842844e-01 7.710052238842005634e-01 7.710051248843986516e-01 7.710050264569114908e-01 7.710049287023442721e-01 7.710048317206958934e-01 7.710047356111469075e-01 7.710046404719226310e-01 7.710045464002784898e-01 7.710044534923478077e-01 7.710043618430820755e-01 7.710042715461289387e-01 7.710041826937564791e-01 7.710040953767929306e-01 7.710040096844447133e-01 7.710039257043111993e-01 7.710038435222485997e-01 7.710037632222489501e-01 7.710036848864244563e-01 7.710036085949316664e-01 7.710035344257751833e-01
7.655625142087122414e-01 7.655624302816629312e-01 7.655623453204574158e-01 7.655622594126498814e-01 7.655621726467416455e-01 7.655620851120071846e-01 7.655619968985092338e-01 7.655619080969547907e-01 7.655618187985585577e-01 7.655617290950582632e-01 7.655616390784871772e-01 7.655615488412422787e-01 7.655614584758041463e-01 7.655613680748274419e-01 7.655612777308609118e-01 7.655611875364684016e-01 7.655610975839560739e-01 7.655610079653266675e-01 7.655609187722727249e-01 7.655608300959708679e-01 7.655607420270825747e-01 7.655606546555721037e-01 7.655605680707063820e-01 7.655604823609413190e-01 7.655603976137854705e-01 7.655603139157847181e-01 7.655602313524089153e-01 7.655601500079531885e-01 7.655600699654693253e-01 7.655599913066680751e-01 7.655599141118955009e-01 7.655598384599519024e-01 7.655597644281215697e-01 7.655596920920515469e-01 7.655596215256234016e-01 7.655595528009371264e-01 7.655594859883119163e-01
7.602393394203772470e-01 7.602392638365775834e-01 7.602391873230393005e-01 7.602391099586384149e-01 7.602390318230694000e-01 7.602389529967922277e-01 7.602388735608883730e-01 7.602387935970530419e-01 7.602387131874289716e-01 7.602386324146134244e-01 7.602385513614763335e-01 7.602384701111684073e-01 7.602383887469613688e-01 7.602383073522029910e-01 7.602382260102634737e-01 7.602381448043615819e-01 7.602380638175569860e-01 7.602379831326895321e-01 7.602379028321971655e-01 7.602378229981164859e-01 7.602377437119760550e-01 7.602376650547512105e-01 7.602375871067048596e-01 7.602375099473799303e-01 7.602374336555006717e-01 7.602373583089122588e-01 7.602372839844444563e-01 7.602372107579261629e-01 7.602371387040420814e-01 7.602370678962794281e-01 7.602369984068748643e-01 7.602369303067234574e-01 7.602368636653106249e-01 7.602367985506514048e-01 7.602367350292221770e-01 7.602366731659003785e-01 7.602366130238579212e-01
