BlockUplift_2Ma_1kryTimeStep_2mmyr_k_5e-05_m_0.5_n_1.0_LinDiffusion_1_6x3km_30mRes_flow__link_to_receiver_node.txt
nrows 100
cellsize 30.0
xllcorner 0.0
ncols 200
yllcorner 0.0
[rows 17 to 33 of 100, columns 148 to 184 of 200]
7.223500000000000000e+04 7.223700000000000000e+04 7.223900000000000000e+04 7.224100000000000000e+04 7.224300000000000000e+04 7.224500000000000000e+04 7.224700000000000000e+04 7.224900000000000000e+04 7.225100000000000000e+04 7.225300000000000000e+04 7.225500000000000000e+04 7.225700000000000000e+04 7.225900000000000000e+04 7.226100000000000000e+04 7.226300000000000000e+04 7.226500000000000000e+04 7.226700000000000000e+04 3.268300000000000000e+04 3.268400000000000000e+04 3.268500000000000000e+04 3.268600000000000000e+04 3.268700000000000000e+04 3.268800000000000000e+04 3.268900000000000000e+04 3.269000000000000000e+04 3.269100000000000000e+04 7.228400000000000000e+04 7.228600000000000000e+04 7.228800000000000000e+04 7.229000000000000000e+04 7.229200000000000000e+04 7.229400000000000000e+04 7.229600000000000000e+04 7.229800000000000000e+04 7.230000000000000000e+04 7.230200000000000000e+04 7.230400000000000000e+04
7.183700000000000000e+04 7.183900000000000000e+04 7.184100000000000000e+04 7.184300000000000000e+04 7.184500000000000000e+04 7.184700000000000000e+04 7.184900000000000000e+04 7.185100000000000000e+04 7.185300000000000000e+04 7.185500000000000000e+04 7.185700000000000000e+04 7.185900000000000000e+04 7.186100000000000000e+04 7.186300000000000000e+04 7.186500000000000000e+04 7.186700000000000000e+04 7.186900000000000000e+04 3.228400000000000000e+04 3.228500000000000000e+04 3.228600000000000000e+04 3.228700000000000000e+04 3.228800000000000000e+04 3.228900000000000000e+04 3.229000000000000000e+04 3.229100000000000000e+04 3.229200000000000000e+04 7.188600000000000000e+04 7.188800000000000000e+04 7.189000000000000000e+04 7.189200000000000000e+04 7.189400000000000000e+04 7.189600000000000000e+04 7.189800000000000000e+04 7.190000000000000000e+04 7.190200000000000000e+04 7.190400000000000000e+04 7.190600000000000000e+04
7.143900000000000000e+04 7.144100000000000000e+04 7.144300000000000000e+04 7.144500000000000000e+04 7.144700000000000000e+04 7.144900000000000000e+04 7.145100000000000000e+04 7.145300000000000000e+04 7.145500000000000000e+04 7.145700000000000000e+04 7.145900000000000000e+04 7.146100000000000000e+04 7.146300000000000000e+04 7.146500000000000000e+04 7.146700000000000000e+04 7.146900000000000000e+04 7.147100000000000000e+04 3.188500000000000000e+04 3.188600000000000000e+04 3.188700000000000000e+04 3.188800000000000000e+04 3.188900000000000000e+04 3.189000000000000000e+04 3.189100000000000000e+04 3.189200000000000000e+04 3.189300000000000000e+04 7.148800000000000000e+04 7.149000000000000000e+04 7.149200000000000000e+04 7.149400000000000000e+04 7.149600000000000000e+04 7.149800000000000000e+04 7.150000000000000000e+04 7.150200000000000000e+04 7.150400000000000000e+04 7.150600000000000000e+04 7.150800000000000000e+04
7.104100000000000000e+04 7.104300000000000000e+04 7.104500000000000000e+04 7.104700000000000000e+04 7.104900000000000000e+04 7.105100000000000000e+04 7.105300000000000000e+04 7.105500000000000000e+04 7.105700000000000000e+04 7.105900000000000000e+04 7.106100000000000000e+04 7.106300000000000000e+04 7.106500000000000000e+04 7.106700000000000000e+04 7.106900000000000000e+04 7.107100000000000000e+04 7.107300000000000000e+04 7.107500000000000000e+04 3.148700000000000000e+04 3.148800000000000000e+04 3.148900000000000000e+04 3.149000000000000000e+04 3.149100000000000000e+04 3.149200000000000000e+04 3.149300000000000000e+04 3.149400000000000000e+04 7.109000000000000000e+04 7.109200000000000000e+04 7.109400000000000000e+04 7.109600000000000000e+04 7.109800000000000000e+04 7.110000000000000000e+04 7.110200000000000000e+04 7.110400000000000000e+04 7.110600000000000000e+04 7.110800000000000000e+04 7.111000000000000000e+04
7.064300000000000000e+04 7.064500000000000000e+04 7.064700000000000000e+04 7.064900000000000000e+04 7.065100000000000000e+04 7.065300000000000000e+04 7.065500000000000000e+04 7.065700000000000000e+04 7.065900000000000000e+04 7.066100000000000000e+04 7.066300000000000000e+04 7.066500000000000000e+04 7.066700000000000000e+04 7.066900000000000000e+04 7.067100000000000000e+04 7.067300000000000000e+04 7.067500000000000000e+04 7.067700000000000000e+04 3.108800000000000000e+04 3.108900000000000000e+04 3.109000000000000000e+04 3.109100000000000000e+04 3.109200000000000000e+04 3.109300000000000000e+04 3.109400000000000000e+04 7.069000000000000000e+04 7.069200000000000000e+04 7.069400000000000000e+04 7.069600000000000000e+04 7.069800000000000000e+04 7.070000000000000000e+04 7.070200000000000000e+04 7.070400000000000000e+04 7.070600000000000000e+04 7.070800000000000000e+04 7.071000000000000000e+04 7.071200000000000000e+04
7.024500000000000000e+04 7.024700000000000000e+04 7.024900000000000000e+04 7.025100000000000000e+04 7.025300000000000000e+04 7.025500000000000000e+04 7.025700000000000000e+04 7.025900000000000000e+04 7.026100000000000000e+04 7.026300000000000000e+04 7.026500000000000000e+04 7.026700000000000000e+04 7.026900000000000000e+04 7.027100000000000000e+04 7.027300000000000000e+04 7.027500000000000000e+04 7.027700000000000000e+04 7.027900000000000000e+04 3.068900000000000000e+04 3.069000000000000000e+04 3.069100000000000000e+04 3.069200000000000000e+04 3.069300000000000000e+04 3.069400000000000000e+04 3.069500000000000000e+04 7.029200000000000000e+04 7.029400000000000000e+04 7.029600000000000000e+04 7.029800000000000000e+04 7.030000000000000000e+04 7.030200000000000000e+04 7.030400000000000000e+04 7.030600000000000000e+04 7.030800000000000000e+04 7.031000000000000000e+04 7.031200000000000000e+04 7.031400000000000000e+04
6.984700000000000000e+04 6.984900000000000000e+04 6.985100000000000000e+04 6.985300000000000000e+04 6.985500000000000000e+04 6.985700000000000000e+04 6.985900000000000000e+04 6.986100000000000000e+04 6.986300000000000000e+04 6.986500000000000000e+04 6.986700000000000000e+04 6.986900000000000000e+04 6.987100000000000000e+04 6.987300000000000000e+04 6.987500000000000000e+04 6.987700000000000000e+04 6.987900000000000000e+04 6.988100000000000000e+04 3.029000000000000000e+04 3.029100000000000000e+04 3.029200000000000000e+04 3.029300000000000000e+04 3.029400000000000000e+04 3.029500000000000000e+04 3.029600000000000000e+04 6.989400000000000000e+04 6.989600000000000000e+04 6.989800000000000000e+04 6.990000000000000000e+04 6.990200000000000000e+04 6.990400000000000000e+04 6.990600000000000000e+04 6.990800000000000000e+04 6.991000000000000000e+04 6.991200000000000000e+04 6.991400000000000000e+04 6.991600000000000000e+04
6.944900000000000000e+04 6.945100000000000000e+04 6.945300000000000000e+04 6.945500000000000000e+04 6.945700000000000000e+04 6.945900000000000000e+04 6.946100000000000000e+04 6.946300000000000000e+04 6.946500000000000000e+04 6.946700000000000000e+04 6.946900000000000000e+04 6.947100000000000000e+04 6.947300000000000000e+04 6.947500000000000000e+04 6.947700000000000000e+04 6.947900000000000000e+04 6.948100000000000000e+04 6.948300000000000000e+04 6.948500000000000000e+04 2.989200000000000000e+04 2.989300000000000000e+04 2.989400000000000000e+04 2.989500000000000000e+04 2.989600000000000000e+04 2.989700000000000000e+04 6.949600000000000000e+04 6.949800000000000000e+04 6.950000000000000000e+04 6.950200000000000000e+04 6.950400000000000000e+04 6.950600000000000000e+04 6.950800000000000000e+04 6.951000000000000000e+04 6.951200000000000000e+04 6.951400000000000000e+04 6.951600000000000000e+04 6.951800000000000000e+04
6.905100000000000000e+04 6.905300000000000000e+04 6.905500000000000000e+04 6.905700000000000000e+04 6.905900000000000000e+04 6.906100000000000000e+04 6.906300000000000000e+04 6.906500000000000000e+04 6.906700000000000000e+04 6.906900000000000000e+04 6.907100000000000000e+04 6.907300000000000000e+04 6.907500000000000000e+04 6.907700000000000000e+04 6.907900000000000000e+04 6.908100000000000000e+04 6.908300000000000000e+04 6.908500000000000000e+04 6.908700000000000000e+04 2.949300000000000000e+04 2.949400000000000000e+04 2.949500000000000000e+04 2.949600000000000000e+04 2.949700000000000000e+04 2.949800000000000000e+04 6.909800000000000000e+04 6.910000000000000000e+04 6.910200000000000000e+04 6.910400000000000000e+04 6.910600000000000000e+04 6.910800000000000000e+04 6.911000000000000000e+04 6.911200000000000000e+04 6.911400000000000000e+04 6.911600000000000000e+04 6.911800000000000000e+04 6.912000000000000000e+04
6.865300000000000000e+04 6.865500000000000000e+04 6.865700000000000000e+04 6.865900000000000000e+04 6.866100000000000000e+04 6.866300000000000000e+04 6.866500000000000000e+04 6.866700000000000000e+04 6.866900000000000000e+04 6.867100000000000000e+04 6.867300000000000000e+04 6.867500000000000000e+04 6.867700000000000000e+04 6.867900000000000000e+04 6.868100000000000000e+04 6.868300000000000000e+04 6.868500000000000000e+04 6.868700000000000000e+04 6.868900000000000000e+04 2.909400000000000000e+04 2.909500000000000000e+04 2.909600000000000000e+04 2.909700000000000000e+04 2.909800000000000000e+04 6.869800000000000000e+04 6.870000000000000000e+04 6.870200000000000000e+04 6.870400000000000000e+04 6.870600000000000000e+04 6.870800000000000000e+04 6.871000000000000000e+04 6.871200000000000000e+04 6.871400000000000000e+04 6.871600000000000000e+04 6.871800000000000000e+04 6.872000000000000000e+04 6.872200000000000000e+04
6.825500000000000000e+04 6.825700000000000000e+04 6.825900000000000000e+04 6.826100000000000000e+04 6.826300000000000000e+04 6.826500000000000000e+04 6.826700000000000000e+04 6.826900000000000000e+04 6.827100000000000000e+04 6.827300000000000000e+04 6.827500000000000000e+04 6.827700000000000000e+04 6.827900000000000000e+04 6.828100000000000000e+04 6.828300000000000000e+04 6.828500000000000000e+04 6.828700000000000000e+04 6.828900000000000000e+04 6.829100000000000000e+04 6.829300000000000000e+04 2.869600000000000000e+04 2.869700000000000000e+04 2.869800000000000000e+04 2.869900000000000000e+04 6.830000000000000000e+04 6.830200000000000000e+04 6.830400000000000000e+04 6.830600000000000000e+04 6.830800000000000000e+04 6.831000000000000000e+04 6.831200000000000000e+04 6.831400000000000000e+04 6.831600000000000000e+04 6.831800000000000000e+04 6.832000000000000000e+04 6.832200000000000000e+04 6.832400000000000000e+04
6.785700000000000000e+04 6.785900000000000000e+04 2.847900000000000000e+04 2.848000000000000000e+04 2.848100000000000000e+04 2.848200000000000000e+04 2.848300000000000000e+04 2.848400000000000000e+04 2.848500000000000000e+04 2.848600000000000000e+04 2.848700000000000000e+04 6.787900000000000000e+04 6.788100000000000000e+04 6.788300000000000000e+04 6.788500000000000000e+04 6.788700000000000000e+04 6.788900000000000000e+04 6.789100000000000000e+04 6.789300000000000000e+04 6.789500000000000000e+04 2.829700000000000000e+04 2.829800000000000000e+04 2.829900000000000000e+04 2.830000000000000000e+04 6.790200000000000000e+04 6.790400000000000000e+04 6.790600000000000000e+04 6.790800000000000000e+04 6.791000000000000000e+04 6.791200000000000000e+04 6.791400000000000000e+04 6.791600000000000000e+04 6.791800000000000000e+04 6.792000000000000000e+04 6.792200000000000000e+04 6.792400000000000000e+04 2.831300000000000000e+04
6.745900000000000000e+04 2.807900000000000000e+04 2.808000000000000000e+04 2.808100000000000000e+04 2.808200000000000000e+04 2.808300000000000000e+04 2.808400000000000000e+04 2.808500000000000000e+04 2.808600000000000000e+04 2.808700000000000000e+04 2.808800000000000000e+04 2.808900000000000000e+04 2.809000000000000000e+04 2.809100000000000000e+04 6.748700000000000000e+04 6.748900000000000000e+04 6.749100000000000000e+04 6.749300000000000000e+04 6.749500000000000000e+04 6.749700000000000000e+04 2.789800000000000000e+04 2.789900000000000000e+04 2.790000000000000000e+04 2.790100000000000000e+04 6.750400000000000000e+04 6.750600000000000000e+04 6.750800000000000000e+04 6.751000000000000000e+04 6.751200000000000000e+04 6.751400000000000000e+04 6.751600000000000000e+04 6.751800000000000000e+04 6.752000000000000000e+04 6.752200000000000000e+04 6.752400000000000000e+04 6.752600000000000000e+04 2.791400000000000000e+04
2.767900000000000000e+04 2.768000000000000000e+04 2.768100000000000000e+04 2.768200000000000000e+04 2.768300000000000000e+04 2.768400000000000000e+04 2.768500000000000000e+04 2.768600000000000000e+04 2.768700000000000000e+04 2.768800000000000000e+04 2.768900000000000000e+04 2.769000000000000000e+04 2.769100000000000000e+04 2.769200000000000000e+04 2.769300000000000000e+04 2.769400000000000000e+04 6.709300000000000000e+04 6.709500000000000000e+04 6.709700000000000000e+04 6.709900000000000000e+04 6.710100000000000000e+04 2.750000000000000000e+04 2.750100000000000000e+04 2.750200000000000000e+04 2.750300000000000000e+04 6.710800000000000000e+04 6.711000000000000000e+04 6.711200000000000000e+04 6.711400000000000000e+04 6.711600000000000000e+04 6.711800000000000000e+04 6.712000000000000000e+04 6.712200000000000000e+04 6.712400000000000000e+04 6.712600000000000000e+04 6.712800000000000000e+04 2.751500000000000000e+04
2.728000000000000000e+04 2.728100000000000000e+04 2.728200000000000000e+04 2.728300000000000000e+04 2.728400000000000000e+04 2.728500000000000000e+04 2.728600000000000000e+04 2.728700000000000000e+04 2.728800000000000000e+04 2.728900000000000000e+04 2.729000000000000000e+04 2.729100000000000000e+04 2.729200000000000000e+04 2.729300000000000000e+04 2.729400000000000000e+04 2.729500000000000000e+04 2.729600000000000000e+04 6.669700000000000000e+04 6.669900000000000000e+04 6.670100000000000000e+04 6.670300000000000000e+04 2.710100000000000000e+04 2.710200000000000000e+04 2.710300000000000000e+04 2.710400000000000000e+04 6.671000000000000000e+04 6.671200000000000000e+04 6.671400000000000000e+04 6.671600000000000000e+04 6.671800000000000000e+04 6.672000000000000000e+04 6.672200000000000000e+04 6.672400000000000000e+04 6.672600000000000000e+04 6.672800000000000000e+04 2.711500000000000000e+04 2.711600000000000000e+04
2.688100000000000000e+04 2.688200000000000000e+04 2.688300000000000000e+04 2.688400000000000000e+04 2.688500000000000000e+04 2.688600000000000000e+04 2.688700000000000000e+04 2.688800000000000000e+04 2.688900000000000000e+04 2.689000000000000000e+04 2.689100000000000000e+04 2.689200000000000000e+04 2.689300000000000000e+04 2.689400000000000000e+04 2.689500000000000000e+04 2.689600000000000000e+04 2.689700000000000000e+04 2.689800000000000000e+04 6.630100000000000000e+04 6.630300000000000000e+04 6.630500000000000000e+04 6.630700000000000000e+04 2.670300000000000000e+04 2.670400000000000000e+04 2.670500000000000000e+04 6.631200000000000000e+04 6.631400000000000000e+04 6.631600000000000000e+04 6.631800000000000000e+04 6.632000000000000000e+04 6.632200000000000000e+04 6.632400000000000000e+04 6.632600000000000000e+04 6.632800000000000000e+04 6.633000000000000000e+04 2.671600000000000000e+04 2.671700000000000000e+04
2.648200000000000000e+04 2.648300000000000000e+04 2.648400000000000000e+04 2.648500000000000000e+04 2.648600000000000000e+04 2.648700000000000000e+04 2.648800000000000000e+04 2.648900000000000000e+04 2.649000000000000000e+04 2.649100000000000000e+04 2.649200000000000000e+04 2.649300000000000000e+04 2.649400000000000000e+04 2.649500000000000000e+04 2.649600000000000000e+04 2.649700000000000000e+04 2.649800000000000000e+04 2.649900000000000000e+04 2.650000000000000000e+04 2.650100000000000000e+04 6.590700000000000000e+04 6.590900000000000000e+04 2.630400000000000000e+04 2.630500000000000000e+04 2.630600000000000000e+04 2.630700000000000000e+04 6.591600000000000000e+04 6.591800000000000000e+04 6.592000000000000000e+04 6.592200000000000000e+04 6.592400000000000000e+04 6.592600000000000000e+04 6.592800000000000000e+04 6.593000000000000000e+04 6.593200000000000000e+04 2.631700000000000000e+04 2.631800000000000000e+04
