BlockTilt_5Ma_1mmyr_m1_n5_k1Minus5_10kyrTimeStep_wLinDiffp005_30mRes_7p5kmBy15km.txt
nrows 250
cellsize 30.0
xllcorner 0.0
ncols 500
yllcorner 0.0
[rows 221 to 237 of 250, columns 296 to 332 of 500]
3.159660265868857891e+02 3.466854770731371218e+02 4.007480599281242348e+02 4.652889067488146679e+02 5.296243894898536837e+02 5.896945476224784670e+02 5.893800839827301843e+02 5.273311610182381628e+02 4.613737629505508835e+02 4.029014332261801883e+02 3.515444948234917319e+02 3.055848195919851378e+02 2.677271740209216091e+02 3.343273224707238001e+02 4.067651776220791930e+02 4.667170923208171303e+02 5.101247988961207511e+02 5.113994235256002980e+02 4.625146048598942912e+02 4.051035574897788933e+02 4.462768674235092590e+02 4.943318642258307705e+02 5.474456576190125361e+02 6.064007997957345424e+02 6.404000448402945267e+02 6.202752657299229213e+02 5.658806356587174378e+02 5.146637219585943512e+02 4.659806787496466995e+02 4.295069819344614075e+02 4.032476772300254311e+02 4.021235742935943449e+02 3.836100531586760667e+02 3.429987960082244740e+02 2.945486383973564557e+02 2.399959462776463965e+02 1.835575713837112346e+02
3.358896817046269803e+02 4.021091943240535898e+02 4.520463499603246760e+02 5.110480906693235283e+02 5.729816332276855064e+02 6.069794478277165126e+02 5.807866451994146928e+02 5.234505298154333559e+02 4.655203807533395093e+02 4.132285046125888925e+02 3.654296854640772949e+02 3.157629855186422674e+02 2.582587033496164963e+02 3.229282537450659447e+02 3.730873883523953509e+02 4.239492313096130260e+02 4.733543641558355830e+02 4.674239341850113192e+02 4.201990882711469908e+02 3.664647724917695086e+02 3.935634863141373216e+02 4.413875653955128655e+02 4.999530665751394736e+02 5.678796498226937501e+02 6.338516174893759398e+02 6.496502231459018049e+02 6.193985184372124877e+02 5.670681972721152988e+02 5.226989681071164568e+02 4.922744676241306365e+02 4.599876287884521844e+02 4.294864641178614306e+02 3.917126047247829206e+02 3.505138224957364628e+02 3.059572013225875935e+02 2.516419760814369511e+02 1.851007656118108571e+02
3.993329314016949070e+02 4.530560469652026541e+02 5.042872439037433310e+02 5.528488759093996805e+02 6.039761466784474351e+02 6.145438354084759567e+02 5.581227447444557583e+02 4.832556979514110935e+02 4.214861049195149576e+02 3.691565115931194327e+02 3.234375487724048526e+02 2.824731270400108087e+02 2.474542736775098604e+02 2.824649005961998114e+02 3.237575052710494106e+02 3.819785795874008159e+02 4.336259850706530301e+02 4.166741760125168526e+02 3.666399005803596651e+02 3.368263336049797090e+02 3.857247474912095981e+02 4.393811137599220160e+02 4.973419560152452163e+02 5.604165706732313765e+02 6.224773353352063623e+02 6.564954468618478813e+02 6.515251883931505290e+02 6.107339691945312552e+02 5.534824008548624761e+02 4.974819558060083864e+02 4.459673734293792222e+02 3.973720195525316399e+02 3.435158262556663544e+02 3.001043670658729638e+02 2.603052928303125668e+02 2.205316276266115665e+02 1.771372292240376112e+02
4.608239016287868708e+02 5.009737515680649267e+02 5.442963776777634166e+02 5.871085220726552052e+02 6.235211393892089973e+02 6.241774412151929710e+02 5.700476816457382938e+02 5.156448688795887847e+02 4.639362739940058304e+02 4.161576608506825892e+02 3.729301248189200919e+02 3.323282838849476661e+02 2.879225146062652811e+02 2.334467357108038641e+02 2.839111699088799128e+02 3.471355033155109595e+02 3.998900192865104941e+02 3.731044548947691624e+02 3.007914793450740945e+02 3.477910062796821649e+02 4.028949341878230257e+02 4.476908845744812311e+02 4.919940726579229135e+02 5.365183781117988246e+02 5.772924949618627579e+02 6.280391577016299607e+02 6.498804392120033526e+02 6.078321175459025199e+02 5.325741249305862084e+02 4.570896624301086604e+02 3.929765648643665941e+02 3.374708739677628273e+02 2.875796177234839774e+02 2.433764442200902920e+02 2.040870757639530950e+02 1.687085538639747142e+02 1.368545873792111252e+02
4.530680430032422805e+02 4.862226287875121216e+02 5.243522761494431279e+02 5.651971160470252471e+02 6.039637883937333527e+02 6.161040320422688410e+02 5.650163521488665310e+02 4.998679980117879609e+02 4.548586223813813376e+02 4.087351490541209387e+02 3.668300237457333424e+02 3.272800765651775237e+02 2.818148132237057553e+02 2.218920054902916661e+02 2.857812004803393506e+02 3.396964354159334789e+02 3.714774368823084956e+02 3.418967788302768440e+02 2.715826080561321874e+02 3.255188381656078036e+02 3.591484143227955883e+02 3.957705586621328280e+02 4.345499179477667440e+02 4.730907397872430806e+02 5.262547360285990408e+02 5.816882497498362454e+02 6.260892488528336344e+02 5.959958461191548622e+02 5.239766318598681210e+02 4.530656753931560843e+02 3.925381991172636731e+02 3.406270246863770126e+02 2.945270358991650710e+02 2.524733921168987649e+02 2.132250979386935512e+02 1.757990199375853990e+02 1.394444247025911068e+02
3.800589639294674384e+02 4.176079243285428788e+02 4.599149648331660956e+02 5.072048922150764838e+02 5.633733005806593610e+02 5.953453949369412612e+02 5.630738388197241875e+02 4.868132787508673687e+02 4.085799636874443195e+02 3.540481173759517901e+02 3.102829836407188395e+02 2.726006636813427235e+02 2.390809778870155640e+02 2.113493340093040729e+02 2.523288115222014767e+02 2.926216032739159800e+02 3.301159746292522073e+02 3.122194655095520943e+02 2.459236229982839461e+02 2.681133276279576876e+02 3.012744519446334266e+02 3.377751219999163936e+02 3.783069369365500734e+02 4.252311047003391309e+02 4.816124353476511715e+02 5.476053193065355345e+02 6.036405865187755353e+02 5.791973367496949550e+02 5.137409398469483222e+02 4.470533214860638509e+02 3.904947299944246879e+02 3.438580451463939198e+02 3.031866405080388063e+02 2.661644923083970866e+02 2.313826223122237593e+02 1.970424268655318940e+02 1.566597715984174215e+02
3.020010429782053620e+02 3.478038917191097426e+02 3.946400279792130732e+02 4.525893670641813173e+02 5.136756764405388367e+02 5.732211186019374054e+02 5.700921278263962222e+02 5.039796824397031969e+02 4.452902387885509938e+02 3.977057075148182435e+02 3.564655255886749501e+02 3.187268418701287374e+02 2.822026450428904241e+02 2.468595666742031369e+02 2.004134179485482434e+02 2.412683847568008559e+02 2.823542081328116069e+02 2.823932182880942605e+02 2.257525734431420119e+02 2.766441155152613760e+02 3.153342884539345050e+02 3.525632138634487660e+02 3.929058418186148742e+02 4.386483623989477678e+02 4.913246880266882499e+02 5.487188389655588026e+02 5.916597037336784979e+02 5.585282606612817062e+02 4.760757877380267473e+02 4.003079679750309197e+02 3.372316115525222244e+02 2.911524144508640006e+02 2.519010891909300369e+02 2.167637815521617881e+02 1.837143005932097708e+02 1.525590145046801638e+02 1.231342322421062789e+02
2.452357935146109469e+02 2.898406576036240381e+02 3.416132690898287478e+02 4.036111108685071258e+02 4.799260488120475543e+02 5.631754809471092358e+02 5.899827726937178340e+02 5.469629885340671080e+02 5.008683316979280562e+02 4.573496740588234957e+02 4.139944127744843740e+02 3.703867244977768109e+02 3.347081968235303293e+02 2.892863334863525893e+02 2.390350218307025045e+02 1.845247145721108950e+02 2.300710001275819820e+02 2.479622624890857310e+02 2.059465270151339382e+02 2.333193287856948643e+02 2.673863159572653103e+02 3.046629691048588597e+02 3.462183453498391827e+02 3.939581932768409160e+02 4.506134406232367837e+02 5.170306158611035698e+02 5.781330784198738684e+02 5.600923804414719598e+02 4.849324930197877279e+02 4.166375096187527447e+02 3.776080928195074762e+02 3.426064932539600250e+02 3.059352630493505103e+02 2.775535884375241835e+02 2.434872202989481309e+02 2.066471835800566055e+02 1.584166020708032647e+02
3.007500271826753533e+02 3.472446295046485147e+02 3.943818935815243094e+02 4.529889905114279713e+02 5.166284966151474691e+02 5.866911229017865708e+02 6.193443540196277581e+02 5.964087528780667071e+02 5.604713235643555436e+02 5.192205464344749544e+02 4.666122960510385838e+02 4.254915350661516982e+02 3.776710569016697150e+02 3.258280101832568789e+02 2.715014386701985813e+02 2.184923665873441792e+02 1.662216591920241058e+02 2.106904914664643229e+02 1.911334527335622795e+02 2.212111844129135250e+02 2.556484593014202744e+02 2.935987194133241474e+02 3.363100305943004287e+02 3.859885194938219684e+02 4.459860918547607298e+02 5.161728548805997434e+02 5.821105391135268974e+02 5.795392007685213684e+02 5.218615730479779131e+02 4.708625427840320867e+02 4.323007916740064616e+02 3.880637271206380774e+02 3.401221469146777281e+02 2.955281129442384440e+02 2.526054664830688523e+02 2.094732058512417723e+02 1.571397449295122328e+02
3.768642279973778386e+02 4.153281773282919858e+02 4.582656922664666013e+02 5.066739570268504167e+02 5.662736233913536807e+02 6.114813588658948902e+02 6.258496834696189808e+02 6.050030249388108814e+02 5.797974456856786674e+02 5.503730514530321898e+02 4.990577697787025500e+02 4.307243258475650691e+02 3.637347094220467625e+02 3.024529641997095268e+02 2.469298585224750582e+02 1.968862166181957605e+02 1.528945969016848778e+02 1.707136346033711618e+02 2.287500117462300295e+02 2.747291769429886017e+02 3.127955490438774859e+02 3.510486253089814568e+02 3.925057957462263403e+02 4.390334781992196440e+02 4.926362252832775539e+02 5.564876718021101851e+02 6.008296799094633798e+02 5.997398472422047462e+02 5.605819457432955915e+02 5.022160649029194701e+02 4.337042846015885971e+02 3.684514184706141009e+02 3.085667225644357359e+02 2.536341378392211823e+02 2.049944103949422072e+02 1.611680923127598817e+02 1.209977873152548682e+02
4.463471411891031266e+02 4.792874696282652849e+02 5.178200665901389357e+02 5.599803304367544570e+02 5.994425796327228682e+02 6.152185600468187658e+02 5.936585719535116823e+02 5.485899494824682279e+02 5.271079555695107501e+02 5.339494736081969677e+02 4.971177400823708012e+02 4.255378058028086343e+02 3.545421495301537220e+02 2.916524918129455841e+02 2.365908891537730483e+02 1.880495882491582051e+02 1.478701414580357039e+02 2.094037041555883150e+02 2.653563484175543294e+02 3.160931501639830117e+02 3.602923128489742339e+02 4.024419566771292125e+02 4.466888810059671755e+02 4.943323495642329704e+02 5.427467020330534524e+02 5.830054209609380678e+02 5.978846170923663976e+02 5.822672548271999631e+02 5.567337640596888377e+02 4.931654822405163259e+02 4.187580689295500065e+02 3.495563965433395310e+02 2.895100011067517585e+02 2.376522798388211299e+02 1.924343446010637706e+02 1.520474748069763962e+02 1.152250361450801108e+02
4.469570160959293048e+02 4.834223387275609980e+02 5.249419398615593764e+02 5.708561231928601956e+02 6.013132663667854558e+02 5.836463391989314005e+02 5.380845959602813764e+02 4.932353211223528433e+02 4.547841064369748096e+02 4.919945786853386949e+02 4.820086576482815417e+02 4.208082613442482511e+02 3.538149202101157016e+02 2.918965540819943953e+02 2.358258290687529382e+02 1.844515123387888593e+02 1.407965473708101172e+02 2.041735686496095923e+02 2.553537457212796937e+02 2.998099569578168939e+02 3.438462480884347201e+02 3.909512775503433204e+02 4.439697635315156390e+02 5.025456352161199334e+02 5.561066160306233996e+02 5.738394420652228973e+02 5.536535133613474500e+02 5.179321165515332268e+02 5.310070369449022110e+02 5.012455105949219956e+02 4.317774898238544665e+02 3.566413933852615514e+02 2.908102007459407901e+02 2.356349811493022344e+02 1.894230031504659735e+02 1.494088261366983659e+02 1.128326300317097406e+02
3.868408278498713457e+02 4.273005499074861291e+02 4.776398944264436750e+02 5.426213972891483763e+02 5.701199206975746847e+02 5.312907077908628253e+02 4.840676198901023781e+02 4.353845644891349593e+02 3.964850733450706457e+02 4.480681036513101390e+02 4.544032620365190951e+02 4.126157242792888837e+02 3.603054313388317951e+02 3.068767554799395612e+02 2.544513170671644957e+02 1.973978283850065054e+02 1.330564984648715381e+02 1.632911163255043903e+02 2.006410259506736224e+02 2.411562856551631739e+02 2.856941006296099204e+02 3.376645744922556673e+02 4.004119152743353993e+02 4.735593050868048408e+02 5.369582813378374340e+02 5.354831932166854358e+02 4.888959932587413846e+02 4.460901597546782682e+02 4.864169137824310951e+02 4.996049429190312594e+02 4.632909388868143310e+02 4.081283430034284834e+02 3.431710743983884413e+02 2.910597606299166955e+02 2.469719119042164550e+02 2.118532832891513920e+02 1.711201632954942795e+02
3.212929873052455036e+02 3.632778553266480799e+02 4.350470688598868492e+02 5.127013286208283489e+02 5.371906478770295053e+02 4.877389275613256814e+02 4.299307592055627083e+02 3.861532967174625810e+02 3.483848400470279216e+02 4.056623489633722670e+02 4.129671203483426893e+02 3.644290624789909998e+02 3.146083009593267548e+02 2.653664318809760516e+02 2.141522134285471282e+02 1.688281892046269377e+02 1.282812345295231466e+02 1.985178335101910534e+02 2.536851987098376640e+02 2.969237739498335031e+02 3.340661753791086994e+02 3.830115590440141204e+02 4.388484199812359634e+02 4.997587567372946751e+02 5.256827650419398879e+02 4.941648733563191058e+02 4.346317237900069586e+02 3.831806857599561909e+02 4.293018440615413169e+02 4.644248442993303456e+02 4.723352629353101975e+02 4.446523273377766827e+02 3.971903809994801691e+02 3.449021813596415313e+02 2.937840427613800216e+02 2.352149300354040804e+02 1.789799814904203856e+02
2.750370549553782666e+02 3.433818639455990933e+02 4.221121158522219616e+02 4.987386910823545350e+02 5.123541887199978646e+02 4.531826829135878825e+02 3.888529097655210194e+02 3.364812276372013571e+02 3.077570644809101736e+02 3.674452480536844519e+02 3.718608453995183254e+02 3.185195412910594541e+02 2.625606491405219458e+02 2.179184424050147868e+02 1.698420120295887443e+02 1.159422982513438001e+02 1.646825609598081428e+02 2.153638025697828482e+02 2.653744113353076273e+02 3.140198152187715550e+02 3.663440063912727283e+02 4.247819202216600161e+02 4.795256303919346692e+02 5.159734911095985126e+02 5.023851181698865958e+02 4.434002974759463314e+02 3.847376373586134832e+02 3.315362476891956476e+02 3.838710733064735905e+02 3.997684353598484108e+02 4.371616245381826502e+02 4.511326675869697738e+02 4.137562655038196340e+02 3.467275408295139414e+02 2.811700405031010632e+02 2.227903997701064043e+02 1.846299492980255934e+02
3.326827444650177767e+02 3.899677347308542039e+02 4.607178622157888981e+02 5.086318139108462333e+02 4.959612643740045996e+02 4.431678499302767023e+02 3.857125982152342090e+02 3.323029998060571302e+02 2.747029982725023842e+02 3.335527050377619958e+02 3.341124879620020920e+02 2.763994641029872241e+02 2.179015865625905803e+02 1.716593027987619280e+02 1.378378984414331399e+02 1.066099702957546640e+02 1.387911619590285284e+02 1.771208789234530059e+02 2.222703540770399968e+02 2.754282376768521772e+02 3.400426596703529185e+02 4.136229474893247016e+02 4.850314670936433572e+02 5.062283604397856607e+02 4.715505792383931976e+02 4.048955010722237375e+02 3.352196809410913829e+02 2.876697199286890623e+02 3.311027940889202910e+02 3.343513195459844951e+02 3.812306674576918795e+02 4.251617840572793625e+02 4.038980848979661573e+02 3.334848732014463053e+02 2.625330025460676779e+02 2.004251243864207197e+02 1.474796681935743834e+02
3.798952185859146766e+02 4.369374462005458781e+02 4.904047903612568575e+02 5.135767058564752006e+02 4.673063499655701776e+02 3.998581655110039037e+02 3.376131562172789131e+02 2.837825121081197608e+02 2.440133210871024119e+02 3.034350177074253452e+02 3.006572273352471143e+02 2.382360641023699088e+02 1.746321427697046147e+02 1.300977842594114975e+02 9.818890102618669857e+01 1.515969225185566529e+02 1.935192479076370091e+02 2.283413136134187198e+02 2.749587742050176757e+02 3.257887234143354362e+02 3.823036094352083296e+02 4.497501497081373714e+02 4.957609114648226409e+02 4.816721771631844149e+02 4.242960456953793482e+02 3.710981821085883894e+02 3.199568921649290019e+02 2.522343362565898417e+02 2.666083777976352280e+02 2.765829880285635909e+02 3.380560792273657285e+02 4.005337047060342002e+02 3.935349932052953932e+02 3.221153444742757870e+02 2.492048020383045355e+02 1.851200095166565234e+02 1.294777349366677015e+02
