BlockUplift_2Ma_1kryTimeStep_2mmyr_k_0.0001_m_0.5_n_1.0_LinDiffusion_0.75_6x3km_30mRes_flow__link_to_receiver_node.txt
nrows 100
cellsize 30.0
xllcorner 0.0
ncols 200
yllcorner 0.0
[rows 34 to 50 of 100, columns 37 to 73 of 200]
6.524400000000000000e+04 6.524600000000000000e+04 6.524800000000000000e+04 6.525000000000000000e+04 6.525200000000000000e+04 2.577700000000000000e+04 6.525900000000000000e+04 6.526100000000000000e+04 6.526300000000000000e+04 6.526500000000000000e+04 6.526700000000000000e+04 6.526900000000000000e+04 6.527100000000000000e+04 6.527300000000000000e+04 6.527500000000000000e+04 6.527700000000000000e+04 6.527900000000000000e+04 2.598900000000000000e+04 2.599000000000000000e+04 2.599100000000000000e+04 2.599200000000000000e+04 2.599300000000000000e+04 6.529100000000000000e+04 6.529300000000000000e+04 6.529500000000000000e+04 2.579700000000000000e+04 2.579800000000000000e+04 6.529800000000000000e+04 6.530000000000000000e+04 6.530200000000000000e+04 2.600100000000000000e+04 2.600200000000000000e+04 2.600300000000000000e+04 2.600400000000000000e+04 2.600500000000000000e+04 6.531400000000000000e+04 6.531600000000000000e+04
6.484600000000000000e+04 6.484800000000000000e+04 6.485000000000000000e+04 6.485200000000000000e+04 6.485400000000000000e+04 2.537800000000000000e+04 6.486100000000000000e+04 6.486300000000000000e+04 6.486500000000000000e+04 6.486700000000000000e+04 6.486900000000000000e+04 6.487100000000000000e+04 6.487300000000000000e+04 6.487500000000000000e+04 6.487700000000000000e+04 6.487900000000000000e+04 6.488100000000000000e+04 6.488300000000000000e+04 6.488500000000000000e+04 6.488700000000000000e+04 6.488900000000000000e+04 6.489100000000000000e+04 6.489300000000000000e+04 6.489500000000000000e+04 6.489700000000000000e+04 2.539800000000000000e+04 2.539900000000000000e+04 6.490000000000000000e+04 6.490200000000000000e+04 6.490400000000000000e+04 6.490600000000000000e+04 6.490800000000000000e+04 6.491000000000000000e+04 6.491200000000000000e+04 6.491400000000000000e+04 6.491600000000000000e+04 6.491800000000000000e+04
6.444800000000000000e+04 6.445000000000000000e+04 6.445200000000000000e+04 6.445400000000000000e+04 6.445600000000000000e+04 2.497900000000000000e+04 6.446300000000000000e+04 6.446500000000000000e+04 6.446700000000000000e+04 6.446900000000000000e+04 6.447100000000000000e+04 6.447300000000000000e+04 6.447500000000000000e+04 6.447700000000000000e+04 6.447900000000000000e+04 6.448100000000000000e+04 6.448300000000000000e+04 6.448500000000000000e+04 6.448700000000000000e+04 6.448900000000000000e+04 6.449100000000000000e+04 6.449300000000000000e+04 6.449500000000000000e+04 6.449700000000000000e+04 6.449900000000000000e+04 2.499900000000000000e+04 2.500000000000000000e+04 6.450200000000000000e+04 6.450400000000000000e+04 6.450600000000000000e+04 6.450800000000000000e+04 6.451000000000000000e+04 6.451200000000000000e+04 6.451400000000000000e+04 6.451600000000000000e+04 6.451800000000000000e+04 6.452000000000000000e+04
6.405000000000000000e+04 6.405200000000000000e+04 6.405400000000000000e+04 6.405600000000000000e+04 6.405800000000000000e+04 2.458000000000000000e+04 6.406500000000000000e+04 6.406700000000000000e+04 6.406900000000000000e+04 6.407100000000000000e+04 6.407300000000000000e+04 6.407500000000000000e+04 6.407700000000000000e+04 6.407900000000000000e+04 6.408100000000000000e+04 6.408300000000000000e+04 6.408500000000000000e+04 6.408700000000000000e+04 6.408900000000000000e+04 6.409100000000000000e+04 6.409300000000000000e+04 6.409500000000000000e+04 6.409700000000000000e+04 6.409900000000000000e+04 6.410100000000000000e+04 2.460000000000000000e+04 2.460100000000000000e+04 2.460200000000000000e+04 6.410600000000000000e+04 6.410800000000000000e+04 6.411000000000000000e+04 6.411200000000000000e+04 6.411400000000000000e+04 6.411600000000000000e+04 6.411800000000000000e+04 6.412000000000000000e+04 6.412200000000000000e+04
6.365200000000000000e+04 6.365400000000000000e+04 6.365600000000000000e+04 6.365800000000000000e+04 6.366000000000000000e+04 6.366500000000000000e+04 6.366700000000000000e+04 6.366900000000000000e+04 6.367100000000000000e+04 6.367300000000000000e+04 6.367500000000000000e+04 6.367700000000000000e+04 6.367900000000000000e+04 6.368100000000000000e+04 6.368300000000000000e+04 6.368500000000000000e+04 6.368700000000000000e+04 6.368900000000000000e+04 6.369100000000000000e+04 6.369300000000000000e+04 6.369500000000000000e+04 6.369700000000000000e+04 6.369900000000000000e+04 6.370100000000000000e+04 2.420000000000000000e+04 2.420100000000000000e+04 2.420200000000000000e+04 2.420300000000000000e+04 6.370800000000000000e+04 6.371000000000000000e+04 6.371200000000000000e+04 6.371400000000000000e+04 6.371600000000000000e+04 6.371800000000000000e+04 6.372000000000000000e+04 6.372200000000000000e+04 6.372400000000000000e+04
2.397600000000000000e+04 6.325600000000000000e+04 6.325800000000000000e+04 6.326000000000000000e+04 6.326200000000000000e+04 6.326700000000000000e+04 6.326900000000000000e+04 6.327100000000000000e+04 6.327300000000000000e+04 6.327500000000000000e+04 6.327700000000000000e+04 6.327900000000000000e+04 6.328100000000000000e+04 6.328300000000000000e+04 6.328500000000000000e+04 6.328700000000000000e+04 6.328900000000000000e+04 6.329100000000000000e+04 6.329300000000000000e+04 6.329500000000000000e+04 6.329700000000000000e+04 6.329900000000000000e+04 6.330100000000000000e+04 6.330300000000000000e+04 2.380100000000000000e+04 2.380200000000000000e+04 2.380300000000000000e+04 2.380400000000000000e+04 6.331000000000000000e+04 6.331200000000000000e+04 6.331400000000000000e+04 6.331600000000000000e+04 6.331800000000000000e+04 6.332000000000000000e+04 6.332200000000000000e+04 6.332400000000000000e+04 6.332600000000000000e+04
2.357700000000000000e+04 2.357800000000000000e+04 6.286000000000000000e+04 6.286200000000000000e+04 6.286400000000000000e+04 6.286900000000000000e+04 6.287100000000000000e+04 6.287300000000000000e+04 6.287500000000000000e+04 6.287700000000000000e+04 6.287900000000000000e+04 6.288100000000000000e+04 6.288300000000000000e+04 6.288500000000000000e+04 6.288700000000000000e+04 6.288900000000000000e+04 6.289100000000000000e+04 6.289300000000000000e+04 6.289500000000000000e+04 6.289700000000000000e+04 6.289900000000000000e+04 6.290100000000000000e+04 6.290300000000000000e+04 6.290500000000000000e+04 2.340200000000000000e+04 2.340300000000000000e+04 2.340400000000000000e+04 2.340500000000000000e+04 6.291200000000000000e+04 6.291400000000000000e+04 6.291600000000000000e+04 6.291800000000000000e+04 6.292000000000000000e+04 6.292200000000000000e+04 6.292400000000000000e+04 6.292600000000000000e+04 6.292800000000000000e+04
2.317800000000000000e+04 2.317900000000000000e+04 2.318000000000000000e+04 6.246400000000000000e+04 6.246600000000000000e+04 6.247100000000000000e+04 6.247300000000000000e+04 6.247500000000000000e+04 6.247700000000000000e+04 6.247900000000000000e+04 6.248100000000000000e+04 6.248300000000000000e+04 6.248500000000000000e+04 6.248700000000000000e+04 6.248900000000000000e+04 6.249100000000000000e+04 6.249300000000000000e+04 6.249500000000000000e+04 6.249700000000000000e+04 6.249900000000000000e+04 6.250100000000000000e+04 6.250300000000000000e+04 6.250500000000000000e+04 6.250700000000000000e+04 2.300300000000000000e+04 2.300400000000000000e+04 2.300500000000000000e+04 2.300600000000000000e+04 6.251400000000000000e+04 6.251600000000000000e+04 6.251800000000000000e+04 6.252000000000000000e+04 6.252200000000000000e+04 6.252400000000000000e+04 6.252600000000000000e+04 6.252800000000000000e+04 6.253000000000000000e+04
2.277900000000000000e+04 2.278000000000000000e+04 2.278100000000000000e+04 2.278200000000000000e+04 6.206800000000000000e+04 6.207300000000000000e+04 6.207500000000000000e+04 2.278700000000000000e+04 2.278800000000000000e+04 2.278900000000000000e+04 2.279000000000000000e+04 2.279100000000000000e+04 2.279200000000000000e+04 2.279300000000000000e+04 6.209100000000000000e+04 6.209300000000000000e+04 6.209500000000000000e+04 6.209700000000000000e+04 6.209900000000000000e+04 6.210100000000000000e+04 6.210300000000000000e+04 6.210500000000000000e+04 6.210700000000000000e+04 6.210900000000000000e+04 2.260400000000000000e+04 2.260500000000000000e+04 2.260600000000000000e+04 2.260700000000000000e+04 6.211600000000000000e+04 6.211800000000000000e+04 6.212000000000000000e+04 6.212200000000000000e+04 6.212400000000000000e+04 6.212600000000000000e+04 6.212800000000000000e+04 6.213000000000000000e+04 6.213200000000000000e+04
2.238000000000000000e+04 2.238100000000000000e+04 2.238200000000000000e+04 2.238300000000000000e+04 6.167300000000000000e+04 6.167500000000000000e+04 2.238700000000000000e+04 2.238800000000000000e+04 2.238900000000000000e+04 2.239000000000000000e+04 2.239100000000000000e+04 2.239200000000000000e+04 2.239300000000000000e+04 2.239400000000000000e+04 2.239500000000000000e+04 2.239600000000000000e+04 2.239700000000000000e+04 6.169900000000000000e+04 6.170100000000000000e+04 6.170300000000000000e+04 6.170500000000000000e+04 6.170700000000000000e+04 6.170900000000000000e+04 6.171100000000000000e+04 6.171300000000000000e+04 2.220600000000000000e+04 2.220700000000000000e+04 2.220800000000000000e+04 6.171800000000000000e+04 6.172000000000000000e+04 6.172200000000000000e+04 6.172400000000000000e+04 6.172600000000000000e+04 6.172800000000000000e+04 6.173000000000000000e+04 6.173200000000000000e+04 6.173400000000000000e+04
2.198100000000000000e+04 2.198200000000000000e+04 2.198300000000000000e+04 2.198400000000000000e+04 6.127500000000000000e+04 2.198700000000000000e+04 2.198800000000000000e+04 2.198900000000000000e+04 2.199000000000000000e+04 2.199100000000000000e+04 2.199200000000000000e+04 2.199300000000000000e+04 2.199400000000000000e+04 2.199500000000000000e+04 2.199600000000000000e+04 2.199700000000000000e+04 2.199800000000000000e+04 2.199900000000000000e+04 2.200000000000000000e+04 6.130500000000000000e+04 6.130700000000000000e+04 6.130900000000000000e+04 6.131100000000000000e+04 6.131300000000000000e+04 6.131500000000000000e+04 2.180700000000000000e+04 2.180800000000000000e+04 2.180900000000000000e+04 6.132000000000000000e+04 6.132200000000000000e+04 6.132400000000000000e+04 6.132600000000000000e+04 6.132800000000000000e+04 6.133000000000000000e+04 6.133200000000000000e+04 6.133400000000000000e+04 2.201700000000000000e+04
2.158200000000000000e+04 2.158300000000000000e+04 2.158400000000000000e+04 2.158500000000000000e+04 2.158700000000000000e+04 2.158800000000000000e+04 2.158900000000000000e+04 2.159000000000000000e+04 2.159100000000000000e+04 2.159200000000000000e+04 2.159300000000000000e+04 2.159400000000000000e+04 2.159500000000000000e+04 2.159600000000000000e+04 2.159700000000000000e+04 2.159800000000000000e+04 2.159900000000000000e+04 2.160000000000000000e+04 2.160100000000000000e+04 2.160200000000000000e+04 2.160300000000000000e+04 6.091100000000000000e+04 6.091300000000000000e+04 6.091500000000000000e+04 6.091700000000000000e+04 2.140800000000000000e+04 2.140900000000000000e+04 2.141000000000000000e+04 6.092200000000000000e+04 6.092400000000000000e+04 6.092600000000000000e+04 6.092800000000000000e+04 6.093000000000000000e+04 2.161500000000000000e+04 2.161600000000000000e+04 2.161700000000000000e+04 2.161800000000000000e+04
2.118300000000000000e+04 2.118400000000000000e+04 2.118500000000000000e+04 2.118600000000000000e+04 2.118800000000000000e+04 2.118900000000000000e+04 2.119000000000000000e+04 2.119100000000000000e+04 2.119200000000000000e+04 2.119300000000000000e+04 2.119400000000000000e+04 2.119500000000000000e+04 2.119600000000000000e+04 2.119700000000000000e+04 2.119800000000000000e+04 2.119900000000000000e+04 2.120000000000000000e+04 2.120100000000000000e+04 2.120200000000000000e+04 2.120300000000000000e+04 2.120400000000000000e+04 2.120500000000000000e+04 2.120600000000000000e+04 6.051700000000000000e+04 6.051900000000000000e+04 2.100900000000000000e+04 2.101000000000000000e+04 2.101100000000000000e+04 6.052400000000000000e+04 6.052600000000000000e+04 6.052800000000000000e+04 2.121400000000000000e+04 2.121500000000000000e+04 2.121600000000000000e+04 2.121700000000000000e+04 2.121800000000000000e+04 2.121900000000000000e+04
2.078400000000000000e+04 2.078500000000000000e+04 2.078600000000000000e+04 2.078700000000000000e+04 2.078900000000000000e+04 2.079000000000000000e+04 2.079100000000000000e+04 2.079200000000000000e+04 2.079300000000000000e+04 2.079400000000000000e+04 2.079500000000000000e+04 2.079600000000000000e+04 2.079700000000000000e+04 2.079800000000000000e+04 2.079900000000000000e+04 2.080000000000000000e+04 2.080100000000000000e+04 2.080200000000000000e+04 2.080300000000000000e+04 2.080400000000000000e+04 2.080500000000000000e+04 2.080600000000000000e+04 2.080700000000000000e+04 2.080800000000000000e+04 6.012100000000000000e+04 6.012300000000000000e+04 2.061100000000000000e+04 6.012400000000000000e+04 6.012600000000000000e+04 2.081300000000000000e+04 2.081400000000000000e+04 2.081500000000000000e+04 2.081600000000000000e+04 2.081700000000000000e+04 2.081800000000000000e+04 2.081900000000000000e+04 2.082000000000000000e+04
2.038500000000000000e+04 2.038600000000000000e+04 2.038700000000000000e+04 2.038800000000000000e+04 2.039000000000000000e+04 2.039100000000000000e+04 2.039200000000000000e+04 2.039300000000000000e+04 2.039400000000000000e+04 2.039500000000000000e+04 2.039600000000000000e+04 2.039700000000000000e+04 2.039800000000000000e+04 2.039900000000000000e+04 2.040000000000000000e+04 2.040100000000000000e+04 2.040200000000000000e+04 2.040300000000000000e+04 2.040400000000000000e+04 2.040500000000000000e+04 2.040600000000000000e+04 2.040700000000000000e+04 2.040800000000000000e+04 2.040900000000000000e+04 2.041000000000000000e+04 5.972500000000000000e+04 2.021200000000000000e+04 5.972600000000000000e+04 2.041300000000000000e+04 2.041400000000000000e+04 2.041500000000000000e+04 2.041600000000000000e+04 2.041700000000000000e+04 2.041800000000000000e+04 2.041900000000000000e+04 2.042000000000000000e+04 2.042100000000000000e+04
1.998600000000000000e+04 1.998700000000000000e+04 1.998800000000000000e+04 1.998900000000000000e+04 1.999100000000000000e+04 1.999200000000000000e+04 1.999300000000000000e+04 1.999400000000000000e+04 1.999500000000000000e+04 1.999600000000000000e+04 1.999700000000000000e+04 1.999800000000000000e+04 1.999900000000000000e+04 2.000000000000000000e+04 2.000100000000000000e+04 2.000200000000000000e+04 2.000300000000000000e+04 2.000400000000000000e+04 2.000500000000000000e+04 2.000600000000000000e+04 2.000700000000000000e+04 2.000800000000000000e+04 2.000900000000000000e+04 2.001000000000000000e+04 2.001100000000000000e+04 5.932700000000000000e+04 1.981300000000000000e+04 5.932800000000000000e+04 2.001400000000000000e+04 2.001500000000000000e+04 2.001600000000000000e+04 2.001700000000000000e+04 2.001800000000000000e+04 2.001900000000000000e+04 2.002000000000000000e+04 2.002100000000000000e+04 2.002200000000000000e+04
1.958700000000000000e+04 1.958800000000000000e+04 1.958900000000000000e+04 5.888200000000000000e+04 5.888400000000000000e+04 1.959300000000000000e+04 1.959400000000000000e+04 1.959500000000000000e+04 1.959600000000000000e+04 1.959700000000000000e+04 1.959800000000000000e+04 1.959900000000000000e+04 1.960000000000000000e+04 1.960100000000000000e+04 1.960200000000000000e+04 1.960300000000000000e+04 1.960400000000000000e+04 1.960500000000000000e+04 1.960600000000000000e+04 1.960700000000000000e+04 1.960800000000000000e+04 1.960900000000000000e+04 1.961000000000000000e+04 1.961100000000000000e+04 1.961200000000000000e+04 1.961300000000000000e+04 1.941400000000000000e+04 1.961400000000000000e+04 1.961500000000000000e+04 1.961600000000000000e+04 1.961700000000000000e+04 1.961800000000000000e+04 1.961900000000000000e+04 1.962000000000000000e+04 1.962100000000000000e+04 1.962200000000000000e+04 1.962300000000000000e+04
