BlockUplift_2Ma_1kryTimeStep_2mmyr_k_5e-05_m_0.5_n_1.0_LinDiffusion_0.25_3x6km_30mRes_flow__link_to_receiver_node.txt
nrows 200
cellsize 30.0
xllcorner 0.0
ncols 100
yllcorner 0.0
[rows 136 to 152 of 200, columns 0 to 36 of 100]
-1.000000000000000000e+00 1.253800000000000000e+04 1.253900000000000000e+04 1.254000000000000000e+04 1.254100000000000000e+04 1.254200000000000000e+04 1.254300000000000000e+04 1.254400000000000000e+04 1.254500000000000000e+04 1.254600000000000000e+04 1.254700000000000000e+04 1.254800000000000000e+04 1.254900000000000000e+04 1.255000000000000000e+04 1.255100000000000000e+04 1.255200000000000000e+04 1.255300000000000000e+04 1.255400000000000000e+04 1.255500000000000000e+04 1.255600000000000000e+04 1.255700000000000000e+04 5.221600000000000000e+04 5.221800000000000000e+04 5.222000000000000000e+04 1.266000000000000000e+04 5.222300000000000000e+04 1.256200000000000000e+04 1.256300000000000000e+04 5.203000000000000000e+04 5.203200000000000000e+04 5.203400000000000000e+04 5.203600000000000000e+04 5.203800000000000000e+04 5.204000000000000000e+04 5.204200000000000000e+04 5.204400000000000000e+04 5.204600000000000000e+04
-1.000000000000000000e+00 1.233900000000000000e+04 1.234000000000000000e+04 1.234100000000000000e+04 1.234200000000000000e+04 1.234300000000000000e+04 1.234400000000000000e+04 1.234500000000000000e+04 1.234600000000000000e+04 1.234700000000000000e+04 1.234800000000000000e+04 1.234900000000000000e+04 1.235000000000000000e+04 1.235100000000000000e+04 1.235200000000000000e+04 1.235300000000000000e+04 1.235400000000000000e+04 1.235500000000000000e+04 1.235600000000000000e+04 5.201400000000000000e+04 5.201600000000000000e+04 5.201800000000000000e+04 5.202000000000000000e+04 5.202200000000000000e+04 1.246100000000000000e+04 5.202500000000000000e+04 1.226400000000000000e+04 1.226500000000000000e+04 1.226600000000000000e+04 1.226700000000000000e+04 1.226800000000000000e+04 5.183800000000000000e+04 5.184000000000000000e+04 5.184200000000000000e+04 5.184400000000000000e+04 5.184600000000000000e+04 5.184800000000000000e+04
-1.000000000000000000e+00 1.214000000000000000e+04 1.214100000000000000e+04 1.214200000000000000e+04 1.214300000000000000e+04 1.214400000000000000e+04 1.214500000000000000e+04 1.214600000000000000e+04 1.214700000000000000e+04 1.214800000000000000e+04 1.214900000000000000e+04 1.215000000000000000e+04 1.215100000000000000e+04 1.215200000000000000e+04 1.215300000000000000e+04 1.215400000000000000e+04 1.215500000000000000e+04 5.181200000000000000e+04 5.181400000000000000e+04 5.181600000000000000e+04 5.181800000000000000e+04 5.182000000000000000e+04 5.182200000000000000e+04 5.182400000000000000e+04 1.216300000000000000e+04 5.163100000000000000e+04 5.163300000000000000e+04 1.206600000000000000e+04 1.206700000000000000e+04 1.206800000000000000e+04 1.206900000000000000e+04 1.207000000000000000e+04 5.164200000000000000e+04 5.164400000000000000e+04 5.164600000000000000e+04 5.164800000000000000e+04 5.165000000000000000e+04
-1.000000000000000000e+00 1.194100000000000000e+04 1.194200000000000000e+04 1.194300000000000000e+04 1.194400000000000000e+04 1.194500000000000000e+04 1.194600000000000000e+04 1.194700000000000000e+04 1.194800000000000000e+04 1.194900000000000000e+04 1.195000000000000000e+04 1.195100000000000000e+04 1.195200000000000000e+04 1.195300000000000000e+04 5.160800000000000000e+04 5.161000000000000000e+04 5.161200000000000000e+04 5.161400000000000000e+04 5.161600000000000000e+04 5.161800000000000000e+04 5.162000000000000000e+04 5.162200000000000000e+04 5.162400000000000000e+04 5.162600000000000000e+04 5.162800000000000000e+04 1.196500000000000000e+04 5.143500000000000000e+04 5.143700000000000000e+04 1.186800000000000000e+04 1.186900000000000000e+04 1.187000000000000000e+04 1.187100000000000000e+04 5.144400000000000000e+04 5.144600000000000000e+04 5.144800000000000000e+04 5.145000000000000000e+04 5.145200000000000000e+04
-1.000000000000000000e+00 1.174200000000000000e+04 1.174300000000000000e+04 1.174400000000000000e+04 1.174500000000000000e+04 1.174600000000000000e+04 1.174700000000000000e+04 1.174800000000000000e+04 1.174900000000000000e+04 1.175000000000000000e+04 1.175100000000000000e+04 1.175200000000000000e+04 5.140600000000000000e+04 5.140800000000000000e+04 5.141000000000000000e+04 5.141200000000000000e+04 5.141400000000000000e+04 5.141600000000000000e+04 5.141800000000000000e+04 5.142000000000000000e+04 5.142200000000000000e+04 5.142400000000000000e+04 5.142600000000000000e+04 5.142800000000000000e+04 5.143000000000000000e+04 1.176600000000000000e+04 1.176700000000000000e+04 5.123900000000000000e+04 5.124100000000000000e+04 1.167000000000000000e+04 1.167100000000000000e+04 1.167200000000000000e+04 5.124600000000000000e+04 5.124800000000000000e+04 5.125000000000000000e+04 5.125200000000000000e+04 5.125400000000000000e+04
-1.000000000000000000e+00 5.098900000000000000e+04 1.154400000000000000e+04 1.154500000000000000e+04 1.154600000000000000e+04 1.154700000000000000e+04 1.154800000000000000e+04 1.154900000000000000e+04 1.155000000000000000e+04 1.155100000000000000e+04 5.120400000000000000e+04 5.120600000000000000e+04 5.120800000000000000e+04 5.121000000000000000e+04 5.121200000000000000e+04 5.121400000000000000e+04 5.121600000000000000e+04 5.121800000000000000e+04 5.122000000000000000e+04 5.122200000000000000e+04 5.122400000000000000e+04 5.122600000000000000e+04 5.122800000000000000e+04 5.123000000000000000e+04 5.123200000000000000e+04 1.156700000000000000e+04 1.156800000000000000e+04 1.156900000000000000e+04 5.104300000000000000e+04 5.104500000000000000e+04 1.147200000000000000e+04 1.147300000000000000e+04 1.147400000000000000e+04 5.105000000000000000e+04 5.105200000000000000e+04 5.105400000000000000e+04 5.105600000000000000e+04
-1.000000000000000000e+00 5.079100000000000000e+04 5.079300000000000000e+04 1.134600000000000000e+04 1.134700000000000000e+04 1.134800000000000000e+04 1.134900000000000000e+04 1.135000000000000000e+04 5.100200000000000000e+04 5.100400000000000000e+04 5.100600000000000000e+04 5.100800000000000000e+04 5.101000000000000000e+04 5.101200000000000000e+04 5.101400000000000000e+04 5.101600000000000000e+04 5.101800000000000000e+04 5.102000000000000000e+04 5.102200000000000000e+04 5.102400000000000000e+04 5.102600000000000000e+04 5.102800000000000000e+04 5.103000000000000000e+04 5.103200000000000000e+04 5.103400000000000000e+04 5.103600000000000000e+04 1.136900000000000000e+04 1.137000000000000000e+04 1.137100000000000000e+04 5.084700000000000000e+04 5.084900000000000000e+04 1.127400000000000000e+04 1.127500000000000000e+04 5.085200000000000000e+04 5.085400000000000000e+04 5.085600000000000000e+04 5.085800000000000000e+04
-1.000000000000000000e+00 1.104500000000000000e+04 5.059500000000000000e+04 5.059700000000000000e+04 1.114800000000000000e+04 1.114900000000000000e+04 1.115000000000000000e+04 1.115100000000000000e+04 5.080400000000000000e+04 5.080600000000000000e+04 5.080800000000000000e+04 5.081000000000000000e+04 5.081200000000000000e+04 5.081400000000000000e+04 5.081600000000000000e+04 5.081800000000000000e+04 5.082000000000000000e+04 5.082200000000000000e+04 5.082400000000000000e+04 5.082600000000000000e+04 5.082800000000000000e+04 5.083000000000000000e+04 5.083200000000000000e+04 5.083400000000000000e+04 5.083600000000000000e+04 5.083800000000000000e+04 1.117000000000000000e+04 1.117100000000000000e+04 1.117200000000000000e+04 1.117300000000000000e+04 5.065100000000000000e+04 1.107500000000000000e+04 1.107600000000000000e+04 5.065400000000000000e+04 5.065600000000000000e+04 5.065800000000000000e+04 5.066000000000000000e+04
-1.000000000000000000e+00 1.084600000000000000e+04 1.084700000000000000e+04 5.039900000000000000e+04 5.040100000000000000e+04 1.095000000000000000e+04 1.095100000000000000e+04 1.095200000000000000e+04 5.060600000000000000e+04 5.060800000000000000e+04 5.061000000000000000e+04 5.061200000000000000e+04 5.061400000000000000e+04 5.061600000000000000e+04 5.061800000000000000e+04 5.062000000000000000e+04 5.062200000000000000e+04 5.062400000000000000e+04 5.062600000000000000e+04 5.062800000000000000e+04 5.063000000000000000e+04 5.063200000000000000e+04 5.063400000000000000e+04 5.063600000000000000e+04 1.096900000000000000e+04 1.097000000000000000e+04 1.097100000000000000e+04 1.097200000000000000e+04 1.097300000000000000e+04 1.097400000000000000e+04 1.097500000000000000e+04 5.045500000000000000e+04 1.087700000000000000e+04 5.045600000000000000e+04 5.045800000000000000e+04 5.046000000000000000e+04 5.046200000000000000e+04
-1.000000000000000000e+00 1.064700000000000000e+04 1.064800000000000000e+04 1.064900000000000000e+04 5.020300000000000000e+04 5.020500000000000000e+04 5.020700000000000000e+04 1.075300000000000000e+04 1.075400000000000000e+04 5.041000000000000000e+04 5.041200000000000000e+04 5.041400000000000000e+04 5.041600000000000000e+04 5.041800000000000000e+04 5.042000000000000000e+04 5.042200000000000000e+04 5.042400000000000000e+04 5.042600000000000000e+04 5.042800000000000000e+04 5.043000000000000000e+04 1.076600000000000000e+04 1.076700000000000000e+04 1.076800000000000000e+04 1.076900000000000000e+04 1.077000000000000000e+04 1.077100000000000000e+04 1.077200000000000000e+04 1.077300000000000000e+04 1.077400000000000000e+04 1.077500000000000000e+04 1.077600000000000000e+04 5.025700000000000000e+04 1.067800000000000000e+04 1.067900000000000000e+04 5.026000000000000000e+04 5.026200000000000000e+04 5.026400000000000000e+04
-1.000000000000000000e+00 1.044800000000000000e+04 1.044900000000000000e+04 1.045000000000000000e+04 1.045100000000000000e+04 1.045200000000000000e+04 1.045300000000000000e+04 5.001100000000000000e+04 5.001300000000000000e+04 1.055600000000000000e+04 5.021400000000000000e+04 5.021600000000000000e+04 5.021800000000000000e+04 5.022000000000000000e+04 5.022200000000000000e+04 5.022400000000000000e+04 5.022600000000000000e+04 5.022800000000000000e+04 1.056500000000000000e+04 1.056600000000000000e+04 1.056700000000000000e+04 1.056800000000000000e+04 1.056900000000000000e+04 1.057000000000000000e+04 1.057100000000000000e+04 1.057200000000000000e+04 1.057300000000000000e+04 1.057400000000000000e+04 1.057500000000000000e+04 1.057600000000000000e+04 1.057700000000000000e+04 5.005900000000000000e+04 1.047900000000000000e+04 1.048000000000000000e+04 5.006200000000000000e+04 5.006400000000000000e+04 5.006600000000000000e+04
-1.000000000000000000e+00 1.024900000000000000e+04 1.025000000000000000e+04 1.025100000000000000e+04 1.025200000000000000e+04 1.025300000000000000e+04 1.025400000000000000e+04 1.025500000000000000e+04 1.025600000000000000e+04 1.025700000000000000e+04 4.981900000000000000e+04 5.001800000000000000e+04 5.002000000000000000e+04 5.002200000000000000e+04 5.002400000000000000e+04 5.002600000000000000e+04 5.002800000000000000e+04 1.036500000000000000e+04 1.036600000000000000e+04 1.036700000000000000e+04 1.036800000000000000e+04 1.036900000000000000e+04 1.037000000000000000e+04 1.037100000000000000e+04 1.037200000000000000e+04 1.037300000000000000e+04 1.037400000000000000e+04 1.037500000000000000e+04 1.037600000000000000e+04 1.037700000000000000e+04 1.037800000000000000e+04 1.037900000000000000e+04 4.986300000000000000e+04 1.028100000000000000e+04 4.986400000000000000e+04 4.986600000000000000e+04 4.986800000000000000e+04
-1.000000000000000000e+00 1.005000000000000000e+04 1.005100000000000000e+04 1.005200000000000000e+04 1.005300000000000000e+04 1.005400000000000000e+04 1.005500000000000000e+04 1.005600000000000000e+04 1.005700000000000000e+04 1.005800000000000000e+04 1.005900000000000000e+04 1.006000000000000000e+04 1.016100000000000000e+04 1.016200000000000000e+04 1.016300000000000000e+04 1.016400000000000000e+04 1.016500000000000000e+04 1.016600000000000000e+04 1.016700000000000000e+04 1.016800000000000000e+04 1.016900000000000000e+04 1.017000000000000000e+04 1.017100000000000000e+04 1.017200000000000000e+04 1.017300000000000000e+04 1.017400000000000000e+04 1.017500000000000000e+04 1.017600000000000000e+04 1.017700000000000000e+04 1.017800000000000000e+04 1.017900000000000000e+04 1.018000000000000000e+04 4.966500000000000000e+04 1.008200000000000000e+04 1.008300000000000000e+04 4.966800000000000000e+04 4.967000000000000000e+04
-1.000000000000000000e+00 9.851000000000000000e+03 9.852000000000000000e+03 9.853000000000000000e+03 9.854000000000000000e+03 9.855000000000000000e+03 9.856000000000000000e+03 9.857000000000000000e+03 9.858000000000000000e+03 9.859000000000000000e+03 9.860000000000000000e+03 9.861000000000000000e+03 9.862000000000000000e+03 9.963000000000000000e+03 9.964000000000000000e+03 9.965000000000000000e+03 9.966000000000000000e+03 9.967000000000000000e+03 9.968000000000000000e+03 9.969000000000000000e+03 9.970000000000000000e+03 9.971000000000000000e+03 9.972000000000000000e+03 9.973000000000000000e+03 9.974000000000000000e+03 9.975000000000000000e+03 9.976000000000000000e+03 9.977000000000000000e+03 9.978000000000000000e+03 9.979000000000000000e+03 9.980000000000000000e+03 9.981000000000000000e+03 4.946700000000000000e+04 9.883000000000000000e+03 9.884000000000000000e+03 4.947000000000000000e+04 4.947200000000000000e+04
-1.000000000000000000e+00 9.652000000000000000e+03 9.653000000000000000e+03 9.654000000000000000e+03 9.655000000000000000e+03 9.656000000000000000e+03 9.657000000000000000e+03 9.658000000000000000e+03 9.659000000000000000e+03 9.660000000000000000e+03 9.661000000000000000e+03 4.922400000000000000e+04 4.922600000000000000e+04 9.664000000000000000e+03 9.765000000000000000e+03 9.766000000000000000e+03 9.767000000000000000e+03 9.768000000000000000e+03 9.769000000000000000e+03 9.770000000000000000e+03 9.771000000000000000e+03 9.772000000000000000e+03 9.773000000000000000e+03 9.774000000000000000e+03 9.775000000000000000e+03 9.776000000000000000e+03 9.777000000000000000e+03 9.778000000000000000e+03 9.779000000000000000e+03 9.780000000000000000e+03 9.781000000000000000e+03 9.782000000000000000e+03 4.926900000000000000e+04 4.927100000000000000e+04 9.685000000000000000e+03 4.927200000000000000e+04 4.927400000000000000e+04
-1.000000000000000000e+00 9.453000000000000000e+03 9.454000000000000000e+03 9.455000000000000000e+03 9.456000000000000000e+03 9.457000000000000000e+03 9.458000000000000000e+03 9.459000000000000000e+03 9.460000000000000000e+03 9.461000000000000000e+03 4.902400000000000000e+04 4.902600000000000000e+04 4.902800000000000000e+04 4.903000000000000000e+04 4.903500000000000000e+04 9.567000000000000000e+03 9.568000000000000000e+03 9.569000000000000000e+03 9.570000000000000000e+03 9.571000000000000000e+03 9.572000000000000000e+03 9.573000000000000000e+03 9.574000000000000000e+03 9.575000000000000000e+03 9.576000000000000000e+03 9.577000000000000000e+03 9.578000000000000000e+03 9.579000000000000000e+03 9.580000000000000000e+03 9.581000000000000000e+03 9.582000000000000000e+03 9.583000000000000000e+03 9.584000000000000000e+03 4.907300000000000000e+04 9.486000000000000000e+03 4.907400000000000000e+04 4.907600000000000000e+04
-1.000000000000000000e+00 9.254000000000000000e+03 9.255000000000000000e+03 9.256000000000000000e+03 9.257000000000000000e+03 9.258000000000000000e+03 9.259000000000000000e+03 9.260000000000000000e+03 9.261000000000000000e+03 4.882400000000000000e+04 4.882600000000000000e+04 4.882800000000000000e+04 4.883000000000000000e+04 4.883200000000000000e+04 4.883400000000000000e+04 9.368000000000000000e+03 9.369000000000000000e+03 9.370000000000000000e+03 9.371000000000000000e+03 9.372000000000000000e+03 9.373000000000000000e+03 9.374000000000000000e+03 9.375000000000000000e+03 9.376000000000000000e+03 9.377000000000000000e+03 9.378000000000000000e+03 9.379000000000000000e+03 9.380000000000000000e+03 9.381000000000000000e+03 9.382000000000000000e+03 9.383000000000000000e+03 9.384000000000000000e+03 9.385000000000000000e+03 4.887500000000000000e+04 9.287000000000000000e+03 4.887600000000000000e+04 4.887800000000000000e+04
