BlockUplift_2Ma_1kryTimeStep_2mmyr_k_5e-05_m_0.5_n_1.0_LinDiffusion_0.25_3x6km_30mRes_topographic__elevation.txt
nrows 200
cellsize 30.0
xllcorner 0.0
ncols 100
yllcorner 0.0
[rows 170 to 186 of 200, columns 37 to 73 of 100]
9.638018707927957962e+01 1.012042253782109924e+02 1.074708137551219238e+02 1.147552130850662024e+02 1.226149436882182471e+02 1.306443672083074432e+02 1.385106532496964746e+02 1.459607392334752944e+02 1.528006475288915738e+02 1.588588620463731047e+02 1.639514706566552888e+02 1.678672512796671583e+02 1.703838078929818209e+02 1.713116312839314048e+02 1.705477585791667252e+02 1.681131813874012551e+02 1.641540548412556575e+02 1.589058670456455786e+02 1.526415757179879904e+02 1.456321249179343056e+02 1.381348348434061677e+02 1.304051552120163819e+02 1.227162614376733529e+02 1.153722533370998349e+02 1.087079579967186902e+02 1.030750362444976957e+02 9.881660973462203401e+01 9.623120100786771047e+01 9.552755120170526482e+01 9.678031527339877016e+01 9.990476298366426988e+01 1.046620153426688802e+02 1.106887248015411274e+02 1.175353125434480717e+02 1.247001093474332407e+02 1.316536720011372097e+02 1.378554865483478977e+02
9.672283223059794466e+01 1.015918306050845104e+02 1.078475084500728656e+02 1.150353036070527963e+02 1.227007864251061875e+02 1.304451959462250556e+02 1.379568663920294682e+02 1.450106553012091695e+02 1.514396746702135772e+02 1.570946865233864003e+02 1.618115471240381851e+02 1.654029354009812494e+02 1.676779007849549146e+02 1.684791359299600799e+02 1.677224103666851249e+02 1.654244455547639063e+02 1.617078692697378699e+02 1.567774989451882561e+02 1.508770364162356827e+02 1.442492991716208905e+02 1.371202910909289017e+02 1.297097807148925597e+02 1.222554364963028064e+02 1.150344302103228387e+02 1.083726523322029891e+02 1.026383537875274925e+02 9.821785921374508632e+01 9.546852625638248924e+01 9.465027966058053721e+01 9.585710926313245750e+01 9.898400864717405057e+01 1.037477974666991969e+02 1.097443448641538453e+02 1.165081496482224708e+02 1.235525927521198639e+02 1.303877106697630950e+02 1.365237480506601457e+02
9.673710617517907906e+01 1.016161783917767565e+02 1.078039965654466101e+02 1.148186344969313808e+02 1.222048268895954237e+02 1.295863648105463994e+02 1.366867693611716561e+02 1.433156344268482485e+02 1.493303692459804211e+02 1.545938217787806650e+02 1.589499898796983075e+02 1.622285281109280959e+02 1.642697688379765850e+02 1.649518771809488555e+02 1.642105250653281132e+02 1.620545931190472402e+02 1.585775859188016170e+02 1.539517566042392787e+02 1.483970935016595263e+02 1.421396931839415743e+02 1.353855911303531627e+02 1.283238917700372781e+02 1.211525311971128502e+02 1.141099457509298816e+02 1.074987416056505225e+02 1.016928995525861836e+02 9.711886231123439472e+01 9.419774688477968994e+01 9.324938074867976923e+01 9.439378113318339558e+01 9.750746165347213434e+01 1.022619945321416992e+02 1.082133013065974581e+02 1.148849077039913595e+02 1.218125007887894640e+02 1.285511225842066665e+02 1.346626809211198577e+02
9.605823297821498841e+01 1.008988741650902483e+02 1.069582168124923243e+02 1.137367088043727250e+02 1.207933306721740081e+02 1.277885971007307546e+02 1.344877977261789113e+02 1.407306932270525976e+02 1.463849559105652531e+02 1.513085933845554507e+02 1.553420648900257959e+02 1.583303997057864478e+02 1.601521204274448280e+02 1.607295611594497018e+02 1.600216280517379914e+02 1.580243803864834717e+02 1.547918764568374286e+02 1.504551573567529488e+02 1.452102167174271869e+02 1.392765125754496580e+02 1.328564745729772199e+02 1.261235935923223224e+02 1.192431538173082544e+02 1.124114649110038044e+02 1.058961520338535394e+02 1.000620870339361090e+02 9.536344418483932373e+01 9.227884271749555012e+01 9.118847802923728807e+01 9.224377481096384201e+01 9.531084704347055947e+01 1.000255696954524893e+02 1.059141051097872435e+02 1.124978783111269536e+02 1.193392460090100258e+02 1.260356952428202817e+02 1.321920288269377295e+02
9.435537387986539670e+01 9.911105289516341088e+01 1.050010623311252687e+02 1.115231490133770080e+02 1.182638215412899285e+02 1.249254310944155435e+02 1.313079098860836211e+02 1.372630839923582471e+02 1.426466841205245828e+02 1.472950800278341603e+02 1.510408033456228054e+02 1.537526058430117928e+02 1.553620458418631642e+02 1.558484520343707516e+02 1.551986317971097264e+02 1.533904663847114591e+02 1.504254373495736843e+02 1.463783113297449461e+02 1.414118756491989757e+02 1.357415326873872914e+02 1.295807961064276697e+02 1.231085474714456325e+02 1.164761226985194043e+02 1.098470162848467169e+02 1.034509162539872733e+02 9.763008439506781144e+01 9.284761841560488449e+01 8.962253081248526598e+01 8.838647967834475594e+01 8.932506887309239119e+01 9.230729831755907355e+01 9.695189284623415915e+01 1.027720802039538341e+02 1.092962027683805957e+02 1.161113065176668044e+02 1.228452843741086866e+02 1.291288181601333633e+02
9.144120408012801704e+01 9.608642676125862181e+01 1.018072472153830574e+02 1.081133056083304922e+02 1.146232539646430979e+02 1.210720908774093658e+02 1.272727550279185493e+02 1.330621260654376954e+02 1.382620230377494295e+02 1.426790701163865549e+02 1.461457977175413134e+02 1.485728513457862334e+02 1.499636680542291458e+02 1.503669924609506268e+02 1.498014504951521531e+02 1.482226300364294502e+02 1.455678113335182786e+02 1.418383057260867872e+02 1.371467967661430691e+02 1.316962878116008255e+02 1.257171467808895358e+02 1.194124358700797472e+02 1.129441342293516755e+02 1.064637834493742474e+02 1.001725062926801399e+02 9.438454904417613989e+01 8.955423407743944608e+01 8.621899513815743887e+01 8.484647646658282838e+01 8.565553642758267472e+01 8.853192506496830561e+01 9.309791293930912559e+01 9.887020741524602840e+01 1.053882468077114254e+02 1.122542627394537931e+02 1.191080061628286018e+02 1.255864265572046747e+02
8.734694202533532348e+01 9.189044538920698812e+01 9.749022174046132250e+01 1.036756505118555935e+02 1.100895699647735881e+02 1.164769819522109771e+02 1.226338314682776627e+02 1.283557301036706519e+02 1.334182256814722791e+02 1.376041502276398489e+02 1.407658061676503678e+02 1.428785184353864395e+02 1.440336247238452927e+02 1.443559897494189386e+02 1.438971277140610141e+02 1.425889346678210927e+02 1.402989121536739674e+02 1.369417465035698456e+02 1.325605844743010664e+02 1.273281712056006398e+02 1.214848892366236015e+02 1.152667538510995371e+02 1.088678709362900605e+02 1.024535535860495514e+02 9.621629824764522709e+01 9.044892578547072048e+01 8.558844762374997117e+01 8.217272377376917802e+01 8.068894866435690005e+01 8.138421851655063222e+01 8.416915603213242036e+01 8.868323703297673433e+01 9.445497625709198530e+01 1.010314642829635403e+02 1.080160466645303927e+02 1.150421215601675442e+02 1.217380564692361133e+02
8.232471112846479855e+01 8.680836742839815656e+01 9.236990725248692513e+01 9.855596759996342371e+01 1.050147023304068057e+02 1.114718934398022299e+02 1.176780163890870057e+02 1.233710787068239796e+02 1.282827791570954332e+02 1.321914476226746729e+02 1.349951438217106841e+02 1.367538688810228393e+02 1.376540959450357491e+02 1.378946059660908929e+02 1.375570874274443440e+02 1.365516887951566503e+02 1.346790794350033025e+02 1.317629845343233228e+02 1.277613582449272371e+02 1.227946327100634676e+02 1.170953671186888840e+02 1.109279374231736597e+02 1.045295983003181277e+02 9.810143182228821956e+01 9.185147026344560572e+01 8.606830033751143105e+01 8.117626692637432484e+01 7.770660287188982807e+01 7.615416382697773656e+01 7.678553709622222812e+01 7.953352215032893469e+01 8.405437021818806897e+01 8.988436739969850464e+01 9.656847400450006091e+01 1.036986207755686280e+02 1.108915851582885637e+02 1.177625636731396668e+02
7.677543461360764354e+01 8.125811316384721295e+01 8.687039507847674713e+01 9.316464970802685741e+01 9.977083337613211711e+01 1.063687561880942951e+02 1.126447904336482537e+02 1.182773720782878684e+02 1.229704428698042165e+02 1.265246692840242133e+02 1.289085168190975708e+02 1.302779953429426030e+02 1.309107531123635226e+02 1.310685704722608875e+02 1.308573212772494117e+02 1.301702258955709794e+02 1.287520971148682634e+02 1.263417435267824374e+02 1.228046063163767059e+02 1.181888687477337783e+02 1.126958099547656644e+02 1.066021953658790835e+02 1.001865750939332145e+02 9.369807775716262199e+01 8.738144170996427817e+01 8.154331981181425704e+01 7.661143717929009256e+01 7.311590522233970546e+01 7.155440231248439886e+01 7.220124995097989995e+01 7.499642281530300636e+01 7.959695378277750422e+01 8.553175686684531343e+01 9.233217424138382512e+01 9.957374393778546562e+01 1.068587045339885009e+02 1.137958113186984548e+02
7.114101568231185979e+01 7.567587419610266863e+01 8.140400229613680949e+01 8.786776288998758844e+01 9.465807502570662280e+01 1.013913583843002328e+02 1.076846180249741423e+02 1.131678732877095968e+02 1.175416106915823917e+02 1.206559009152523601e+02 1.225669210313744912e+02 1.235270044749440075e+02 1.238911596000845066e+02 1.239673198231957372e+02 1.238776812860890288e+02 1.235049785730576701e+02 1.225544237418230580e+02 1.206946823410739427e+02 1.177011775157801026e+02 1.135367003203521818e+02 1.083482696739119575e+02 1.024028197215271661e+02 9.600776127093719481e+01 8.946146381885746734e+01 8.305892439114082038e+01 7.714591708506807777e+01 7.217499900697991677e+01 6.868922555092244409e+01 6.718987916283784045e+01 6.794521498538192361e+01 7.087826296861545927e+01 7.562054023240982303e+01 8.167376208055260634e+01 8.854799105781314950e+01 9.580735154881419646e+01 1.030524837998258079e+02 1.098997251764582046e+02
6.581338838489315890e+01 7.043027713683017055e+01 7.629661599865862343e+01 8.292987734649692300e+01 8.986886662345047228e+01 9.666145048259036798e+01 1.028627066545515305e+02 1.080743112191179733e+02 1.120195930450404944e+02 1.146195717488411674e+02 1.160251610681795711e+02 1.165751235841658229e+02 1.166815981481962723e+02 1.166795090982098202e+02 1.166991496039568545e+02 1.166193791497573358e+02 1.161238221224024159e+02 1.148310583826242208e+02 1.124376289525098684e+02 1.088166277117465910e+02 1.040428567840305192e+02 9.835029934868089185e+01 9.205662512351763382e+01 8.550163936562499600e+01 7.903531200154080238e+01 7.305762371084445306e+01 6.806571774075088399e+01 6.463127892733209023e+01 6.326196720949554475e+01 6.420607952819023012e+01 6.734397546631814180e+01 7.225539885038995180e+01 7.839915566570907401e+01 8.526362838478600281e+01 9.241341117617685086e+01 9.946402774586638884e+01 1.060532281552665097e+02
6.108879411584396024e+01 6.578864347398753409e+01 7.176959390519895976e+01 7.851305862923327084e+01 8.550227773528845887e+01 9.222361456267037738e+01 9.818806161798191567e+01 1.029938557770704790e+02 1.064109478502606265e+02 1.084442445410785183e+02 1.093358613596455768e+02 1.094933364594705694e+02 1.093629676459010227e+02 1.092882071531128929e+02 1.093999757530189214e+02 1.095788881207423060e+02 1.095037274070286486e+02 1.087646300134615416e+02 1.069964135900507927e+02 1.039868352738460260e+02 9.972791469179539092e+01 9.440054353304763879e+01 8.831194132105655115e+01 8.182957858381023186e+01 7.535506528403062987e+01 6.934924404800736397e+01 6.436641977427535721e+01 6.101812222400168650e+01 5.982042990280737627e+01 6.099137832323511788e+01 6.435086147512893717e+01 6.941156366829409308e+01 7.558440741614593605e+01 8.234198129846234337e+01 8.926062555411466803e+01 9.598110308406000968e+01 1.021691007191090392e+02
5.715514878533302578e+01 6.191503650426385974e+01 6.794966780283895957e+01 7.469755036518208158e+01 8.159200666219719267e+01 8.807562223398007006e+01 9.364117463327075086e+01 9.791035304350036483e+01 1.007185647118922702e+02 1.021581137733566322e+02 1.025495901003780830e+02 1.023467603702999185e+02 1.020072723224247397e+02 1.018672163524457090e+02 1.020520408070698437e+02 1.024481733629049245e+02 1.027431491754653052e+02 1.025189271406988922e+02 1.013688162708098730e+02 9.900673314192441410e+01 9.533933030883365234e+01 9.047944647354329106e+01 8.470378670882244876e+01 7.839014200490389328e+01 7.198163677854105913e+01 6.599760255359070982e+01 6.105248046325122857e+01 5.780182196108041381e+01 5.677157548889004346e+01 5.814738022732795031e+01 6.168621994536906072e+01 6.683528539493877929e+01 7.296381811130936512e+01 7.953538358868900104e+01 8.614070796863190083e+01 9.244363963774034687e+01 9.813472658093371592e+01
5.408206878592262967e+01 5.886414033019848802e+01 6.486777437422090031e+01 7.148590831669690715e+01 7.811486824565156439e+01 8.417910915178931930e+01 8.918417272223192072e+01 9.280164650434718965e+01 9.494510268493418437e+01 9.578903527854572530e+01 9.571298816061624848e+01 9.519239925905898758e+01 9.467568972967536922e+01 9.447917431903772467e+01 9.471834475372605766e+01 9.528788587886236883e+01 9.589383168954380210e+01 9.612700497646076769e+01 9.555983152655957724e+01 9.384884716639875535e+01 9.082014197696040014e+01 8.650971891650219447e+01 8.114609772136643073e+01 7.509816658333865291e+01 6.883495216432750397e+01 6.292375268869465543e+01 5.803319795492338073e+01 5.486113415762005729e+01 5.394649109479760796e+01 5.545141045416780656e+01 5.908423042693955551e+01 6.424269245310351550e+01 7.026570385189873491e+01 7.660876493703059964e+01 8.286740857538433147e+01 8.871508178223392349e+01 9.385889067669337749e+01
5.180511948528553035e+01 5.656267469921482416e+01 6.243991781547555320e+01 6.878605723412633211e+01 7.497805828001966688e+01 8.045149816710326718e+01 8.475630881289988849e+01 8.763684941221593760e+01 8.909067111869106270e+01 8.936225257171220449e+01 8.886693328417264581e+01 8.807815589620672370e+01 8.741830336692031267e+01 8.717530498816314832e+01 8.745187908001837229e+01 8.815212880317702115e+01 8.900668936246117369e+01 8.962827572657974429e+01 8.958745646221562708e+01 8.850247811808162623e+01 8.612972718556044072e+01 8.242599784674337116e+01 7.755766060190899225e+01 7.186524539928670663e+01 6.582434538322335982e+01 6.003372238021704277e+01 5.520408570888768196e+01 5.207083060076685399e+01 5.119230804835194704e+01 5.272568518116611358e+01 5.635597475093673836e+01 6.145319602848844909e+01 6.733418697514522933e+01 7.343822833915668014e+01 7.934740331882282760e+01 8.472820219207555681e+01 8.929900036420477250e+01
5.012932962866703690e+01 5.480837022727665442e+01 6.046312210490241768e+01 6.640613991581608389e+01 7.201457837864886358e+01 7.676280828001546297e+01 8.027195933755524493e+01 8.237485063636977145e+01 8.315142117799881305e+01 8.289922518177689881e+01 8.204602490734320952e+01 8.104315782018089465e+01 8.027499888003913497e+01 7.999626853341030142e+01 8.029568719316797853e+01 8.108711044343718299e+01 8.212890639069637189e+01 8.306468950278477337e+01 8.347930213137126998e+01 8.297227098416385616e+01 8.124543375954748115e+01 7.818005644167725166e+01 7.387116468674777536e+01 6.861314300117065557e+01 6.286753281354106093e+01 5.724516381434750656e+01 5.248399046299940807e+01 4.935151256080838778e+01 4.843419465078218877e+01 4.990641333666151525e+01 5.345646094200954934e+01 5.844440957200791331e+01 6.416553755389981006e+01 7.002853595235839634e+01 7.558406609973901880e+01 8.048227795426386422e+01 8.445703336487068214e+01
4.877415095855619143e+01 5.331428821189800971e+01 5.865723828223152481e+01 6.409136101329156077e+01 6.901313169311671913e+01 7.295767695182051682e+01 7.563502846404973923e+01 7.697240378543544637e+01 7.712333188934692885e+01 7.641923919643393504e+01 7.527961383832996489e+01 7.411895506525840460e+01 7.327688641668186165e+01 7.297350965188866212e+01 7.328368578252535315e+01 7.413090860917300517e+01 7.530222197199191214e+01 7.647756508911341200e+01 7.726863552857948036e+01 7.727452985687693854e+01 7.616007765478089198e+01 7.373986738174333766e+01 7.003376617712156360e+01 6.527571582421836638e+01 5.989396979818296529e+01 5.449240618341495690e+01 4.982169108199764196e+01 4.667607364795743052e+01 4.567750125952871798e+01 4.703542015169880131e+01 5.046013099729015039e+01 5.531017936990343742e+01 6.085360576393149046e+01 6.645558710470703545e+01 7.162709268134480567e+01 7.600599984096187711e+01 7.935604571848833189e+01
