BlockUplift_2Ma_1kryTimeStep_2mmyr_k_1e-05_m_0.5_n_1.0_LinDiffusion_0.25_3x6km_30mRes_flow__link_to_receiver_node.txt
nrows 200
cellsize 30.0
xllcorner 0.0
ncols 100
yllcorner 0.0
[rows 119 to 135 of 200, columns 0 to 36 of 100]
-1.000000000000000000e+00 1.582100000000000000e+04 1.582200000000000000e+04 1.582300000000000000e+04 1.582400000000000000e+04 1.582500000000000000e+04 1.582600000000000000e+04 1.582700000000000000e+04 1.582800000000000000e+04 5.536100000000000000e+04 5.536300000000000000e+04 5.536500000000000000e+04 5.536700000000000000e+04 5.536900000000000000e+04 5.537100000000000000e+04 5.537300000000000000e+04 5.537500000000000000e+04 5.537700000000000000e+04 5.537900000000000000e+04 5.538100000000000000e+04 5.538300000000000000e+04 5.538500000000000000e+04 5.538700000000000000e+04 5.538900000000000000e+04 5.539100000000000000e+04 5.539300000000000000e+04 5.539500000000000000e+04 5.539700000000000000e+04 5.539900000000000000e+04 5.540100000000000000e+04 5.540300000000000000e+04 5.540500000000000000e+04 5.540700000000000000e+04 5.540900000000000000e+04 5.541100000000000000e+04 5.541300000000000000e+04 5.541500000000000000e+04
-1.000000000000000000e+00 1.562200000000000000e+04 1.562300000000000000e+04 1.562400000000000000e+04 1.562500000000000000e+04 1.562600000000000000e+04 1.562700000000000000e+04 1.562800000000000000e+04 1.562900000000000000e+04 5.516300000000000000e+04 5.516500000000000000e+04 5.516700000000000000e+04 5.516900000000000000e+04 5.517100000000000000e+04 5.517300000000000000e+04 5.517500000000000000e+04 5.517700000000000000e+04 5.517900000000000000e+04 5.518100000000000000e+04 5.518300000000000000e+04 5.518500000000000000e+04 5.518700000000000000e+04 5.518900000000000000e+04 5.519100000000000000e+04 5.519300000000000000e+04 5.519500000000000000e+04 5.519700000000000000e+04 5.519900000000000000e+04 5.520100000000000000e+04 5.520300000000000000e+04 5.520500000000000000e+04 5.520700000000000000e+04 5.520900000000000000e+04 5.521100000000000000e+04 5.521300000000000000e+04 5.521500000000000000e+04 5.521700000000000000e+04
-1.000000000000000000e+00 1.542300000000000000e+04 1.542400000000000000e+04 1.542500000000000000e+04 1.542600000000000000e+04 1.542700000000000000e+04 1.542800000000000000e+04 1.542900000000000000e+04 1.543000000000000000e+04 5.496500000000000000e+04 5.496700000000000000e+04 5.496900000000000000e+04 5.497100000000000000e+04 5.497300000000000000e+04 5.497500000000000000e+04 5.497700000000000000e+04 5.497900000000000000e+04 5.498100000000000000e+04 5.498300000000000000e+04 5.498500000000000000e+04 5.498700000000000000e+04 5.498900000000000000e+04 5.499100000000000000e+04 5.499300000000000000e+04 5.499500000000000000e+04 5.499700000000000000e+04 5.499900000000000000e+04 5.500100000000000000e+04 5.500300000000000000e+04 5.500500000000000000e+04 5.500700000000000000e+04 5.500900000000000000e+04 5.501100000000000000e+04 5.501300000000000000e+04 5.501500000000000000e+04 5.501700000000000000e+04 5.501900000000000000e+04
-1.000000000000000000e+00 1.522400000000000000e+04 1.522500000000000000e+04 1.522600000000000000e+04 1.522700000000000000e+04 1.522800000000000000e+04 1.522900000000000000e+04 1.523000000000000000e+04 1.523100000000000000e+04 1.523200000000000000e+04 5.476900000000000000e+04 5.477100000000000000e+04 5.477300000000000000e+04 5.477500000000000000e+04 5.477700000000000000e+04 5.477900000000000000e+04 5.478100000000000000e+04 5.478300000000000000e+04 5.478500000000000000e+04 5.478700000000000000e+04 5.478900000000000000e+04 5.479100000000000000e+04 5.479300000000000000e+04 5.479500000000000000e+04 5.479700000000000000e+04 5.479900000000000000e+04 5.480100000000000000e+04 5.480300000000000000e+04 5.480500000000000000e+04 5.480700000000000000e+04 5.480900000000000000e+04 5.481100000000000000e+04 5.481300000000000000e+04 5.481500000000000000e+04 5.481700000000000000e+04 5.481900000000000000e+04 5.482100000000000000e+04
-1.000000000000000000e+00 1.502500000000000000e+04 1.502600000000000000e+04 1.502700000000000000e+04 1.502800000000000000e+04 1.502900000000000000e+04 1.503000000000000000e+04 1.503100000000000000e+04 1.503200000000000000e+04 1.503300000000000000e+04 5.457100000000000000e+04 5.457300000000000000e+04 5.457500000000000000e+04 5.457700000000000000e+04 5.457900000000000000e+04 5.458100000000000000e+04 5.458300000000000000e+04 5.458500000000000000e+04 5.458700000000000000e+04 5.458900000000000000e+04 5.459100000000000000e+04 5.459300000000000000e+04 5.459500000000000000e+04 5.459700000000000000e+04 5.459900000000000000e+04 5.460100000000000000e+04 5.460300000000000000e+04 5.460500000000000000e+04 5.460700000000000000e+04 5.460900000000000000e+04 5.461100000000000000e+04 5.461300000000000000e+04 5.461500000000000000e+04 5.461700000000000000e+04 5.461900000000000000e+04 5.462100000000000000e+04 5.462300000000000000e+04
-1.000000000000000000e+00 1.482600000000000000e+04 1.482700000000000000e+04 1.482800000000000000e+04 1.482900000000000000e+04 1.483000000000000000e+04 1.483100000000000000e+04 1.483200000000000000e+04 1.483300000000000000e+04 1.483400000000000000e+04 1.483500000000000000e+04 5.437500000000000000e+04 5.437700000000000000e+04 5.437900000000000000e+04 5.438100000000000000e+04 5.438300000000000000e+04 5.438500000000000000e+04 5.438700000000000000e+04 5.438900000000000000e+04 5.439100000000000000e+04 5.439300000000000000e+04 5.439500000000000000e+04 1.494700000000000000e+04 1.494800000000000000e+04 1.494900000000000000e+04 1.495000000000000000e+04 1.495100000000000000e+04 1.495200000000000000e+04 5.440900000000000000e+04 5.441100000000000000e+04 5.441300000000000000e+04 5.441500000000000000e+04 5.441700000000000000e+04 5.441900000000000000e+04 5.442100000000000000e+04 5.442300000000000000e+04 5.442500000000000000e+04
-1.000000000000000000e+00 1.462700000000000000e+04 1.462800000000000000e+04 1.462900000000000000e+04 1.463000000000000000e+04 1.463100000000000000e+04 1.463200000000000000e+04 1.463300000000000000e+04 1.463400000000000000e+04 1.463500000000000000e+04 1.463600000000000000e+04 5.417700000000000000e+04 5.417900000000000000e+04 5.418100000000000000e+04 5.418300000000000000e+04 5.418500000000000000e+04 5.418700000000000000e+04 5.418900000000000000e+04 5.419100000000000000e+04 5.419300000000000000e+04 5.419500000000000000e+04 1.474700000000000000e+04 1.474800000000000000e+04 1.474900000000000000e+04 1.475000000000000000e+04 1.475100000000000000e+04 1.475200000000000000e+04 1.475300000000000000e+04 1.475400000000000000e+04 1.475500000000000000e+04 1.475600000000000000e+04 5.421700000000000000e+04 5.421900000000000000e+04 5.422100000000000000e+04 5.422300000000000000e+04 5.422500000000000000e+04 5.422700000000000000e+04
-1.000000000000000000e+00 1.442800000000000000e+04 1.442900000000000000e+04 1.443000000000000000e+04 1.443100000000000000e+04 1.443200000000000000e+04 1.443300000000000000e+04 1.443400000000000000e+04 1.443500000000000000e+04 1.443600000000000000e+04 1.443700000000000000e+04 5.397900000000000000e+04 5.398100000000000000e+04 5.398300000000000000e+04 5.398500000000000000e+04 5.398700000000000000e+04 5.398900000000000000e+04 5.399100000000000000e+04 5.399300000000000000e+04 5.399500000000000000e+04 5.399700000000000000e+04 1.454800000000000000e+04 1.454900000000000000e+04 1.455000000000000000e+04 1.455100000000000000e+04 1.455200000000000000e+04 1.455300000000000000e+04 1.455400000000000000e+04 1.455500000000000000e+04 1.455600000000000000e+04 1.455700000000000000e+04 1.455800000000000000e+04 1.455900000000000000e+04 5.402300000000000000e+04 5.402500000000000000e+04 5.402700000000000000e+04 5.402900000000000000e+04
-1.000000000000000000e+00 1.422900000000000000e+04 1.423000000000000000e+04 1.423100000000000000e+04 1.423200000000000000e+04 1.423300000000000000e+04 1.423400000000000000e+04 1.423500000000000000e+04 1.423600000000000000e+04 1.423700000000000000e+04 1.423800000000000000e+04 1.423900000000000000e+04 5.378300000000000000e+04 5.378500000000000000e+04 5.378700000000000000e+04 5.378900000000000000e+04 5.379100000000000000e+04 5.379300000000000000e+04 5.379500000000000000e+04 5.379700000000000000e+04 5.379900000000000000e+04 1.434900000000000000e+04 1.435000000000000000e+04 1.435100000000000000e+04 1.435200000000000000e+04 1.435300000000000000e+04 1.435400000000000000e+04 1.435500000000000000e+04 1.435600000000000000e+04 1.435700000000000000e+04 1.435800000000000000e+04 1.435900000000000000e+04 1.436000000000000000e+04 1.436100000000000000e+04 1.436200000000000000e+04 5.382900000000000000e+04 5.383100000000000000e+04
-1.000000000000000000e+00 1.403000000000000000e+04 1.403100000000000000e+04 1.403200000000000000e+04 1.403300000000000000e+04 1.403400000000000000e+04 1.403500000000000000e+04 1.403600000000000000e+04 1.403700000000000000e+04 1.403800000000000000e+04 1.403900000000000000e+04 1.404000000000000000e+04 5.358500000000000000e+04 5.358700000000000000e+04 5.358900000000000000e+04 5.359100000000000000e+04 5.359300000000000000e+04 5.359500000000000000e+04 5.359700000000000000e+04 5.359900000000000000e+04 5.360100000000000000e+04 1.415000000000000000e+04 1.415100000000000000e+04 1.415200000000000000e+04 1.415300000000000000e+04 1.415400000000000000e+04 1.415500000000000000e+04 1.415600000000000000e+04 1.415700000000000000e+04 1.415800000000000000e+04 1.415900000000000000e+04 1.416000000000000000e+04 1.416100000000000000e+04 1.416200000000000000e+04 1.416300000000000000e+04 1.416400000000000000e+04 5.363300000000000000e+04
-1.000000000000000000e+00 1.383100000000000000e+04 1.383200000000000000e+04 1.383300000000000000e+04 1.383400000000000000e+04 1.383500000000000000e+04 1.383600000000000000e+04 1.383700000000000000e+04 1.383800000000000000e+04 1.383900000000000000e+04 1.384000000000000000e+04 1.384100000000000000e+04 1.384200000000000000e+04 5.338900000000000000e+04 5.339100000000000000e+04 5.339300000000000000e+04 5.339500000000000000e+04 5.339700000000000000e+04 5.339900000000000000e+04 5.340100000000000000e+04 5.340300000000000000e+04 5.340500000000000000e+04 1.395200000000000000e+04 1.395300000000000000e+04 1.395400000000000000e+04 1.395500000000000000e+04 1.395600000000000000e+04 1.395700000000000000e+04 1.395800000000000000e+04 1.395900000000000000e+04 1.396000000000000000e+04 1.396100000000000000e+04 1.396200000000000000e+04 1.396300000000000000e+04 1.396400000000000000e+04 1.396500000000000000e+04 1.396600000000000000e+04
-1.000000000000000000e+00 1.363200000000000000e+04 1.363300000000000000e+04 1.363400000000000000e+04 1.363500000000000000e+04 1.363600000000000000e+04 1.363700000000000000e+04 1.363800000000000000e+04 1.363900000000000000e+04 1.364000000000000000e+04 1.364100000000000000e+04 1.364200000000000000e+04 1.364300000000000000e+04 5.319100000000000000e+04 5.319300000000000000e+04 5.319500000000000000e+04 5.319700000000000000e+04 5.319900000000000000e+04 5.320100000000000000e+04 5.320300000000000000e+04 5.320500000000000000e+04 5.320700000000000000e+04 5.320900000000000000e+04 5.321100000000000000e+04 1.375500000000000000e+04 1.375600000000000000e+04 1.375700000000000000e+04 1.375800000000000000e+04 1.375900000000000000e+04 1.376000000000000000e+04 1.376100000000000000e+04 1.376200000000000000e+04 1.376300000000000000e+04 1.376400000000000000e+04 1.376500000000000000e+04 1.376600000000000000e+04 1.376700000000000000e+04
-1.000000000000000000e+00 1.343300000000000000e+04 1.343400000000000000e+04 1.343500000000000000e+04 1.343600000000000000e+04 1.343700000000000000e+04 1.343800000000000000e+04 1.343900000000000000e+04 1.344000000000000000e+04 1.344100000000000000e+04 1.344200000000000000e+04 1.344300000000000000e+04 1.344400000000000000e+04 1.344500000000000000e+04 5.299500000000000000e+04 5.299700000000000000e+04 5.299900000000000000e+04 5.300100000000000000e+04 5.300300000000000000e+04 5.300500000000000000e+04 5.300700000000000000e+04 5.300900000000000000e+04 5.301100000000000000e+04 5.301300000000000000e+04 5.301500000000000000e+04 5.301700000000000000e+04 1.355800000000000000e+04 1.355900000000000000e+04 1.356000000000000000e+04 1.356100000000000000e+04 1.356200000000000000e+04 1.356300000000000000e+04 1.356400000000000000e+04 1.356500000000000000e+04 1.356600000000000000e+04 1.356700000000000000e+04 1.356800000000000000e+04
-1.000000000000000000e+00 1.323400000000000000e+04 1.323500000000000000e+04 1.323600000000000000e+04 1.323700000000000000e+04 1.323800000000000000e+04 1.323900000000000000e+04 1.324000000000000000e+04 1.324100000000000000e+04 1.324200000000000000e+04 1.324300000000000000e+04 1.324400000000000000e+04 1.324500000000000000e+04 1.324600000000000000e+04 5.279700000000000000e+04 5.279900000000000000e+04 5.280100000000000000e+04 5.280300000000000000e+04 5.280500000000000000e+04 5.280700000000000000e+04 5.280900000000000000e+04 5.281100000000000000e+04 5.281300000000000000e+04 5.281500000000000000e+04 5.281700000000000000e+04 5.281900000000000000e+04 5.282100000000000000e+04 5.282300000000000000e+04 1.336100000000000000e+04 1.336200000000000000e+04 1.336300000000000000e+04 1.336400000000000000e+04 1.336500000000000000e+04 1.336600000000000000e+04 1.336700000000000000e+04 1.336800000000000000e+04 5.284100000000000000e+04
-1.000000000000000000e+00 1.303500000000000000e+04 1.303600000000000000e+04 1.303700000000000000e+04 1.303800000000000000e+04 1.303900000000000000e+04 1.304000000000000000e+04 1.304100000000000000e+04 1.304200000000000000e+04 1.304300000000000000e+04 1.304400000000000000e+04 1.304500000000000000e+04 1.304600000000000000e+04 1.304700000000000000e+04 5.259900000000000000e+04 5.260100000000000000e+04 5.260300000000000000e+04 5.260500000000000000e+04 5.260700000000000000e+04 5.260900000000000000e+04 5.261100000000000000e+04 5.261300000000000000e+04 5.261500000000000000e+04 5.261700000000000000e+04 5.261900000000000000e+04 5.262100000000000000e+04 5.262300000000000000e+04 5.262500000000000000e+04 5.262700000000000000e+04 5.262900000000000000e+04 1.316400000000000000e+04 1.316500000000000000e+04 1.316600000000000000e+04 1.316700000000000000e+04 1.316800000000000000e+04 1.316900000000000000e+04 5.264300000000000000e+04
-1.000000000000000000e+00 1.283600000000000000e+04 1.283700000000000000e+04 1.283800000000000000e+04 1.283900000000000000e+04 1.284000000000000000e+04 1.284100000000000000e+04 1.284200000000000000e+04 1.284300000000000000e+04 1.284400000000000000e+04 1.284500000000000000e+04 1.284600000000000000e+04 1.284700000000000000e+04 1.284800000000000000e+04 1.284900000000000000e+04 5.240300000000000000e+04 5.240500000000000000e+04 5.240700000000000000e+04 5.240900000000000000e+04 5.241100000000000000e+04 5.241300000000000000e+04 5.241500000000000000e+04 5.241700000000000000e+04 5.241900000000000000e+04 5.242100000000000000e+04 5.242300000000000000e+04 5.242500000000000000e+04 5.242700000000000000e+04 5.242900000000000000e+04 5.243100000000000000e+04 5.243300000000000000e+04 5.243500000000000000e+04 5.243700000000000000e+04 1.296800000000000000e+04 1.296900000000000000e+04 5.244300000000000000e+04 5.244500000000000000e+04
-1.000000000000000000e+00 1.263700000000000000e+04 1.263800000000000000e+04 1.263900000000000000e+04 1.264000000000000000e+04 1.264100000000000000e+04 1.264200000000000000e+04 1.264300000000000000e+04 1.264400000000000000e+04 1.264500000000000000e+04 1.264600000000000000e+04 1.264700000000000000e+04 1.264800000000000000e+04 1.264900000000000000e+04 1.265000000000000000e+04 5.220500000000000000e+04 5.220700000000000000e+04 5.220900000000000000e+04 5.221100000000000000e+04 5.221300000000000000e+04 5.221500000000000000e+04 5.221700000000000000e+04 5.221900000000000000e+04 5.222100000000000000e+04 5.222300000000000000e+04 5.222500000000000000e+04 5.222700000000000000e+04 5.222900000000000000e+04 5.223100000000000000e+04 5.223300000000000000e+04 5.223500000000000000e+04 5.223700000000000000e+04 5.223900000000000000e+04 5.224100000000000000e+04 5.224300000000000000e+04 5.224500000000000000e+04 5.224700000000000000e+04
