BlockUplift_2Ma_1kryTimeStep_2mmyr_k_0.0001_m_0.5_n_1.0_LinDiffusion_1_6x3km_30mRes_topographic__steepest_slope.txt
nrows 100
cellsize 30.0
xllcorner 0.0
ncols 200
yllcorner 0.0
[rows 68 to 84 of 100, columns 74 to 110 of 200]
5.873012187007636137e-02 5.709649369503845551e-02 5.473869032630318543e-02 5.334092072878290902e-02 5.715196155067000378e-02 6.042200693424581298e-02 6.318590908254259619e-02 6.548063819695784660e-02 6.956461383040561663e-02 7.583944892651810210e-02 8.125015768861724996e-02 8.579124840466648139e-02 8.947748045037731690e-02 9.232864039248435406e-02 9.434924483052166411e-02 9.550536423608117775e-02 9.570222287006208139e-02 9.476810143146655041e-02 9.245160618206872682e-02 8.843934373010615968e-02 8.239827024762221008e-02 7.404107481551207293e-02 6.320493938075391616e-02 4.992643629416899237e-02 3.449150616511099943e-02 1.761134803638053636e-02 7.464117829370072767e-03 7.449655884634391254e-03 1.837249882569598827e-02 3.539842723155880999e-02 5.079961670145560076e-02 6.404080853891448710e-02 7.484299937840148409e-02 8.317522980839603397e-02 8.920338594121611508e-02 9.321458361876840126e-02 9.553814767430873767e-02
6.275167949679030799e-02 6.140625388769602178e-02 5.927968188707950781e-02 5.638848117363674112e-02 5.760981646190425909e-02 6.059737851817775106e-02 6.314343880759050454e-02 6.528562841257433413e-02 6.705509304484981448e-02 7.164457126565602907e-02 7.742404213413085767e-02 8.240179381289086669e-02 8.656915026877859409e-02 8.992580439322139796e-02 9.245898768163816894e-02 9.411921799001964073e-02 9.479674869516899194e-02 9.430462715874057822e-02 9.237570942893474912e-02 8.868085357397154089e-02 8.287261800328001027e-02 7.465270434089318896e-02 6.385314338690714631e-02 5.051342805911005623e-02 3.493187063503147560e-02 1.767217585646558078e-02 6.472477887176589922e-03 6.448733464533518318e-03 1.863210655904955215e-02 3.587005854225537582e-02 5.142064188578151368e-02 6.472666065040613703e-02 7.549656761394511750e-02 8.369635871364877744e-02 8.949703636029250620e-02 9.319679309225961661e-02 9.513959992880079153e-02
6.662637444751927374e-02 6.560083504060022774e-02 6.374230669967555218e-02 6.105715299336793300e-02 5.812030422610357794e-02 6.080831374247953197e-02 6.312167426901266198e-02 6.509897460100977362e-02 6.676490614306361537e-02 6.813725419706032072e-02 7.321658556628941883e-02 7.859909713136138676e-02 8.322660447027961650e-02 8.707890102313650682e-02 9.012609958553051415e-02 9.230314724830274153e-02 9.348489368839522917e-02 9.346808766187801598e-02 9.196801745883079193e-02 8.863726566901965198e-02 8.311099025185626765e-02 7.507683194887419809e-02 6.435903208520130092e-02 5.099829401451027450e-02 3.530486751555912683e-02 1.786515216051232785e-02 5.426540013892378229e-03 5.396945009313943060e-03 1.887289152624494620e-02 3.629180592268236444e-02 5.195577357403020208e-02 6.528483590525885338e-02 7.597543891222689749e-02 8.399232036033812965e-02 8.951427649679241649e-02 9.285366024498505066e-02 9.437209871174043196e-02
7.032436260878303924e-02 6.963259355117988603e-02 6.806445624274033712e-02 6.561762216596775388e-02 6.235182111026868479e-02 6.103424494872481537e-02 6.310115098897046970e-02 6.490228567566769247e-02 6.645592886661080834e-02 6.776883166633043687e-02 6.884599307063081486e-02 7.440773469334326096e-02 7.946384777769850694e-02 8.379036014113788733e-02 8.734074906028013729e-02 9.003491441751212965e-02 9.173263254802653532e-02 9.221419322058205248e-02 9.117641242063902196e-02 8.825184185887262334e-02 8.305574088629914808e-02 7.525878160717856813e-02 6.467459755245859310e-02 5.134291641354783026e-02 3.558480209244786752e-02 1.800946425646851243e-02 4.388790425401841409e-03 4.358029391518177496e-03 1.907647786704463541e-02 3.663127192771682694e-02 5.236036896314573419e-02 6.566101409828987989e-02 7.621885244110894464e-02 8.399961581576179115e-02 8.919275490243259996e-02 9.212771474799338889e-02 9.318629971038419613e-02
7.381526264687324201e-02 7.345458413844217771e-02 7.218555334830085990e-02 6.999875074844462419e-02 6.694532677377366958e-02 6.312866884204784701e-02 6.306387879971986354e-02 6.467980086888079627e-02 6.611444497425550404e-02 6.736363515348497977e-02 6.841940911370203438e-02 6.986469705316361578e-02 7.530893107430358668e-02 8.007784712587853737e-02 8.410886372140448375e-02 8.730771718968881323e-02 8.952012799720658609e-02 9.051074219918599228e-02 8.995813537054501985e-02 8.747418859742049635e-02 8.265267175055110438e-02 7.514493051109359667e-02 6.475128359955703572e-02 5.150796313331938020e-02 3.574500070049566741e-02 1.809351294814736874e-02 3.457115914292785332e-03 3.430222256318889423e-03 1.922197967054562612e-02 3.685273299242505796e-02 5.258640986014905677e-02 6.579840900211522681e-02 7.616547346399377139e-02 8.365689964512033894e-02 8.847554461325372877e-02 9.097034311020261999e-02 9.154490625158259731e-02
7.706861861692004823e-02 7.702194082161498145e-02 7.604863972254444215e-02 7.413392028796010613e-02 7.132026086731618753e-02 6.770043242654205651e-02 6.340607739110927510e-02 6.441991152246739905e-02 6.573155560124786800e-02 6.691529837416840265e-02 6.795039478247681675e-02 6.882021018293189851e-02 7.080353335106602530e-02 7.597450621695192585e-02 8.045328395241782560e-02 8.413241894882546312e-02 8.684506846970142802e-02 8.834193558078713704e-02 8.828479732629995747e-02 8.626557843828094874e-02 8.185623707889723433e-02 7.468739410013328084e-02 6.454382551877273222e-02 5.145565816104848839e-02 3.575938748829183417e-02 1.810598973348997304e-02 2.761171924068150756e-03 2.742548653830567847e-03 1.928811546886895559e-02 3.692041189710171950e-02 5.258684226041528825e-02 6.564302104606696553e-02 7.575931947491744423e-02 8.291124808832060766e-02 8.731734943953219086e-02 8.934750187575062064e-02 8.942749347785104719e-02
8.005497272236444806e-02 8.029342857006772916e-02 7.960226600833758548e-02 7.796311354363893997e-02 7.540984411256677900e-02 7.202309578895077502e-02 6.792116989273608296e-02 6.411536708582843413e-02 6.530296107624362911e-02 6.642197597309446033e-02 6.743946545294789152e-02 6.832588741678138899e-02 6.905943513552004198e-02 7.152774463915699543e-02 7.641333077686809916e-02 8.053822273529338827e-02 8.372465557143891901e-02 8.571170940495018153e-02 8.614688818608513821e-02 8.460428581394599523e-02 8.063523038325517978e-02 7.384953687502573971e-02 6.401508062512799302e-02 5.115350798985052877e-02 3.560479512360335830e-02 1.803658085268153993e-02 2.452509283117620779e-03 2.445158116189342663e-03 1.925584217147999905e-02 3.680263612710348020e-02 5.232102414617922220e-02 6.515003154671840380e-02 7.495665708297329088e-02 8.172504155089796440e-02 8.569083287731374399e-02 8.724500055591827286e-02 8.683437214787873004e-02
8.274723200786032740e-02 8.323296814024085111e-02 8.280210466220504217e-02 8.143452461752076488e-02 7.915576640570852474e-02 7.603310725993944752e-02 7.216904495665801833e-02 6.769266391309922137e-02 6.482779404620472863e-02 6.588471263230287478e-02 6.688919069210645663e-02 6.779937698903883148e-02 6.858129466974967337e-02 6.920571102233299965e-02 7.204273476552672251e-02 7.657155856937075677e-02 8.019581578536853772e-02 8.264548413420082229e-02 8.355706177636505749e-02 8.249017204758739286e-02 7.897822880110585975e-02 7.261169698267125328e-02 6.314140142344039364e-02 5.057872473736632624e-02 3.526394235581117864e-02 1.787715456227445543e-02 2.688593338653551788e-03 2.693753871685089681e-03 1.911106558332586330e-02 3.647628515358339318e-02 5.176053541414707415e-02 6.429045704610866774e-02 7.373288426208285395e-02 8.008242609536467271e-02 8.359205904761969619e-02 8.467245412658001846e-02 8.378878380597143405e-02
8.512206388671093860e-02 8.581099756747599672e-02 8.561227430627696422e-02 8.450581817777257088e-02 8.250932727559263935e-02 7.967588870388103706e-02 7.609016141505359210e-02 7.186293691040077092e-02 6.712397611666082176e-02 6.530581070941952893e-02 6.630228053386792719e-02 6.724366231599192278e-02 6.808437622009096135e-02 6.878422129856896772e-02 6.929792375062976406e-02 7.229320131769180480e-02 7.631338335272748463e-02 7.918978949807022050e-02 8.055139735048465199e-02 7.994753490112363470e-02 7.689772705625254334e-02 7.097608522732888614e-02 6.191764416444437563e-02 4.972265392147766361e-02 3.472865881079367084e-02 1.762331686953876042e-02 3.611821540098958481e-03 3.629072180312912718e-03 1.884691476881599284e-02 3.593072483135699435e-02 5.089429988906672697e-02 6.305682878682053460e-02 7.208806519894300768e-02 7.799403020656990593e-02 8.104384652863458327e-02 8.166493817726608317e-02 8.033677381316574329e-02
8.716112291624635022e-02 8.800556897337136197e-02 8.800636446736594121e-02 8.714512146706804296e-02 8.543240542579819130e-02 8.290676524840326356e-02 7.963357550371578941e-02 7.570289740859502403e-02 7.122555210874827181e-02 6.632702790440679619e-02 6.568068750249200782e-02 6.665962459181148936e-02 6.756873451619796467e-02 6.835741729128444466e-02 6.897104944228971135e-02 6.933471031526969308e-02 7.214624843622251260e-02 7.540941366269487967e-02 7.718793255355484162e-02 7.702521117276930895e-02 7.443173931046302705e-02 6.896955551998071310e-02 6.036056955752731878e-02 4.859415659417057332e-02 3.400260955796501755e-02 1.727596811000277344e-02 5.325993697433043829e-03 5.353711601946523589e-03 1.846510897236252474e-02 3.517037674141174075e-02 4.973186261657692314e-02 6.146654530442342834e-02 7.004970412613786834e-02 7.549860484225329182e-02 7.809591832323169169e-02 7.828154870232945095e-02 7.654431953677919009e-02
8.885197149610443712e-02 8.980309073455643165e-02 8.996810811205596670e-02 8.933173121146703588e-02 8.789827722748976002e-02 8.569193410559208801e-02 8.275806628905020557e-02 7.916428135358870299e-02 7.499984572657751591e-02 7.037246338745314911e-02 6.540224064848297603e-02 6.604665300361269031e-02 6.703158674209896972e-02 6.792093917964268923e-02 6.865129494250253595e-02 6.914036063194799187e-02 6.926777710758059980e-02 7.138208347135541199e-02 7.354211140766911403e-02 7.379321289850675203e-02 7.164184657014374680e-02 6.664303355491986436e-02 5.850937747698736757e-02 4.722079914846233351e-02 3.310262734021567760e-02 1.747721498546858654e-02 7.874182186931477645e-03 7.910161161222836051e-03 1.830434296918051484e-02 3.421521414884220319e-02 4.830383457271215236e-02 5.956176773745316955e-02 6.767163896717344473e-02 7.266062577310018755e-02 7.482116154689938403e-02 7.460052158553717727e-02 7.249171807953018465e-02
9.018860850231077975e-02 9.119863500913207022e-02 9.149161368044882170e-02 9.105642715867953707e-02 8.989214806944639813e-02 8.800930422275712872e-02 8.543332048781308863e-02 8.220850188827952265e-02 7.840068434570497680e-02 7.409705244716822958e-02 6.940245396700603364e-02 6.540429629990196503e-02 6.646934531239544197e-02 6.746820724727474461e-02 6.832976514106295363e-02 6.896476258721948027e-02 6.924755933896942217e-02 6.899887284574689195e-02 6.969938786237647732e-02 7.033581301463745494e-02 6.860727782174033673e-02 6.406692195631057130e-02 5.642253295901109023e-02 4.564698635496237250e-02 3.205790822784706368e-02 1.948711807671628382e-02 1.122299477840940120e-02 1.126500791926735197e-02 2.026766506114945771e-02 3.309880959255125099e-02 4.665897230708182519e-02 5.740530122764676835e-02 6.502860950055974754e-02 6.956363394243017528e-02 7.130805514807765644e-02 7.071125467030180134e-02 7.021118393606401442e-02
9.117157027959095494e-02 9.219576101563167758e-02 9.258107611962008987e-02 9.232126212730804027e-02 9.141120020186997708e-02 8.984893272685449961e-02 8.764081906709482450e-02 8.480798009526656356e-02 8.139186564830988568e-02 7.745706656915866961e-02 7.309026422212501484e-02 6.839523454527783597e-02 6.587999083322879090e-02 6.699314242283518905e-02 6.799631093069899435e-02 6.879403316111183664e-02 6.925546093304274509e-02 6.919797075061971670e-02 6.837885112682397237e-02 6.674185291896297945e-02 6.541552991219887203e-02 6.132269571524915502e-02 5.417083995149596376e-02 4.392881586630300456e-02 3.306338375851161637e-02 2.194395521361195214e-02 1.525807618308547796e-02 1.530423429316887969e-02 2.266806608672377460e-02 3.383807738665879639e-02 4.485802948732242612e-02 5.507273464538257890e-02 6.220698429932009638e-02 6.630004538958260418e-02 6.765022392703556875e-02 6.950530707468316471e-02 7.041734012956629707e-02
9.180762293033642440e-02 9.280586148494052168e-02 9.324994614722399711e-02 9.313875807821597741e-02 9.246401616297864057e-02 9.121283258173112918e-02 8.937411093364673598e-02 8.694687946002943590e-02 8.394827561729485688e-02 8.041908859132694543e-02 7.642541909601377470e-02 7.205595018662928897e-02 6.741532926664485503e-02 6.649250651272523016e-02 6.764224176196514948e-02 6.861349948327258308e-02 6.927046723749069601e-02 6.942683695168616609e-02 6.883832109691016832e-02 6.721130324363859543e-02 6.423432781626400856e-02 5.963371688733092729e-02 5.324598153457039962e-02 4.509053745558040671e-02 3.542056588529119560e-02 2.473133839355821234e-02 1.979386987279430771e-02 1.984272869190940869e-02 2.539218754453161780e-02 3.613610512261092311e-02 4.585531173822846029e-02 5.405986749545613201e-02 6.050222397490927218e-02 6.516760366197330012e-02 6.822214430985465428e-02 6.993969012468728708e-02 7.062947666667210300e-02
9.210912043259990301e-02 9.304711194612545755e-02 9.351962851120441955e-02 9.353054994663191624e-02 9.306937023370119577e-02 9.211408087217994034e-02 9.063833825113860876e-02 8.862105559022287471e-02 8.605617660115262579e-02 8.296048975394137992e-02 7.937784411362140691e-02 7.537890216311567138e-02 7.105647075474905150e-02 6.651734252756232035e-02 6.726232792398699478e-02 6.841031941136239969e-02 6.927090250940387550e-02 6.965383043600237301e-02 6.931261755302683958e-02 6.795389351841514547e-02 6.526892389699880115e-02 6.098843887157737176e-02 5.495349043025263280e-02 4.718613535676455945e-02 3.793828266134739030e-02 2.769863101548560025e-02 2.459732272028366043e-02 2.464778644437804617e-02 2.829174386197822952e-02 3.858893509518374759e-02 4.788911474496154730e-02 5.570894544300802886e-02 6.180226566708298813e-02 6.615179158023583306e-02 6.891921865788613877e-02 7.037401273104518240e-02 7.082264923857667371e-02
9.209315148166984100e-02 9.294316999855757599e-02 9.341787049607054583e-02 9.352563650035890241e-02 9.325452806297225561e-02 9.257533663913099231e-02 9.144909009841081793e-02 8.983727972115077010e-02 8.771273418885575102e-02 8.506910308211695915e-02 8.192725976065938498e-02 7.833750916108214724e-02 7.437721870503821719e-02 7.014430632812723720e-02 6.685584053450649433e-02 6.817541570692410569e-02 6.923743474110666263e-02 6.984760229420239330e-02 6.975675434345272874e-02 6.867120895315123597e-02 6.628453088738343879e-02 6.233159040042472732e-02 5.665766361057008454e-02 4.928675685604546469e-02 4.046818542648507322e-02 3.068214261828039816e-02 2.942128939192372242e-02 2.947241292002568402e-02 3.120476685606579648e-02 4.105034835885678496e-02 4.992364350353719477e-02 5.734970750219290508e-02 6.308496311345045127e-02 6.711021341814348007e-02 6.958295902428457413e-02 7.076851593855973399e-02 7.097101059819059532e-02
9.178063119937480974e-02 9.252181743288971638e-02 9.297706396252228278e-02 9.315848082732784696e-02 9.305330324321019198e-02 9.262701231384701250e-02 9.183082058235332579e-02 9.061197393578078463e-02 8.892504788564702112e-02 8.674242301506798758e-02 8.406233718337360883e-02 8.091328308348598453e-02 7.735403829877375570e-02 7.346928014378756311e-02 6.936151063334558553e-02 6.790449001986594013e-02 6.915533497130244012e-02 6.998087991806113684e-02 7.012907349952424152e-02 6.930568440012609133e-02 6.720652950946016946e-02 6.357082608600919671e-02 5.824840408461817026e-02 5.126541400735992043e-02 4.286840596160684108e-02 3.462282372286248910e-02 3.404028331072339597e-02 3.409108205006319142e-02 3.477393858212139005e-02 4.337994748118258886e-02 5.183361331423007312e-02 5.887409189361363787e-02 6.426039827625507073e-02 6.797108635255277864e-02 7.015902657659350838e-02 7.108511599635126965e-02 7.105116061457099341e-02
