BlockUplift_2Ma_1kryTimeStep_2mmyr_k_5e-05_m_0.5_n_1.0_LinDiffusion_0.5_3x6km_30mRes_flow__link_to_receiver_node.txt
nrows 200
cellsize 30.0
xllcorner 0.0
ncols 100
yllcorner 0.0
[rows 102 to 118 of 200, columns 0 to 36 of 100]
-1.000000000000000000e+00 1.920400000000000000e+04 5.871300000000000000e+04 5.871500000000000000e+04 5.871700000000000000e+04 5.871900000000000000e+04 5.872100000000000000e+04 5.872300000000000000e+04 5.872500000000000000e+04 5.872700000000000000e+04 5.872900000000000000e+04 5.873100000000000000e+04 5.873300000000000000e+04 5.873500000000000000e+04 5.873700000000000000e+04 5.873900000000000000e+04 5.874100000000000000e+04 1.922000000000000000e+04 1.922100000000000000e+04 1.922200000000000000e+04 5.874600000000000000e+04 5.874800000000000000e+04 5.875000000000000000e+04 5.875200000000000000e+04 5.875400000000000000e+04 5.875600000000000000e+04 5.875800000000000000e+04 5.876000000000000000e+04 5.876200000000000000e+04 5.876400000000000000e+04 5.876600000000000000e+04 5.876800000000000000e+04 5.877000000000000000e+04 5.877200000000000000e+04 5.877400000000000000e+04 5.877600000000000000e+04 5.877800000000000000e+04
-1.000000000000000000e+00 1.900500000000000000e+04 5.851500000000000000e+04 5.851700000000000000e+04 5.851900000000000000e+04 5.852100000000000000e+04 5.852300000000000000e+04 5.852500000000000000e+04 5.852700000000000000e+04 5.852900000000000000e+04 5.853100000000000000e+04 5.853300000000000000e+04 5.853500000000000000e+04 5.853700000000000000e+04 5.853900000000000000e+04 5.854100000000000000e+04 5.854300000000000000e+04 1.902100000000000000e+04 1.902200000000000000e+04 1.902300000000000000e+04 1.902400000000000000e+04 5.855000000000000000e+04 5.855200000000000000e+04 5.855400000000000000e+04 5.855600000000000000e+04 5.855800000000000000e+04 5.856000000000000000e+04 5.856200000000000000e+04 5.856400000000000000e+04 5.856600000000000000e+04 5.856800000000000000e+04 5.857000000000000000e+04 5.857200000000000000e+04 5.857400000000000000e+04 5.857600000000000000e+04 5.857800000000000000e+04 5.858000000000000000e+04
-1.000000000000000000e+00 1.880600000000000000e+04 5.831700000000000000e+04 5.831900000000000000e+04 5.832100000000000000e+04 5.832300000000000000e+04 5.832500000000000000e+04 5.832700000000000000e+04 5.832900000000000000e+04 5.833100000000000000e+04 5.833300000000000000e+04 5.833500000000000000e+04 5.833700000000000000e+04 5.833900000000000000e+04 5.834100000000000000e+04 5.834300000000000000e+04 5.834500000000000000e+04 1.882200000000000000e+04 1.882300000000000000e+04 1.882400000000000000e+04 1.882500000000000000e+04 5.835200000000000000e+04 5.835400000000000000e+04 5.835600000000000000e+04 5.835800000000000000e+04 5.836000000000000000e+04 5.836200000000000000e+04 5.836400000000000000e+04 5.836600000000000000e+04 5.836800000000000000e+04 5.837000000000000000e+04 5.837200000000000000e+04 5.837400000000000000e+04 5.837600000000000000e+04 5.837800000000000000e+04 5.838000000000000000e+04 5.838200000000000000e+04
-1.000000000000000000e+00 1.860700000000000000e+04 5.811900000000000000e+04 5.812100000000000000e+04 5.812300000000000000e+04 5.812500000000000000e+04 5.812700000000000000e+04 5.812900000000000000e+04 5.813100000000000000e+04 5.813300000000000000e+04 5.813500000000000000e+04 5.813700000000000000e+04 5.813900000000000000e+04 5.814100000000000000e+04 5.814300000000000000e+04 5.814500000000000000e+04 5.814700000000000000e+04 1.862300000000000000e+04 1.862400000000000000e+04 1.862500000000000000e+04 1.862600000000000000e+04 5.815400000000000000e+04 5.815600000000000000e+04 5.815800000000000000e+04 5.816000000000000000e+04 5.816200000000000000e+04 5.816400000000000000e+04 5.816600000000000000e+04 5.816800000000000000e+04 5.817000000000000000e+04 5.817200000000000000e+04 5.817400000000000000e+04 5.817600000000000000e+04 5.817800000000000000e+04 5.818000000000000000e+04 5.818200000000000000e+04 5.818400000000000000e+04
-1.000000000000000000e+00 5.791900000000000000e+04 5.792100000000000000e+04 5.792300000000000000e+04 5.792500000000000000e+04 5.792700000000000000e+04 5.792900000000000000e+04 5.793100000000000000e+04 5.793300000000000000e+04 5.793500000000000000e+04 5.793700000000000000e+04 5.793900000000000000e+04 5.794100000000000000e+04 5.794300000000000000e+04 5.794500000000000000e+04 5.794700000000000000e+04 5.794900000000000000e+04 1.842400000000000000e+04 1.842500000000000000e+04 1.842600000000000000e+04 1.842700000000000000e+04 5.795600000000000000e+04 5.795800000000000000e+04 5.796000000000000000e+04 5.796200000000000000e+04 5.796400000000000000e+04 5.796600000000000000e+04 5.796800000000000000e+04 5.797000000000000000e+04 5.797200000000000000e+04 5.797400000000000000e+04 5.797600000000000000e+04 5.797800000000000000e+04 5.798000000000000000e+04 5.798200000000000000e+04 5.798400000000000000e+04 5.798600000000000000e+04
-1.000000000000000000e+00 5.772100000000000000e+04 5.772300000000000000e+04 5.772500000000000000e+04 5.772700000000000000e+04 5.772900000000000000e+04 5.773100000000000000e+04 5.773300000000000000e+04 5.773500000000000000e+04 5.773700000000000000e+04 5.773900000000000000e+04 5.774100000000000000e+04 5.774300000000000000e+04 5.774500000000000000e+04 5.774700000000000000e+04 5.774900000000000000e+04 5.775100000000000000e+04 1.822500000000000000e+04 1.822600000000000000e+04 1.822700000000000000e+04 1.822800000000000000e+04 5.775800000000000000e+04 5.776000000000000000e+04 5.776200000000000000e+04 5.776400000000000000e+04 5.776600000000000000e+04 5.776800000000000000e+04 5.777000000000000000e+04 5.777200000000000000e+04 5.777400000000000000e+04 5.777600000000000000e+04 5.777800000000000000e+04 5.778000000000000000e+04 5.778200000000000000e+04 5.778400000000000000e+04 5.778600000000000000e+04 5.778800000000000000e+04
-1.000000000000000000e+00 5.752300000000000000e+04 5.752500000000000000e+04 5.752700000000000000e+04 5.752900000000000000e+04 5.753100000000000000e+04 5.753300000000000000e+04 5.753500000000000000e+04 5.753700000000000000e+04 5.753900000000000000e+04 5.754100000000000000e+04 5.754300000000000000e+04 5.754500000000000000e+04 5.754700000000000000e+04 5.754900000000000000e+04 5.755100000000000000e+04 5.755300000000000000e+04 1.802600000000000000e+04 1.802700000000000000e+04 1.802800000000000000e+04 1.802900000000000000e+04 5.756000000000000000e+04 5.756200000000000000e+04 5.756400000000000000e+04 5.756600000000000000e+04 5.756800000000000000e+04 5.757000000000000000e+04 5.757200000000000000e+04 5.757400000000000000e+04 5.757600000000000000e+04 5.757800000000000000e+04 5.758000000000000000e+04 5.758200000000000000e+04 5.758400000000000000e+04 5.758600000000000000e+04 5.758800000000000000e+04 5.759000000000000000e+04
-1.000000000000000000e+00 5.732500000000000000e+04 5.732700000000000000e+04 5.732900000000000000e+04 5.733100000000000000e+04 5.733300000000000000e+04 5.733500000000000000e+04 1.791700000000000000e+04 5.733900000000000000e+04 5.734100000000000000e+04 5.734300000000000000e+04 5.734500000000000000e+04 5.734700000000000000e+04 5.734900000000000000e+04 5.735100000000000000e+04 5.735300000000000000e+04 5.735500000000000000e+04 5.735700000000000000e+04 1.782800000000000000e+04 1.782900000000000000e+04 1.783000000000000000e+04 5.736200000000000000e+04 5.736400000000000000e+04 5.736600000000000000e+04 5.736800000000000000e+04 5.737000000000000000e+04 5.737200000000000000e+04 5.737400000000000000e+04 5.737600000000000000e+04 5.737800000000000000e+04 5.738000000000000000e+04 5.738200000000000000e+04 5.738400000000000000e+04 5.738600000000000000e+04 5.738800000000000000e+04 5.739000000000000000e+04 5.739200000000000000e+04
-1.000000000000000000e+00 5.712700000000000000e+04 5.712900000000000000e+04 5.713100000000000000e+04 1.771500000000000000e+04 1.771600000000000000e+04 1.771700000000000000e+04 1.771800000000000000e+04 1.771900000000000000e+04 1.772000000000000000e+04 1.772100000000000000e+04 1.772200000000000000e+04 5.714900000000000000e+04 5.715100000000000000e+04 5.715300000000000000e+04 5.715500000000000000e+04 5.715700000000000000e+04 5.715900000000000000e+04 1.762900000000000000e+04 1.763000000000000000e+04 1.763100000000000000e+04 5.716400000000000000e+04 5.716600000000000000e+04 5.716800000000000000e+04 5.717000000000000000e+04 5.717200000000000000e+04 5.717400000000000000e+04 5.717600000000000000e+04 5.717800000000000000e+04 5.718000000000000000e+04 5.718200000000000000e+04 5.718400000000000000e+04 5.718600000000000000e+04 5.718800000000000000e+04 5.719000000000000000e+04 5.719200000000000000e+04 5.719400000000000000e+04
-1.000000000000000000e+00 5.692900000000000000e+04 5.693100000000000000e+04 1.751500000000000000e+04 1.751600000000000000e+04 1.751700000000000000e+04 1.751800000000000000e+04 1.751900000000000000e+04 1.752000000000000000e+04 1.752100000000000000e+04 1.752200000000000000e+04 1.752300000000000000e+04 1.752400000000000000e+04 1.752500000000000000e+04 5.695500000000000000e+04 5.695700000000000000e+04 5.695900000000000000e+04 5.696100000000000000e+04 1.743000000000000000e+04 1.743100000000000000e+04 1.743200000000000000e+04 5.696600000000000000e+04 5.696800000000000000e+04 5.697000000000000000e+04 5.697200000000000000e+04 5.697400000000000000e+04 5.697600000000000000e+04 5.697800000000000000e+04 5.698000000000000000e+04 1.754000000000000000e+04 1.754100000000000000e+04 1.754200000000000000e+04 1.754300000000000000e+04 1.754400000000000000e+04 1.754500000000000000e+04 1.754600000000000000e+04 1.754700000000000000e+04
-1.000000000000000000e+00 5.673100000000000000e+04 5.673300000000000000e+04 1.731600000000000000e+04 1.731700000000000000e+04 1.731800000000000000e+04 1.731900000000000000e+04 1.732000000000000000e+04 1.732100000000000000e+04 1.732200000000000000e+04 1.732300000000000000e+04 1.732400000000000000e+04 1.732500000000000000e+04 1.732600000000000000e+04 1.732700000000000000e+04 5.675900000000000000e+04 5.676100000000000000e+04 5.676300000000000000e+04 1.723100000000000000e+04 1.723200000000000000e+04 1.723300000000000000e+04 5.676800000000000000e+04 5.677000000000000000e+04 5.677200000000000000e+04 5.677400000000000000e+04 5.677600000000000000e+04 1.733800000000000000e+04 1.733900000000000000e+04 1.734000000000000000e+04 1.734100000000000000e+04 1.734200000000000000e+04 1.734300000000000000e+04 1.734400000000000000e+04 1.734500000000000000e+04 1.734600000000000000e+04 1.734700000000000000e+04 1.734800000000000000e+04
-1.000000000000000000e+00 5.653300000000000000e+04 1.711600000000000000e+04 1.711700000000000000e+04 1.711800000000000000e+04 1.711900000000000000e+04 1.712000000000000000e+04 1.712100000000000000e+04 1.712200000000000000e+04 1.712300000000000000e+04 1.712400000000000000e+04 1.712500000000000000e+04 1.712600000000000000e+04 1.712700000000000000e+04 1.712800000000000000e+04 1.712900000000000000e+04 5.656300000000000000e+04 5.656500000000000000e+04 5.656700000000000000e+04 1.703300000000000000e+04 1.703400000000000000e+04 5.657000000000000000e+04 5.657200000000000000e+04 5.657400000000000000e+04 1.713700000000000000e+04 1.713800000000000000e+04 1.713900000000000000e+04 1.714000000000000000e+04 1.714100000000000000e+04 1.714200000000000000e+04 1.714300000000000000e+04 1.714400000000000000e+04 1.714500000000000000e+04 1.714600000000000000e+04 1.714700000000000000e+04 1.714800000000000000e+04 1.714900000000000000e+04
-1.000000000000000000e+00 5.633500000000000000e+04 1.691700000000000000e+04 1.691800000000000000e+04 1.691900000000000000e+04 1.692000000000000000e+04 1.692100000000000000e+04 1.692200000000000000e+04 1.692300000000000000e+04 1.692400000000000000e+04 1.692500000000000000e+04 1.692600000000000000e+04 1.692700000000000000e+04 1.692800000000000000e+04 1.692900000000000000e+04 1.693000000000000000e+04 1.693100000000000000e+04 5.636700000000000000e+04 5.636900000000000000e+04 1.683400000000000000e+04 5.637000000000000000e+04 5.637200000000000000e+04 1.693600000000000000e+04 1.693700000000000000e+04 1.693800000000000000e+04 1.693900000000000000e+04 1.694000000000000000e+04 1.694100000000000000e+04 1.694200000000000000e+04 1.694300000000000000e+04 1.694400000000000000e+04 1.694500000000000000e+04 1.694600000000000000e+04 1.694700000000000000e+04 1.694800000000000000e+04 1.694900000000000000e+04 1.695000000000000000e+04
-1.000000000000000000e+00 5.613700000000000000e+04 1.671800000000000000e+04 1.671900000000000000e+04 1.672000000000000000e+04 1.672100000000000000e+04 1.672200000000000000e+04 1.672300000000000000e+04 1.672400000000000000e+04 1.672500000000000000e+04 1.672600000000000000e+04 1.672700000000000000e+04 1.672800000000000000e+04 1.672900000000000000e+04 1.673000000000000000e+04 1.673100000000000000e+04 1.673200000000000000e+04 1.673300000000000000e+04 5.617100000000000000e+04 1.663500000000000000e+04 5.617200000000000000e+04 1.673600000000000000e+04 1.673700000000000000e+04 1.673800000000000000e+04 1.673900000000000000e+04 1.674000000000000000e+04 1.674100000000000000e+04 1.674200000000000000e+04 1.674300000000000000e+04 1.674400000000000000e+04 1.674500000000000000e+04 1.674600000000000000e+04 1.674700000000000000e+04 1.674800000000000000e+04 1.674900000000000000e+04 1.675000000000000000e+04 1.675100000000000000e+04
-1.000000000000000000e+00 5.593900000000000000e+04 1.651900000000000000e+04 1.652000000000000000e+04 1.652100000000000000e+04 1.652200000000000000e+04 1.652300000000000000e+04 1.652400000000000000e+04 1.652500000000000000e+04 1.652600000000000000e+04 1.652700000000000000e+04 1.652800000000000000e+04 1.652900000000000000e+04 1.653000000000000000e+04 1.653100000000000000e+04 1.653200000000000000e+04 1.653300000000000000e+04 1.653400000000000000e+04 1.653500000000000000e+04 1.643600000000000000e+04 5.597400000000000000e+04 1.653700000000000000e+04 1.653800000000000000e+04 1.653900000000000000e+04 1.654000000000000000e+04 1.654100000000000000e+04 1.654200000000000000e+04 1.654300000000000000e+04 1.654400000000000000e+04 1.654500000000000000e+04 1.654600000000000000e+04 1.654700000000000000e+04 1.654800000000000000e+04 1.654900000000000000e+04 1.655000000000000000e+04 1.655100000000000000e+04 1.655200000000000000e+04
-1.000000000000000000e+00 5.574100000000000000e+04 1.632000000000000000e+04 1.632100000000000000e+04 1.632200000000000000e+04 1.632300000000000000e+04 1.632400000000000000e+04 1.632500000000000000e+04 1.632600000000000000e+04 1.632700000000000000e+04 1.632800000000000000e+04 1.632900000000000000e+04 1.633000000000000000e+04 1.633100000000000000e+04 1.633200000000000000e+04 1.633300000000000000e+04 1.633400000000000000e+04 1.633500000000000000e+04 1.633600000000000000e+04 -1.000000000000000000e+00 1.633700000000000000e+04 1.633800000000000000e+04 1.633900000000000000e+04 1.634000000000000000e+04 1.634100000000000000e+04 1.634200000000000000e+04 1.634300000000000000e+04 1.634400000000000000e+04 1.634500000000000000e+04 1.634600000000000000e+04 1.634700000000000000e+04 1.634800000000000000e+04 1.634900000000000000e+04 1.635000000000000000e+04 1.635100000000000000e+04 1.635200000000000000e+04 1.635300000000000000e+04
-1.000000000000000000e+00 5.554300000000000000e+04 1.612100000000000000e+04 1.612200000000000000e+04 1.612300000000000000e+04 1.612400000000000000e+04 1.612500000000000000e+04 1.612600000000000000e+04 1.612700000000000000e+04 1.612800000000000000e+04 1.612900000000000000e+04 1.613000000000000000e+04 1.613100000000000000e+04 1.613200000000000000e+04 1.613300000000000000e+04 1.613400000000000000e+04 1.613500000000000000e+04 1.613600000000000000e+04 1.613700000000000000e+04 1.623700000000000000e+04 1.613800000000000000e+04 1.613900000000000000e+04 1.614000000000000000e+04 1.614100000000000000e+04 1.614200000000000000e+04 1.614300000000000000e+04 1.614400000000000000e+04 1.614500000000000000e+04 1.614600000000000000e+04 1.614700000000000000e+04 1.614800000000000000e+04 1.614900000000000000e+04 1.615000000000000000e+04 1.615100000000000000e+04 1.615200000000000000e+04 1.615300000000000000e+04 1.615400000000000000e+04
