BlockUplift_2Ma_1kryTimeStep_2mmyr_k_0.0001_m_0.5_n_1.0_LinDiffusion_0.5_6x3km_30mRes_topographic__steepest_slope.txt
nrows 100
cellsize 30.0
xllcorner 0.0
ncols 200
yllcorner 0.0
[rows 17 to 33 of 100, columns 111 to 147 of 200]
1.377852819811655194e-01 1.386457885834630477e-01 1.382820539474892141e-01 1.367006077183541835e-01 1.338712239114499825e-01 1.297669303756464332e-01 1.244122195949681070e-01 1.179167839318997352e-01 1.104787036423071356e-01 1.023541628182793317e-01 9.753275042631788516e-02 9.985292217129639047e-02 1.024444606232170624e-01 1.052293149795509170e-01 1.081367076778211866e-01 1.111037256259666123e-01 1.140844333421892620e-01 1.269436067053230088e-01 1.415839015935366207e-01 1.566623871199548657e-01 1.719329003397822020e-01 1.868937061098468744e-01 2.007388635938866517e-01 2.123250071456074806e-01 2.201552121556858421e-01 2.224071923251358385e-01 2.170665330403930282e-01 2.022325359377940002e-01 1.766106301664971678e-01 1.400909375206879359e-01 9.419231733739934220e-02 5.298879315290720704e-02 1.021325303455888484e-01 1.446946425326102181e-01 1.782949790419896541e-01 2.019854016328860302e-01 2.159567821567967560e-01
1.258291292978640230e-01 1.267702661261125852e-01 1.262024929170706966e-01 1.241585535824488856e-01 1.206697282791102110e-01 1.157943077505952517e-01 1.096464449145817810e-01 1.024065196158848862e-01 9.430386055045593408e-02 8.988030765236539044e-02 9.171502846437400158e-02 9.376347615520430612e-02 9.594753925575270903e-02 9.822030893141699137e-02 1.005635578409675712e-01 1.085830795778766344e-01 1.227312530676613334e-01 1.373474052286212665e-01 1.523471124621607886e-01 1.675128041785664268e-01 1.824518271653393642e-01 1.965553673712141236e-01 2.089566970325553996e-01 2.184891942841299395e-01 2.236592693368701645e-01 2.226776255179582220e-01 2.136172171692626021e-01 1.947565649291145007e-01 1.650979213853626393e-01 1.249320685414431892e-01 7.621639042521337337e-02 5.992199628573949277e-02 1.074680441093046057e-01 1.476408024762295990e-01 1.784658165421570963e-01 1.993949411815075234e-01 2.109317781304110295e-01
1.132234186187190544e-01 1.142393677924521539e-01 1.134850449694899538e-01 1.110179272489015545e-01 1.069312910683095225e-01 1.013657531733637568e-01 9.451426220385693300e-02 8.660985994233764973e-02 8.292300557288312390e-02 8.444897638481789481e-02 8.617261222419909938e-02 8.801168142467352684e-02 8.992184665250105291e-02 9.190007550974323147e-02 1.051609807350710468e-01 1.191627464938638525e-01 1.335713555703857136e-01 1.482969314812786765e-01 1.631529744530136328e-01 1.778342684777839966e-01 1.918885730949275170e-01 2.046768743525755607e-01 2.153211916486962307e-01 2.226485343054681321e-01 2.251593740300620594e-01 2.210752880704224821e-01 2.085347007649280271e-01 1.859801430172221270e-01 1.526990084803060144e-01 1.093636543205699779e-01 5.833149084247679639e-02 6.631504186232481390e-02 1.115609630342977859e-01 1.488614056925638973e-01 1.766667658611850433e-01 1.948042331926489179e-01 2.040327435903304121e-01
9.997864549515801669e-02 1.010611309618961173e-01 1.001524727196861364e-01 9.732906662223399230e-02 9.273907224488198153e-02 8.659529886787424580e-02 7.915662140995607943e-02 7.642570691667859017e-02 7.783316927811559371e-02 7.941852385515604795e-02 8.111532674714504176e-02 8.288203609222455359e-02 8.878558496604398165e-02 1.022221389022793941e-01 1.160041897930672861e-01 1.300990996682211687e-01 1.444228551505006009e-01 1.588236571484552828e-01 1.730711274922981657e-01 1.868393374850199906e-01 1.996743674708075789e-01 2.109425466971989183e-01 2.197634703830393110e-01 2.249453062901646261e-01 2.249608148325611123e-01 2.180242430615171034e-01 2.023324707509099596e-01 1.764943953013187183e-01 1.400828462926976270e-01 9.413383911632422496e-02 4.135652906819397429e-02 7.211315172376435434e-02 1.145828232077477776e-01 1.515114710951555310e-01 1.773622188803614108e-01 1.920641552020365961e-01 1.967615565665359612e-01
8.623214552037174185e-02 8.736534924896849352e-02 8.634149276373458137e-02 8.324803612409255316e-02 7.827696409676908329e-02 7.170060724742768898e-02 6.997891190089509938e-02 7.157185473157616495e-02 7.324704117836360051e-02 7.499763586523780501e-02 7.680760520732855812e-02 8.618961632315537413e-02 9.947431816734422783e-02 1.130104578960185735e-01 1.267483454659715791e-01 1.406115700330483886e-01 1.544822749496338188e-01 1.681944587189396489e-01 1.815237739347888291e-01 1.941627888177331895e-01 2.056753469524816580e-01 2.154305106902607292e-01 2.225260360557465844e-01 2.257260011829212432e-01 2.234571105590134610e-01 2.139242293944192963e-01 1.953982029021583966e-01 1.666780800367897997e-01 1.276363067578946131e-01 7.965771452797601460e-02 3.201642214824067245e-02 8.234745705026019769e-02 1.275951244971489928e-01 1.626883918347905023e-01 1.864371583188310921e-01 1.991631692213246541e-01 2.020932169798063116e-01
7.226363812015676458e-02 7.341975844200684942e-02 7.232034134958477412e-02 6.905682738449551994e-02 6.385362219807765027e-02 6.286844385470320706e-02 6.516857155694930070e-02 6.730146469771265683e-02 6.937126136535601284e-02 7.143048077102168159e-02 8.353735866236698671e-02 9.667429583558657946e-02 1.099681359958168542e-01 1.233497671030666792e-01 1.367477827841923899e-01 1.500740137903534277e-01 1.632168165738865639e-01 1.760331816134746985e-01 1.883292885952935480e-01 1.998221682161698820e-01 2.100805379764011660e-01 2.184497033634717755e-01 2.239751292072128253e-01 2.253540911029451310e-01 2.209626677432386943e-01 2.090149421320953993e-01 1.878934120972871880e-01 1.566295550499508804e-01 1.154207263649937032e-01 6.598858110617697448e-02 4.350028150506659447e-02 9.468965183259948903e-02 1.381108365696055162e-01 1.712601215686646583e-01 1.932524536799765658e-01 2.045629488686321051e-01 2.064096932705126730e-01
5.848805975656811568e-02 5.962690117302429232e-02 5.848955394439012134e-02 5.516696519056552006e-02 5.406398441620099277e-02 5.783070613458081433e-02 6.100582925310839288e-02 6.381792660047740096e-02 6.773630984013910561e-02 8.058463126666878806e-02 9.361023198939809331e-02 1.066970922035665181e-01 1.197602867265923493e-01 1.327313182304796502e-01 1.455462048874210379e-01 1.581380766493860335e-01 1.704290236464477970e-01 1.823131249088466577e-01 1.936239315503674729e-01 2.040834715810054545e-01 2.132346475011066278e-01 2.203651312197431877e-01 2.244407006926195380e-01 2.240806008741979272e-01 2.176224879942158796e-01 2.033267433616856579e-01 1.797418657387784835e-01 1.461860703294708685e-01 1.032131728000839216e-01 5.377449729974907028e-02 5.537648251227551832e-02 1.047337796798236270e-01 1.460240176141951451e-01 1.771706775449662929e-01 1.975979906291276678e-01 2.079008749311384574e-01 2.092274454989241916e-01
4.542350556916782689e-02 4.649779567538322306e-02 4.535917194016671206e-02 4.247225997128176861e-02 4.854175495969142995e-02 5.352268267536522406e-02 5.769725992905774120e-02 6.404668007224453841e-02 7.702312143097553299e-02 9.004953696789831652e-02 1.030181639221600248e-01 1.158453103294211500e-01 1.284699829615457700e-01 1.408490485912740897e-01 1.529519154295902184e-01 1.647525292281916964e-01 1.762135335596326513e-01 1.872576343606747740e-01 1.977235350419069559e-01 2.073069406355794453e-01 2.154909337301811889e-01 2.214761055295942638e-01 2.241312761077352833e-01 2.219998240170781290e-01 2.134074949059595327e-01 1.967110445085353265e-01 1.706889992141526480e-01 1.350058037374405329e-01 9.060454279281202061e-02 4.041557212236472629e-02 6.593364960664113705e-02 1.129099444683883263e-01 1.516679420484952912e-01 1.806038843108931646e-01 1.994667721753169698e-01 2.089626091344465864e-01 2.101420525739522704e-01
3.363214623083668475e-02 3.459735223880310712e-02 3.349498570383010326e-02 3.639023468233107406e-02 4.390454773149466555e-02 5.016652484950785001e-02 5.892311196472709012e-02 7.238412101568390822e-02 8.566226793203762790e-02 9.869758194479155700e-02 1.114392412453203973e-01 1.238513481640581004e-01 1.359162399907735963e-01 1.476350816626251228e-01 1.590233092926079395e-01 1.700972994586929243e-01 1.808491322159445358e-01 1.912079696024827913e-01 2.009884908017492422e-01 2.098288551823808690e-01 2.171240436932919127e-01 2.219673145084897214e-01 2.231239625505878621e-01 2.190744608409043448e-01 2.081689124579289285e-01 1.889179514019900807e-01 1.603978919524706725e-01 1.226784028685756339e-01 7.712138583403506387e-02 3.949979070872248338e-02 8.163607414984307142e-02 1.197986664316223054e-01 1.555553006932711979e-01 1.819441013832753529e-01 1.990602288518999730e-01 2.077323680582963961e-01 2.089173627231038777e-01
2.479315534038860347e-02 2.445928271614074279e-02 2.343141322747612637e-02 3.145507231469946152e-02 4.038701110533266664e-02 5.148127615961565345e-02 6.597777793623814391e-02 7.994452612437706607e-02 9.337941608921103420e-02 1.062931632504122148e-01 1.187028852656065170e-01 1.306334558295513260e-01 1.421224007471333095e-01 1.532217177369309125e-01 1.639906416369389663e-01 1.744758691719946742e-01 1.846784859627007280e-01 1.945087105142552786e-01 2.037305687013599709e-01 2.119000085123616262e-01 2.183039960666585955e-01 2.219167047441468754e-01 2.214011999829494926e-01 2.151950390256520962e-01 2.017147391619876773e-01 1.796857062278206796e-01 1.485492699415772166e-01 1.088343508282207522e-01 6.234374761437493084e-02 5.938408183826282549e-02 9.972661166861013227e-02 1.327167377799758352e-01 1.582878522330986582e-01 1.817173034001304532e-01 1.967673157147345475e-01 2.044122430094423293e-01 2.055421352776657384e-01
1.973476219228002121e-02 1.648068414394761663e-02 1.613190800942911410e-02 2.787044056483948401e-02 4.080055558126029214e-02 5.695176392341352173e-02 7.219774183094594677e-02 8.653457479844064992e-02 1.000227712667594859e-01 1.127490006031763442e-01 1.248039658262039553e-01 1.362777699585223101e-01 1.472637880955157130e-01 1.578593920158311847e-01 1.681552853462638664e-01 1.782105217612411363e-01 1.880141831329505409e-01 1.974362158043504734e-01 2.061702586904904932e-01 2.136729918095700842e-01 2.191102745330908985e-01 2.213310299625296240e-01 2.189021211007258216e-01 2.102424581946290005e-01 1.938803745380217325e-01 1.688177050807638524e-01 1.349242583499062620e-01 9.323344520522786061e-02 4.599962414682181450e-02 8.083797364354521064e-02 1.192652877842645676e-01 1.496735251007334233e-01 1.712161755098356719e-01 1.842622796864390455e-01 1.931140841432598676e-01 1.994012667736503319e-01 2.002399331101325231e-01
1.621247763647580900e-02 1.082542133182850391e-02 1.278187551624497195e-02 2.628542427266893425e-02 4.452047145866136479e-02 6.162940307297617298e-02 7.747526503753476845e-02 9.208312442126308228e-02 1.055771126589443581e-01 1.181187040335004157e-01 1.298693330244494459e-01 1.409790775695029252e-01 1.515884324493650126e-01 1.618275435619466462e-01 1.718029554113371660e-01 1.815692126508025583e-01 1.910871403037162908e-01 2.001718243886680682e-01 2.084336340032962309e-01 2.152185691415297586e-01 2.195624001568177164e-01 2.201857711325648781e-01 2.155683544659335038e-01 2.041376818601956245e-01 1.845811719624947389e-01 1.562372349118675285e-01 1.194607041226542349e-01 7.582241237482965912e-02 5.975637480465452456e-02 1.029257987050105350e-01 1.392362313973732335e-01 1.669683107846203496e-01 1.857084582474818057e-01 1.961726178684628785e-01 1.998017379257816528e-01 1.982523083354465754e-01 1.934302893795271927e-01
1.415095778292846385e-02 7.376339789797725470e-03 1.089375936584703088e-02 2.831111183131914191e-02 4.759730811715314619e-02 6.548200111716179217e-02 8.180889604664874637e-02 9.663358615455308609e-02 1.101390491246708875e-01 1.225529998917939678e-01 1.340969012959012108e-01 1.449685985069190108e-01 1.553422734774367597e-01 1.653667938108431545e-01 1.751509355053741390e-01 1.847326419849480428e-01 1.940343610854711187e-01 2.028077001487219033e-01 2.105716205252946283e-01 2.165533047302470038e-01 2.196517967962828832e-01 2.184587252451639927e-01 2.113782859777927625e-01 1.968763432804166713e-01 1.738468798898670231e-01 1.420205190564795827e-01 1.022830606170070239e-01 5.676024052808467668e-02 8.283775689737060688e-02 1.244988806837394463e-01 1.584304196379815455e-01 1.833549842001441221e-01 1.992812381375422826e-01 2.072393337153788095e-01 2.088432990690141100e-01 2.057962262479033633e-01 1.994250601102045828e-01
1.330799374976628091e-02 5.764512291696633275e-03 1.019467729914906237e-02 2.992437054730885324e-02 5.004691089407534155e-02 6.855471943529493906e-02 8.528056237147059460e-02 1.003079121814086788e-01 1.138682352846709933e-01 1.262412163038703627e-01 1.376929861180362369e-01 1.484543007067666565e-01 1.587195240647749361e-01 1.686446836867408761e-01 1.783315862758267090e-01 1.877947242977995868e-01 1.969129936684424764e-01 2.053697964211541604e-01 2.125872662969574833e-01 2.176676811031768577e-01 2.193689112705432820e-01 2.161556853039703074e-01 2.063715267646548113e-01 1.885519501295732370e-01 1.618425025856064792e-01 1.264129535101365664e-01 8.371110479610971433e-02 5.851123445467450168e-02 1.045434169505451427e-01 1.442721102452835802e-01 1.755415504027603713e-01 1.975263233292726683e-01 2.106352676169080396e-01 2.161724565034274514e-01 2.158814223722814452e-01 2.114754930502208696e-01 2.042169753781722386e-01
1.339442382009205408e-02 5.470500832239129710e-03 1.031460905623255916e-02 3.115228288485146282e-02 5.192959807954954099e-02 7.094210085494788431e-02 8.801715040510392496e-02 1.032597429655197629e-01 1.169358824502883948e-01 1.293603647654246458e-01 1.408276867832995438e-01 1.515876344223291428e-01 1.618439810310614291e-01 1.717522753500768939e-01 1.814024570385185942e-01 1.907826179372146269e-01 1.997259547069991925e-01 2.078451151381671136e-01 2.144618213734569567e-01 2.185496157689319208e-01 2.187239919448681347e-01 2.133289092327847469e-01 2.006653352408316604e-01 1.793697000383076556e-01 1.488778407062530673e-01 1.098318190973524566e-01 6.425305796597437225e-02 7.891863218363222299e-02 1.235614842284969983e-01 1.609253798661285373e-01 1.892738970401092458e-01 2.082279311549811163e-01 2.185615504718767532e-01 2.218043587477111223e-01 2.197817993945302140e-01 2.141791658887216565e-01 2.061684516133226730e-01
1.388759596243022663e-02 5.958323641631106497e-03 1.088034454085083473e-02 3.204115795575716852e-02 5.332730229802015026e-02 7.275625435030974586e-02 9.015269789509640364e-02 1.056346767164399181e-01 1.194877901235486262e-01 1.320454736172649857e-01 1.436160444261256885e-01 1.544572918416719232e-01 1.647750872268621547e-01 1.747203385250960250e-01 1.843691992987771811e-01 1.936826413186101548e-01 2.024476246019351888e-01 2.102049874989991851e-01 2.161745653473038375e-01 2.192007017125140178e-01 2.177600128107760324e-01 2.100868351728394090e-01 1.944606393696479418e-01 1.696476224574742786e-01 1.354021364004675265e-01 9.285292165346845095e-02 4.790149062970110866e-02 9.598976593537834889e-02 1.386635998465486352e-01 1.732669357044487324e-01 1.984995757302768504e-01 2.144068068466480625e-01 2.220809458425057337e-01 2.232219577286889967e-01 2.196866809327487902e-01 2.130927188818917684e-01 2.044942562859423940e-01
1.465721220761411620e-02 6.790613744765513181e-03 1.159478551229645507e-02 3.264415789123044365e-02 5.432357712890715368e-02 7.410224446068980342e-02 9.180296581736419048e-02 1.075480071766681534e-01 1.216287371405684326e-01 1.343829985124301574e-01 1.461212923016423360e-01 1.571014793108152785e-01 1.675270547241031749e-01 1.775423859954344263e-01 1.872095088568310473e-01 1.964626466439834129e-01 2.050430385305996028e-01 2.124203310593098248e-01 2.177139612767376720e-01 2.196432218977842354e-01 2.165551827776340532e-01 2.065910908409648583e-01 1.880319572163510200e-01 1.597976901727463372e-01 1.219753227448336502e-01 7.617238976842675979e-02 6.224020911857456456e-02 1.087729953239481295e-01 1.489450738786138317e-01 1.804703744780762342e-01 2.024839796982699502e-01 2.154186970673112600e-01 2.206290903795255776e-01 2.199271105543225413e-01 2.151508712812886526e-01 2.078119172214766830e-01 1.988192595324087264e-01
