BlockUplift_10Myr_500yrTimeStep_halfmmyr_k_1e-05_m_0.5_n_1.0_LinDiffusion_0.05_15x7km_30mRes0.txt
nrows 250
cellsize 30.0
xllcorner 0.0
ncols 500
yllcorner 0.0
[rows 0 to 16 of 250, columns 444 to 480 of 500]
3.324736934370149622e-04 9.977783130926045230e-04 8.800266847787208222e-04 4.902353203199861370e-04 4.167730690078824728e-04 6.365964781684343337e-04 6.840826851639495842e-04 2.183124134638586566e-04 5.860395261629646564e-04 9.941985213989153192e-04 2.381614656268034162e-04 2.425977292132935849e-04 4.344133279386790635e-04 7.137707319670041168e-04 9.555661493984220515e-04 2.969888006600866076e-04 2.987723962259810533e-04 6.684869052847968156e-04 3.619627322131402597e-05 4.664810975962360327e-04 3.145630900045048970e-04 9.619452443024138766e-04 7.844171591245359572e-04 5.716473122439121469e-04 8.237138751637349985e-04 1.953476871880007696e-04 3.795120332263802868e-04 9.441828564771324959e-04 6.431505858946651340e-05 6.722283605880358592e-04 9.726415757865396498e-04 4.166599160354164080e-04 1.716951093806508061e-04 1.329549232463008769e-04 3.866906501140129427e-04 3.232326763870753210e-04 6.233317855230561871e-04
2.500326610847155795e+00 2.500438451887327496e+00 2.500508021505960521e+00 2.500517168648443533e+00 2.500504508113852609e+00 2.500451606694615414e+00 2.500284109109909725e+00 2.500386604426509951e+00 2.500559000087502426e+00 2.500629964057285104e+00 2.500519108115859090e+00 2.500350778418415576e+00 2.500342938524791503e+00 2.500440907344540609e+00 2.500335701940719524e+00 2.500372571496559004e+00 2.500558951220059445e+00 2.500672511712580537e+00 2.500683493913695710e+00 2.500568642894803517e+00 2.500400462560094184e+00 2.500354074437933782e+00 2.500519279664517924e+00 2.500582134139110568e+00 2.500543140702530476e+00 2.500626813800342241e+00 2.500504550041134699e+00 2.500225881914795778e+00 2.500172454902322983e+00 2.500156686470807355e+00 2.500370188997096399e+00 2.500496029046550550e+00 2.500460219048620036e+00 2.500674857267141782e+00 2.500635612379829453e+00 2.500406759737536344e+00 2.500375079235548359e+00
2.500427207382933226e+00 2.500485556455386504e+00 2.500493603044318558e+00 2.500459366676106132e+00 2.500368803865661516e+00 2.500389113885092662e+00 2.500324951265352702e+00 2.500399108933533121e+00 2.500427912984065859e+00 2.500419109738054146e+00 2.500402077562366543e+00 2.500346313928557773e+00 2.500384363032091439e+00 2.500502274851271967e+00 2.500560241821247587e+00 2.500543165204748508e+00 2.500522937646722621e+00 2.500435134568116169e+00 2.500397867604749358e+00 2.500399773274224469e+00 2.500395858893519563e+00 2.500355896349822693e+00 2.500377811534887584e+00 2.500385832238314787e+00 2.500387938588373160e+00 2.500469902300157532e+00 2.500475603563076632e+00 2.500366017613667502e+00 2.500389391644067150e+00 2.500285158254683449e+00 2.500271606231861288e+00 2.500360112272761004e+00 2.500428298843927699e+00 2.500640843143150605e+00 2.500529235044874454e+00 2.500339169797881400e+00 2.500375747169834462e+00
2.500257796266864840e+00 2.500306302545598491e+00 2.500433038470344815e+00 2.500513165538386762e+00 2.500403322502995351e+00 2.500369553748809093e+00 2.500272563107206469e+00 2.500292824232158484e+00 2.500259546477921369e+00 2.500306312428816291e+00 2.500397196529012600e+00 2.500451273617785741e+00 2.500480505546597065e+00 2.500450008176113847e+00 2.500510739418683404e+00 2.500454940384249536e+00 2.500494782749459688e+00 2.500401517301109156e+00 2.500282131991772960e+00 2.500251171616937551e+00 2.500312016397165937e+00 2.500313578726852448e+00 2.500320137868227377e+00 2.500361599198507534e+00 2.500456473750845010e+00 2.500514421040713753e+00 2.500553716857428554e+00 2.500552451381608865e+00 2.500613280671508232e+00 2.500498838763178799e+00 2.500402559300764604e+00 2.500412614683542589e+00 2.500445068475021682e+00 2.500617370955150687e+00 2.500454835798651132e+00 2.500297676531886282e+00 2.500394474084316254e+00
2.500271031274957423e+00 2.500274503210160315e+00 2.500387603933516445e+00 2.500437877890318461e+00 2.500375054950120468e+00 2.500363949283120668e+00 2.500325670410590284e+00 2.500365643494885770e+00 2.500292787750025170e+00 2.500375521546453594e+00 2.500436014637193782e+00 2.500573965298872992e+00 2.500624778505035284e+00 2.500456819350738158e+00 2.500459364682992014e+00 2.500409369422981420e+00 2.500492197194784438e+00 2.500394479390621427e+00 2.500281220812820671e+00 2.500300551689859763e+00 2.500366724649212280e+00 2.500361476979012565e+00 2.500336867435259958e+00 2.500326149265722719e+00 2.500441109560833652e+00 2.500485288333015532e+00 2.500455951404291444e+00 2.500502182362389192e+00 2.500576140785332857e+00 2.500506358669816631e+00 2.500508422006170850e+00 2.500459716937588173e+00 2.500413676239748195e+00 2.500516252135107642e+00 2.500346345106344792e+00 2.500260188393350624e+00 2.500437867382647283e+00
2.500380481224047546e+00 2.500396809639053419e+00 2.500463163080164364e+00 2.500390751779045573e+00 2.500309947351606166e+00 2.500281749743145987e+00 2.500295748227297388e+00 2.500359907752280009e+00 2.500310965892261983e+00 2.500445642100557642e+00 2.500411326623197539e+00 2.500522940851388043e+00 2.500583749546327894e+00 2.500431376434014918e+00 2.500387958152865853e+00 2.500392179103250179e+00 2.500454455001634546e+00 2.500379241058221513e+00 2.500374487837233151e+00 2.500433493656383011e+00 2.500405208480056540e+00 2.500384992621845548e+00 2.500420079129508366e+00 2.500398065000632108e+00 2.500408550962071264e+00 2.500357278623248192e+00 2.500287263972515550e+00 2.500416467113847130e+00 2.500519238534482103e+00 2.500404386660502798e+00 2.500480267702514414e+00 2.500361024552765876e+00 2.500286069643113063e+00 2.500294512559026128e+00 2.500193220133683614e+00 2.500229271456532398e+00 2.500395738253937683e+00
2.500414590291097472e+00 2.500484292185815693e+00 2.500541708684535624e+00 2.500429910602712802e+00 2.500285848576245584e+00 2.500148831221107315e+00 2.500189446084079226e+00 2.500315124558156299e+00 2.500375246619227276e+00 2.500511888243080794e+00 2.500409574053229722e+00 2.500447009890621963e+00 2.500483113069869479e+00 2.500533050907497223e+00 2.500515545810257034e+00 2.500511142961313382e+00 2.500468406195879734e+00 2.500395522018733274e+00 2.500435282075025523e+00 2.500503904037731928e+00 2.500442147413727501e+00 2.500422459884346971e+00 2.500518237866216520e+00 2.500559080093341269e+00 2.500530825652214961e+00 2.500402681361639790e+00 2.500322708280125372e+00 2.500436161202787666e+00 2.500562418280487087e+00 2.500413095526365481e+00 2.500562445509928899e+00 2.500487038474558332e+00 2.500432086974750057e+00 2.500297145213771888e+00 2.500214500916885463e+00 2.500302912755078211e+00 2.500419883884281269e+00
2.500374814507915211e+00 2.500443144709560528e+00 2.500463645125113654e+00 2.500466759443157994e+00 2.500397620054248371e+00 2.500178804186387715e+00 2.500174331960080654e+00 2.500356274168084703e+00 2.500520022524304498e+00 2.500561672976831407e+00 2.500471374280974768e+00 2.500484906062640178e+00 2.500440082991666202e+00 2.500577176862420981e+00 2.500535078997929261e+00 2.500515167190332733e+00 2.500453729681578086e+00 2.500351484585197959e+00 2.500378253686185825e+00 2.500485510015894253e+00 2.500450384983093688e+00 2.500355472802672008e+00 2.500343607002727619e+00 2.500396653053095442e+00 2.500463442703202865e+00 2.500385859304519176e+00 2.500325390025591954e+00 2.500347015982810728e+00 2.500464741839073302e+00 2.500426126178851405e+00 2.500692496116191599e+00 2.500774554781584058e+00 2.500734631560751708e+00 2.500490302480981697e+00 2.500362096336215867e+00 2.500397566952067496e+00 2.500565548826716444e+00
2.500396406795056148e+00 2.500365100589137857e+00 2.500367733984103502e+00 2.500452765820360135e+00 2.500447734690371515e+00 2.500256451716479589e+00 2.500241195401419869e+00 2.500354139672508857e+00 2.500458388247308594e+00 2.500433263786437710e+00 2.500479420863226387e+00 2.500561216176905965e+00 2.500463678864807804e+00 2.500515974925320517e+00 2.500441383040763466e+00 2.500439978509170658e+00 2.500488366746827840e+00 2.500411948298258746e+00 2.500397176230235718e+00 2.500390649646180297e+00 2.500322136077667068e+00 2.500312992380339328e+00 2.500358916800415887e+00 2.500402979166475692e+00 2.500520483161700280e+00 2.500453481999639127e+00 2.500345853820868935e+00 2.500291918738612562e+00 2.500312888348446894e+00 2.500368448970370139e+00 2.500677630829597042e+00 2.500813997169383462e+00 2.500754323224956277e+00 2.500557805445270620e+00 2.500503154157146746e+00 2.500513490507813241e+00 2.500664520360437848e+00
2.500367494756913000e+00 2.500295305038617855e+00 2.500380046556597957e+00 2.500480247677558943e+00 2.500392485093531736e+00 2.500228141622612643e+00 2.500341707955130666e+00 2.500435246994616723e+00 2.500422426848099899e+00 2.500327058609042030e+00 2.500455630309612598e+00 2.500551939521230782e+00 2.500471918931618909e+00 2.500433013580682484e+00 2.500391325378748864e+00 2.500403887907877820e+00 2.500467989628051502e+00 2.500466661550787340e+00 2.500619960303895439e+00 2.500562850710429164e+00 2.500345869642981000e+00 2.500266207260941620e+00 2.500324383066625078e+00 2.500366140327471065e+00 2.500546375155805912e+00 2.500497601187553265e+00 2.500402488342481355e+00 2.500415165268043083e+00 2.500345392962025848e+00 2.500360796335926228e+00 2.500563575743548483e+00 2.500691687048913536e+00 2.500704169623281903e+00 2.500628212017578456e+00 2.500694138565142222e+00 2.500672745419838972e+00 2.500611794764520557e+00
2.500533674537913864e+00 2.500394010995810490e+00 2.500506145181332851e+00 2.500644317966017827e+00 2.500498507476079268e+00 2.500278113598557006e+00 2.500387306036510715e+00 2.500451038182659236e+00 2.500456948626049947e+00 2.500427237964357285e+00 2.500516370248411224e+00 2.500449919329525539e+00 2.500362965922545033e+00 2.500331540267485053e+00 2.500391172455103561e+00 2.500532005054855844e+00 2.500621522624455029e+00 2.500590991950435882e+00 2.500767657333451854e+00 2.500761406987979552e+00 2.500518254231895998e+00 2.500301460448216773e+00 2.500292419427687651e+00 2.500311171769134422e+00 2.500496239803783549e+00 2.500487713845881199e+00 2.500421847865999858e+00 2.500477484027465280e+00 2.500383358043410276e+00 2.500324331864387517e+00 2.500369980938849324e+00 2.500482226371021355e+00 2.500538776460763390e+00 2.500531559494321598e+00 2.500674769910605555e+00 2.500637240646994996e+00 2.500378782402438826e+00
2.500631811401547111e+00 2.500567453930380601e+00 2.500646863091836813e+00 2.500684246302930624e+00 2.500466245149419287e+00 2.500220044265588637e+00 2.500318336882156434e+00 2.500413885917843082e+00 2.500508501561316876e+00 2.500585915437479656e+00 2.500563897933749224e+00 2.500332092824811614e+00 2.500313846752190816e+00 2.500353159145910720e+00 2.500321050002334733e+00 2.500426343385217631e+00 2.500540017847971086e+00 2.500555753541441106e+00 2.500682106904001500e+00 2.500745687612687895e+00 2.500625030138087457e+00 2.500481012557525418e+00 2.500455187623200626e+00 2.500399412577508418e+00 2.500534403610399803e+00 2.500603082357955476e+00 2.500515157497256169e+00 2.500385333948462740e+00 2.500269808414453898e+00 2.500310489338999798e+00 2.500373021458977441e+00 2.500503142332767936e+00 2.500478194551822408e+00 2.500426020298919916e+00 2.500573504090110255e+00 2.500625051699477908e+00 2.500388444506863372e+00
2.500720759966528206e+00 2.500691473041523505e+00 2.500692529111400830e+00 2.500666396852852191e+00 2.500446898023743092e+00 2.500233693587897488e+00 2.500312849511585167e+00 2.500381221669217169e+00 2.500435640286825745e+00 2.500526187944880352e+00 2.500502742119805166e+00 2.500338423679285604e+00 2.500394343530688346e+00 2.500534929163535480e+00 2.500459887024033989e+00 2.500437967659504768e+00 2.500490444198747664e+00 2.500511379898428199e+00 2.500540276950110830e+00 2.500597626742577795e+00 2.500580032474617465e+00 2.500611233033197323e+00 2.500563885903838379e+00 2.500451991125110851e+00 2.500547558977696205e+00 2.500650287850505915e+00 2.500527361566683648e+00 2.500276207965227648e+00 2.500210416869279140e+00 2.500312723631044509e+00 2.500352861889994394e+00 2.500515594154953281e+00 2.500504943609330066e+00 2.500463524162903184e+00 2.500482631180810156e+00 2.500585860114861614e+00 2.500578741945150174e+00
2.500696117720609291e+00 2.500628299851919589e+00 2.500568497007737090e+00 2.500564233938396441e+00 2.500406542512886965e+00 2.500294862109939675e+00 2.500470578594863991e+00 2.500483979001776991e+00 2.500411942592487335e+00 2.500417041179576749e+00 2.500473679517497327e+00 2.500421341292008215e+00 2.500366167797819283e+00 2.500526717283050093e+00 2.500531549997990322e+00 2.500425671578520692e+00 2.500444078787760649e+00 2.500462941958814689e+00 2.500506364083692645e+00 2.500551296758469988e+00 2.500518079977595676e+00 2.500571757061073264e+00 2.500543402080161570e+00 2.500539436986893183e+00 2.500563036599827704e+00 2.500550327033487008e+00 2.500421421214327644e+00 2.500256178888013547e+00 2.500293218328402567e+00 2.500374186486369776e+00 2.500395085020245212e+00 2.500627261533785894e+00 2.500684397484666199e+00 2.500684595711161862e+00 2.500549237606743080e+00 2.500561976987960566e+00 2.500616564038023348e+00
2.500639456835566321e+00 2.500509208895096869e+00 2.500434629748669035e+00 2.500505291507367112e+00 2.500450987358158184e+00 2.500357957580805479e+00 2.500598647058946522e+00 2.500569663651791785e+00 2.500457653480757436e+00 2.500363729677210767e+00 2.500492760789984281e+00 2.500562869467581439e+00 2.500423648184029624e+00 2.500582716197387256e+00 2.500636776392143101e+00 2.500444754574400186e+00 2.500395949367117954e+00 2.500347271033954932e+00 2.500464601711996249e+00 2.500536151503879978e+00 2.500478888522071674e+00 2.500399269194512719e+00 2.500405143008597175e+00 2.500576758474364336e+00 2.500587822133538474e+00 2.500510529522395498e+00 2.500413996737489430e+00 2.500382781943315536e+00 2.500492348260529685e+00 2.500490912973925006e+00 2.500459260124784588e+00 2.500605674035038639e+00 2.500654461991691058e+00 2.500756791325712936e+00 2.500695677804923189e+00 2.500680596194582606e+00 2.500666571840682639e+00
2.500509400234655732e+00 2.500377707874782196e+00 2.500320478986460593e+00 2.500376538173464169e+00 2.500491281378992792e+00 2.500401161022845375e+00 2.500543410397850774e+00 2.500455003053699610e+00 2.500444697403338079e+00 2.500459182685544235e+00 2.500586588492300866e+00 2.500643798372291560e+00 2.500488018210397012e+00 2.500586631749019961e+00 2.500593538456332254e+00 2.500374813956180553e+00 2.500326185688091396e+00 2.500286455950532005e+00 2.500479725763528283e+00 2.500558225515164157e+00 2.500506166215678228e+00 2.500289605098603651e+00 2.500247316983611245e+00 2.500445955860413960e+00 2.500496764484322121e+00 2.500462191130950362e+00 2.500391664416599102e+00 2.500403891059960859e+00 2.500488064545573597e+00 2.500388371464769666e+00 2.500340793096840653e+00 2.500433946331879209e+00 2.500492619854032483e+00 2.500642663527424592e+00 2.500656565695120293e+00 2.500625804775611360e+00 2.500554618107628357e+00
2.500480824300213012e+00 2.500433508332750687e+00 2.500436292717014730e+00 2.500392068858606542e+00 2.500543108355741229e+00 2.500479273487000942e+00 2.500523958540069369e+00 2.500388559948802492e+00 2.500425393785780770e+00 2.500583179265724265e+00 2.500587728887797123e+00 2.500508716185291913e+00 2.500413938309743678e+00 2.500544554389333207e+00 2.500619907144120191e+00 2.500492437462670026e+00 2.500438607198529173e+00 2.500366829081894782e+00 2.500445387987810797e+00 2.500483956908631011e+00 2.500503135236828545e+00 2.500327167421027230e+00 2.500262262411096170e+00 2.500310373961204480e+00 2.500268910912241793e+00 2.500266485010951278e+00 2.500280055602890794e+00 2.500337061733552080e+00 2.500435034682875646e+00 2.500402587183412351e+00 2.500405405053663266e+00 2.500431695825844791e+00 2.500406262124398982e+00 2.500459449812639789e+00 2.500428454962002611e+00 2.500382801896182894e+00 2.500333844124156712e+00
