BlockTilt_5Ma_1mmyr_m1_n5_k1Minus5_10kyrTimeStep_wLinDiffp005_30mRes_7p5kmBy15km.txt
nrows 250
cellsize 30.0
xllcorner 0.0
ncols 500
yllcorner 0.0
[rows 136 to 152 of 250, columns 370 to 406 of 500]
7.916851503280266797e+02 7.269369693915845119e+02 6.737993567606968099e+02 6.273659670070425136e+02 5.828301372949856614e+02 5.388257906421964663e+02 5.031965442609392198e+02 4.666450588525830199e+02 4.580665572897166840e+02 4.378908367363519574e+02 4.199534998662369389e+02 3.850771287658830602e+02 3.514124728490778580e+02 2.862110005708378822e+02 3.531280863979531546e+02 4.159586416936263049e+02 4.130434382369847981e+02 3.515400865730848068e+02 4.215551306902038959e+02 4.709683615412690756e+02 5.006150794597053846e+02 4.795736227947996326e+02 4.869180203159360190e+02 4.753945875914469639e+02 5.200179353045805328e+02 5.735981530751100763e+02 6.372980886656192752e+02 7.159998877306935583e+02 8.096056483607346763e+02 8.958571009820074096e+02 9.126435900269206059e+02 8.710229757492535327e+02 8.087872919612763098e+02 7.378255068497626326e+02 8.032365519411395098e+02 8.618338493882482680e+02 9.053363186685320443e+02
7.450795328570928859e+02 6.685895560275271237e+02 6.087836994133380131e+02 5.595364357689788903e+02 5.168225080158966875e+02 4.790442286115999195e+02 4.463089751327776185e+02 4.171037983942136407e+02 3.929296754771229985e+02 3.686588070824164447e+02 3.463245044928594325e+02 3.255070091341517013e+02 3.314444941171378218e+02 2.834589488739034664e+02 3.526744426865852802e+02 4.032700031528153772e+02 3.916015438678710439e+02 3.310554339060649340e+02 3.802247446543951241e+02 4.212534971883376329e+02 4.319669560180233816e+02 4.083505810678868215e+02 4.305542780026844980e+02 4.723738014219074444e+02 5.213801191623495015e+02 5.776884921443174790e+02 6.453621413887760809e+02 7.287389328599440432e+02 8.223903451692319777e+02 8.896070889778338824e+02 8.733009868410053969e+02 8.197604146311117574e+02 7.724881425772110788e+02 7.302823830897469861e+02 7.929179706848269689e+02 8.668097050602073068e+02 9.437888220591296431e+02
8.001031940388455723e+02 7.287490760197259760e+02 6.742328736059296261e+02 6.277891183242293209e+02 5.837633685909327141e+02 5.406427553564750497e+02 5.061696917080992080e+02 4.719165223575605523e+02 4.596778700870571583e+02 4.182935063266263569e+02 3.826045840319588933e+02 3.366775880429844392e+02 2.993070037660001503e+02 2.811825163148808429e+02 3.275907229108731826e+02 3.674509670744898813e+02 3.555869717018439360e+02 3.134709135535488826e+02 3.317038458636855580e+02 3.535853005567259970e+02 3.742442491866281671e+02 4.050641010500476682e+02 4.393936994464914392e+02 4.786486887893065045e+02 5.240467433736907878e+02 5.784477997066670696e+02 6.468839768790353446e+02 7.353580605487348976e+02 8.315329931451160519e+02 8.655510358080294964e+02 8.200457425978062247e+02 7.630768686610736040e+02 7.183998279874439277e+02 7.849414352586798032e+02 8.448710276845037015e+02 9.023473016344311191e+02 9.572465417144433104e+02
8.345698990258421190e+02 7.905773401529604598e+02 7.475968482182200887e+02 7.062851999138484871e+02 6.564729347858631172e+02 6.182361230942627799e+02 5.824081674713991106e+02 5.453315139071648900e+02 5.091972341574193592e+02 4.670447414769363945e+02 4.200008365880633505e+02 3.781796637639437790e+02 3.687324746661516883e+02 3.317827551689607617e+02 2.806031803293554390e+02 3.198832165291237288e+02 2.975752901153542780e+02 3.542758211616730932e+02 3.958285694094581686e+02 4.305452819815496923e+02 4.434367704967900181e+02 4.787261752769845202e+02 5.143371843954581664e+02 5.523492980186590557e+02 5.957136523729029705e+02 6.467086324670588056e+02 7.075720544057857069e+02 7.787685994406036798e+02 8.505263424123069171e+02 8.469223100608739969e+02 7.706314390443068305e+02 7.024694840308494577e+02 7.555119170246133535e+02 8.100864141089058421e+02 8.622082471628768872e+02 8.928408834801741705e+02 9.116311595556222755e+02
8.111499899024667002e+02 7.952798875002440582e+02 7.703304616737761989e+02 7.515255185323755995e+02 7.249544678591024649e+02 6.990426546065253888e+02 6.653628506257363142e+02 6.175825455799420070e+02 5.707041842970227208e+02 5.187217939830488831e+02 4.765113155014523159e+02 4.467412019399769747e+02 4.239654799116228219e+02 3.772023081146317054e+02 3.265404035625687698e+02 2.756304290889568165e+02 3.356746905516914126e+02 3.979508795056494250e+02 4.539579420098042988e+02 4.961052431172983006e+02 5.228495647138408913e+02 5.562701139705159221e+02 5.921060166899864043e+02 6.282312772290489420e+02 6.696075167509920902e+02 7.177886736866579440e+02 7.726599338387192120e+02 8.303255644934630482e+02 8.737144700577923686e+02 8.477508297769873025e+02 7.645345835187428065e+02 6.936189972123638654e+02 7.369239657936102503e+02 7.747009920664046376e+02 8.215641461662730762e+02 8.263959783234597580e+02 8.396231175775349129e+02
7.473300434286110203e+02 7.286680615600396322e+02 7.063256696813698454e+02 7.266213812290698115e+02 7.309421930296146002e+02 7.377249753165024231e+02 7.197221411319831077e+02 6.846476511441625235e+02 6.309747834299209899e+02 5.835287758283669746e+02 5.459397696788290659e+02 4.995963616385086539e+02 4.388933067570183653e+02 3.764744601984426708e+02 3.189665902069097001e+02 2.717006720862356701e+02 3.304155945738395985e+02 4.004729615417746231e+02 4.669702863264880079e+02 5.159278123835510996e+02 5.500356152019110141e+02 5.827414779871583050e+02 6.173962911431947305e+02 6.437365121461111812e+02 6.807277776110211107e+02 7.256126274572363855e+02 7.759560830646698832e+02 8.288596970657062002e+02 8.730242918172045847e+02 8.668555343458674542e+02 8.081263380966496470e+02 7.449525656177379460e+02 6.819818563383669243e+02 7.215487839938296020e+02 7.621444803091054609e+02 7.519234391249021883e+02 7.857588226466571086e+02
6.730356824414758421e+02 6.593913426116336041e+02 6.201510105721959007e+02 6.589806802727987360e+02 6.633610164523166759e+02 7.036072223775743169e+02 7.213250705894561179e+02 7.171383519344177557e+02 6.850222449362322550e+02 6.345514524194850310e+02 5.656313344238009222e+02 4.959115291753965948e+02 4.288387012146266670e+02 3.665764591999399613e+02 3.116467083773900413e+02 2.699908536822713359e+02 3.316975251727085379e+02 3.972228536533930310e+02 4.340137665895141481e+02 4.689740311619449358e+02 4.946674524977557894e+02 5.285682304388897137e+02 5.687900401012469729e+02 5.757414496379504953e+02 6.145882431193547291e+02 6.589076858997428872e+02 7.083251625377728260e+02 7.678904226500026198e+02 8.401269902269968952e+02 8.780046527058223091e+02 8.471357403997785696e+02 7.738069753044908339e+02 7.154692298171693210e+02 6.685406566802736279e+02 7.061120557467638719e+02 7.022881990227780307e+02 7.440871533465974608e+02
6.105515900027018006e+02 5.806147286442626410e+02 5.531744178608066704e+02 5.802233452665811910e+02 5.892899203137197901e+02 6.430771014490347852e+02 6.614354287661496983e+02 6.907439062896953601e+02 6.891873136589141495e+02 6.385585972375293977e+02 5.710880768644436785e+02 5.060174157284388343e+02 4.462720034887414045e+02 3.833719248234408497e+02 3.206918220831004760e+02 2.686813211499666068e+02 3.236134294296239204e+02 3.622973644790743037e+02 3.737151271399379766e+02 4.128251063822684159e+02 4.234865946269994197e+02 4.615869083530296848e+02 4.980771824382777027e+02 5.022634555759365185e+02 5.430692628697564714e+02 5.846750231996032880e+02 6.346160321955868540e+02 7.045688782286559899e+02 7.858102230362437695e+02 8.620438788872950227e+02 8.742372719900946549e+02 8.175617947619717825e+02 7.590846553533889391e+02 7.068740208739876607e+02 6.561342625450100741e+02 6.738162644932964440e+02 7.044400443327562016e+02
6.826345064508190035e+02 6.425145024895358574e+02 5.874710577041857960e+02 5.157434121954366901e+02 5.259693768240581448e+02 5.795771455797099634e+02 5.866017914701614018e+02 6.352640204209799322e+02 6.556678909906006538e+02 6.064691050331909992e+02 5.303033871597583584e+02 4.610167822349936273e+02 4.044029987096448622e+02 3.772099490411948182e+02 3.257842422686408099e+02 2.662484751439065462e+02 2.804792282806733397e+02 3.003450521298138938e+02 3.204097114744122905e+02 3.433934793895926987e+02 3.678230353582373482e+02 3.932967433286398204e+02 4.219178122869189451e+02 4.515782563400330218e+02 4.849705153831145026e+02 5.248523977110633041e+02 5.748153369155626251e+02 6.424049428519396088e+02 7.353314743276132504e+02 8.418367204482902935e+02 8.995034069931645035e+02 8.618050355710631720e+02 8.070825586168773498e+02 7.474655915801653236e+02 6.911869582281508428e+02 6.438593191274834453e+02 6.674470481941555136e+02
7.054773701362480551e+02 6.522125229662815400e+02 5.970101489251434259e+02 5.305774418053306363e+02 4.771045106959633131e+02 5.150935113963536196e+02 5.183497966728074289e+02 5.693530868945640577e+02 6.136913836045405333e+02 6.017925483884088180e+02 5.367396053301131360e+02 4.622827140262698435e+02 3.937740392106420018e+02 3.340641806312790436e+02 2.929083583836696789e+02 2.655354027800569270e+02 3.182665846912642564e+02 3.607033297563839369e+02 3.914163176587282464e+02 4.108674126522463439e+02 4.476398036134748963e+02 4.620025426115760183e+02 4.955139385276328312e+02 5.332316411693018381e+02 5.476247146823612866e+02 5.859300889265884962e+02 6.335492615613569569e+02 6.956416779151189758e+02 7.819862662338247219e+02 8.776482695851503877e+02 9.240484641201168188e+02 8.819580976707785567e+02 8.088746826124762492e+02 7.379305438601336391e+02 6.793723672018373918e+02 6.385359520103164641e+02 6.832053181472061851e+02
6.630479108847108591e+02 6.037587183520843155e+02 5.513939822690441588e+02 5.060834998780510432e+02 4.713283765027946401e+02 4.457136555017859791e+02 4.605854220107480614e+02 5.148577194192748721e+02 5.646714080649993548e+02 5.830324158870477049e+02 5.527970620984646075e+02 4.843686225784852581e+02 4.117064509063707760e+02 3.498927872153903991e+02 2.997116622325908679e+02 2.648388227658813321e+02 3.154258319146646841e+02 3.782803273681219025e+02 4.409012363854657224e+02 4.837121087612113115e+02 5.177839370859336441e+02 5.411701885941528190e+02 5.707848431412965056e+02 6.048390531210645804e+02 6.327508760233038174e+02 6.637298693256815341e+02 7.101481712048120016e+02 7.679682287237017135e+02 8.371323946926539747e+02 9.116195862987888177e+02 9.310704507516372814e+02 8.724166629788095406e+02 7.970411137805023145e+02 7.266678703760114786e+02 6.707060361086630564e+02 6.337426606105358360e+02 6.719694294831739398e+02
6.725845568218929884e+02 6.174507685564677786e+02 5.700440954300325984e+02 5.724736962375401390e+02 5.311495211404958354e+02 4.758970304027350835e+02 4.196737021231397762e+02 4.566455802947632492e+02 4.966763978457973394e+02 5.363619719233904561e+02 5.459169211818774556e+02 5.086756247605069348e+02 4.505502337521527920e+02 3.772475152509899772e+02 3.115167678272206899e+02 2.643825651924653926e+02 3.110261975775961787e+02 3.757104886908556978e+02 4.448975721785511723e+02 5.067644155655516442e+02 5.418399351483179771e+02 5.668687548635662097e+02 5.879424950617423065e+02 6.245148721471716726e+02 6.709666246765750657e+02 7.242775627924776245e+02 7.793492290436216763e+02 8.399339329991699969e+02 8.999418455852626266e+02 9.401796022961660810e+02 9.263014754972488163e+02 8.720656337876257567e+02 8.066533788495705721e+02 7.351155709458793126e+02 6.733683892043866308e+02 6.301652118394093804e+02 6.744878135373173791e+02
7.344054738808400771e+02 6.899911228345554264e+02 6.423495337508527427e+02 6.342844208401731976e+02 5.806502866536259262e+02 5.166687302186653596e+02 4.455006701669443032e+02 3.941485423684753187e+02 4.305033119027413591e+02 4.678440829919094313e+02 5.017084286896356389e+02 4.931914197456821967e+02 4.550926531907733192e+02 3.849580736915260104e+02 3.144137565303524866e+02 2.641297121784093065e+02 3.185524996531699458e+02 3.863118251161470766e+02 4.435156301940937738e+02 4.833599585968033239e+02 4.886929729538740048e+02 5.111463636160610235e+02 5.235852601997397642e+02 5.730623722880978903e+02 6.323336274292760208e+02 7.015763628697147851e+02 7.766414684657688667e+02 8.539750292483951171e+02 9.224292246541207305e+02 9.415835637850486819e+02 8.976541491618352211e+02 8.285781745098690863e+02 7.707832059395692568e+02 7.249876917437703696e+02 6.735072158181238819e+02 6.264196986358635968e+02 6.767924943049266631e+02
7.434990574241708146e+02 7.279895345420478634e+02 7.052482827766643823e+02 6.834704303807569659e+02 6.333238330526345408e+02 5.610179389266299950e+02 4.957788745112007973e+02 4.312737462136286695e+02 3.672071564262127481e+02 4.028757601191599065e+02 4.400301445278084884e+02 4.338116740873776394e+02 4.347351843387602912e+02 3.904271883797106852e+02 3.200220884185169439e+02 2.636867904690540740e+02 3.127819535678837042e+02 3.542984314607572287e+02 3.920708675292103180e+02 4.266975804722955559e+02 4.180900484009639513e+02 4.559052502805128029e+02 5.103204940592634102e+02 5.719021834555730948e+02 6.408937492283848769e+02 7.126021223336217645e+02 7.874457274938098408e+02 8.520089407212897186e+02 9.057168317988749777e+02 9.206180871125679914e+02 8.612973892495527934e+02 7.877333615755836718e+02 7.249877839189392716e+02 6.778098555369037967e+02 6.435019548742177449e+02 6.214659338580261192e+02 6.499761040211434420e+02
6.750273564489762066e+02 6.867148633075819362e+02 6.900458406409471763e+02 6.951026732856125818e+02 6.646953729790859597e+02 6.110100069685140625e+02 5.489229708553438059e+02 4.735514381479071062e+02 4.044556043753690346e+02 3.398833323486684321e+02 3.741438220503691241e+02 3.620076304316494316e+02 3.804373082052592281e+02 3.714735108976427114e+02 3.208335561003792691e+02 2.622811771864227808e+02 2.763654796130019804e+02 3.017287809381280681e+02 3.319969345288633917e+02 3.676282659030860600e+02 4.284194083374670754e+02 4.967004230272822838e+02 5.628029690393145756e+02 6.161590158607691592e+02 6.644704570907440484e+02 6.997650251806005599e+02 7.378634261104443794e+02 7.920853458583411566e+02 8.588517565224220789e+02 8.986340850075223443e+02 8.865941607794500214e+02 8.376696347758353340e+02 7.736888383718242039e+02 7.198451498677342215e+02 6.792131340631910916e+02 6.438287478585323242e+02 6.173172431681697390e+02
5.948695731512641487e+02 6.045815418066174516e+02 6.145533797057445327e+02 6.528962972594649727e+02 6.565767862822929146e+02 6.241151293182631434e+02 5.772595280949100243e+02 5.189181908576671276e+02 4.458587851142821137e+02 3.784723449878090946e+02 3.125863819249852327e+02 2.958550616978358789e+02 3.297535795103785290e+02 3.182343652889477994e+02 2.988728383364333467e+02 2.645281871860884166e+02 3.162952486487560009e+02 3.635141106029132629e+02 3.996203946432941621e+02 4.349872670740172680e+02 4.779061451352115455e+02 5.308543631893562633e+02 5.807048082709237633e+02 6.101817252135873559e+02 6.260400030860573679e+02 6.240654804476705522e+02 6.646257752399824312e+02 7.264649051879937360e+02 7.908705407316253968e+02 8.582881176681722764e+02 8.936889810481933409e+02 8.787038217751344291e+02 8.248973190500349801e+02 7.716000225429526154e+02 7.179014797282951577e+02 6.730841928108849288e+02 6.386932497027189584e+02
5.244549115068193714e+02 5.262652709878825590e+02 5.406886643172466620e+02 5.946422971443070082e+02 6.055291005163481941e+02 5.683455493033737866e+02 5.593357071779703347e+02 5.383164092813284469e+02 4.916315246531148659e+02 4.266265270113236738e+02 3.773756075620083834e+02 3.340723559896597976e+02 2.766487600802177553e+02 2.633357582132400125e+02 2.577168545294978799e+02 2.862110974768652341e+02 3.344980074424587997e+02 3.825949638308040335e+02 4.199700473547270576e+02 4.514428155389352924e+02 4.775676608134220373e+02 5.118374000565599431e+02 5.369580977987261576e+02 5.443117349528699833e+02 5.492177388288749853e+02 5.534651366076105887e+02 6.059369562645251790e+02 6.602423205363173793e+02 7.267139647033397978e+02 7.955485398186935981e+02 8.679646007899339111e+02 9.037635469846064780e+02 8.787949558091067956e+02 8.193984850938834370e+02 7.609993764645769261e+02 7.107336090802566559e+02 6.751777074862288828e+02
