BlockUplift_2Ma_1kryTimeStep_2mmyr_k_1e-05_m_0.5_n_1.0_LinDiffusion_0.25_3x6km_30mRes_topographic__elevation.txt
nrows 200
cellsize 30.0
xllcorner 0.0
ncols 100
yllcorner 0.0
[rows 85 to 101 of 200, columns 0 to 36 of 100]
9.284983614657486492e-04 1.818884643941319837e+03 1.815848819382095371e+03 1.809871746382390484e+03 1.801126134530911258e+03 1.789837706630489265e+03 1.776260656802325457e+03 1.760658855585018728e+03 1.743293348696496651e+03 1.724414536846558121e+03 1.704257292990389715e+03 1.683037798816355917e+03 1.660951353155607194e+03 1.638170767909181677e+03 1.614845580017469047e+03 1.591103548171202192e+03 1.567057294307287748e+03 1.542818553082971903e+03 1.518518253521412817e+03 1.494324056445793985e+03 1.470444319120578257e+03 1.447113845849743939e+03 1.424567987917994515e+03 1.403016422240574002e+03 1.382621840681500089e+03 1.363481204500710646e+03 1.345608733273831831e+03 1.328927966191269661e+03 1.313283166877971098e+03 1.298470797186951586e+03 1.284277484819937399e+03 1.270508141784859390e+03 1.256999645134044840e+03 1.243626158436635933e+03 1.230300718773931976e+03 1.216971221920996641e+03 1.203608214215918224e+03
5.817100042508127405e-04 1.814749383180717359e+03 1.811790475215971583e+03 1.805960050063758899e+03 1.797416967398105953e+03 1.786368237997978895e+03 1.773047768013095947e+03 1.757701160224052046e+03 1.740575440887217837e+03 1.721911433498407860e+03 1.701937780833331999e+03 1.680866626050868035e+03 1.658890905824580159e+03 1.636182815601915536e+03 1.612893087534959704e+03 1.589151491256777717e+03 1.565070037120481174e+03 1.540750749133717363e+03 1.516298352472260149e+03 1.491834878313658692e+03 1.467510758810283278e+03 1.443508474721984612e+03 1.420038698491971218e+03 1.397329707109810670e+03 1.375607807794501014e+03 1.355066685298604170e+03 1.335831161907899741e+03 1.317929375017804432e+03 1.301287155790485258e+03 1.285747029966096306e+03 1.271100509302578303e+03 1.257119601284761302e+03 1.243582818527318750e+03 1.230297784317588366e+03 1.217118241767044310e+03 1.203947521167824107e+03 1.190725158321770095e+03
2.331898860335473870e-04 1.810418207765970237e+03 1.807533309388194311e+03 1.801845482723676923e+03 1.793502677486971834e+03 1.782696128571740701e+03 1.769641107394274059e+03 1.754564785729741061e+03 1.737698745886469396e+03 1.719272638309210834e+03 1.699507887691374890e+03 1.678612343710718051e+03 1.656776804384027173e+03 1.634173371841946164e+03 1.610955001678813233e+03 1.587255814621733634e+03 1.563192426452427298e+03 1.538867175641278891e+03 1.514374112113645879e+03 1.489807739313355796e+03 1.465273537406220385e+03 1.440899154208297659e+03 1.416844760820334841e+03 1.393308314272985626e+03 1.370518384850644452e+03 1.348709897082351972e+03 1.328087349252568174e+03 1.308788037258072563e+03 1.290857764864647152e+03 1.274244173821801951e+03 1.258804760035134223e+03 1.244325444417446306e+03 1.230550097280424097e+03 1.217220455429405774e+03 1.204115515406032728e+03 1.191072472146397558e+03 1.177981146774959825e+03
4.646175471888619435e-04 1.805818843073734570e+03 1.803007688600553138e+03 1.797463151658282868e+03 1.789324495529510614e+03 1.778769629269287407e+03 1.765996694121445898e+03 1.751214246277706934e+03 1.734636850025859758e+03 1.716481053383859717e+03 1.696959686215465808e+03 1.676275708339274615e+03 1.654617597254058637e+03 1.632157054352707291e+03 1.609048520046170324e+03 1.585429611922433651e+03 1.561421940308631747e+03 1.537132304117116746e+03 1.512654728196146834e+03 1.488074108466927100e+03 1.463472514848621358e+03 1.438939294174484985e+03 1.414584781356853910e+03 1.390553702856059090e+03 1.367030892069915581e+03 1.344233515044447131e+03 1.322390123721647115e+03 1.301711434570429901e+03 1.282358131343302603e+03 1.264410134982618729e+03 1.247842583750338235e+03 1.232516832930180726e+03 1.218196437481839666e+03 1.204590622107807121e+03 1.191410879341727878e+03 1.178414528892387352e+03 1.165419224656457118e+03
7.633174337476930464e-04 1.800880220212000495e+03 1.798143694876147038e+03 1.792744903207438028e+03 1.784816065640635316e+03 1.774524148526565114e+03 1.762052233747881246e+03 1.747590850360437116e+03 1.731336352862493186e+03 1.713489975714081538e+03 1.694253839475347377e+03 1.673824658933042429e+03 1.652387938090080979e+03 1.630114505770249480e+03 1.607159429984162671e+03 1.583662359013467722e+03 1.559748337250396389e+03 1.535528559533972384e+03 1.511100991435587275e+03 1.486551310815596707e+03 1.461955330416884635e+03 1.437384638406909062e+03 1.412916577820339398e+03 1.388647179595831631e+03 1.364703033508671297e+03 1.341248091777981926e+03 1.318482997474492095e+03 1.296634242633494296e+03 1.275929559146947668e+03 1.256559124270282837e+03 1.238629703433144869e+03 1.222126586982235494e+03 1.206901217755867037e+03 1.192695362147796459e+03 1.179194660003567833e+03 1.166086948355081404e+03 1.153104115314556338e+03
7.958707661717681278e-04 1.795532158888433514e+03 1.792870673692975288e+03 1.787618548015603892e+03 1.779902060330881568e+03 1.769879876113727732e+03 1.757723387568560838e+03 1.743607471809347317e+03 1.727710385330630061e+03 1.710215990258338707e+03 1.691312658788888029e+03 1.671188146506354542e+03 1.650023232151874709e+03 1.627986936431497497e+03 1.605234267079517167e+03 1.581905915288764163e+03 1.558128893377486065e+03 1.534017323004706896e+03 1.509672949845199810e+03 1.485185369154113459e+03 1.460632516702326257e+03 1.436082619370278508e+03 1.411598930979954275e+03 1.387247750342035033e+03 1.363109189469073726e+03 1.339289841709618031e+03 1.315935385978299337e+03 1.293237482316719024e+03 1.271426267104973249e+03 1.250742621522985701e+03 1.231392592520791823e+03 1.213495025212577957e+03 1.197039746300614524e+03 1.181874444693724627e+03 1.167728522328143299e+03 1.154264336940110525e+03 1.141140003007220002e+03
7.449411691745792341e-04 1.789708455335122153e+03 1.787121399955629386e+03 1.782014091782716832e+03 1.774507152649424143e+03 1.764753575399895453e+03 1.752917741751308768e+03 1.739163560333250416e+03 1.723653548574532351e+03 1.706553233179848348e+03 1.688033757589251081e+03 1.668269702024666458e+03 1.647433689110694331e+03 1.625690854107106361e+03 1.603195132786838712e+03 1.580087663015570115e+03 1.556496673774536475e+03 1.532538068839395919e+03 1.508316088081310909e+03 1.483923701996742693e+03 1.459442748122432477e+03 1.434944252936164503e+03 1.410489733104718425e+03 1.386134407429696694e+03 1.361933462973370297e+03 1.337952760611989561e+03 1.314284033009326095e+03 1.291060573089143190e+03 1.268465507829980425e+03 1.246725070770140292e+03 1.226082961053050894e+03 1.206756064199404364e+03 1.188878464031626436e+03 1.172450933701124313e+03 1.157318103428013728e+03 1.143186660896458079e+03 1.129687922268098191e+03
1.522000206773427180e-04 1.783350232908963562e+03 1.780836480221327520e+03 1.775870315483123477e+03 1.768565817199712683e+03 1.759072153149608312e+03 1.747551788145202863e+03 1.734164218125225943e+03 1.719061279033766368e+03 1.702391499290347610e+03 1.684306194777704377e+03 1.664961834217316436e+03 1.644517766570657386e+03 1.623131427953285083e+03 1.600953545900153813e+03 1.578124808257758104e+03 1.554774293572539591e+03 1.531019248753096690e+03 1.506965566705315723e+03 1.482708396608616795e+03 1.458332550844025718e+03 1.433912650047432635e+03 1.409513220737968823e+03 1.385189291921948097e+03 1.360988639531167792e+03 1.336957528045869594e+03 1.313151419167587164e+03 1.289649807282143001e+03 1.266571650000355476e+03 1.244086566723688748e+03 1.222415331300669095e+03 1.201810109081256769e+03 1.182506921691603338e+03 1.164656833310336651e+03 1.148260755124038269e+03 1.133139898783316085e+03 1.118972109323475479e+03
3.338090559643221134e-04 1.776407733817656208e+03 1.773966466440308750e+03 1.769137732726499053e+03 1.762026865254531003e+03 1.752779436061247452e+03 1.741560040573426477e+03 1.728530801329102133e+03 1.713840213289731537e+03 1.697624417016372036e+03 1.680015108185032659e+03 1.661146881208152308e+03 1.641160035096967249e+03 1.620198702754778424e+03 1.598406344588295951e+03 1.575920967920636031e+03 1.552871630974745585e+03 1.529376697950416656e+03 1.505543505450058319e+03 1.481468789107797647e+03 1.457239294389790075e+03 1.432932220797469427e+03 1.408615362860618234e+03 1.384347042869002507e+03 1.360176367831599237e+03 1.336144996008609041e+03 1.312291944825609789e+03 1.288662600265579385e+03 1.265322572692559788e+03 1.242376252924542314e+03 1.219985909185625133e+03 1.198378726256608161e+03 1.177824125532399194e+03 1.158573215642525838e+03 1.140774865555013321e+03 1.124404799613204659e+03 1.109260354147859516e+03
5.638584276407042958e-04 1.768840636736553506e+03 1.766471840472669555e+03 1.761778048723180518e+03 1.754852484314523736e+03 1.745835240921484001e+03 1.734894672991447351e+03 1.722201213725087655e+03 1.707908312391883555e+03 1.692147718712911001e+03 1.675036250404853035e+03 1.656686614522857099e+03 1.637215861560169969e+03 1.616748480559536802e+03 1.595414452561339203e+03 1.573344496835619793e+03 1.550665023607728926e+03 1.527494443701172486e+03 1.503941301286668249e+03 1.480103853365334771e+03 1.456070433461635048e+03 1.431920037438047984e+03 1.407722780331536796e+03 1.383540054143701582e+03 1.359424427026718377e+03 1.335419666835379758e+03 1.311561706485850209e+03 1.287881952066719350e+03 1.264415408322097846e+03 1.241216868342253747e+03 1.218385451413206738e+03 1.196088578972250389e+03 1.174566397784320998e+03 1.154098140301566900e+03 1.134928394854742237e+03 1.117179144817787574e+03 1.100808384053193095e+03
5.009433488312518661e-04 1.760617711766568618e+03 1.758322233274442851e+03 1.753762509032140542e+03 1.747015501418224630e+03 1.738211921787193660e+03 1.727522440906542442e+03 1.715128575723302220e+03 1.701196018308740122e+03 1.685862200366200568e+03 1.669238630584748080e+03 1.651421879777522918e+03 1.632506011558999489e+03 1.612591283355352743e+03 1.591787041740913764e+03 1.570209550170478678e+03 1.547977095998647428e+03 1.525204859347233651e+03 1.502001128302936650e+03 1.478465294561425026e+03 1.454687272746086592e+03 1.430747725800744092e+03 1.406718569392879090e+03 1.382663412892088672e+03 1.358637741147761744e+03 1.334688764698078558e+03 1.310855072368402034e+03 1.287166810167145286e+03 1.263648555313090128e+03 1.240328906832041412e+03 1.217260302682018391e+03 1.194546380647432670e+03 1.172363707967827850e+03 1.150957689103781604e+03 1.130597773183057598e+03 1.111500902753913124e+03 1.093777528205171166e+03
7.855013394924848782e-04 1.751716464133378850e+03 1.749495953134457523e+03 1.745071132403624915e+03 1.738498260554454646e+03 1.729893411459693198e+03 1.719425410342898886e+03 1.707286054421870631e+03 1.693657570344674241e+03 1.678692517490150976e+03 1.662509448608710045e+03 1.645200192556112825e+03 1.626842596620993163e+03 1.607513137302431005e+03 1.587295493800773102e+03 1.566283501721543644e+03 1.544579201814243561e+03 1.522288145876515046e+03 1.499514313020955797e+03 1.476356203809398949e+03 1.452904607088296643e+03 1.429241764165597033e+03 1.405441375912333115e+03 1.381568961431669322e+03 1.357682238623273179e+03 1.333831298269201397e+03 1.310058384388182503e+03 1.286397338586678416e+03 1.262873751813787294e+03 1.239508729690787732e+03 1.216330438520905091e+03 1.193395347356500224e+03 1.170813796651988014e+03 1.148765043300267280e+03 1.127483185207819133e+03 1.107210308911317725e+03 1.088158439320122625e+03
6.506472705330868921e-04 1.742122880735046465e+03 1.739979830556043453e+03 1.735692708745661093e+03 1.729292852925015950e+03 1.720876076643545048e+03 1.710603623826025569e+03 1.698673663899759049e+03 1.685285106070021584e+03 1.670611445962018479e+03 1.654789521184986597e+03 1.637920484486252235e+03 1.620078729957042015e+03 1.601324651262701764e+03 1.581717195534369694e+03 1.561322798870406587e+03 1.540218954375192652e+03 1.518492817503563401e+03 1.496236828833296613e+03 1.473543681813457852e+03 1.450502264144373385e+03 1.427195152235263549e+03 1.403697459048892142e+03 1.380076543195722707e+03 1.356392147736762126e+03 1.332696684483325498e+03 1.309035419005302174e+03 1.285446308691727609e+03 1.261959621119411850e+03 1.238598659964335411e+03 1.215384589544254595e+03 1.192348728348147006e+03 1.169552401686858275e+03 1.147106868987921871e+03 1.125178957520741506e+03 1.103976174760634422e+03 1.083744215655118296e+03
3.840130320967076677e-04 1.731831035116268595e+03 1.729768807089963047e+03 1.725624336530196615e+03 1.719400472473875652e+03 1.711167660005951575e+03 1.701073609619269746e+03 1.689317212799316167e+03 1.676110426417887084e+03 1.661648207987300111e+03 1.646092025640721658e+03 1.629564368362928690e+03 1.612151282049643214e+03 1.593911107925115402e+03 1.574887110812723904e+03 1.555120465784282942e+03 1.534659961632972909e+03 1.513566335000618892e+03 1.491911457473786641e+03 1.469774308583386073e+03 1.447236066431347354e+03 1.424375963401100535e+03 1.401268520352658925e+03 1.377982022984359901e+03 1.354577855866899881e+03 1.331110388695333540e+03 1.307627192125414922e+03 1.284169295289556885e+03 1.260771196371000769e+03 1.237460835492391425e+03 1.214260917325331093e+03 1.191194146750665368e+03 1.168294293625664523e+03 1.145620838364853171e+03 1.123270082923050495e+03 1.101382675462301904e+03 1.080181307861885443e+03
2.119093354088733439e-04 1.720842344066819578e+03 1.718865020592377505e+03 1.714870130666551177e+03 1.708829342390913780e+03 1.700783596344475427e+03 1.690861854811849526e+03 1.679257904591557690e+03 1.666191030162862035e+03 1.651873576221019448e+03 1.636491572877067028e+03 1.620194830814622492e+03 1.603093248854120475e+03 1.585259081567937528e+03 1.566735383888744536e+03 1.547548879301809166e+03 1.527723522280885845e+03 1.507290855524882545e+03 1.486294975326671192e+03 1.464792298348383156e+03 1.442848005408265180e+03 1.420531405237030413e+03 1.397911795651662032e+03 1.375055441415179985e+03 1.352023650119131162e+03 1.328871748379143128e+03 1.305648778403097822e+03 1.282397674631918562e+03 1.259155560420404754e+03 1.235953887327052371e+03 1.212818669062376784e+03 1.189771891800097364e+03 1.166835345209260595e+03 1.144036511102283839e+03 1.121415329275818976e+03 1.099041520497687088e+03 1.077085170048435202e+03
4.272377281810269944e-04 1.709164465768042874e+03 1.707276585760854005e+03 1.703439703910950811e+03 1.697592507101668616e+03 1.689743259999030215e+03 1.679997961251555125e+03 1.668540319843918041e+03 1.655591166822892092e+03 1.641373989219429404e+03 1.626094321391267385e+03 1.609928206516203318e+03 1.593014732920490587e+03 1.575452236372795142e+03 1.557300180865690891e+03 1.538587580297616341e+03 1.519326068391895433e+03 1.499523737883432432e+03 1.479195874249257713e+03 1.458370450618109999e+03 1.437088527948037836e+03 1.415401284520325362e+03 1.393365743767790718e+03 1.371040684243443820e+03 1.348483411723875179e+03 1.325747553203811776e+03 1.302881818968115795e+03 1.279929559636709882e+03 1.256928822297427359e+03 1.233912550239490429e+03 1.210908674073131806e+03 1.187940051021217187e+03 1.165024071803279639e+03 1.142171162777048721e+03 1.119383983847808850e+03 1.096675416044436588e+03 1.074159777823255126e+03
7.446033872363642166e-04 1.696810038478776733e+03 1.695016360607860861e+03 1.691346924949279128e+03 1.685706429349331756e+03 1.678068004824391210e+03 1.668511199493929325e+03 1.657205710340655060e+03 1.644369343828905585e+03 1.630230885610962787e+03 1.615008471158776956e+03 1.598898327163830800e+03 1.582066644491288116e+03 1.564642399469443490e+03 1.546713231220496482e+03 1.528327170016236096e+03 1.509500982960523515e+03 1.490233139948232974e+03 1.470517621950529247e+03 1.450354845749084006e+03 1.429757609502619516e+03 1.408752097163652934e+03 1.387375477497657357e+03 1.365672005899152055e+03 1.343689077066531581e+03 1.321473992072806141e+03 1.299071686035967559e+03 1.276523371292632646e+03 1.253865905587445695e+03 1.231131617168394996e+03 1.208348247724931525e+03 1.185538458412898080e+03 1.162717653260026964e+03 1.139888227325376874e+03 1.117032554553091359e+03 1.094127470055665526e+03 1.071244118628807428e+03
