BlockUplift_2Ma_1kryTimeStep_2mmyr_k_0.0001_m_0.5_n_1.0_LinDiffusion_1_6x3km_30mRes_surface_water__discharge.txt
nrows 100
cellsize 30.0
xllcorner 0.0
ncols 200
yllcorner 0.0
[rows 34 to 50 of 100, columns 74 to 110 of 200]
3.600000000000000000e+03 4.500000000000000000e+03 5.400000000000000000e+03 6.300000000000000000e+03 7.200000000000000000e+03 8.100000000000000000e+03 9.000000000000000000e+03 9.900000000000000000e+03 1.080000000000000000e+04 1.170000000000000000e+04 1.260000000000000000e+04 1.350000000000000000e+04 1.440000000000000000e+04 1.530000000000000000e+04 1.620000000000000000e+04 1.710000000000000000e+04 1.800000000000000000e+04 1.890000000000000000e+04 1.980000000000000000e+04 2.070000000000000000e+04 2.160000000000000000e+04 2.250000000000000000e+04 3.357000000000000000e+05 2.520000000000000000e+04 2.610000000000000000e+04 5.310000000000000000e+05 3.060000000000000000e+04 5.193000000000000000e+05 2.340000000000000000e+04 2.250000000000000000e+04 2.160000000000000000e+04 3.006000000000000000e+05 2.160000000000000000e+04 2.070000000000000000e+04 1.980000000000000000e+04 1.890000000000000000e+04 1.800000000000000000e+04
3.600000000000000000e+03 4.500000000000000000e+03 5.400000000000000000e+03 6.300000000000000000e+03 7.200000000000000000e+03 8.100000000000000000e+03 9.000000000000000000e+03 9.900000000000000000e+03 1.080000000000000000e+04 1.170000000000000000e+04 1.260000000000000000e+04 1.350000000000000000e+04 1.440000000000000000e+04 1.530000000000000000e+04 1.620000000000000000e+04 1.710000000000000000e+04 1.800000000000000000e+04 1.890000000000000000e+04 1.980000000000000000e+04 2.070000000000000000e+04 2.160000000000000000e+04 2.250000000000000000e+04 2.340000000000000000e+04 3.600000000000000000e+05 2.610000000000000000e+04 5.580000000000000000e+05 3.150000000000000000e+04 5.436000000000000000e+05 2.340000000000000000e+04 2.250000000000000000e+04 3.240000000000000000e+05 2.250000000000000000e+04 2.160000000000000000e+04 2.070000000000000000e+04 1.980000000000000000e+04 1.890000000000000000e+04 1.800000000000000000e+04
3.600000000000000000e+03 4.500000000000000000e+03 5.400000000000000000e+03 6.300000000000000000e+03 7.200000000000000000e+03 8.100000000000000000e+03 9.000000000000000000e+03 9.900000000000000000e+03 1.080000000000000000e+04 1.170000000000000000e+04 1.260000000000000000e+04 1.350000000000000000e+04 1.440000000000000000e+04 1.530000000000000000e+04 1.620000000000000000e+04 1.710000000000000000e+04 1.800000000000000000e+04 1.890000000000000000e+04 1.980000000000000000e+04 2.070000000000000000e+04 2.160000000000000000e+04 2.250000000000000000e+04 2.340000000000000000e+04 2.430000000000000000e+04 3.609000000000000000e+05 2.700000000000000000e+04 5.904000000000000000e+05 5.679000000000000000e+05 2.340000000000000000e+04 3.249000000000000000e+05 2.340000000000000000e+04 2.250000000000000000e+04 2.160000000000000000e+04 2.070000000000000000e+04 1.980000000000000000e+04 1.890000000000000000e+04 1.800000000000000000e+04
2.700000000000000000e+03 3.600000000000000000e+03 4.500000000000000000e+03 5.400000000000000000e+03 6.300000000000000000e+03 7.200000000000000000e+03 8.100000000000000000e+03 9.000000000000000000e+03 9.900000000000000000e+03 1.080000000000000000e+04 1.170000000000000000e+04 1.260000000000000000e+04 1.350000000000000000e+04 1.440000000000000000e+04 1.530000000000000000e+04 1.620000000000000000e+04 1.710000000000000000e+04 1.800000000000000000e+04 1.890000000000000000e+04 1.980000000000000000e+04 2.070000000000000000e+04 2.160000000000000000e+04 2.250000000000000000e+04 2.340000000000000000e+04 2.520000000000000000e+04 3.618000000000000000e+05 6.183000000000000000e+05 5.922000000000000000e+05 3.258000000000000000e+05 4.770000000000000000e+04 2.340000000000000000e+04 2.250000000000000000e+04 2.160000000000000000e+04 2.070000000000000000e+04 1.980000000000000000e+04 1.890000000000000000e+04 1.800000000000000000e+04
2.700000000000000000e+03 3.600000000000000000e+03 4.500000000000000000e+03 5.400000000000000000e+03 6.300000000000000000e+03 7.200000000000000000e+03 8.100000000000000000e+03 9.000000000000000000e+03 9.900000000000000000e+03 1.080000000000000000e+04 1.170000000000000000e+04 1.260000000000000000e+04 1.350000000000000000e+04 1.440000000000000000e+04 1.530000000000000000e+04 1.620000000000000000e+04 1.710000000000000000e+04 1.800000000000000000e+04 1.890000000000000000e+04 1.980000000000000000e+04 2.070000000000000000e+04 2.160000000000000000e+04 2.250000000000000000e+04 2.340000000000000000e+04 4.770000000000000000e+04 2.610000000000000000e+04 9.810000000000000000e+05 9.189000000000000000e+05 4.860000000000000000e+04 2.430000000000000000e+04 2.340000000000000000e+04 2.250000000000000000e+04 2.160000000000000000e+04 2.070000000000000000e+04 1.980000000000000000e+04 1.890000000000000000e+04 1.800000000000000000e+04
2.700000000000000000e+03 3.600000000000000000e+03 4.500000000000000000e+03 5.400000000000000000e+03 6.300000000000000000e+03 7.200000000000000000e+03 8.100000000000000000e+03 9.000000000000000000e+03 9.900000000000000000e+03 1.080000000000000000e+04 1.170000000000000000e+04 1.260000000000000000e+04 1.350000000000000000e+04 1.440000000000000000e+04 1.530000000000000000e+04 1.620000000000000000e+04 1.710000000000000000e+04 1.800000000000000000e+04 1.890000000000000000e+04 1.980000000000000000e+04 2.070000000000000000e+04 2.160000000000000000e+04 2.250000000000000000e+04 2.340000000000000000e+04 2.430000000000000000e+04 4.860000000000000000e+04 1.008000000000000000e+06 9.684000000000000000e+05 2.520000000000000000e+04 2.340000000000000000e+04 2.250000000000000000e+04 2.160000000000000000e+04 2.070000000000000000e+04 1.980000000000000000e+04 1.890000000000000000e+04 1.800000000000000000e+04 1.710000000000000000e+04
2.700000000000000000e+03 3.600000000000000000e+03 4.500000000000000000e+03 5.400000000000000000e+03 6.300000000000000000e+03 7.200000000000000000e+03 8.100000000000000000e+03 9.000000000000000000e+03 9.900000000000000000e+03 1.080000000000000000e+04 1.170000000000000000e+04 1.260000000000000000e+04 1.350000000000000000e+04 1.440000000000000000e+04 1.530000000000000000e+04 1.620000000000000000e+04 1.710000000000000000e+04 1.800000000000000000e+04 1.890000000000000000e+04 1.980000000000000000e+04 2.070000000000000000e+04 2.160000000000000000e+04 2.250000000000000000e+04 2.340000000000000000e+04 2.430000000000000000e+04 2.520000000000000000e+04 1.057500000000000000e+06 9.945000000000000000e+05 2.430000000000000000e+04 2.340000000000000000e+04 2.250000000000000000e+04 2.160000000000000000e+04 2.070000000000000000e+04 1.980000000000000000e+04 1.890000000000000000e+04 1.800000000000000000e+04 1.710000000000000000e+04
1.800000000000000000e+03 2.700000000000000000e+03 3.600000000000000000e+03 4.500000000000000000e+03 5.400000000000000000e+03 6.300000000000000000e+03 7.200000000000000000e+03 8.100000000000000000e+03 9.000000000000000000e+03 9.900000000000000000e+03 1.080000000000000000e+04 1.170000000000000000e+04 1.260000000000000000e+04 1.350000000000000000e+04 1.440000000000000000e+04 1.530000000000000000e+04 1.620000000000000000e+04 1.710000000000000000e+04 1.800000000000000000e+04 1.890000000000000000e+04 1.980000000000000000e+04 2.070000000000000000e+04 2.160000000000000000e+04 2.250000000000000000e+04 2.340000000000000000e+04 2.520000000000000000e+04 1.083600000000000000e+06 1.019700000000000000e+06 2.430000000000000000e+04 2.340000000000000000e+04 2.250000000000000000e+04 2.160000000000000000e+04 2.070000000000000000e+04 1.980000000000000000e+04 1.890000000000000000e+04 1.800000000000000000e+04 1.710000000000000000e+04
2.700000000000000000e+03 3.600000000000000000e+03 4.500000000000000000e+03 5.400000000000000000e+03 6.300000000000000000e+03 7.200000000000000000e+03 8.100000000000000000e+03 9.000000000000000000e+03 9.900000000000000000e+03 1.080000000000000000e+04 1.170000000000000000e+04 1.260000000000000000e+04 1.350000000000000000e+04 1.440000000000000000e+04 1.530000000000000000e+04 1.620000000000000000e+04 1.710000000000000000e+04 1.800000000000000000e+04 1.890000000000000000e+04 1.980000000000000000e+04 2.070000000000000000e+04 2.160000000000000000e+04 2.250000000000000000e+04 2.340000000000000000e+04 2.430000000000000000e+04 2.430000000000000000e+04 1.109700000000000000e+06 1.044900000000000000e+06 2.430000000000000000e+04 2.340000000000000000e+04 2.250000000000000000e+04 2.160000000000000000e+04 2.070000000000000000e+04 1.980000000000000000e+04 1.890000000000000000e+04 1.800000000000000000e+04 1.710000000000000000e+04
2.700000000000000000e+03 3.600000000000000000e+03 4.500000000000000000e+03 5.400000000000000000e+03 6.300000000000000000e+03 7.200000000000000000e+03 8.100000000000000000e+03 9.000000000000000000e+03 9.900000000000000000e+03 1.080000000000000000e+04 1.170000000000000000e+04 1.260000000000000000e+04 1.350000000000000000e+04 1.440000000000000000e+04 1.530000000000000000e+04 1.620000000000000000e+04 1.710000000000000000e+04 1.800000000000000000e+04 1.890000000000000000e+04 1.980000000000000000e+04 2.070000000000000000e+04 2.160000000000000000e+04 2.250000000000000000e+04 2.340000000000000000e+04 2.430000000000000000e+04 2.520000000000000000e+04 1.134900000000000000e+06 1.070100000000000000e+06 2.430000000000000000e+04 2.340000000000000000e+04 2.250000000000000000e+04 2.160000000000000000e+04 2.070000000000000000e+04 1.980000000000000000e+04 1.890000000000000000e+04 1.800000000000000000e+04 1.710000000000000000e+04
9.000000000000000000e+02 1.800000000000000000e+03 2.700000000000000000e+03 3.600000000000000000e+03 4.500000000000000000e+03 5.400000000000000000e+03 6.300000000000000000e+03 7.200000000000000000e+03 8.100000000000000000e+03 9.000000000000000000e+03 9.900000000000000000e+03 1.080000000000000000e+04 1.170000000000000000e+04 1.260000000000000000e+04 1.350000000000000000e+04 1.440000000000000000e+04 1.530000000000000000e+04 1.620000000000000000e+04 1.710000000000000000e+04 1.800000000000000000e+04 1.890000000000000000e+04 1.980000000000000000e+04 2.070000000000000000e+04 2.160000000000000000e+04 2.250000000000000000e+04 2.520000000000000000e+04 1.161000000000000000e+06 1.095300000000000000e+06 2.430000000000000000e+04 2.340000000000000000e+04 2.250000000000000000e+04 2.160000000000000000e+04 2.070000000000000000e+04 1.980000000000000000e+04 1.890000000000000000e+04 1.800000000000000000e+04 1.710000000000000000e+04
2.700000000000000000e+03 3.600000000000000000e+03 4.500000000000000000e+03 5.400000000000000000e+03 6.300000000000000000e+03 7.200000000000000000e+03 8.100000000000000000e+03 9.000000000000000000e+03 9.900000000000000000e+03 1.080000000000000000e+04 1.170000000000000000e+04 1.260000000000000000e+04 1.350000000000000000e+04 1.440000000000000000e+04 1.530000000000000000e+04 1.620000000000000000e+04 1.710000000000000000e+04 1.800000000000000000e+04 1.890000000000000000e+04 1.980000000000000000e+04 2.070000000000000000e+04 2.160000000000000000e+04 2.250000000000000000e+04 2.340000000000000000e+04 2.430000000000000000e+04 2.340000000000000000e+04 1.187100000000000000e+06 1.120500000000000000e+06 2.430000000000000000e+04 2.250000000000000000e+04 2.160000000000000000e+04 2.070000000000000000e+04 1.980000000000000000e+04 1.890000000000000000e+04 1.800000000000000000e+04 1.710000000000000000e+04 1.620000000000000000e+04
1.800000000000000000e+03 2.700000000000000000e+03 3.600000000000000000e+03 4.500000000000000000e+03 5.400000000000000000e+03 6.300000000000000000e+03 7.200000000000000000e+03 8.100000000000000000e+03 9.000000000000000000e+03 9.900000000000000000e+03 1.080000000000000000e+04 1.170000000000000000e+04 1.260000000000000000e+04 1.350000000000000000e+04 1.440000000000000000e+04 1.530000000000000000e+04 1.620000000000000000e+04 1.710000000000000000e+04 1.800000000000000000e+04 1.890000000000000000e+04 1.980000000000000000e+04 2.070000000000000000e+04 2.160000000000000000e+04 2.250000000000000000e+04 2.340000000000000000e+04 2.520000000000000000e+04 1.211400000000000000e+06 1.145700000000000000e+06 2.340000000000000000e+04 2.340000000000000000e+04 2.250000000000000000e+04 2.160000000000000000e+04 2.070000000000000000e+04 1.980000000000000000e+04 1.890000000000000000e+04 1.800000000000000000e+04 1.710000000000000000e+04
1.800000000000000000e+03 2.700000000000000000e+03 3.600000000000000000e+03 4.500000000000000000e+03 5.400000000000000000e+03 6.300000000000000000e+03 7.200000000000000000e+03 8.100000000000000000e+03 9.000000000000000000e+03 9.900000000000000000e+03 1.080000000000000000e+04 1.170000000000000000e+04 1.260000000000000000e+04 1.350000000000000000e+04 1.440000000000000000e+04 1.530000000000000000e+04 1.620000000000000000e+04 1.710000000000000000e+04 1.800000000000000000e+04 1.890000000000000000e+04 1.980000000000000000e+04 2.070000000000000000e+04 2.160000000000000000e+04 2.250000000000000000e+04 2.340000000000000000e+04 2.430000000000000000e+04 1.237500000000000000e+06 1.170000000000000000e+06 2.430000000000000000e+04 2.340000000000000000e+04 2.250000000000000000e+04 2.160000000000000000e+04 2.070000000000000000e+04 1.980000000000000000e+04 1.890000000000000000e+04 1.800000000000000000e+04 1.710000000000000000e+04
1.800000000000000000e+03 9.000000000000000000e+02 1.800000000000000000e+03 2.700000000000000000e+03 3.600000000000000000e+03 4.500000000000000000e+03 5.400000000000000000e+03 6.300000000000000000e+03 7.200000000000000000e+03 8.100000000000000000e+03 9.000000000000000000e+03 9.900000000000000000e+03 1.080000000000000000e+04 1.170000000000000000e+04 1.260000000000000000e+04 1.350000000000000000e+04 1.440000000000000000e+04 1.530000000000000000e+04 1.620000000000000000e+04 1.710000000000000000e+04 1.800000000000000000e+04 1.890000000000000000e+04 1.980000000000000000e+04 2.070000000000000000e+04 2.160000000000000000e+04 2.430000000000000000e+04 1.262700000000000000e+06 1.195200000000000000e+06 2.430000000000000000e+04 2.340000000000000000e+04 2.250000000000000000e+04 2.160000000000000000e+04 2.070000000000000000e+04 1.980000000000000000e+04 1.890000000000000000e+04 1.800000000000000000e+04 1.710000000000000000e+04
1.800000000000000000e+03 2.700000000000000000e+03 3.600000000000000000e+03 4.500000000000000000e+03 5.400000000000000000e+03 6.300000000000000000e+03 7.200000000000000000e+03 8.100000000000000000e+03 9.000000000000000000e+03 9.900000000000000000e+03 1.080000000000000000e+04 1.170000000000000000e+04 1.260000000000000000e+04 1.350000000000000000e+04 1.440000000000000000e+04 1.530000000000000000e+04 1.620000000000000000e+04 1.710000000000000000e+04 1.800000000000000000e+04 1.890000000000000000e+04 1.980000000000000000e+04 2.070000000000000000e+04 2.160000000000000000e+04 2.250000000000000000e+04 2.340000000000000000e+04 2.250000000000000000e+04 1.287900000000000000e+06 1.220400000000000000e+06 2.430000000000000000e+04 2.160000000000000000e+04 2.070000000000000000e+04 1.980000000000000000e+04 1.890000000000000000e+04 1.800000000000000000e+04 1.710000000000000000e+04 1.620000000000000000e+04 1.530000000000000000e+04
1.800000000000000000e+03 2.700000000000000000e+03 3.600000000000000000e+03 4.500000000000000000e+03 5.400000000000000000e+03 6.300000000000000000e+03 7.200000000000000000e+03 8.100000000000000000e+03 9.000000000000000000e+03 9.900000000000000000e+03 1.080000000000000000e+04 1.170000000000000000e+04 1.260000000000000000e+04 1.350000000000000000e+04 1.440000000000000000e+04 1.530000000000000000e+04 1.620000000000000000e+04 1.710000000000000000e+04 1.800000000000000000e+04 1.890000000000000000e+04 1.980000000000000000e+04 2.070000000000000000e+04 2.160000000000000000e+04 2.250000000000000000e+04 2.340000000000000000e+04 2.430000000000000000e+04 1.311300000000000000e+06 1.245600000000000000e+06 2.250000000000000000e+04 2.340000000000000000e+04 2.250000000000000000e+04 2.160000000000000000e+04 2.070000000000000000e+04 1.980000000000000000e+04 1.890000000000000000e+04 1.800000000000000000e+04 1.710000000000000000e+04
