BlockTilt_5Ma_1mmyr_m1_n5_k1Minus5_10kyrTimeStep_wLinDiffp5_30mRes_7p5kmBy15km.txt
nrows 250
cellsize 30.0
xllcorner 0.0
ncols 500
yllcorner 0.0
[rows 187 to 203 of 250, columns 148 to 184 of 500]
5.803169265411480637e+02 5.795472214007594403e+02 5.795610071021372960e+02 5.800033233136360877e+02 5.807070829979198834e+02 5.816179943304645121e+02 5.827093672924323755e+02 5.839231914762007136e+02 5.851367576537496689e+02 5.861590548040223894e+02 5.867609140173736932e+02 5.867194826827998213e+02 5.858458745699281280e+02 5.839895891647901180e+02 5.810427546974935922e+02 5.769602159741476726e+02 5.717800962498649824e+02 5.656194833847555401e+02 5.586477166608484595e+02 5.510762920997864285e+02 5.432054587585053014e+02 5.355058459275689984e+02 5.286257078261752440e+02 5.232266761228516998e+02 5.197340468893999059e+02 5.182473162314473711e+02 5.187120953054700294e+02 5.211267057024587075e+02 5.255050332451801296e+02 5.316446453442845268e+02 5.390079383427815856e+02 5.468736694145584352e+02 5.545972976070564755e+02 5.617477672677929377e+02 5.680769924975660388e+02 5.734358453214090332e+02 5.777343882662667056e+02
5.694467351356164500e+02 5.687006607272760448e+02 5.687368355544031147e+02 5.692012390447235930e+02 5.699270737199576615e+02 5.708599107714920819e+02 5.719728939503477250e+02 5.732082302638276587e+02 5.744441560561068627e+02 5.754914563864093680e+02 5.761233645315521699e+02 5.761194414624726505e+02 5.752924208063583364e+02 5.734918103297196694e+02 5.706076723469419676e+02 5.665910622574638182e+02 5.614757750559284659e+02 5.553753583975250194e+02 5.484570378655118930e+02 5.409313129159361324e+02 5.330976135344632212e+02 5.254250360918377964e+02 5.185600562716102786e+02 5.131658100861995990e+02 5.096783877099608731e+02 5.082194783488402550e+02 5.087575738731900401e+02 5.112931273938446566e+02 5.158096990217072744e+02 5.220585596785291500e+02 5.294723403517639326e+02 5.373325731246881105e+02 5.450175890799032459e+02 5.521176092622650913e+02 5.583942646973783894e+02 5.636999448134796467e+02 5.679447662299218109e+02
5.586158265684948674e+02 5.578987267009921425e+02 5.579608849114472378e+02 5.584494994863197235e+02 5.591985720383938769e+02 5.601539395392439928e+02 5.612887966161048325e+02 5.625456496335948486e+02 5.638036878903315028e+02 5.648754602085396073e+02 5.655365584674301545e+02 5.655689520997982527e+02 5.647870894654583935e+02 5.630406909360940517e+02 5.602179707268393258e+02 5.562662857414070459e+02 5.512150281458538075e+02 5.451740725194837296e+02 5.383084560440028099e+02 5.308276527802922828e+02 5.230301945558398984e+02 5.153835403481490403e+02 5.085326223897070008e+02 5.031433552919810950e+02 4.996653663200518167e+02 4.982457120013819463e+02 4.988763753801187022e+02 5.015551156302788627e+02 5.062259648342632090e+02 5.125861383363620689e+02 5.200378905705573516e+02 5.278720308166415407e+02 5.354980943146305208e+02 5.425327013026948180e+02 5.487480032840944659e+02 5.539962456259570445e+02 5.581855749997667999e+02
5.478288541672174006e+02 5.471445366314511602e+02 5.472352563350657420e+02 5.477496632755510291e+02 5.485229087740201521e+02 5.495013518047435355e+02 5.506583628921872560e+02 5.519367812360595735e+02 5.532167285189790391e+02 5.543124636925314235e+02 5.550018814893259105e+02 5.550693692251085167e+02 5.543312436165393819e+02 5.526377339394025512e+02 5.498754943444656647e+02 5.459882543073294983e+02 5.410008003336193951e+02 5.350190265009226778e+02 5.282055918186018744e+02 5.207689553560857121e+02 5.130069331223625113e+02 5.053857447443242563e+02 4.985495881717852171e+02 4.931685058772637831e+02 4.897071349548122043e+02 4.883382547308749508e+02 4.890751656820443714e+02 4.919082226632818333e+02 4.967370109021512690e+02 5.032028006433933456e+02 5.106798695486461952e+02 5.184731182523212283e+02 5.260274268331862686e+02 5.329875990600725117e+02 5.391360791223592059e+02 5.443239148087955073e+02 5.484562635379694484e+02
5.370903269165877418e+02 5.364410159971051826e+02 5.365618610382493898e+02 5.371031238080180401e+02 5.379012762992359740e+02 5.389033016796547599e+02 5.400827805801267232e+02 5.413828740174669747e+02 5.426845914437278680e+02 5.438038300079547298e+02 5.445207195731975389e+02 5.446220834642300588e+02 5.439263084489455196e+02 5.422845183913223082e+02 5.395821911328173428e+02 5.357595373511559274e+02 5.308364647015248465e+02 5.249144142473613783e+02 5.181533005180986038e+02 5.107605060818027596e+02 5.030334428124787678e+02 4.954378201046734489e+02 4.886181987687868400e+02 4.832497242467016463e+02 4.798117764123603592e+02 4.785003319234264154e+02 4.793458872170914447e+02 4.823285424378201469e+02 4.873046358132640989e+02 4.938642177550151473e+02 5.013581416384976706e+02 5.091067044916758277e+02 5.165884633461454314e+02 5.234741404576975583e+02 5.295553206974046816e+02 5.346818595413337789e+02 5.387563280973928386e+02
5.264033657204736301e+02 5.257902088135269878e+02 5.259420911973519424e+02 5.265109692456283028e+02 5.273346700549053594e+02 5.283607974554644215e+02 5.295631195696716986e+02 5.308850834964750902e+02 5.322085303474842704e+02 5.333509146344157443e+02 5.340945241888628061e+02 5.342286308055573727e+02 5.335739055590104272e+02 5.319828047809468217e+02 5.293401135255787722e+02 5.255827448049378745e+02 5.207255013092424178e+02 5.148648122336323922e+02 5.081572725285126353e+02 5.008088976940020984e+02 4.931168847761647953e+02 4.855471850238599245e+02 4.787458158530838546e+02 4.733935527288560934e+02 4.699829792505535693e+02 4.687290190663493945e+02 4.696746584192546266e+02 4.727892582927387934e+02 4.778921495538282898e+02 4.845313991689437216e+02 4.920395250463150774e+02 4.997499112295915893e+02 5.071684048389984127e+02 5.139865569294248644e+02 5.200036494120943189e+02 5.250694305127751704e+02 5.290854618312615685e+02
5.157695817170307464e+02 5.151932330111716283e+02 5.153768058728434198e+02 5.159739728870799809e+02 5.168238753214558301e+02 5.178746850633830263e+02 5.191003139867981417e+02 5.204444547484554278e+02 5.217897265122351200e+02 5.229550641456552285e+02 5.237248331134278487e+02 5.238907458497998277e+02 5.232759379071642343e+02 5.217346245083436997e+02 5.191514503226545685e+02 5.154604176953943124e+02 5.106711790900466212e+02 5.048746434244756642e+02 4.982233415420560618e+02 4.909212891372400236e+02 4.832652835617900564e+02 4.757219795429411988e+02 4.689397402663313983e+02 4.636052836908165204e+02 4.602225899747641620e+02 4.590211870093070843e+02 4.600524459498516308e+02 4.632761100708449931e+02 4.684827515423038449e+02 4.751887085133399751e+02 4.827123917463912335e+02 4.903958728260797102e+02 4.977641056880845554e+02 5.045237799806908470e+02 5.104807933396451176e+02 5.154864952631257893e+02 5.194434515782384096e+02
5.051894987126408409e+02 5.046505262900514026e+02 5.048664469699207302e+02 5.054926328959137436e+02 5.063694704423569988e+02 5.074456363002825015e+02 5.086951436076016080e+02 5.100618977285388951e+02 5.114292548982066364e+02 5.126175685916465454e+02 5.134132076872917878e+02 5.136102917928598117e+02 5.130345313994005210e+02 5.115422492200087845e+02 5.090185061629721872e+02 5.053949390962309280e+02 5.006762689105138406e+02 4.949475714141748881e+02 4.883565232569530963e+02 4.811041831082835643e+02 4.734862685433643037e+02 4.659701005360710155e+02 4.592069395874340785e+02 4.538897657461045583e+02 4.505326993632968993e+02 4.493766471032587333e+02 4.504784947944506825e+02 4.537899766445660248e+02 4.590803045908369313e+02 4.658425829024114933e+02 4.733839260575160779e+02 4.810505637949554512e+02 4.883793459518949476e+02 4.950875455809504047e+02 5.009871719440425295e+02 5.059328555018116163e+02 5.098298880803232009e+02
4.946629953651720371e+02 4.941620897952304290e+02 4.944111500409566702e+02 4.950672112412539718e+02 4.959718331204451829e+02 4.970741411607653504e+02 4.983482178862408887e+02 4.997381609748257461e+02 5.011280392912213983e+02 5.023395841642710025e+02 5.031611081396311533e+02 5.033890849573313062e+02 5.028518303470777369e+02 5.014080007367292069e+02 4.989435547803925601e+02 4.953883889027363807e+02 4.907427597246488062e+02 4.850858824740209911e+02 4.785599160948942767e+02 4.713618521040594942e+02 4.637852361922014097e+02 4.562974848357574729e+02 4.495528795711203998e+02 4.442509852004737354e+02 4.409155686640412455e+02 4.397971595277006713e+02 4.409566012189103503e+02 4.443390461257030211e+02 4.496976048020774783e+02 4.565079057240028533e+02 4.640673839666540630e+02 4.717230299091322649e+02 4.790186275124861481e+02 4.856791152918300440e+02 4.915224485574291862e+02 4.964077047607394775e+02 5.002439797272535316e+02
4.841896074481757068e+02 4.837276559083215943e+02 4.840108258387083424e+02 4.846977686879055227e+02 4.856311524468819130e+02 4.867605077442624975e+02 4.880599670721191501e+02 4.894738122939252776e+02 4.908868152978438957e+02 4.921220638936447926e+02 4.929697716502436151e+02 4.932287042456787276e+02 4.927297441174967503e+02 4.913339724392655512e+02 4.889285849211872801e+02 4.854423236234291039e+02 4.808715887579189712e+02 4.752899895395595422e+02 4.688337831418008932e+02 4.616948976854945954e+02 4.541634704634229820e+02 4.467060650070189354e+02 4.399796653201120193e+02 4.346905628549245080e+02 4.313721299850341779e+02 4.302838742621024153e+02 4.314900578843576113e+02 4.349303962886282875e+02 4.403452167052370214e+02 4.471961798369457028e+02 4.547720158147819234e+02 4.624184852204418803e+02 4.696834305762752706e+02 4.762977491173027715e+02 4.820851428468783979e+02 4.869096427647081100e+02 4.906846261631739594e+02
4.737687340432066208e+02 4.733468133133949323e+02 4.736652324857764143e+02 4.743842052138436998e+02 4.753474500899328063e+02 4.765048708641357962e+02 4.778306416251255087e+02 4.792692300777144965e+02 4.807061116109962313e+02 4.819657216703221252e+02 4.828401447907073134e+02 4.831303732472894126e+02 4.826697674617273037e+02 4.813218010080710201e+02 4.789750681568925188e+02 4.755575942300029624e+02 4.710625235269098994e+02 4.655583096701410568e+02 4.591752786877064523e+02 4.520996680730362414e+02 4.446171738479969235e+02 4.371924749563841033e+02 4.304845982880478914e+02 4.252063379661464637e+02 4.219005976202400916e+02 4.208356832748222587e+02 4.220792997314200647e+02 4.255667259823150630e+02 4.310276868672183923e+02 4.379121226701166165e+02 4.455008671656963202e+02 4.531375433308334664e+02 4.603724853852885985e+02 4.669414040052556629e+02 4.726732947307002632e+02 4.774371157604015252e+02 4.811506408154357928e+02
4.633998015775866861e+02 4.630191171799847325e+02 4.633740474270074969e+02 4.641263056332504107e+02 4.651206075149651724e+02 4.663072062284299477e+02 4.676603173001349774e+02 4.691246025687851215e+02 4.705862464555485758e+02 4.718710278417706263e+02 4.727728765080474318e+02 4.730949421036077638e+02 4.726729388007491366e+02 4.713725999880961695e+02 4.690839019948365944e+02 4.657343807185371247e+02 4.613143933830502874e+02 4.558877615504133587e+02 4.495791841949338163e+02 4.425690960804004135e+02 4.351382121737521516e+02 4.277485315038569524e+02 4.210603204799887749e+02 4.157922300133515137e+02 4.124962256792737207e+02 4.114491363838080815e+02 4.127222612677423399e+02 4.162473856105766004e+02 4.217453487717586995e+02 4.286561353053514836e+02 4.362535694680485676e+02 4.438788676992905380e+02 4.510839042197005142e+02 4.576081952872794432e+02 4.632853195615749655e+02 4.679888390455952276e+02 4.716409198396526676e+02
4.530823872857066021e+02 4.527441784178631110e+02 4.531369290650902144e+02 4.539237803765445847e+02 4.549503914038000403e+02 4.561673447615890495e+02 4.575489018033700859e+02 4.590399302516640319e+02 4.605273304181472440e+02 4.618382196511939242e+02 4.627683450431005099e+02 4.631229378431083319e+02 4.627399163175108470e+02 4.614870673119006028e+02 4.592555827495675089e+02 4.559725224773554828e+02 4.516257314177740341e+02 4.462748866539822075e+02 4.400396019046483502e+02 4.330949060212188897e+02 4.257166086314676363e+02 4.183636864667364534e+02 4.116969102135442995e+02 4.064398088375542102e+02 4.031524309270641311e+02 4.021194629840987318e+02 4.034157890409616698e+02 4.069705611240582925e+02 4.124972960461276443e+02 4.194276673271875779e+02 4.270294956332969605e+02 4.346416358080687132e+02 4.418167868670366261e+02 4.482972634099862148e+02 4.539203850103913283e+02 4.585639179335614131e+02 4.621544628807275217e+02
4.428162710950709311e+02 4.425217085375811621e+02 4.429535509773042463e+02 4.437762895557499974e+02 4.448364694703044506e+02 4.460849821590359738e+02 4.474961398088766487e+02 4.490150282363705969e+02 4.505292696423086909e+02 4.518673122966193318e+02 4.528266890266408495e+02 4.532146318387328279e+02 4.528710992943363749e+02 4.516656807212381182e+02 4.494905130131733131e+02 4.462720210631637201e+02 4.419956194631891435e+02 4.367172248436588688e+02 4.305520162432821962e+02 4.236703844578541407e+02 4.163438509602187310e+02 4.090285186204351930e+02 4.023851346716676289e+02 3.971409668575104206e+02 3.938627695784954881e+02 3.928420224037021171e+02 3.941569300405610647e+02 3.977347324722132953e+02 4.032830805014359044e+02 4.102269197103755687e+02 4.178291190221281113e+02 4.254263413266324392e+02 4.325714929963552891e+02 4.390087080811322835e+02 4.445782245711650376e+02 4.491616912674657556e+02 4.526903070562173070e+02
4.326013910513781298e+02 4.323515020906423274e+02 4.328235972291261078e+02 4.336834434002551575e+02 4.347784125614035133e+02 4.360596812718629849e+02 4.375016150548955807e+02 4.390495279970143088e+02 4.405917682366509212e+02 4.419581056936374353e+02 4.429478270500180201e+02 4.433700866182722393e+02 4.430667215086452870e+02 4.419088604850921342e+02 4.397892640730946709e+02 4.366334550968133499e+02 4.324243488912143789e+02 4.272143559256680874e+02 4.211148551908873401e+02 4.142925318180867293e+02 4.070155620737872937e+02 3.997376877568173654e+02 3.931193433669022284e+02 3.878904150849116377e+02 3.846228274044692057e+02 3.836135750031372709e+02 3.849437354890771417e+02 3.885392018001476799e+02 3.941030592706164839e+02 4.010549743315842761e+02 4.086538523925175355e+02 4.162343515042924764e+02 4.233490389447545681e+02 4.297429965703425410e+02 4.352587004809117275e+02 4.397815152018436606e+02 4.432475145263957188e+02
4.224377166134287336e+02 4.222333619192571064e+02 4.227467210976099068e+02 4.236447805413031915e+02 4.247756840839854817e+02 4.260908680124584293e+02 4.275647500873442368e+02 4.291428793128645225e+02 4.307143313908970299e+02 4.321101886141558452e+02 4.331314644646649299e+02 4.335891697700062082e+02 4.333268792114394046e+02 4.322170185572186369e+02 4.301526512998468661e+02 4.270580881031068543e+02 4.229135798223916822e+02 4.177681554683127843e+02 4.117299149629454860e+02 4.049627305394254222e+02 3.977324443334089779e+02 3.904911085639294015e+02 3.838987440545685104e+02 3.786868913517200781e+02 3.754312070811621425e+02 3.744329601586523495e+02 3.757756183102864611e+02 3.793841658401457266e+02 3.849582168022334372e+02 3.919133845937720935e+02 3.995054425021102702e+02 4.070671927139492823e+02 4.141504062196427185e+02 4.205004278686277530e+02 4.259615084032119512e+02 4.304227182467604962e+02 4.338253168938522890e+02
4.123251036445215050e+02 4.121670023005832491e+02 4.127224858652700732e+02 4.136597342396010504e+02 4.148276223600662433e+02 4.161778238627730957e+02 4.176848052951688715e+02 4.192943534786837176e+02 4.208962707117640889e+02 4.223229434596412375e+02 4.233770934109156769e+02 4.238715427536491234e+02 4.236514985984877057e+02 4.225904880188766697e+02 4.205815981353098891e+02 4.175476270772522298e+02 4.134659484104583385e+02 4.083822175102392293e+02 4.024016021768159703e+02 3.956858645539733743e+02 3.884993818381752249e+02 3.812931579375273827e+02 3.747268121123080391e+02 3.695328109482202876e+02 3.662893926807995513e+02 3.653010982733494529e+02 3.666533993971218592e+02 3.702707230090676376e+02 3.758500728733885126e+02 3.828039591888986592e+02 3.903856539260656859e+02 3.979262105935669638e+02 4.049762802264356765e+02 4.112810322715005213e+02 4.166862614622717729e+02 4.210848269904920471e+02 4.244234002960280350e+02
