FastScape_2p5Ma_halfmmyr_mp5_n1_k5Minus5_5kyrTimeStep_30mRes_20kmBy30Km.txt
nrows 100
cellsize 30.0
xllcorner 0.0
ncols 200
yllcorner 0.0
[rows 0 to 16 of 100, columns 37 to 73 of 200]
0.000000000000000000e+00 0.000000000000000000e+00 0.000000000000000000e+00 0.000000000000000000e+00 0.000000000000000000e+00 0.000000000000000000e+00 0.000000000000000000e+00 0.000000000000000000e+00 0.000000000000000000e+00 0.000000000000000000e+00 0.000000000000000000e+00 0.000000000000000000e+00 0.000000000000000000e+00 0.000000000000000000e+00 0.000000000000000000e+00 0.000000000000000000e+00 0.000000000000000000e+00 0.000000000000000000e+00 0.000000000000000000e+00 0.000000000000000000e+00 0.000000000000000000e+00 0.000000000000000000e+00 0.000000000000000000e+00 0.000000000000000000e+00 0.000000000000000000e+00 0.000000000000000000e+00 0.000000000000000000e+00 0.000000000000000000e+00 0.000000000000000000e+00 0.000000000000000000e+00 0.000000000000000000e+00 0.000000000000000000e+00 0.000000000000000000e+00 0.000000000000000000e+00 0.000000000000000000e+00 0.000000000000000000e+00 0.000000000000000000e+00
1.294065502281139857e+01 1.294079791896306375e+01 1.294100975456600189e+01 1.294131758038818170e+01 1.294176311774599775e+01 1.294240594485673412e+01 1.294332240587067773e+01 1.294459625648660506e+01 1.294629884735804914e+01 1.294846167402474180e+01 1.295105062986292666e+01 1.295395492629968537e+01 1.295700016794173415e+01 1.295998449491629501e+01 1.296272478267542105e+01 1.296509450815209341e+01 1.296703978987235573e+01 1.296857172611661824e+01 1.296974369887111855e+01 1.297062600982218505e+01 1.297128694796003145e+01 1.297178323498288854e+01 1.297215800285329479e+01 1.297244274538108577e+01 1.297266032665718605e+01 1.297282755803770016e+01 1.297295698017219223e+01 1.297305800854896063e+01 1.297313769412296125e+01 1.297320127354399411e+01 1.297325259468265557e+01 1.297329445211501131e+01 1.297332884845407541e+01 1.297335719371412388e+01 1.297338045481077806e+01 1.297339926655400610e+01 1.297341401365711278e+01
1.589021038015383702e+01 1.589050411891783376e+01 1.589093835873743821e+01 1.589156704198243197e+01 1.589247308796019631e+01 1.589377459095520351e+01 1.589562257116708466e+01 1.589818243537045106e+01 1.590159482835354687e+01 1.590592146168837573e+01 1.591109432775733623e+01 1.591689385486829877e+01 1.592297470888832045e+01 1.592893710545065922e+01 1.593441799608661213e+01 1.593916587471651525e+01 1.594307259054830972e+01 1.594615843512926112e+01 1.594852754785640592e+01 1.595031798331969597e+01 1.595166436667664200e+01 1.595267895963850968e+01 1.595344753208851074e+01 1.595403306259246889e+01 1.595448154571887933e+01 1.595482698612184791e+01 1.595509486329071436e+01 1.595530437173719385e+01 1.595546992228594618e+01 1.595560223930611521e+01 1.595570921623296279e+01 1.595579659377655091e+01 1.595586849022789977e+01 1.595592780723772286e+01 1.595597653493618395e+01 1.595601597905945290e+01 1.595604692919244982e+01
1.885683920778414446e+01 1.885729899157200151e+01 1.885797583413765466e+01 1.885895025718013329e+01 1.886034538780186409e+01 1.886233584409604447e+01 1.886514420337002917e+01 1.886901359244506438e+01 1.887415010760900458e+01 1.888064327766539208e+01 1.888839155730768127e+01 1.889707030513488206e+01 1.890616966661058740e+01 1.891509924985169278e+01 1.892332204187595934e+01 1.893046443231702014e+01 1.893636329900385107e+01 1.894104460359562836e+01 1.894465837739360126e+01 1.894740569535943564e+01 1.894948388485398993e+01 1.895105853886212799e+01 1.895225712946398033e+01 1.895317408439819928e+01 1.895387900715136098e+01 1.895442379308052239e+01 1.895484759298916089e+01 1.895518005289926577e+01 1.895544351782138648e+01 1.895565466874754534e+01 1.895582581535594358e+01 1.895596592954684212e+01 1.895608145836809655e+01 1.895617694900144556e+01 1.895625552075266640e+01 1.895631921786781504e+01 1.895636927193810806e+01
2.184746048099874116e+01 2.184810757709303530e+01 2.184905523142501949e+01 2.185041008994564748e+01 2.185233412786384832e+01 2.185505579299054801e+01 2.185886502622801686e+01 2.186407739971830466e+01 2.187095930271790678e+01 2.187962484318262568e+01 2.188993937825908986e+01 2.190147810385668237e+01 2.191357516695179442e+01 2.192545930545032462e+01 2.193642749225750066e+01 2.194598787920743632e+01 2.195392148245684893e+01 2.196025528808300464e+01 2.196517877601588253e+01 2.196894975618425150e+01 2.197182341250335469e+01 2.197401570078839939e+01 2.197569450889924525e+01 2.197698562229667374e+01 2.197798285101207938e+01 2.197875688004484829e+01 2.197936148854839189e+01 2.197983766157683760e+01 2.198021644297556065e+01 2.198052109957532352e+01 2.198076885803545366e+01 2.198097230849881356e+01 2.198114051699305094e+01 2.198127988592970183e+01 2.198139480765323128e+01 2.198148815567203229e+01 2.198156165195859302e+01
2.486752716362992288e+01 2.486838751196151875e+01 2.486964030444177354e+01 2.487141772544267937e+01 2.487391898321642003e+01 2.487742322741937784e+01 2.488228293732128549e+01 2.488888008164554577e+01 2.489753542518095841e+01 2.490838391217742043e+01 2.492125822865914841e+01 2.493563890539787309e+01 2.495071370542543576e+01 2.496554151893987239e+01 2.497926233751571345e+01 2.499127051164509083e+01 2.500129026140430000e+01 2.500934440851727913e+01 2.501565463720784521e+01 2.502052839313586219e+01 2.502427320957584556e+01 2.502715199103563393e+01 2.502937151232927704e+01 2.503108873733899031e+01 2.503242229324676416e+01 2.503346262396641464e+01 2.503427919166378501e+01 2.503492531380649666e+01 2.503544160029168353e+01 2.503585862561730835e+01 2.503619911332078374e+01 2.503647972316969827e+01 2.503671247994525828e+01 2.503690588672248296e+01 2.503706577615234252e+01 2.503719595455357094e+01 2.503729868659616642e+01
2.792112244065553028e+01 2.792222535448631859e+01 2.792382196228880176e+01 2.792606928231477781e+01 2.792920199311681628e+01 2.793354663697332185e+01 2.793951319226102470e+01 2.794754374047190737e+01 2.795800727509206496e+01 2.797105565086305745e+01 2.798648921664149825e+01 2.800369936179602348e+01 2.802173721958777364e+01 2.803950306605822007e+01 2.805598916328683501e+01 2.807048066501869243e+01 2.808264414421313049e+01 2.809249306417940772e+01 2.810027399219217159e+01 2.810633678674230751e+01 2.811103567663747782e+01 2.811467695111590004e+01 2.811750460589637512e+01 2.811970649115710685e+01 2.812142658044511734e+01 2.812277599758818170e+01 2.812384092408978731e+01 2.812468800829750393e+01 2.812536831399792803e+01 2.812592047376596938e+01 2.812637331824697640e+01 2.812674805586438609e+01 2.812706003217051176e+01 2.812732011186238168e+01 2.812753574368482390e+01 2.812771177221627994e+01 2.812785105320041268e+01
3.101126157114462956e+01 3.101263872939239974e+01 3.101462081146151206e+01 3.101738885793712797e+01 3.102121119367286184e+01 3.102645846259888884e+01 3.103359321840499163e+01 3.104311156248717651e+01 3.105542476171025257e+01 3.107069773252474576e+01 3.108869867384160202e+01 3.110873494557196395e+01 3.112973019722690182e+01 3.115043668706302071e+01 3.116970773139558304e+01 3.118672373216531568e+01 3.120109293379753979e+01 3.121281465006567757e+01 3.122215348927270995e+01 3.122949490921508087e+01 3.123523443439770730e+01 3.123971825918427214e+01 3.124322588583484261e+01 3.124597563495848718e+01 3.124813720904641556e+01 3.124984319879570904e+01 3.125119743701999653e+01 3.125228083002099666e+01 3.125315574024606136e+01 3.125386958630212320e+01 3.125445790654753608e+01 3.125494693389658707e+01 3.125535569532224045e+01 3.125569767563876411e+01 3.125598211032801643e+01 3.125621497923304304e+01 3.125639976582563051e+01
3.414026494257596056e+01 3.414194974697024776e+01 3.414436107238006457e+01 3.414770307531199478e+01 3.415227590234276533e+01 3.415849116002712549e+01 3.416685938666826416e+01 3.417792508233391402e+01 3.419213630222080980e+01 3.420966742862128740e+01 3.423025452330148966e+01 3.425312533802080139e+01 3.427708409171945902e+01 3.430074442780819766e+01 3.432282857427567535e+01 3.434241623635152507e+01 3.435905685360347661e+01 3.437273144645789813e+01 3.438371664514276915e+01 3.439242743774284605e+01 3.439929575592233846e+01 3.440470446096134083e+01 3.440896686726276243e+01 3.441233123211983269e+01 3.441499319291162351e+01 3.441710741418830111e+01 3.441879615816698390e+01 3.442015539811625047e+01 3.442125955580135610e+01 3.442216550667269814e+01 3.442291605919174202e+01 3.442354292021897777e+01 3.442406913882437891e+01 3.442451106113102810e+01 3.442487986305798131e+01 3.442518273891474223e+01 3.442542381744497959e+01
3.731009490617643110e+01 3.731212217594305969e+01 3.731500821165982984e+01 3.731897929804650005e+01 3.732436561655888596e+01 3.733161682349805233e+01 3.734128729908252353e+01 3.735396493789175310e+01 3.737012971322968724e+01 3.738996222447060802e+01 3.741316622789675250e+01 3.743889346444066746e+01 3.746583544233774887e+01 3.749247511602759886e+01 3.751741031254623238e+01 3.753962356722121285e+01 3.755860523235301685e+01 3.757431463132624572e+01 3.758703536792280886e+01 3.759720678953114970e+01 3.760529298428456713e+01 3.761171057067092249e+01 3.761680505055310419e+01 3.762085398730763330e+01 3.762407898416813623e+01 3.762665719634367889e+01 3.762872992287455531e+01 3.763040887509813359e+01 3.763178119006519751e+01 3.763291379392758529e+01 3.763385727125559299e+01 3.763464920982065109e+01 3.763531698753691757e+01 3.763588002382110176e+01 3.763635156173545226e+01 3.763674006302906605e+01 3.763705029314442640e+01
4.052260327395944017e+01 4.052500920073453017e+01 4.052841705149444351e+01 4.053307418565147202e+01 4.053933909324076978e+01 4.054769682466435654e+01 4.055874194637505070e+01 4.057310140444332802e+01 4.059128287724664119e+01 4.061347030957887227e+01 4.063933480839334322e+01 4.066795485030894497e+01 4.069791456093992110e+01 4.072757257553990229e+01 4.075540775526405923e+01 4.078030839517232664e+01 4.080170562636944709e+01 4.081953439190612443e+01 4.083408119419703297e+01 4.084580548653360665e+01 4.085519993117705440e+01 4.086271235847422645e+01 4.086871893879029471e+01 4.087352584581815762e+01 4.087738052886114559e+01 4.088048287577110784e+01 4.088299366590358375e+01 4.088504088142894943e+01 4.088672492034018546e+01 4.088812326755162019e+01 4.088929472293582990e+01 4.089028310881673889e+01 4.089112039428226808e+01 4.089182924508929062e+01 4.089242506236888630e+01 4.089291759427392492e+01 4.089331220148399382e+01
4.377968535125638283e+01 4.378250763227518405e+01 4.378648621810605590e+01 4.379188844068855957e+01 4.379909944691028301e+01 4.380863728832359527e+01 4.382113354197620936e+01 4.383725050518903998e+01 4.385751998380139582e+01 4.388212676147002611e+01 4.391070878660456600e+01 4.394227320311110674e+01 4.397530074200500394e+01 4.400803057930988871e+01 4.403882681054289350e+01 4.406648579779975705e+01 4.409037940048654036e+01 4.411041613142966611e+01 4.412688220588970012e+01 4.414025378642996600e+01 4.415104916818262382e+01 4.415974521695765986e+01 4.416674738519877508e+01 4.417238973284763404e+01 4.417694532130914808e+01 4.418063686800151402e+01 4.418364493247314329e+01 4.418611417318046364e+01 4.418815868781089051e+01 4.418986694023389816e+01 4.419130631244743768e+01 4.419252715417304245e+01 4.419356623530423889e+01 4.419444959367665149e+01 4.419519483561042961e+01 4.419581297318902813e+01 4.419630988129511451e+01
4.708336355670879669e+01 4.708664164452135736e+01 4.709124202882598809e+01 4.709745088143416325e+01 4.710567843898861184e+01 4.711647361741190565e+01 4.713050227990409269e+01 4.714845896897528377e+01 4.717089662201318134e+01 4.719799868571934098e+01 4.722936928468098472e+01 4.726394540970081692e+01 4.730010714732741661e+01 4.733597766959653796e+01 4.736980933718685094e+01 4.740030826133958186e+01 4.742678699050362923e+01 4.744912607433030871e+01 4.746760902091420320e+01 4.748272606476620439e+01 4.749501877935590244e+01 4.750499124736547429e+01 4.751307697007836595e+01 4.751963717850495783e+01 4.752497023847442392e+01 4.752932168399841828e+01 4.753289203702081522e+01 4.753584292661787458e+01 4.753830248981616080e+01 4.754037050320692970e+01 4.754212322247017397e+01 4.754361775120445088e+01 4.754489581003647203e+01 4.754598687972220716e+01 4.754691076747916867e+01 4.754767967815380558e+01 4.754829987356133358e+01
5.043582963894701976e+01 5.043960507123016157e+01 5.044488088734269837e+01 5.045196095419814242e+01 5.046127912455215636e+01 5.047341328812149897e+01 5.048906128594772014e+01 5.050894733639205469e+01 5.053364303036954652e+01 5.056332858966285215e+01 5.059757349940683469e+01 5.063524509145793928e+01 5.067462443279539741e+01 5.071372086119640699e+01 5.075067694218016356e+01 5.078410959803935043e+01 5.081327196737192509e+01 5.083801549999469671e+01 5.085861921195932922e+01 5.087558542617706081e+01 5.088947716490652340e+01 5.090082424972439412e+01 5.091008716680953938e+01 5.091765364608826872e+01 5.092384701526126634e+01 5.092893553682426244e+01 5.093313978614367699e+01 5.093663856351029295e+01 5.093957429510132329e+01 5.094205832050194260e+01 5.094417598378060319e+01 5.094599129799620130e+01 5.094755101847029977e+01 5.094888807771478412e+01 5.095002442080503613e+01 5.095097331835734167e+01 5.095174123899013807e+01
5.383946834867801812e+01 5.384378514099077506e+01 5.384979309223666633e+01 5.385781262560785621e+01 5.386829983867941252e+01 5.388185994161044334e+01 5.389922082820246629e+01 5.392113430547180286e+01 5.394818859613979356e+01 5.398055905369844254e+01 5.401777955901485484e+01 5.405864765134922578e+01 5.410134597894664665e+01 5.414377103793631818e+01 5.418395651889024833e+01 5.422043060142902249e+01 5.425238679054140789e+01 5.427964658456889424e+01 5.430248323686070933e+01 5.432140973053748212e+01 5.433700917331989899e+01 5.434983597009489387e+01 5.436037670965098556e+01 5.436904502103658388e+01 5.437618885073926123e+01 5.438209905788021103e+01 5.438701629557198203e+01 5.439113665870772252e+01 5.439461703185627073e+01 5.439758048776684518e+01 5.440012159581181805e+01 5.440231135930240924e+01 5.440420158051848887e+01 5.440582858384279774e+01 5.440721632335858970e+01 5.440837894568834088e+01 5.440932288678337869e+01
5.729687616854722876e+01 5.730178126332110367e+01 5.730858168677009701e+01 5.731761330304822621e+01 5.732935319514911754e+01 5.734443247146944600e+01 5.736360750962980859e+01 5.738765605374179302e+01 5.741718133913654754e+01 5.745235241253661940e+01 5.749266643317627512e+01 5.753685042986437281e+01 5.758298828904792543e+01 5.762886356720637338e+01 5.767240103670710738e+01 5.771203996513143863e+01 5.774691381691534531e+01 5.777681347564766412e+01 5.780200557111693627e+01 5.782301278861989147e+01 5.784043737267863605e+01 5.785485746121685935e+01 5.786678505416128360e+01 5.787665917631184698e+01 5.788485207826119705e+01 5.789167706713836026e+01 5.789739485292614773e+01 5.790221888621163515e+01 5.790632060728812291e+01 5.790983491557963703e+01 5.791286566433228700e+01 5.791549084971941141e+01 5.791776725630932532e+01 5.791973446547135751e+01 5.792141823894060337e+01 5.792283334018182472e+01 5.792398586747608391e+01
6.081088132369981025e+01 6.081642509207522806e+01 6.082408258156771552e+01 6.083420402268622240e+01 6.084728634689864890e+01 6.086398536733570808e+01 6.088508471255962462e+01 6.091138681107301522e+01 6.094350865001701578e+01 6.098161170108021878e+01 6.102515512445742019e+01 6.107279416488699297e+01 6.112251271665378738e+01 6.117198026929283117e+01 6.121901170753101695e+01 6.126195659530776538e+01 6.129988771431555961e+01 6.133256477688168928e+01 6.136024725129195900e+01 6.138346696632528676e+01 6.140284472598664678e+01 6.141898184112720571e+01 6.143241522868419224e+01 6.144360892144518971e+01 6.145295921156896668e+01 6.146080171147623616e+01 6.146741714043816529e+01 6.147303631671300650e+01 6.147784526968248286e+01 6.148199074568726274e+01 6.148558586184685737e+01 6.148871552873784196e+01 6.149144136693213625e+01 6.149380599916504053e+01 6.149583671477681435e+01 6.149754855936826914e+01 6.149894691730297325e+01
