FastScape_5Ma_1mmyr_mp5_n1_k5Minus5_10kyrTimeStep_30mRes_6kmBy6Km.txt
nrows 200
cellsize 30.0
xllcorner 0.0
ncols 200
yllcorner 0.0
[rows 102 to 118 of 200, columns 37 to 73 of 200]
2.956017107931863848e+02 2.997380815602007829e+02 3.039858696811439245e+02 3.083565597990266269e+02 3.128594935804882766e+02 3.175063081863281127e+02 3.223053201683196676e+02 3.272596648172544178e+02 3.323655630376961767e+02 3.376070038048268884e+02 3.429369192650634091e+02 3.482578503109064059e+02 3.534272395433026190e+02 3.582811157622266478e+02 3.626363598082041904e+02 3.662712528520490309e+02 3.689267259559505305e+02 3.704149803221798720e+02 3.708893982638088573e+02 3.706351208592778903e+02 3.695730517252115419e+02 3.673592636824102442e+02 3.640853872991823437e+02 3.599812093423299757e+02 3.552597224884116827e+02 3.501140967840173630e+02 3.447251363414813454e+02 3.392560417195074933e+02 3.338340268602283345e+02 3.285381050408391275e+02 3.234054329902706968e+02 3.184476519609515890e+02 3.136639319492141453e+02 3.090470244673010711e+02 3.045846061326244580e+02 3.002598978298798329e+02 2.960892226406423333e+02
2.895929096117988593e+02 2.937493393475964467e+02 2.980396397404611548e+02 3.024733344068399106e+02 3.070645795732527290e+02 3.118272000074551897e+02 3.167720964789302229e+02 3.219054960620628663e+02 3.272239781654908484e+02 3.326965146897368868e+02 3.382454718875592903e+02 3.437506219189435228e+02 3.490708048144633722e+02 3.540453855118599336e+02 3.584755620128850069e+02 3.621222943763671083e+02 3.647286711900227374e+02 3.661366679958155714e+02 3.665670296851665739e+02 3.663023367459002202e+02 3.652482188612601135e+02 3.630169628133941728e+02 3.596910373678669544e+02 3.555044049217827364e+02 3.506753742260298168e+02 3.453961234003192544e+02 3.398378647599257079e+02 3.341580892218206031e+02 3.284963915606481351e+02 3.229577417438048883e+02 3.176017686056451907e+02 3.124495217369901070e+02 3.074992329403885947e+02 3.027383349821263891e+02 2.981487365822144397e+02 2.937050819712139855e+02 2.894156476981485184e+02
2.837859126615527430e+02 2.879907475092416576e+02 2.923295548861018460e+02 2.968296786619710588e+02 3.015120808328860562e+02 3.063946048772761515e+02 3.114918468603070210e+02 3.168110394226122821e+02 3.223352779680070626e+02 3.280052558204463367e+02 3.337223588658525841e+02 3.393684895114112692e+02 3.448068335254935732e+02 3.498632518482563114e+02 3.543240988911733780e+02 3.579528624200908098e+02 3.605027544816350655e+02 3.618352702839082440e+02 3.622227758315961523e+02 3.619469110151594009e+02 3.608999633880395663e+02 3.586562605730119913e+02 3.552897413005679823e+02 3.510377253816509437e+02 3.461219337706055512e+02 3.407382992659194656e+02 3.350558291754336437e+02 3.292217963471904341e+02 3.233696214694350033e+02 3.176156102315231919e+02 3.120437448080133436e+02 3.066961862853959246e+02 3.015800386169913736e+02 2.966820297179992281e+02 2.919785801135692509e+02 2.874363718338858575e+02 2.830413342910130723e+02
2.782612096001018926e+02 2.824957339964536231e+02 2.868797372732827284e+02 2.914492559878357838e+02 2.962284549854850297e+02 3.012389292204802587e+02 3.064966354564421636e+02 3.119966492707156931e+02 3.176959430488237217e+02 3.235158959295670797e+02 3.293605090617089104e+02 3.351166615928464694e+02 3.406357779161498911e+02 3.457307057536180537e+02 3.501912363586213814e+02 3.537902096804108396e+02 3.562833409172526444e+02 3.575441428473399696e+02 3.578902893840147499e+02 3.576022402843765917e+02 3.565610380070648944e+02 3.543084588652374123e+02 3.509107427357275242e+02 3.466077109738934610e+02 3.416239855785442501e+02 3.361576696510451825e+02 3.303803058869449956e+02 3.244361146138098775e+02 3.184480812473415199e+02 3.125262153253528936e+02 3.067650300076127792e+02 3.012297002970649373e+02 2.959476063653996789e+02 2.909148751032751079e+02 2.861101889121140971e+02 2.814960003749187649e+02 2.770511135518797801e+02
2.730314006265247713e+02 2.772690681589583050e+02 2.816998729425835108e+02 2.863451934124884133e+02 2.912305752510383172e+02 2.963784453605733802e+02 3.017935960289276522e+02 3.074469426715657505e+02 3.132776691341828155e+02 3.192100591368321147e+02 3.251534462828375354e+02 3.309844055106764813e+02 3.365428938299249921e+02 3.416458122968642215e+02 3.460924858869763057e+02 3.496575482836557285e+02 3.520941693788627163e+02 3.532876117583477367e+02 3.535941529182899217e+02 3.532929286635328481e+02 3.522556003174136094e+02 3.499964215498695808e+02 3.465748967371478670e+02 3.422327800612604278e+02 3.371969624951466358e+02 3.316674144118094318e+02 3.258168160998295662e+02 3.197909413309991464e+02 3.137091737660967397e+02 3.076711758326713380e+02 3.017652791687747822e+02 2.960665474077429735e+02 2.906242415588030212e+02 2.854545981735157056e+02 2.805480718700293323e+02 2.758875694003600074e+02 2.714533403091863306e+02
2.680246237735086652e+02 2.722998785048939112e+02 2.767906483885921034e+02 2.815238156767995292e+02 2.865263032889330361e+02 2.918104771885112996e+02 2.973588109534440491e+02 3.031258227039546114e+02 3.090537324091883420e+02 3.150722945945448146e+02 3.210817637816633692e+02 3.269485845785500828e+02 3.325172342055937520e+02 3.376142955989968186e+02 3.420412980284177138e+02 3.455697861493536038e+02 3.479518941279860087e+02 3.490828928388402801e+02 3.493519773061586307e+02 3.490365942940954369e+02 3.480007812178804443e+02 3.457359741466922856e+02 3.422960715288755296e+02 3.379244133251236235e+02 3.328496932160779238e+02 3.272732424538450005e+02 3.213686561860492930e+02 3.152819832000415659e+02 3.091333998038301161e+02 3.030186509030565958e+02 2.970159940637935847e+02 2.911944794949020547e+02 2.856124488330272015e+02 2.803062454466310669e+02 2.752844007919500200e+02 2.705364724810273742e+02 2.660527918381617951e+02
2.632590338973524808e+02 2.675881981643026393e+02 2.721529500003939575e+02 2.769860316742913824e+02 2.821062292319566609e+02 2.875054946489588588e+02 2.931511938187741748e+02 2.990008886615195820e+02 3.050022314767638818e+02 3.110769087919388198e+02 3.171161835721657667e+02 3.229913322907790416e+02 3.285566157643079350e+02 3.336413669508033877e+02 3.380446686185293856e+02 3.415364277742565378e+02 3.438676494406085453e+02 3.449419987040559477e+02 3.451762328637731230e+02 3.448455547853143344e+02 3.438081275228197455e+02 3.415371723877967156e+02 3.380823362495917763e+02 3.336884058445544952e+02 3.285854779822430487e+02 3.229757887567081411e+02 3.170333722587384386e+02 3.109043663359327070e+02 3.047085625596350269e+02 2.985419430659415525e+02 2.924786999012971478e+02 2.865781411522705184e+02 2.808925973351632024e+02 2.754660452623041351e+02 2.703234268282287758e+02 2.654651742679591848e+02 2.608714394569162209e+02
2.587473485439862770e+02 2.631350677453013418e+02 2.677840022716719091e+02 2.727183170099066274e+02 2.779376310359651256e+02 2.834197554403222625e+02 2.891349506962960731e+02 2.950460147106470004e+02 3.010933395963525072e+02 3.071905576895383660e+02 3.132339001991159080e+02 3.191043976509249660e+02 3.246596070330259067e+02 3.297272870910475717e+02 3.341055308973961360e+02 3.375627049744507531e+02 3.398486129265410796e+02 3.408733860411145997e+02 3.410759640933160881e+02 3.407283852736088079e+02 3.396848614717943065e+02 3.374053464493293291e+02 3.339369312579521534e+02 3.295258498804594183e+02 3.244031862388528111e+02 3.187715555588494567e+02 3.128049452418441660e+02 3.066491431358310820e+02 3.004234192782427613e+02 2.942229325721141322e+02 2.881217493098753266e+02 2.821751106488216010e+02 2.764260132705654200e+02 2.709124153266982944e+02 2.656653729139177926e+02 2.606972870691668049e+02 2.559911640206724428e+02
2.544784729734451219e+02 2.589323128791993440e+02 2.636670058043345080e+02 2.686863393994847229e+02 2.739758716249919530e+02 2.795159069792401283e+02 2.852815901016634257e+02 2.912290787888194927e+02 2.972914577192172487e+02 3.033872890671813138e+02 3.094223463837075769e+02 3.152813433977655109e+02 3.208211155321112642e+02 3.258693378869634216e+02 3.302234532998002123e+02 3.336506413680667720e+02 3.358992333102549424e+02 3.368834886152902754e+02 3.370584829079776910e+02 3.366914083649173790e+02 3.356348889434885336e+02 3.333418112907411910e+02 3.298589363063447877e+02 3.254338790256275047e+02 3.202980898216428614e+02 3.146538707748595698e+02 3.086745781662090735e+02 3.025052145398423136e+02 2.962641767480864701e+02 2.900457388954629891e+02 2.839229201781645884e+02 2.779506752209806564e+02 2.721681723900213683e+02 2.666048910756863393e+02 2.612869261365493685e+02 2.562347678851945147e+02 2.514419936494810486e+02
2.504302085322273399e+02 2.549586266468229780e+02 2.597668319826346419e+02 2.648458059612758575e+02 2.701834465139534700e+02 2.757645754381659913e+02 2.815581852704288508e+02 2.875137187758037385e+02 2.935690126862466514e+02 2.996517864948714873e+02 3.056716544780758795e+02 3.115132283893871090e+02 3.170340441784150585e+02 3.220621828640682907e+02 3.263951908780585427e+02 3.297996054076024848e+02 3.320221193845200105e+02 3.329781909601566099e+02 3.331312242622975077e+02 3.327403002948152562e+02 3.316593299611114389e+02 3.293440562871518296e+02 3.258435285073882142e+02 3.214061518215325464e+02 3.162625162592831316e+02 3.106136278936331223e+02 3.046315173097282809e+02 2.984599423778589653e+02 2.922161262608354377e+02 2.859932169360900502e+02 2.798631932891826182e+02 2.738799158035998289e+02 2.680823047493446438e+02 2.624965642726110673e+02 2.571420593438151627e+02 2.520377962286918887e+02 2.472058462511180323e+02
2.465873103091665257e+02 2.511814456279105059e+02 2.560410828612554610e+02 2.611602842507944047e+02 2.665312912831820427e+02 2.721332022871693539e+02 2.779287813499930166e+02 2.838719619198636792e+02 2.899092379466237048e+02 2.959721274295649778e+02 3.019704799527896739e+02 3.077900477581760015e+02 3.132894844701503416e+02 3.182981134737877369e+02 3.226146348117532625e+02 3.260061761934288711e+02 3.282182841796684443e+02 3.291643358339966312e+02 3.293042372010655754e+02 3.288817626886916514e+02 3.277563726544897236e+02 3.254047605158803549e+02 3.218817685219812574e+02 3.174330974745417393e+02 3.122863895687789864e+02 3.066399272287264353e+02 3.006636977975489913e+02 2.944998100176179037e+02 2.882640687952519443e+02 2.820483279981021951e+02 2.759233572041688376e+02 2.699419368729356279e+02 2.641419165728333383e+02 2.585492688230240788e+02 2.531802378287061117e+02 2.480471519417502577e+02 2.431660153925828070e+02
2.429235771424899042e+02 2.475618703877480868e+02 2.524554557066593361e+02 2.576019793660496475e+02 2.629881252590831195e+02 2.685871280301089996e+02 2.743659372635560771e+02 2.802865965613894446e+02 2.862992389648306926e+02 2.923357542611892086e+02 2.983072658102554442e+02 3.041008804186089947e+02 3.095769428583292324e+02 3.145668803568835301e+02 3.188721152380289254e+02 3.222626274856240229e+02 3.244862906998149015e+02 3.254512333441491592e+02 3.255929375372174377e+02 3.251318305852063872e+02 3.239142762488558560e+02 3.215102085040597331e+02 3.179594649831234960e+02 3.135022328558978870e+02 3.083577953444060427e+02 3.027207095397527041e+02 2.967583199420441247e+02 2.906109189614498973e+02 2.843927845545712216e+02 2.781943754005804408e+02 2.720851416193538626e+02 2.661166265494567256e+02 2.603255831936222080e+02 2.547368752571496486e+02 2.493661785176984722e+02 2.442215492719987537e+02 2.393072890342260450e+02
2.394004394621570100e+02 2.440673886448394683e+02 2.489839215703125319e+02 2.541415313798634088e+02 2.595212354544083837e+02 2.651001318550106589e+02 2.708527405155259657e+02 2.767445446663765551e+02 2.827260964708215170e+02 2.887305467695748007e+02 2.946703383421954072e+02 3.004341867270954367e+02 3.058844506974086244e+02 3.108554595040803861e+02 3.151526787996892267e+02 3.185543634533206045e+02 3.208147471381964806e+02 3.218552647650580525e+02 3.220307449859532767e+02 3.215225445032128846e+02 3.201238139586998841e+02 3.176256117604184510e+02 3.140588020018106477e+02 3.095984784991078413e+02 3.044639948513632248e+02 2.988434615988024348e+02 2.929023947351161610e+02 2.867793897800988816e+02 2.805873277364553928e+02 2.744152605730351979e+02 2.683312344583210916e+02 2.623854373970758616e+02 2.566133751905137501e+02 2.510388473788247268e+02 2.456765373545593150e+02 2.405340325062597344e+02 2.356125955485726422e+02
2.359855511700373256e+02 2.406740171369287680e+02 2.455995451989943490e+02 2.507486687816373774e+02 2.561061307967667062e+02 2.616561455513761985e+02 2.673764870172303745e+02 2.732330872439017071e+02 2.791777264188758068e+02 2.851447974911409347e+02 2.910481524031160347e+02 2.967780883378925978e+02 3.021990399377420999e+02 3.071478139032672061e+02 3.114366908996594816e+02 3.148458487493805364e+02 3.171884660024082905e+02 3.184020419047711812e+02 3.186535245029003818e+02 3.180961537117433409e+02 3.164428297417522913e+02 3.137511594768358805e+02 3.101483032897842236e+02 3.057095270466944044e+02 3.005923652182458454e+02 2.949961926576407905e+02 2.890832166097693516e+02 2.829916585674293970e+02 2.768331980953946641e+02 2.706955669534851836e+02 2.646453240330088192e+02 2.587311593019114753e+02 2.529871832978630550e+02 2.474360026218517419e+02 2.420914656615460387e+02 2.369611282449056660e+02 2.320485384228565522e+02
2.326607023219436314e+02 2.373585140489473986e+02 2.422750789211219740e+02 2.474010450508157533e+02 2.527279912031594620e+02 2.582432362395274481e+02 2.639250315761673846e+02 2.697405223622091057e+02 2.756427053824862128e+02 2.815672853343741622e+02 2.874294306176847726e+02 2.931209020874100588e+02 2.985072282286643031e+02 3.034292177950684959e+02 3.076910180169066393e+02 3.111277297227575787e+02 3.136411285924732510e+02 3.150901561958281150e+02 3.154235599714294835e+02 3.148535561658752044e+02 3.130090308831078687e+02 3.100463747541554085e+02 3.062718768007243284e+02 3.018157371421006587e+02 2.967352158932913540e+02 2.911676072037292897e+02 2.852888269249710902e+02 2.792345934092649600e+02 2.731163806911142728e+02 2.670205329001882433e+02 2.610120172411374142e+02 2.551378212598152118e+02 2.494304477893192882e+02 2.439110927729841762e+02 2.385924403773764482e+02 2.334811098801788205e+02 2.285801007010549313e+02
2.294080640600634808e+02 2.340971895231151905e+02 2.389905815406775673e+02 2.440853422164283870e+02 2.493759209679677440e+02 2.548500873862075196e+02 2.604872790179355206e+02 2.662558679320988517e+02 2.721101739197762299e+02 2.779871795667164065e+02 2.838033390211600135e+02 2.894510478367693622e+02 2.947989551686714549e+02 2.996776401060234889e+02 3.039464919890877468e+02 3.075294617208077170e+02 3.102833844104143282e+02 3.119100563227749490e+02 3.122702593908898621e+02 3.117050254887505503e+02 3.098084719272261509e+02 3.066467552427943133e+02 3.025947958368724358e+02 2.979673955679489268e+02 2.928746811605497555e+02 2.873503610023607848e+02 2.815074357575619501e+02 2.754955441476380997e+02 2.694232075828440429e+02 2.633759203672803437e+02 2.574166855069587427e+02 2.515905125521524326e+02 2.459280208244373966e+02 2.404487664875640291e+02 2.351640323025510781e+02 2.300790666101597424e+02 2.251947008736546820e+02
2.262060743987260309e+02 2.308719878171365849e+02 2.357341534898698114e+02 2.407917933961689698e+02 2.460395826097844463e+02 2.514663709579332362e+02 2.570528133912765156e+02 2.627686569302038606e+02 2.685695892411409886e+02 2.743939587074776796e+02 2.801588636704894384e+02 2.857596871908419303e+02 2.910544735141251067e+02 2.959299294753306526e+02 3.003382507018494607e+02 3.041625947860392216e+02 3.071032722885224757e+02 3.088003552441925876e+02 3.091778642120464156e+02 3.086223465315877661e+02 3.067279153393134266e+02 3.035054558118847581e+02 2.992439411369589379e+02 2.943290738422335266e+02 2.890607327098051655e+02 2.835252293969205653e+02 2.777301854513966646e+02 2.717614405140882354e+02 2.657402063289178500e+02 2.597477586835597663e+02 2.538452530499031354e+02 2.480751499555772455e+02 2.424658581561698441e+02 2.370350661125247029e+02 2.317925819220951666e+02 2.267425635675538445e+02 2.218849398232608507e+02
