Fastscape_5Myr_100yrTimeStep_onemmyrk_1e-05_m_0.5_n_1.0_LinDiffusion_0.05_15x7km_30mRes.txt
nrows 250
cellsize 30.0
xllcorner 0.0
ncols 500
yllcorner 0.0
[rows 51 to 67 of 250, columns 185 to 221 of 500]
1.170678921241368926e+03 1.150299676465301673e+03 1.161270094745768120e+03 1.183672777122048956e+03 1.201317855381998470e+03 1.208739653939474920e+03 1.207460567372432706e+03 1.193821689673133505e+03 1.170703936922777302e+03 1.141522848383247947e+03 1.109343274344422298e+03 1.070864633193772079e+03 1.029382367357151907e+03 1.047071378949204473e+03 1.061930450547966075e+03 1.073676956853457568e+03 1.101158648321447799e+03 1.129563023861595411e+03 1.158973436227545108e+03 1.189496629848701559e+03 1.221249869368631835e+03 1.254361746876251573e+03 1.288978071860862428e+03 1.325264270958230327e+03 1.363396269495003480e+03 1.403535672293659673e+03 1.445786301856307318e+03 1.490128990265089669e+03 1.536331874868293880e+03 1.583835895794689577e+03 1.631621186572574288e+03 1.678070987795494148e+03 1.720866547949607366e+03 1.756969584959809708e+03 1.782777057161172024e+03 1.794555373758878659e+03 1.789240432124005110e+03
1.142326036689106559e+03 1.124766922257382475e+03 1.113381671162285329e+03 1.145226520409084287e+03 1.166183458790962959e+03 1.179566818331803915e+03 1.180097642018540000e+03 1.170556409705120359e+03 1.150076325460350745e+03 1.123214046985749064e+03 1.092178710377648258e+03 1.058696569330732245e+03 1.017773404785753542e+03 1.033450444512591957e+03 1.045302882323691165e+03 1.071812447110547055e+03 1.099218414689295741e+03 1.127580993704253615e+03 1.156980722422748158e+03 1.187515929712081515e+03 1.219303473827447306e+03 1.252478497768074249e+03 1.287194447290706876e+03 1.323619575491549313e+03 1.361925105650856494e+03 1.402260444406805391e+03 1.444711039719704786e+03 1.489234655163675598e+03 1.535572742191626503e+03 1.583136363818425480e+03 1.630872084085046708e+03 1.677123822953598165e+03 1.719523421590767612e+03 1.754968149753532089e+03 1.779784109872140107e+03 1.790235929001120667e+03 1.783599859064785960e+03
1.113613128168017056e+03 1.095355434207687722e+03 1.079143892825655712e+03 1.110093670096831374e+03 1.135027064757868857e+03 1.149353152594341509e+03 1.150688960618457941e+03 1.144178636631014570e+03 1.126758584021674096e+03 1.102064276394715989e+03 1.073503714198683610e+03 1.041722505010902523e+03 1.006544206697655682e+03 1.019297228140983293e+03 1.044626640224274070e+03 1.070952994665405868e+03 1.098269585871485106e+03 1.126594372843340125e+03 1.155982365888132563e+03 1.186522521390750853e+03 1.218331484820590731e+03 1.251549205247166128e+03 1.286334925082923064e+03 1.322860171784062231e+03 1.361294598857888786e+03 1.401780114474050833e+03 1.444388513298077669e+03 1.489057950798243155e+03 1.535504650724699331e+03 1.583109143191725934e+03 1.630782261511464412e+03 1.676826367609662839e+03 1.718823123223879747e+03 1.753602219091016650e+03 1.777379201809790402e+03 1.786196945689470112e+03 1.778193407882256224e+03
1.085686614945921292e+03 1.066510024991373712e+03 1.049051143558320064e+03 1.080531861175716358e+03 1.104761293690060484e+03 1.118248658773478610e+03 1.119314620598929423e+03 1.114736960515657756e+03 1.099886126421012932e+03 1.077844445670160439e+03 1.052123484714971255e+03 1.025290603544497799e+03 9.965668729294803825e+02 1.019084144981544682e+03 1.044097297122334112e+03 1.070435600089440186e+03 1.097800317739887532e+03 1.126151377280117231e+03 1.155544379497758655e+03 1.186079040308635513e+03 1.217882653916376285e+03 1.251104019776042605e+03 1.285908815998850969e+03 1.322471683294374543e+03 1.360961022379722408e+03 1.401512244963908188e+03 1.444184846118717132e+03 1.488898709517286306e+03 1.535346150451636049e+03 1.582879202921519891e+03 1.630377622662973863e+03 1.676113137726965078e+03 1.717640614590044152e+03 1.751767653129217479e+03 1.774681239496568196e+03 1.782346616870375328e+03 1.772802522914142855e+03
1.058794970677462061e+03 1.039033848289672051e+03 1.020849572837459846e+03 1.051933777861131830e+03 1.075228095822970545e+03 1.085856488652128064e+03 1.085999910992521791e+03 1.081893479261255607e+03 1.069729558065381298e+03 1.049121733512830815e+03 1.025972778709505292e+03 1.003852219151691315e+03 9.870471567553369141e+02 1.015912355499086061e+03 1.043167633009079964e+03 1.070327905485605470e+03 1.097991160194751274e+03 1.126438395089540791e+03 1.155847312669616031e+03 1.186368026669477786e+03 1.218151053253335704e+03 1.251357218386114255e+03 1.286158597111068502e+03 1.322732105854676774e+03 1.361244177151714212e+03 1.401823287811610953e+03 1.444516215999842188e+03 1.489223794873423230e+03 1.535613070983842363e+03 1.583005926642598524e+03 1.630250343860272096e+03 1.675590561850590348e+03 1.716567202096307255e+03 1.749998524633711440e+03 1.772120953019949184e+03 1.779014068585691348e+03 1.769122971020495243e+03
1.033290713515059451e+03 1.012769390673079670e+03 9.940273750372201675e+02 1.024462489549321845e+03 1.045330863145162311e+03 1.052832759481961148e+03 1.051335833706504218e+03 1.046542598391273714e+03 1.035317502439196915e+03 1.015721013740126182e+03 9.930220724243516770e+02 9.717731994909690911e+02 9.941730240242002310e+02 1.019150217958154826e+03 1.045139533955899878e+03 1.071854872538368681e+03 1.099328673353556951e+03 1.127668641464435268e+03 1.157001029507413023e+03 1.187462235296417930e+03 1.219200521310028535e+03 1.252377495108965149e+03 1.287165952963161999e+03 1.323741803847065967e+03 1.362267333814023914e+03 1.402862301880632231e+03 1.445558796602298571e+03 1.490235887580226063e+03 1.536531487885732759e+03 1.583732298975252434e+03 1.630649153890605476e+03 1.675495355822314650e+03 1.715800248238473159e+03 1.748409393974613749e+03 1.769647745033489400e+03 1.775766478960884342e+03 1.765564251793619633e+03
1.009070193737226873e+03 9.879238354731232903e+02 9.684348605574748490e+02 9.972433563925790168e+02 1.015453110111650403e+03 1.019655854951181254e+03 1.016020740126817827e+03 1.009609444129587587e+03 9.971515960880328748e+02 9.771021290215421686e+02 9.534498296876959103e+02 9.756011426391341956e+02 9.986076431255083889e+02 1.022846216220680162e+03 1.048155507260511968e+03 1.074413172621659442e+03 1.101594871538766029e+03 1.129744523153535965e+03 1.158948434141880171e+03 1.189321809123936646e+03 1.221002539801021157e+03 1.254147188915553897e+03 1.288925363494818157e+03 1.325509205512075141e+03 1.364054593644655824e+03 1.404670229171249503e+03 1.447370501766789403e+03 1.492008418720586405e+03 1.538186609106389142e+03 1.585148315339840792e+03 1.631657251929457061e+03 1.675885968575641300e+03 1.715347135878656218e+03 1.746920692883543779e+03 1.767053592226132878e+03 1.772258437337732630e+03 1.762029955165250385e+03
9.860358483693183871e+02 9.643679567490374893e+02 9.441358419675688083e+02 9.708106173174869582e+02 9.858288951360981400e+02 9.867143196681632844e+02 9.807847934021167475e+02 9.730883257442998229e+02 9.551720581531325251e+02 9.337533651495514277e+02 9.559813383492686398e+02 9.787215928064506443e+02 1.002101237499440458e+03 1.026314508725047972e+03 1.051427841775433762e+03 1.077463738888710850e+03 1.104453007361197251e+03 1.132452036677752176e+03 1.161545138720760406e+03 1.191842722338164322e+03 1.223478616412489828e+03 1.256606317746884997e+03 1.291392409714399264e+03 1.328004564975514995e+03 1.366590883331002942e+03 1.407246767213080830e+03 1.449965335404402140e+03 1.494567984636508299e+03 1.540613808777284703e+03 1.587291028336731642e+03 1.633301254266581964e+03 1.676758945124187221e+03 1.715143802679624514e+03 1.745362066481625789e+03 1.763991426125757471e+03 1.767802865295942865e+03 1.756905738695332730e+03
9.644470221877347740e+02 9.420460537541388248e+02 9.211796660793568208e+02 9.456264912606387725e+02 9.562612935614284879e+02 9.542371028460783009e+02 9.457270673925658002e+02 9.348956479234993822e+02 9.139577746478719291e+02 9.360886306071901117e+02 9.586756566791299292e+02 9.817354765042812232e+02 1.005369477876171572e+03 1.029695968991816017e+03 1.054809552057693054e+03 1.080785259046496776e+03 1.107694584054231655e+03 1.135618117948337840e+03 1.164652757857817960e+03 1.194914998467708074e+03 1.226541430602910168e+03 1.259686351270371006e+03 1.294515233563817219e+03 1.331191820183550362e+03 1.369855761628101845e+03 1.410587095388968464e+03 1.453353718517191510e+03 1.497938826137907199e+03 1.543847782152223544e+03 1.590198938578658954e+03 1.635611420415978273e+03 1.678115433933596478e+03 1.715127117407821743e+03 1.743549158784223209e+03 1.760077281004867700e+03 1.761802609859316590e+03 1.749981423744317681e+03
9.441953888578008218e+02 9.212046225364424572e+02 8.995375940075487051e+02 9.208164154279343165e+02 9.273475954200447404e+02 9.227497641940566382e+02 9.130628375109995432e+02 8.947656260176534033e+02 9.166542665459369346e+02 9.389982533186133651e+02 9.617587307032889612e+02 9.849880667814751405e+02 1.008766918301962733e+03 1.033189297451832545e+03 1.058348366514188228e+03 1.084333406172547029e+03 1.111234110211457164e+03 1.139146916368324582e+03 1.168180554949950874e+03 1.198459758700955490e+03 1.230126563972901295e+03 1.263338329491011109e+03 1.298260930521643331e+03 1.335054780690299140e+03 1.373850539436481540e+03 1.414710778167450371e+03 1.457573843604608783e+03 1.502177215742737417e+03 1.547960573059223634e+03 1.593954474486797380e+03 1.638669948973909641e+03 1.680017895377590094e+03 1.715304973591218641e+03 1.741375113879418905e+03 1.755003007287597939e+03 1.753767319627922689e+03 1.739936352912780649e+03
9.251787864171737965e+02 9.017580631224757326e+02 8.793075322324667695e+02 8.967639903952871236e+02 8.990547166606166911e+02 8.926220626041024389e+02 8.763859959350889994e+02 8.979635203040296574e+02 9.201272061928473249e+02 9.425850600776756210e+02 9.653920872872404289e+02 9.886510919175286745e+02 1.012461838840068253e+03 1.036917400454908147e+03 1.062107159960564559e+03 1.088120602917618271e+03 1.115051596751408852e+03 1.143002805117200523e+03 1.172089632009677644e+03 1.202443008007135177e+03 1.234210143759908988e+03 1.267551972439109932e+03 1.302635398391960507e+03 1.339617732796751625e+03 1.378619955276901237e+03 1.419684923876666289e+03 1.462716756993366516e+03 1.507398931736499662e+03 1.553092006238753129e+03 1.598718251044836961e+03 1.642650761249203015e+03 1.682639117835209390e+03 1.715820984356897270e+03 1.738883995843441198e+03 1.748446309842685196e+03 1.743539468586067414e+03 1.727066243239799405e+03
9.075927719288175695e+02 8.836983533733020977e+02 8.605901997472738003e+02 8.732367474218075358e+02 8.704700215083014427e+02 8.591293113760618780e+02 8.800597114165177572e+02 9.015492581298112782e+02 9.242790463100644729e+02 9.466216387264956893e+02 9.692173456626031793e+02 9.923116470105312601e+02 1.016021829379340716e+03 1.040427778000321950e+03 1.065603111460009586e+03 1.091626445674278102e+03 1.118586342811318673e+03 1.146584396235449731e+03 1.175737591204592491e+03 1.206179750991229184e+03 1.238061165841136926e+03 1.271544903903815339e+03 1.306797643684261857e+03 1.343972127663962738e+03 1.383177618827220840e+03 1.424434291004801025e+03 1.467607730432639300e+03 1.512321323590453630e+03 1.557848139059387449e+03 1.602991031309083610e+03 1.645971153520874168e+03 1.684361502063727130e+03 1.715122132833574142e+03 1.734807985416717884e+03 1.740013288362060166e+03 1.730929893067469948e+03 1.711728965829997378e+03
8.912028975409456280e+02 8.672803900265528227e+02 8.435865908015503010e+02 8.500668835658740363e+02 8.425269768418193053e+02 8.691997927392377505e+02 8.919057985748603414e+02 9.126870853747554975e+02 9.303035315311844897e+02 9.510829738993054434e+02 9.729814172868403830e+02 9.957415049799719782e+02 1.019287855384375234e+03 1.043619901715856031e+03 1.068774375284454209e+03 1.094811904695098292e+03 1.121812480767189982e+03 1.149874396924967641e+03 1.179114431501568561e+03 1.209667872418904835e+03 1.241686964638765630e+03 1.275335964128130854e+03 1.310780367635928314e+03 1.348167151421040671e+03 1.387592145961399183e+03 1.429050280183960240e+03 1.472364820649338071e+03 1.517093612316290319e+03 1.562414640037959998e+03 1.607001129722476435e+03 1.648909311822862264e+03 1.685521839731263981e+03 1.713618070097656755e+03 1.729666441969236985e+03 1.730399142838128000e+03 1.717216760132288300e+03 1.694387203313314785e+03
8.755656600789329786e+02 8.523100874780012646e+02 8.285830741424239250e+02 8.275233538667797575e+02 8.471890565806066888e+02 8.688277611995728194e+02 8.905148859406957627e+02 9.117765254382559306e+02 9.323929282550146809e+02 9.536443403901826059e+02 9.756497280196981592e+02 9.984226019423325624e+02 1.021970069387746889e+03 1.046315412714973036e+03 1.071501410750586274e+03 1.097589910414951646e+03 1.124661411968602806e+03 1.152815242932594629e+03 1.182169948071978979e+03 1.212863055881035507e+03 1.245048925250641105e+03 1.278892804514788850e+03 1.314558527644831656e+03 1.352186479707878789e+03 1.391857739487189974e+03 1.433539958330323543e+03 1.477011072480112716e+03 1.521759120365413764e+03 1.566861227577870750e+03 1.610853432570767154e+03 1.651617143765853825e+03 1.686331202861523479e+03 1.711578485041227168e+03 1.723758104348798270e+03 1.720045708507837389e+03 1.702900357092137256e+03 1.676532842274278210e+03
8.598228268371045715e+02 8.382132455320686404e+02 8.160045275134199301e+02 8.317146178393765013e+02 8.500754829902766687e+02 8.700269994042673716e+02 8.907985214128850657e+02 9.119448929925862330e+02 9.332807771576104869e+02 9.550330845045132264e+02 9.773476948075134487e+02 1.000312354329542131e+03 1.023989491417231079e+03 1.048436462425818263e+03 1.073716107089818479e+03 1.099902272610202317e+03 1.127083115610560753e+03 1.155363405210195197e+03 1.184866027046790350e+03 1.215732164806848459e+03 1.248118987589450626e+03 1.282192969062616157e+03 1.318116161769445171e+03 1.356021891015529263e+03 1.395975583713147898e+03 1.437916145235045633e+03 1.481573998009147090e+03 1.526364397855020115e+03 1.571259954284457308e+03 1.614655525512109307e+03 1.654253129986286694e+03 1.687016427439734343e+03 1.709277765338877998e+03 1.717123258300931639e+03 1.709275261898437520e+03 1.688485733972487651e+03 1.658747752629169099e+03
8.431068049270361371e+02 8.225108819260937025e+02 8.090235179372648417e+02 8.299344825629922298e+02 8.499137288625049678e+02 8.701074657564164454e+02 8.907877991140819631e+02 9.119403473258678332e+02 9.335144407002682101e+02 9.555466531171842917e+02 9.781039237104293989e+02 1.001259174487181895e+03 1.025085006303750333e+03 1.049654652024158395e+03 1.075045275356248794e+03 1.101341759920207778e+03 1.128640334161183091e+03 1.157051699593171634e+03 1.186703235909381419e+03 1.217739524044023938e+03 1.250319911960975105e+03 1.284611161489402093e+03 1.320772382878173175e+03 1.358928572335308445e+03 1.399128318269058809e+03 1.441281013793913871e+03 1.485069819150317699e+03 1.529839524096324567e+03 1.574464427133570553e+03 1.617211458928408547e+03 1.655628944133904952e+03 1.686512694803406930e+03 1.706032268567860456e+03 1.710158582227959414e+03 1.698360371862817829e+03 1.674576516871953118e+03 1.641908327206187778e+03
8.269928009465673995e+02 7.990222531429277524e+02 8.127818513952364583e+02 8.305423102397708135e+02 8.496718721425314698e+02 8.696680799707223741e+02 8.903410472534108067e+02 9.115788885888665618e+02 9.333084422350336808e+02 9.555113351478663617e+02 9.782241932378290130e+02 1.001513361300976158e+03 1.025456661595138257e+03 1.050135885554723927e+03 1.075636229748468850e+03 1.102048993344765222e+03 1.129475307973643112e+03 1.158029687974625631e+03 1.187842567248191244e+03 1.219060884026608619e+03 1.251845335303089541e+03 1.286362238141936587e+03 1.322767077623595696e+03 1.361175908533926076e+03 1.401620044149088471e+03 1.443979334467435137e+03 1.487890486058675833e+03 1.532630262932714004e+03 1.576980196937337041e+03 1.619090755752079531e+03 1.656379393588974381e+03 1.685518384778085192e+03 1.702596539698299011e+03 1.703598315968826682e+03 1.688628441265041602e+03 1.661507149713679155e+03 1.627061559049145217e+03
