Fastscape_5Myr_100yrTimeStep_onemmyrk_1e-05_m_0.5_n_1.0_LinDiffusion_0.05_15x7km_30mRes.txt
nrows 250
cellsize 30.0
xllcorner 0.0
ncols 500
yllcorner 0.0
[rows 0 to 16 of 250, columns 296 to 332 of 500]
0.000000000000000000e+00 0.000000000000000000e+00 0.000000000000000000e+00 0.000000000000000000e+00 0.000000000000000000e+00 0.000000000000000000e+00 0.000000000000000000e+00 0.000000000000000000e+00 0.000000000000000000e+00 0.000000000000000000e+00 0.000000000000000000e+00 0.000000000000000000e+00 0.000000000000000000e+00 0.000000000000000000e+00 0.000000000000000000e+00 0.000000000000000000e+00 0.000000000000000000e+00 0.000000000000000000e+00 0.000000000000000000e+00 0.000000000000000000e+00 0.000000000000000000e+00 0.000000000000000000e+00 0.000000000000000000e+00 0.000000000000000000e+00 0.000000000000000000e+00 0.000000000000000000e+00 0.000000000000000000e+00 0.000000000000000000e+00 0.000000000000000000e+00 0.000000000000000000e+00 0.000000000000000000e+00 0.000000000000000000e+00 0.000000000000000000e+00 0.000000000000000000e+00 0.000000000000000000e+00 0.000000000000000000e+00 0.000000000000000000e+00
2.374956090738358853e+03 2.397936917102572352e+03 2.417152402341936522e+03 2.430919125441816504e+03 2.437457855724255751e+03 2.435262307965729633e+03 2.425224610899982963e+03 2.409502873265730159e+03 2.389980582688595405e+03 2.368177123373980066e+03 2.345251070308445833e+03 2.322046935232109718e+03 2.299158504899671243e+03 2.276995299002077445e+03 2.255846588800443897e+03 2.235942034294298992e+03 2.217510403217931980e+03 2.200837892625568657e+03 2.186322912935159366e+03 2.174504915486556001e+03 2.165930644623531862e+03 2.160817818123709458e+03 2.158312419063334346e+03 2.157784204044204671e+03 2.158598952047580042e+03 2.160067821644354808e+03 2.161483515103677746e+03 2.162196917237055914e+03 2.161681154764325584e+03 2.159536697912096315e+03 2.155406890846537408e+03 2.148872247876270649e+03 2.140862738862851984e+03 2.132945631758995205e+03 2.126772705222624154e+03 2.122482645230246362e+03 2.120278843302288806e+03
2.362233727069302404e+03 2.386247389635076161e+03 2.406562170350032829e+03 2.421325837499990030e+03 2.428401438695388151e+03 2.425971742354391154e+03 2.414749732607915575e+03 2.397855232588216040e+03 2.377300139605625645e+03 2.354645671914959166e+03 2.331046743030921789e+03 2.307321582059173124e+03 2.284027157859455656e+03 2.261531098590218789e+03 2.240077045733848990e+03 2.219844163798232330e+03 2.201004106476593734e+03 2.183780815946152416e+03 2.168521346027725940e+03 2.155800327618783285e+03 2.146932867706133493e+03 2.142549376966809632e+03 2.140581071047532078e+03 2.140590529990775849e+03 2.141987178727954870e+03 2.144052300573904176e+03 2.146014445177268954e+03 2.147170961982745666e+03 2.146991301347917215e+03 2.145148127741044846e+03 2.141519052860826832e+03 2.134419486776448139e+03 2.125057882296285243e+03 2.115414782314579952e+03 2.109128195295266323e+03 2.104668916010768044e+03 2.102297192424951845e+03
2.340603573151984165e+03 2.366485120928929064e+03 2.388776688686488342e+03 2.405369935443258328e+03 2.411984221390633593e+03 2.409445366751530401e+03 2.396947688897024364e+03 2.377959918374092013e+03 2.355554173371786874e+03 2.331363945353506551e+03 2.306539189722641822e+03 2.281855072675485644e+03 2.257807484602283694e+03 2.234694070685663974e+03 2.212681612936008150e+03 2.191862598430714570e+03 2.172305813093482811e+03 2.154108641583361532e+03 2.137460875598242637e+03 2.122720677857511873e+03 2.114597163643631575e+03 2.110977698563559443e+03 2.109787427443497563e+03 2.110695720519553106e+03 2.113126654365793001e+03 2.116278314759151726e+03 2.119232018366932607e+03 2.121160836110905620e+03 2.121507094749795215e+03 2.119999251378257668e+03 2.116636807314925136e+03 2.109874554219874426e+03 2.097800616625337625e+03 2.085064118792193312e+03 2.078527647537338908e+03 2.073728264464427411e+03 2.071046736062941818e+03
2.313544964782444367e+03 2.342019959324616593e+03 2.367058024918286719e+03 2.384395369420746647e+03 2.390418358531722333e+03 2.387708204388154627e+03 2.373964888982392495e+03 2.353001905127253849e+03 2.328061324715234150e+03 2.301774995112528359e+03 2.275277178557143543e+03 2.249284187581935839e+03 2.224213849686207141e+03 2.200277095422477942e+03 2.177547697207683541e+03 2.156014649724748779e+03 2.135622016342900679e+03 2.116304263208765406e+03 2.098036848445727628e+03 2.080940129106174481e+03 2.073621684609430304e+03 2.070664385021495946e+03 2.070319311073872996e+03 2.072350259531897791e+03 2.076177462918537458e+03 2.080853036465604418e+03 2.085187917970749368e+03 2.088125902138855963e+03 2.089076368333577193e+03 2.087821418455294406e+03 2.084435557052319837e+03 2.077624875674283885e+03 2.063593681706045118e+03 2.046585258563675779e+03 2.039481993398468376e+03 2.034133938584759562e+03 2.031016205647875495e+03
2.284062994963073834e+03 2.315806807444386322e+03 2.342364531522905963e+03 2.360246799986103724e+03 2.365579112321082448e+03 2.362480720566693435e+03 2.347520579324379923e+03 2.324794602453624520e+03 2.297665492006709428e+03 2.268807678252106598e+03 2.240267634148513935e+03 2.212686024651306525e+03 2.186389529927427702e+03 2.161493689825118054e+03 2.137975605692865429e+03 2.115723220119777125e+03 2.094564234927735470e+03 2.074275057903171273e+03 2.054575481999502244e+03 2.035221846034474993e+03 2.027871237878845477e+03 2.025258751807107274e+03 2.025707700324039251e+03 2.028987606285640823e+03 2.034533612921179838e+03 2.041197912165405114e+03 2.047318559556896162e+03 2.051427008278339599e+03 2.052977280276947113e+03 2.051849614272436611e+03 2.048107566740354287e+03 2.040516162167558832e+03 2.024284822662073339e+03 2.003734427563289273e+03 1.995632181682023884e+03 1.989530772037834140e+03 1.985871783585954972e+03
2.254642294001762366e+03 2.288363693413922192e+03 2.316199660414356458e+03 2.334459509469540080e+03 2.339026769795316795e+03 2.335079559223914202e+03 2.318884274411291244e+03 2.294644387244014979e+03 2.265730599202464873e+03 2.234809083684787765e+03 2.203907240625032046e+03 2.174500892724999176e+03 2.146815318337132794e+03 2.120865945497268513e+03 2.096535845881362548e+03 2.073625374805964384e+03 2.051878451188883446e+03 2.030981007434452295e+03 2.010494202751688817e+03 1.989502033203247947e+03 1.979808805508573414e+03 1.977319925252448684e+03 1.978497274456660080e+03 1.983066459829979749e+03 1.990650167863427441e+03 1.999909768466646028e+03 2.008342856222139744e+03 2.013668101107035227e+03 2.015725789860639907e+03 2.014638966999227478e+03 2.010376851304114780e+03 2.000636162621594167e+03 1.982275906229560178e+03 1.958790690691498412e+03 1.949545353486395697e+03 1.942590867683527222e+03 1.938326127870795062e+03
2.225370741481646746e+03 2.260822564747318211e+03 2.289748955235980702e+03 2.308306334736301324e+03 2.312155489506113099e+03 2.306284069990185344e+03 2.288861884238427592e+03 2.263419146341785108e+03 2.233156661999730659e+03 2.200686624489125734e+03 2.168004670893465118e+03 2.136554998701379645e+03 2.107329766590798044e+03 2.080240841211043971e+03 2.055079225758060147e+03 2.031568328885742858e+03 2.009395004616638971e+03 1.988226561270999809e+03 1.967736197074560550e+03 1.947777923658717782e+03 1.929709315161275526e+03 1.928522753749913591e+03 1.930393203932573215e+03 1.936114007173100163e+03 1.946033285043075466e+03 1.958821547875758142e+03 1.970433147219789589e+03 1.976705194608172860e+03 1.979023142985012555e+03 1.977980858186927207e+03 1.974108146550626770e+03 1.958446344753473568e+03 1.939016541487163295e+03 1.913469737508218486e+03 1.902967502216146158e+03 1.895142850508255606e+03 1.890268812043293565e+03
2.197030781064017901e+03 2.234029293102705651e+03 2.263903127613111337e+03 2.282809756196049875e+03 2.286762635539818802e+03 2.275753558510224593e+03 2.257809205903810380e+03 2.231645708541072054e+03 2.200498397175454102e+03 2.166973834964279376e+03 2.133048844062545868e+03 2.100142122233713508e+03 2.069216438553105036e+03 2.040885066347162820e+03 2.014845703414412128e+03 1.990746225624200179e+03 1.968218583771786825e+03 1.946896697667249327e+03 1.926419433938169050e+03 1.906377801600028533e+03 1.885834176569720739e+03 1.880770431427122048e+03 1.882562269778586597e+03 1.888821642619457634e+03 1.901218441490433406e+03 1.919615874260823603e+03 1.936260401188446394e+03 1.941661443203763383e+03 1.943745981565693455e+03 1.942365662083498592e+03 1.937681694040097227e+03 1.920810492352999745e+03 1.895747863537081003e+03 1.869151369158328635e+03 1.856941297441537017e+03 1.848340918813121107e+03 1.842995526385207540e+03
2.170205765598729158e+03 2.208616701714152896e+03 2.239215429816391406e+03 2.258149359424987324e+03 2.261557310949399380e+03 2.249438347425867960e+03 2.226165236046845166e+03 2.199695810889247241e+03 2.168084386673628615e+03 2.133946956137132474e+03 2.099250702019708115e+03 2.065394799433467597e+03 2.033318584005389312e+03 2.003610892287986189e+03 1.976607774590696181e+03 1.951878095838288573e+03 1.928994717174756488e+03 1.907555383639530646e+03 1.887196534593773777e+03 1.867617499778003321e+03 1.848748678093456874e+03 1.832278201819973219e+03 1.835579849390053141e+03 1.841092551102115522e+03 1.861401663045618989e+03 1.884461663438411961e+03 1.901272210866956812e+03 1.908252735156959943e+03 1.910277580687313957e+03 1.908556590954585090e+03 1.901586272886934694e+03 1.883906658874717095e+03 1.858406835881246025e+03 1.827197337537926387e+03 1.811694287800315124e+03 1.802813690967576349e+03 1.797362172287369503e+03
2.145379933709774377e+03 2.185166074954914166e+03 2.216190965600093932e+03 2.234727801981398443e+03 2.237181317631872389e+03 2.223930089824321840e+03 2.199489035983755002e+03 2.167817614922036682e+03 2.136083601609914695e+03 2.101707810521892497e+03 2.066640091449261035e+03 2.032261324843540478e+03 1.999491295655476506e+03 1.968899777600508060e+03 1.940804803229711979e+03 1.915353414121563446e+03 1.892051185665205594e+03 1.870445394588913132e+03 1.850137934489242753e+03 1.830788184251537132e+03 1.812044930749603282e+03 1.792929929150149746e+03 1.791601159133449300e+03 1.797991072399877112e+03 1.824461928582994688e+03 1.847755924127036678e+03 1.864307807387838466e+03 1.877921434952342679e+03 1.878860739256620718e+03 1.878153302143953169e+03 1.864462999738384724e+03 1.847222042688915508e+03 1.822439349525843681e+03 1.793570978894955260e+03 1.765941514016934207e+03 1.758939415583190112e+03 1.753520676661526068e+03
2.123016572528234519e+03 2.164406700369341252e+03 2.195273215996036924e+03 2.212821492525020403e+03 2.213885501197850772e+03 2.199347112181716057e+03 2.173766585111323820e+03 2.141101814311633916e+03 2.104551072768025278e+03 2.070241239307560136e+03 2.035134087991928709e+03 2.000583868954524860e+03 1.967492099368346544e+03 1.936413634150505686e+03 1.907653740489712845e+03 1.881347290532963598e+03 1.857520238151293142e+03 1.835657483290206983e+03 1.815309865429163438e+03 1.796115222615669609e+03 1.777857847450414965e+03 1.760717323442038605e+03 1.746883226502709022e+03 1.758111678636458691e+03 1.786796632226022439e+03 1.810205265912276900e+03 1.833431835902452349e+03 1.847332100623280894e+03 1.848010030860163170e+03 1.847739239887604299e+03 1.833971350116975373e+03 1.810429552316940772e+03 1.786302583438845886e+03 1.757291466957361536e+03 1.726192702722249805e+03 1.718141536134090757e+03 1.712733679781387536e+03
2.108256602325896438e+03 2.147323856113653619e+03 2.176629018648892270e+03 2.192454341601045599e+03 2.191666902174610186e+03 2.175645490043128575e+03 2.148907293430049322e+03 2.115343620749605179e+03 2.078075158388916861e+03 2.039460882879790915e+03 2.004584535018196675e+03 1.970150900662398954e+03 1.937037990180591805e+03 1.905788627047702221e+03 1.876700495405318861e+03 1.849902467379558175e+03 1.825412613337458879e+03 1.803180364449617400e+03 1.782686296739974296e+03 1.763481649264329235e+03 1.745218945649717398e+03 1.727727068276004502e+03 1.711022293074787285e+03 1.722164175316808951e+03 1.750169217315032256e+03 1.779609421666046273e+03 1.803016254576865776e+03 1.817027286718175901e+03 1.817631293850151678e+03 1.817759780067387510e+03 1.804225958206575115e+03 1.780812593444613412e+03 1.750687811046483603e+03 1.721846797024463513e+03 1.689329731720581549e+03 1.679334607601179869e+03 1.671529270430398810e+03
2.095281806810430226e+03 2.132442678812277336e+03 2.159770304153283178e+03 2.173349010475569685e+03 2.170307298244223603e+03 2.152639754145051029e+03 2.124737288287867159e+03 2.090359484748218165e+03 2.052514348015004543e+03 2.013464142585692116e+03 1.974815057029353284e+03 1.940731548431779856e+03 1.907840844585821742e+03 1.876671314124005448e+03 1.847517504251671426e+03 1.820509211562520250e+03 1.795666074703350432e+03 1.772934678909484546e+03 1.752209836516810810e+03 1.732953177014277799e+03 1.714657135599074081e+03 1.696869207775531777e+03 1.679288156407869792e+03 1.689268955776184839e+03 1.720459775136463577e+03 1.749584437367184591e+03 1.773073652056117680e+03 1.787173009705763661e+03 1.787764727159995346e+03 1.788292748935405598e+03 1.775144451897111139e+03 1.752180687844846716e+03 1.722589173838834085e+03 1.688570437991525750e+03 1.655041705513879606e+03 1.642694141707336257e+03 1.640005973253649699e+03
2.083947467073643111e+03 2.119255359273682643e+03 2.144336450675001288e+03 2.155092867359635875e+03 2.149411056834988813e+03 2.130033547739771620e+03 2.101019964123060618e+03 2.065936884383348115e+03 2.027653109786338518e+03 1.988324142097995491e+03 1.949471153166289469e+03 1.912101129103623862e+03 1.879628500015649479e+03 1.848738968115505259e+03 1.819723164925535229e+03 1.792717315555635878e+03 1.767751884075970565e+03 1.744786689952487677e+03 1.723728472519614115e+03 1.704426564287430210e+03 1.686282497295238954e+03 1.668588274312895237e+03 1.650674040061613596e+03 1.658195383014731078e+03 1.690224160150154830e+03 1.719789678225152102e+03 1.743596128495417588e+03 1.757847139282414673e+03 1.758434787571541392e+03 1.759271795809002924e+03 1.746502295111941294e+03 1.724121187534483170e+03 1.695490823957739394e+03 1.663269304380880612e+03 1.629750473196990242e+03 1.603435295738636796e+03 1.614975534510203033e+03
2.074269054032458371e+03 2.107596256877800442e+03 2.130260279103348694e+03 2.137279729822950230e+03 2.128322726811946723e+03 2.107453617454621053e+03 2.077488250716132370e+03 2.041851493510535875e+03 2.003280632070181127e+03 1.963823269020141424e+03 1.924917532887284096e+03 1.887506433991173026e+03 1.852159435824983120e+03 1.821709677864163723e+03 1.792991567155489520e+03 1.766147053946267533e+03 1.741222347259302296e+03 1.718200200648818281e+03 1.697021262148582764e+03 1.677588958070215085e+03 1.659742168344464744e+03 1.642795871976082026e+03 1.625191908725942085e+03 1.627285004842152148e+03 1.660047860975426829e+03 1.690454947508783789e+03 1.714746199670843680e+03 1.729167851775781173e+03 1.729680957255710155e+03 1.730582628718735350e+03 1.718007307004782433e+03 1.696088928424029746e+03 1.668279064176067322e+03 1.637286951019090338e+03 1.605236749802542590e+03 1.574241945303258944e+03 1.588056270674094549e+03
2.066352291384698219e+03 2.097305863240336294e+03 2.116488560408419289e+03 2.119841176300942152e+03 2.107843894422264839e+03 2.084604028313335220e+03 2.053895280804015783e+03 2.017888961887809501e+03 1.979197893240099347e+03 1.939765351789547140e+03 1.900948459097626710e+03 1.863631204075278220e+03 1.828339762615106338e+03 1.795348057484815399e+03 1.767054504378158526e+03 1.740493246123719928e+03 1.715723260012383207e+03 1.692750097596552450e+03 1.671548387581847237e+03 1.652080817933450135e+03 1.634319402896697966e+03 1.618306870571982245e+03 1.604187653859257125e+03 1.594659070739186518e+03 1.630470567730828179e+03 1.662010855519978804e+03 1.686785663936364926e+03 1.701309749928378324e+03 1.701596818284684332e+03 1.702106681235695305e+03 1.689392663004039150e+03 1.667693793726758486e+03 1.640478088151401607e+03 1.610405651775095293e+03 1.579195634041535186e+03 1.547615901311854941e+03 1.561980146876955359e+03
