FastScape_5Ma_1mmyr_mp5_n1_k5Minus5_10kyrTimeStep_30mRes_6kmBy6Km_noRainfallThresh.txt
nrows 200
cellsize 30.0
xllcorner 0.0
ncols 200
yllcorner 0.0
[rows 17 to 33 of 200, columns 0 to 36 of 200]
0.000000000000000000e+00 9.417334520232718376e+01 9.417139939842974172e+01 9.416760489592401484e+01 9.416215179292284176e+01 9.415532537669852786e+01 9.414751468435980541e+01 9.413919255973742395e+01 9.413085943721694093e+01 9.412301363412741750e+01 9.411613393368327252e+01 9.411064225287002216e+01 9.410688190260017905e+01 9.410513078840837409e+01 9.410558086803135325e+01 9.410828426582030204e+01 9.411315443224340527e+01 9.412003205370345427e+01 9.412861828113680929e+01 9.413839368058292223e+01 9.414905077470585582e+01 9.416024168875061662e+01 9.417157011033965830e+01 9.418267211064674882e+01 9.419325163257437339e+01 9.420299226427880512e+01 9.421200307492665615e+01 9.422017615827996906e+01 9.422751393753163995e+01 9.423412738552777057e+01 9.424008242437071203e+01 9.424516152130004798e+01 9.424999839893067133e+01 9.425447684322172393e+01 9.425865695746425388e+01 9.426265316539240757e+01 9.426651775183448478e+01
0.000000000000000000e+00 9.534307321792755374e+01 9.534138120739793010e+01 9.533808207407643920e+01 9.533334198137073656e+01 9.532740986605652722e+01 9.532062410896870119e+01 9.531339520021975886e+01 9.530615788632943008e+01 9.529934541298288764e+01 9.529337398772558743e+01 9.528861055559366378e+01 9.528535371088490535e+01 9.528384404705531097e+01 9.528424645991775321e+01 9.528660479361620617e+01 9.529084288127347691e+01 9.529682015956042562e+01 9.530427639933047601e+01 9.531276471716375909e+01 9.532201468545024170e+01 9.533172201170150117e+01 9.534154281519637664e+01 9.535116203730193263e+01 9.536032376886760176e+01 9.536875768598380887e+01 9.537655207018424619e+01 9.538361614198362304e+01 9.538995363936913918e+01 9.539566070200693559e+01 9.540079692523502786e+01 9.540518534750712831e+01 9.540936076587755110e+01 9.541323049087799291e+01 9.541684863085158952e+01 9.542031373854587173e+01 9.542367146107282849e+01
0.000000000000000000e+00 9.630377215244389788e+01 9.630231917709029688e+01 9.629948646920333033e+01 9.629541738387182193e+01 9.629032637468054645e+01 9.628450416407834211e+01 9.627830285583262082e+01 9.627209556733437523e+01 9.626625435689453525e+01 9.626113659346154350e+01 9.625705744464832492e+01 9.625427334693819148e+01 9.625299008932583433e+01 9.625334773635280783e+01 9.625538275514580278e+01 9.625902893885803735e+01 9.626416397160484451e+01 9.627056396621621559e+01 9.627784843813627447e+01 9.628578285498610967e+01 9.629410452672507859e+01 9.630251860932899888e+01 9.631075551662702594e+01 9.631859659104810589e+01 9.632581317433111678e+01 9.633247644652658437e+01 9.633851071027781643e+01 9.634392044649260356e+01 9.634878806855493849e+01 9.635316650200128663e+01 9.635691263204627433e+01 9.636047416812328947e+01 9.636377760170270790e+01 9.636687081562907053e+01 9.636983783710492446e+01 9.637271805641655931e+01
0.000000000000000000e+00 9.708686489378597173e+01 9.708563211621051892e+01 9.708322897196482870e+01 9.707977760387186095e+01 9.707546050730408638e+01 9.707052451895341960e+01 9.706526817877902147e+01 9.706000798160870602e+01 9.705505967511253118e+01 9.705072648554332204e+01 9.704727587924493548e+01 9.704492543454978204e+01 9.704384913514697075e+01 9.704416466303824507e+01 9.704590202212929739e+01 9.704900434792011765e+01 9.705336659160839474e+01 9.705879836082011991e+01 9.706497900035627424e+01 9.707170778515337872e+01 9.707876076740798510e+01 9.708588804516082860e+01 9.709286153331123614e+01 9.709949648837208258e+01 9.710560138458750146e+01 9.711123339429310874e+01 9.711632994538337016e+01 9.712089582133560839e+01 9.712500093263867029e+01 9.712869151860999750e+01 9.713185249954076994e+01 9.713485566091560486e+01 9.713764301258819955e+01 9.714025625970533895e+01 9.714276632514146570e+01 9.714520681173682704e+01
0.000000000000000000e+00 9.772034220539629246e+01 9.771930831400126749e+01 9.771729307864202951e+01 9.771439932934841011e+01 9.771078054510887512e+01 9.770664391869757992e+01 9.770223974846494741e+01 9.769783347537055818e+01 9.769369001056998059e+01 9.769006370963128916e+01 9.768717894810319535e+01 9.768521819575167342e+01 9.768432690322649137e+01 9.768460290444552641e+01 9.768607062785503103e+01 9.768868179771995131e+01 9.769234731904255398e+01 9.769690709846400978e+01 9.770209360558365574e+01 9.770773720156955733e+01 9.771364924902879068e+01 9.771962028991127625e+01 9.772545945624240460e+01 9.773101235062615899e+01 9.773612009293404412e+01 9.774082842798095783e+01 9.774508607677321947e+01 9.774889780217654334e+01 9.775232229687854613e+01 9.775539934838293732e+01 9.775803694021432477e+01 9.776054130772746475e+01 9.776286692686535673e+01 9.776504958538086498e+01 9.776714854774354535e+01 9.776919215739411584e+01
0.000000000000000000e+00 9.822886529142863310e+01 9.822800786342568813e+01 9.822633674227911627e+01 9.822393750530892476e+01 9.822093776746990557e+01 9.821750952828764980e+01 9.821386036454454427e+01 9.821021046647182118e+01 9.820677964442980112e+01 9.820377890663253595e+01 9.820139438825738409e+01 9.819977740414043410e+01 9.819904823501438784e+01 9.819928737939700625e+01 9.820051452529108360e+01 9.820268915010723276e+01 9.820573659406595368e+01 9.820952370802991993e+01 9.821382948198568386e+01 9.821851226873191365e+01 9.822341500264384706e+01 9.822836401827524355e+01 9.823320128762746606e+01 9.823779913678311004e+01 9.824202701631455170e+01 9.824592138378436346e+01 9.824944057099284578e+01 9.825258909707827115e+01 9.825541573451235422e+01 9.825795423335659962e+01 9.826013142662998234e+01 9.826219750326073665e+01 9.826411688848540393e+01 9.826591986385622590e+01 9.826765546113111327e+01 9.826934732319249122e+01
0.000000000000000000e+00 9.863392871643480930e+01 9.863322531794688075e+01 9.863185451689021477e+01 9.862988674171037928e+01 9.862742693790382020e+01 9.862461636023745370e+01 9.862162533834033695e+01 9.861863458470025989e+01 9.861582453480583865e+01 9.861336836206493217e+01 9.861141881429563227e+01 9.861010001135514358e+01 9.860951037356936411e+01 9.860971547246010971e+01 9.861073102008394642e+01 9.861252337591844253e+01 9.861503069896822637e+01 9.861814342559442537e+01 9.862168074676614538e+01 9.862552575325031512e+01 9.862954912234579297e+01 9.863360837806402515e+01 9.863757403707333538e+01 9.864134161111898891e+01 9.864480483269615263e+01 9.864799263927665152e+01 9.865087145552665504e+01 9.865344541582396687e+01 9.865575464090784408e+01 9.865782737492661170e+01 9.865960575984074410e+01 9.866129252582834397e+01 9.866285999200223955e+01 9.866433344117452009e+01 9.866575304073160169e+01 9.866713829817440740e+01
0.000000000000000000e+00 9.895406901907898600e+01 9.895349804424500917e+01 9.895238540151574114e+01 9.895078842731147972e+01 9.894879250434728135e+01 9.894651242722083850e+01 9.894408652176242924e+01 9.894166156369146847e+01 9.893938412240537161e+01 9.893739483832547421e+01 9.893581774650566274e+01 9.893475358767022954e+01 9.893428206976156503e+01 9.893445608245052370e+01 9.893528804569997703e+01 9.893675033279519937e+01 9.893879229349293780e+01 9.894132470715766203e+01 9.894420106689730687e+01 9.894732595741804460e+01 9.895059404822202964e+01 9.895388965066017306e+01 9.895710774422494183e+01 9.896016367725820828e+01 9.896297174612759306e+01 9.896555482147729776e+01 9.896788607298569218e+01 9.896996917385766324e+01 9.897183679953133151e+01 9.897351228392287226e+01 9.897495012671815573e+01 9.897631325668474744e+01 9.897758022257356458e+01 9.897877186613766298e+01 9.897992077282604839e+01 9.898104286609033409e+01
0.000000000000000000e+00 9.920510503023859883e+01 9.920464629781132260e+01 9.920375244334549336e+01 9.920246965492475510e+01 9.920086667695667870e+01 9.919903584888884041e+01 9.919708837366778198e+01 9.919514225580242339e+01 9.919331534252576432e+01 9.919172069018631532e+01 9.919045798850453366e+01 9.918960816408844039e+01 9.918923512454867364e+01 9.918938112157849218e+01 9.919005588234909965e+01 9.919123695826601761e+01 9.919288331579581097e+01 9.919492303814338641e+01 9.919723853236429534e+01 9.919975276809400100e+01 9.920238085743990553e+01 9.920502980593377629e+01 9.920761527909478161e+01 9.921006937299675599e+01 9.921232359874609585e+01 9.921439595101398368e+01 9.921626516523740236e+01 9.921793442567211230e+01 9.921943008268807773e+01 9.922077117722449202e+01 9.922192212502410769e+01 9.922301279369315807e+01 9.922402662438975085e+01 9.922498058882119665e+01 9.922590086703051782e+01 9.922680032034732278e+01
0.000000000000000000e+00 9.940039708439068988e+01 9.940003222103320013e+01 9.939932132036770440e+01 9.939830120835758009e+01 9.939702667088158705e+01 9.939557124275783906e+01 9.939402343883074309e+01 9.939247719069403786e+01 9.939102630738024402e+01 9.938976076585858266e+01 9.938875988796480954e+01 9.938808803192226549e+01 9.938779593553550740e+01 9.938791703487726181e+01 9.938845887995782391e+01 9.938940341878770823e+01 9.939071776111067891e+01 9.939234451563925177e+01 9.939419017615543339e+01 9.939619320980614248e+01 9.939828590549758758e+01 9.940039424712882976e+01 9.940245117102104189e+01 9.940440273548344408e+01 9.940619470197941610e+01 9.940784116178035390e+01 9.940932539849221428e+01 9.941065011434879750e+01 9.941183635285379694e+01 9.941289946839765435e+01 9.941381178685591635e+01 9.941467597379215704e+01 9.941547929553925655e+01 9.941623541017580123e+01 9.941696515092174025e+01 9.941767879848926270e+01
0.000000000000000000e+00 9.955111386034604948e+01 9.955082650548004608e+01 9.955026665622301607e+01 9.954946337937195722e+01 9.954845990176251291e+01 9.954731420897682881e+01 9.954609607273718552e+01 9.954487953419273083e+01 9.954373853721784826e+01 9.954274399118448002e+01 9.954195839311844907e+01 9.954143242276215631e+01 9.954120597542214455e+01 9.954130526646366661e+01 9.954173610501825920e+01 9.954248412259771328e+01 9.954352322946797926e+01 9.954480807460682001e+01 9.954626498949632207e+01 9.954784532640333339e+01 9.954949561750436260e+01 9.955115752184177325e+01 9.955277822020370593e+01 9.955431527073881171e+01 9.955572610349155127e+01 9.955702169802768253e+01 9.955818901937270482e+01 9.955923031774999288e+01 9.956016223751059613e+01 9.956099701901050025e+01 9.956171326133025445e+01 9.956239145947661484e+01 9.956302185826083928e+01 9.956361532423103711e+01 9.956418827932037630e+01 9.956474885784666640e+01
0.000000000000000000e+00 9.966649736297786433e+01 9.966627323162900609e+01 9.966583658356795183e+01 9.966521013528107176e+01 9.966442765981413743e+01 9.966353444063891232e+01 9.966258494982899663e+01 9.966163699074482452e+01 9.966074828853129475e+01 9.965997418913258343e+01 9.965936345967050158e+01 9.965895562426815957e+01 9.965878175684098039e+01 9.965886222450819787e+01 9.965920145904014760e+01 9.965978813867926078e+01 9.966060177842675216e+01 9.966160688714229821e+01 9.966274595428055250e+01 9.966398090629584772e+01 9.966526993824381009e+01 9.966656750248876051e+01 9.966783239100843161e+01 9.966903152377645370e+01 9.967013178445536425e+01 9.967114168317061740e+01 9.967205113713499998e+01 9.967286198837541633e+01 9.967358727703894772e+01 9.967423665303495284e+01 9.967479366144451092e+01 9.967532089648958049e+01 9.967581091322746545e+01 9.967627226184202982e+01 9.967671776609270751e+01 9.967715379756572247e+01
0.000000000000000000e+00 9.975411843035598736e+01 9.975394526903750148e+01 9.975360793618906996e+01 9.975312401337612300e+01 9.975251963348975437e+01 9.975182982448454538e+01 9.975109671320903715e+01 9.975036500023364283e+01 9.974967932277924376e+01 9.974908247088644941e+01 9.974861213778937952e+01 9.974829885563133303e+01 9.974816660269965496e+01 9.974823106066399703e+01 9.974849558254739179e+01 9.974895133564611172e+01 9.974958239623789780e+01 9.975036125351947192e+01 9.975124341619863344e+01 9.975219938093002270e+01 9.975319677803599916e+01 9.975420038164389780e+01 9.975517834153350805e+01 9.975610511344243037e+01 9.975695516107951732e+01 9.975773504427009186e+01 9.975843702604412044e+01 9.975906259075905780e+01 9.975962185914602287e+01 9.976012235697635333e+01 9.976055150600807053e+01 9.976095758132568392e+01 9.976133492327141994e+01 9.976169018713521552e+01 9.976203329423751143e+01 9.976236918616183402e+01
0.000000000000000000e+00 9.982011700605973203e+01 9.981998447333207025e+01 9.981972629957783738e+01 9.981935596227211249e+01 9.981889349067186856e+01 9.981836572586203715e+01 9.981780494437047935e+01 9.981724539197296053e+01 9.981672126303170955e+01 9.981626533166321735e+01 9.981590645989764710e+01 9.981566801350960816e+01 9.981556832594611706e+01 9.981561936441669047e+01 9.981582364526902040e+01 9.981617434503493769e+01 9.981665920727733976e+01 9.981725710737410395e+01 9.981793393399486547e+01 9.981866704708401983e+01 9.981943162169574180e+01 9.982020066720998841e+01 9.982094979245516697e+01 9.982165945294045173e+01 9.982231012871871201e+01 9.982290684725613517e+01 9.982344371883860390e+01 9.982392192224749294e+01 9.982434923963153039e+01 9.982473147852313389e+01 9.982505908114639226e+01 9.982536897405482534e+01 9.982565687215888772e+01 9.982592790143282002e+01 9.982618966732110266e+01 9.982644596503718049e+01
0.000000000000000000e+00 9.986942316153097465e+01 9.986932266032673056e+01 9.986912689139799681e+01 9.986884608880991721e+01 9.986849545993935351e+01 9.986809538193811875e+01 9.986767035689273087e+01 9.986724637933534154e+01 9.986684940216515827e+01 9.986650429676952001e+01 9.986623295933671329e+01 9.986605310659059853e+01 9.986597862917028579e+01 9.986601857968403806e+01 9.986617483162235942e+01 9.986644216465349189e+01 9.986681123645242053e+01 9.986726597676108952e+01 9.986778046473941117e+01 9.986833749345656486e+01 9.986891820330295388e+01 9.986950210322787314e+01 9.987007068414087030e+01 9.987060912768014020e+01 9.987110264173267637e+01 9.987155505638862962e+01 9.987196192369685832e+01 9.987232416701282034e+01 9.987264771541666164e+01 9.987293700443288458e+01 9.987318481541645099e+01 9.987341916305618383e+01 9.987363681669731363e+01 9.987384168385246141e+01 9.987403954171161047e+01 9.987423327704890141e+01
0.000000000000000000e+00 9.990595641941754934e+01 9.990588090321439552e+01 9.990573380801863834e+01 9.990552283263440358e+01 9.990525941640049723e+01 9.990495888736009533e+01 9.990463967645625587e+01 9.990432133514154600e+01 9.990402338133893068e+01 9.990376451724058882e+01 9.990356120294319453e+01 9.990342674949296509e+01 9.990337158712456755e+01 9.990340250429549940e+01 9.990352088502169181e+01 9.990372277365341347e+01 9.990400111726378896e+01 9.990434380302794182e+01 9.990473130762124754e+01 9.990515067710197172e+01 9.990558771699527085e+01 9.990602701188835510e+01 9.990645464282039256e+01 9.990685947565023639e+01 9.990723039728572985e+01 9.990757030762540580e+01 9.990787587413430515e+01 9.990814781075822282e+01 9.990839059374972919e+01 9.990860757660948366e+01 9.990879334101578024e+01 9.990896896690364315e+01 9.990913202940132010e+01 9.990928547716069374e+01 9.990943365908134410e+01 9.990957875010042244e+01
0.000000000000000000e+00 9.993280227146085792e+01 9.993274604142600026e+01 9.993263651603898268e+01 9.993247943348038120e+01 9.993228331971668865e+01 9.993205960000369714e+01 9.993182201333296177e+01 9.993158513218847361e+01 9.993136350225779552e+01 9.993117105977366066e+01 9.993102006659526637e+01 9.993092043344162789e+01 9.993087992269859399e+01 9.993090358116272398e+01 9.993099242342644573e+01 9.993114348051990703e+01 9.993135147828120068e+01 9.993160736996584603e+01 9.993189657960580519e+01 9.993220944628220082e+01 9.993253538503186917e+01 9.993286290321644572e+01 9.993318162722273712e+01 9.993348326570871620e+01 9.993375954092421409e+01 9.993401263454880734e+01 9.993424006949000216e+01 9.993444239098883486e+01 9.993462294806771240e+01 9.993478425104127894e+01 9.993492225849843180e+01 9.993505270284056508e+01 9.993517377250898903e+01 9.993528767053008721e+01 9.993539764137791792e+01 9.993550530829952550e+01
