FastScape_5Ma_1mmyr_mp5_n1_k5Minus6_10kyrTimeStep_30mRes_6kmBy6Km.txt
nrows 200
cellsize 30.0
xllcorner 0.0
ncols 200
yllcorner 0.0
[rows 119 to 135 of 200, columns 111 to 147 of 200]
2.160604605771111437e+03 2.160604603772935661e+03 2.160604601991833079e+03 2.160604600425911030e+03 2.160604599073077679e+03 2.160604597931047010e+03 2.160604596997340195e+03 2.160604596269288777e+03 2.160604595744040580e+03 2.160604595418562894e+03 2.160604595289645204e+03 2.160604595353904188e+03 2.160604595607789634e+03 2.160604596047587165e+03 2.160604596669424609e+03 2.160604597469273813e+03 2.160604598442960196e+03 2.160604599586163204e+03 2.160604600894424493e+03 2.160604602363152935e+03 2.160604603987629162e+03 2.160604605763011932e+03 2.160604607684342682e+03 2.160604609746552796e+03 2.160604611944468616e+03 2.160604614272816889e+03 2.160604616726232507e+03 2.160604619299262140e+03 2.160604621986371967e+03 2.160604624781954954e+03 2.160604627680333579e+03 2.160604630675769840e+03 2.160604633762469348e+03 2.160604636934588143e+03 2.160604640186240431e+03 2.160604643511502218e+03 2.160604646904420406e+03
2.135899654666779043e+03 2.135899652725625856e+03 2.135899650996432229e+03 2.135899649477343246e+03 2.135899648166310726e+03 2.135899647061095948e+03 2.135899646159271470e+03 2.135899645458226132e+03 2.135899644955168696e+03 2.135899644647131481e+03 2.135899644530974456e+03 2.135899644603387969e+03 2.135899644860899571e+03 2.135899645299876738e+03 2.135899645916533245e+03 2.135899646706931435e+03 2.135899647666988130e+03 2.135899648792481912e+03 2.135899650079053117e+03 2.135899651522214754e+03 2.135899653117353864e+03 2.135899654859739712e+03 2.135899656744525601e+03 2.135899658766759330e+03 2.135899660921385021e+03 2.135899663203250384e+03 2.135899665607112638e+03 2.135899668127644873e+03 2.135899670759440141e+03 2.135899673497021013e+03 2.135899676334840933e+03 2.135899679267295141e+03 2.135899682288722488e+03 2.135899685393416348e+03 2.135899688575626442e+03 2.135899691829567928e+03 2.135899695149425952e+03
2.110518650032583992e+03 2.110518648148704415e+03 2.110518646471578450e+03 2.110518644999390744e+03 2.110518643730137683e+03 2.110518642661627382e+03 2.110518641791488335e+03 2.110518641117165771e+03 2.110518640635932115e+03 2.110518640344886080e+03 2.110518640240959030e+03 2.110518640320917712e+03 2.110518640581369255e+03 2.110518641018765265e+03 2.110518641629406375e+03 2.110518642409447693e+03 2.110518643354901087e+03 2.110518644461643362e+03 2.110518645725418537e+03 2.110518647141844667e+03 2.110518648706418389e+03 2.110518650414519925e+03 2.110518652261419902e+03 2.110518654242281627e+03 2.110518656352171092e+03 2.110518658586058791e+03 2.110518660938828361e+03 2.110518663405279312e+03 2.110518665980136120e+03 2.110518668658052775e+03 2.110518671433616419e+03 2.110518674301356896e+03 2.110518677255751300e+03 2.110518680291230794e+03 2.110518683402184251e+03 2.110518686582967803e+03 2.110518689827908020e+03
2.084510732551747424e+03 2.084510730725249232e+03 2.084510729100221852e+03 2.084510727674890404e+03 2.084510726447295838e+03 2.084510725415298111e+03 2.084510724576578468e+03 2.084510723928642619e+03 2.084510723468827109e+03 2.084510723194298862e+03 2.084510723102062002e+03 2.084510723188961038e+03 2.084510723451684044e+03 2.084510723886768119e+03 2.084510724490604389e+03 2.084510725259439823e+03 2.084510726189384968e+03 2.084510727276416674e+03 2.084510728516383097e+03 2.084510729905010521e+03 2.084510731437906543e+03 2.084510733110565070e+03 2.084510734918373601e+03 2.084510736856616404e+03 2.084510738920481344e+03 2.084510741105064426e+03 2.084510743405376616e+03 2.084510745816348390e+03 2.084510748332835192e+03 2.084510750949625617e+03 2.084510753661442777e+03 2.084510756462953850e+03 2.084510759348775991e+03 2.084510762313479518e+03 2.084510765351595637e+03 2.084510768457623271e+03 2.084510771626032238e+03
2.057923595770727843e+03 2.057923594001581023e+03 2.057923592428560823e+03 2.057923591049933293e+03 2.057923589863786219e+03 2.057923588868029583e+03 2.057923588060401471e+03 2.057923587438468076e+03 2.057923586999630515e+03 2.057923586741125746e+03 2.057923586660032470e+03 2.057923586753272957e+03 2.057923587017618956e+03 2.057923587449694423e+03 2.057923588045980523e+03 2.057923588802820177e+03 2.057923589716421702e+03 2.057923590782864721e+03 2.057923591998103348e+03 2.057923593357973004e+03 2.057923594858193610e+03 2.057923596494375033e+03 2.057923598262023916e+03 2.057923600156545490e+03 2.057923602173252675e+03 2.057923604307367896e+03 2.057923606554031721e+03 2.057923608908306505e+03 2.057923611365181841e+03 2.057923613919580475e+03 2.057923616566364672e+03 2.057923619300341670e+03 2.057923622116267779e+03 2.057923625008856106e+03 2.057923627972782469e+03 2.057923631002688580e+03 2.057923634093190685e+03
2.030803422696360258e+03 2.030803420984405648e+03 2.030803419463185946e+03 2.030803418131010176e+03 2.030803416986012053e+03 2.030803416026154309e+03 2.030803415249231421e+03 2.030803414652871197e+03 2.030803414234540924e+03 2.030803413991548723e+03 2.030803413921047877e+03 2.030803414020040691e+03 2.030803414285382587e+03 2.030803414713785742e+03 2.030803415301823406e+03 2.030803416045934455e+03 2.030803416942427020e+03 2.030803417987484409e+03 2.030803419177168053e+03 2.030803420507423652e+03 2.030803421974085040e+03 2.030803423572879638e+03 2.030803425299433002e+03 2.030803427149274285e+03 2.030803429117841688e+03 2.030803431200486330e+03 2.030803433392479292e+03 2.030803435689015714e+03 2.030803438085220705e+03 2.030803440576154571e+03 2.030803443156818275e+03 2.030803445822159574e+03 2.030803448567077339e+03 2.030803451386428605e+03 2.030803454275033346e+03 2.030803457227679928e+03 2.030803460239131255e+03
2.003194834935723520e+03 2.003194833280679859e+03 2.003194831810946653e+03 2.003194830524875670e+03 2.003194829420648375e+03 2.003194828496280479e+03 2.003194827749623073e+03 2.003194827178367404e+03 2.003194826780046697e+03 2.003194826552041377e+03 2.003194826491580443e+03 2.003194826595746918e+03 2.003194826861481033e+03 2.003194827285583642e+03 2.003194827864720992e+03 2.003194828595429044e+03 2.003194829474117114e+03 2.003194830497072417e+03 2.003194831660464843e+03 2.003194832960351278e+03 2.003194834392680832e+03 2.003194835953298252e+03 2.003194837637951196e+03 2.003194839442292050e+03 2.003194841361885665e+03 2.003194843392212988e+03 2.003194845528676524e+03 2.003194847766605562e+03 2.003194850101261181e+03 2.003194852527842386e+03 2.003194855041489973e+03 2.003194857637293353e+03 2.003194860310295098e+03 2.003194863055496626e+03 2.003194865867863655e+03 2.003194868742331437e+03 2.003194871673811122e+03
1.975140853367741329e+03 1.975140851769213214e+03 1.975140850350551545e+03 1.975140849110151066e+03 1.975140848046241899e+03 1.975140847156892733e+03 1.975140846440012865e+03 1.975140845893356527e+03 1.975140845514524699e+03 1.975140845300969431e+03 1.975140845249997028e+03 1.975140845358771458e+03 1.975140845624318445e+03 1.975140846043528200e+03 1.975140846613160647e+03 1.975140847329849748e+03 1.975140848190105771e+03 1.975140849190321660e+03 1.975140850326775535e+03 1.975140851595637059e+03 1.975140852992970167e+03 1.975140854514739203e+03 1.975140856156812561e+03 1.975140857914968137e+03 1.975140859784897884e+03 1.975140861762212580e+03 1.975140863842447061e+03 1.975140866021065904e+03 1.975140868293466610e+03 1.975140870654987111e+03 1.975140873100909403e+03 1.975140875626465004e+03 1.975140878226840186e+03 1.975140880897182114e+03 1.975140883632602481e+03 1.975140886428184785e+03 1.975140889278987743e+03
1.946682869392749808e+03 1.946682867850234970e+03 1.946682866482135751e+03 1.946682865286890546e+03 1.946682864262777912e+03 1.946682863407920422e+03 1.946682862720286039e+03 1.946682862197692202e+03 1.946682861837808105e+03 1.946682861638158329e+03 1.946682861596126259e+03 1.946682861708957489e+03 1.946682861973763238e+03 1.946682862387524210e+03 1.946682862947094691e+03 1.946682863649206183e+03 1.946682864490470820e+03 1.946682865467387273e+03 1.946682866576343031e+03 1.946682867813620078e+03 1.946682869175398309e+03 1.946682870657761214e+03 1.946682872256699739e+03 1.946682873968116155e+03 1.946682875787830426e+03 1.946682877711583615e+03 1.946682879735043798e+03 1.946682881853809931e+03 1.946682884063417532e+03 1.946682886359343456e+03 1.946682888737010217e+03 1.946682891191792578e+03 1.946682893719021422e+03 1.946682896313988749e+03 1.946682898971953591e+03 1.946682901688147012e+03 1.946682904457776203e+03
1.917860625858740605e+03 1.917860624371637869e+03 1.917860623053504924e+03 1.917860621902824505e+03 1.917860620917924052e+03 1.917860620096980028e+03 1.917860619438019739e+03 1.917860618938923380e+03 1.917860618597429038e+03 1.917860618411134283e+03 1.917860618377499577e+03 1.917860618493852371e+03 1.917860618757390284e+03 1.917860619165183834e+03 1.917860619714181894e+03 1.917860620401213737e+03 1.917860621222994268e+03 1.917860622176127436e+03 1.917860623257110092e+03 1.917860624462337228e+03 1.917860625788104926e+03 1.917860627230615364e+03 1.917860628785981817e+03 1.917860630450231838e+03 1.917860632219313402e+03 1.917860634089097857e+03 1.917860636055386067e+03 1.917860638113912273e+03 1.917860640260348873e+03 1.917860642490312330e+03 1.917860644799366355e+03 1.917860647183028050e+03 1.917860649636772678e+03 1.917860652156037759e+03 1.917860654736229435e+03 1.917860657372725655e+03 1.917860660060883220e+03
1.888712206811874239e+03 1.888712205379490797e+03 1.888712204110648372e+03 1.888712203003873583e+03 1.888712202057543664e+03 1.888712201269888965e+03 1.888712200638995455e+03 1.888712200162807903e+03 1.888712199839131927e+03 1.888712199665638309e+03 1.888712199639865503e+03 1.888712199759222358e+03 1.888712200020992441e+03 1.888712200422336991e+03 1.888712200960298560e+03 1.888712201631805328e+03 1.888712202433674065e+03 1.888712203362613991e+03 1.888712204415231781e+03 1.888712205588034521e+03 1.888712206877434483e+03 1.888712208279752986e+03 1.888712209791224950e+03 1.888712211408003668e+03 1.888712213126163988e+03 1.888712214941707771e+03 1.888712216850568439e+03 1.888712218848615294e+03 1.888712220931657612e+03 1.888712223095450554e+03 1.888712225335699031e+03 1.888712227648062253e+03 1.888712230028159638e+03 1.888712232471573770e+03 1.888712234973856766e+03 1.888712237530534821e+03 1.888712240137112303e+03
1.859274035264981194e+03 1.859274033886539883e+03 1.859274032666238782e+03 1.859274031602648392e+03 1.859274030694195289e+03 1.859274029939164166e+03 1.859274029335699879e+03 1.859274028881810864e+03 1.859274028575371176e+03 1.859274028414124814e+03 1.859274028395686855e+03 1.859274028517548686e+03 1.859274028777079366e+03 1.859274029171530401e+03 1.859274029698038476e+03 1.859274030353629314e+03 1.859274031135221776e+03 1.859274032039630583e+03 1.859274033063571096e+03 1.859274034203662950e+03 1.859274035456433467e+03 1.859274036818323339e+03 1.859274038285688903e+03 1.859274039854807370e+03 1.859274041521881372e+03 1.859274043283042374e+03 1.859274045134355902e+03 1.859274047071825407e+03 1.859274049091397046e+03 1.859274051188963995e+03 1.859274053360371454e+03 1.859274055601420741e+03 1.859274057907873612e+03 1.859274060275458169e+03 1.859274062699871820e+03 1.859274065176787417e+03 1.859274067701857120e+03
1.829580878221715238e+03 1.829580876896362724e+03 1.829580875723786903e+03 1.829580874702603069e+03 1.829580873831286681e+03 1.829580873108176775e+03 1.829580872531476871e+03 1.829580872099259295e+03 1.829580871809466089e+03 1.829580871659914010e+03 1.829580871648295215e+03 1.829580871772182491e+03 1.829580872029030388e+03 1.829580872416180455e+03 1.829580872930862824e+03 1.829580873570200765e+03 1.829580874331214545e+03 1.829580875210823706e+03 1.829580876205851837e+03 1.829580877313030442e+03 1.829580878529001893e+03 1.829580879850324891e+03 1.829580881273476734e+03 1.829580882794858326e+03 1.829580884410798717e+03 1.829580886117558521e+03 1.829580887911334685e+03 1.829580889788264130e+03 1.829580891744428300e+03 1.829580893775858613e+03 1.829580895878538968e+03 1.829580898048411655e+03 1.829580900281380991e+03 1.829580902573318781e+03 1.829580904920067042e+03 1.829580907317444598e+03 1.829580909761249814e+03
1.799665858236212443e+03 1.799665856963025135e+03 1.799665855837298977e+03 1.799665854857693148e+03 1.799665854022731992e+03 1.799665853330808886e+03 1.799665852780185787e+03 1.799665852368998230e+03 1.799665852095256696e+03 1.799665851956849338e+03 1.799665851951545847e+03 1.799665852076999499e+03 1.799665852330750340e+03 1.799665852710228592e+03 1.799665853212757838e+03 1.799665853835558210e+03 1.799665854575750245e+03 1.799665855430358079e+03 1.799665856396313075e+03 1.799665857470457240e+03 1.799665858649547545e+03 1.799665859930259330e+03 1.799665861309190404e+03 1.799665862782864451e+03 1.799665864347736260e+03 1.799665866000194228e+03 1.799665867736565360e+03 1.799665869553119137e+03 1.799665871446072288e+03 1.799665873411591974e+03 1.799665875445800339e+03 1.799665877544779732e+03 1.799665879704575673e+03 1.799665881921202072e+03 1.799665884190645102e+03 1.799665886508867516e+03 1.799665888871813195e+03
1.769560470828794223e+03 1.769560469606786683e+03 1.769560468526980230e+03 1.769560467588078609e+03 1.769560466788655503e+03 1.769560466127156815e+03 1.769560465601903616e+03 1.769560465211093970e+03 1.769560464952806115e+03 1.769560464824999599e+03 1.769560464825520739e+03 1.769560464952103075e+03 1.769560465202370551e+03 1.769560465573842521e+03 1.769560466063934655e+03 1.769560466669963034e+03 1.769560467389148471e+03 1.769560468218618098e+03 1.769560469155409692e+03 1.769560470196475762e+03 1.769560471338685829e+03 1.769560472578832105e+03 1.769560473913630631e+03 1.769560475339727418e+03 1.769560476853701402e+03 1.769560478452067628e+03 1.769560480131282475e+03 1.769560481887746391e+03 1.769560483717809348e+03 1.769560485617774020e+03 1.769560487583899203e+03 1.769560489612405490e+03 1.769560491699478462e+03 1.769560493841272546e+03 1.769560496033916706e+03 1.769560498273516487e+03 1.769560500556159695e+03
1.739294607117645228e+03 1.739294605945775174e+03 1.739294604910911403e+03 1.739294604011801084e+03 1.739294603247066107e+03 1.739294602615206259e+03 1.739294602114600366e+03 1.739294601743508565e+03 1.739294601500075942e+03 1.739294601382333894e+03 1.739294601388203546e+03 1.739294601515498016e+03 1.739294601761925378e+03 1.739294602125091842e+03 1.739294602602505165e+03 1.739294603191576925e+03 1.739294603889625932e+03 1.739294604693881638e+03 1.739294605601487547e+03 1.739294606609505081e+03 1.739294607714915628e+03 1.739294608914626224e+03 1.739294610205470917e+03 1.739294611584216000e+03 1.739294613047562962e+03 1.739294614592152584e+03 1.739294616214568805e+03 1.739294617911342129e+03 1.739294619678954177e+03 1.739294621513840639e+03 1.739294623412396277e+03 1.739294625370978110e+03 1.739294627385909962e+03 1.739294629453485868e+03 1.739294631569975081e+03 1.739294633731624344e+03 1.739294635934664029e+03
1.708896581064587281e+03 1.708896579941763775e+03 1.708896578950823368e+03 1.708896578090556886e+03 1.708896577359634421e+03 1.708896576756608056e+03 1.708896576279914370e+03 1.708896575927875347e+03 1.708896575698701781e+03 1.708896575590495559e+03 1.708896575601253062e+03 1.708896575728865173e+03 1.708896575971123639e+03 1.708896576325721298e+03 1.708896576790255494e+03 1.708896577362232165e+03 1.708896578039067890e+03 1.708896578818093076e+03 1.708896579696555364e+03 1.708896580671623724e+03 1.708896581740390502e+03 1.708896582899875739e+03 1.708896584147029898e+03 1.708896585478737961e+03 1.708896586891823063e+03 1.708896588383049675e+03 1.708896589949127701e+03 1.708896591586716113e+03 1.708896593292425905e+03 1.708896595062825099e+03 1.708896596894441700e+03 1.708896598783768013e+03 1.708896600727264058e+03 1.708896602721361432e+03 1.708896604762467632e+03 1.708896606846969462e+03 1.708896608971236901e+03
