FastScape_5Ma_1mmyr_mp5_n1_k5Minus5_10kyrTimeStep_30mRes_6kmBy6Km_noRainfallThresh.txt
nrows 200
cellsize 30.0
xllcorner 0.0
ncols 200
yllcorner 0.0
[rows 34 to 50 of 200, columns 0 to 36 of 200]
0.000000000000000000e+00 9.995236588156751623e+01 9.995232438723118662e+01 9.995224356597729809e+01 9.995212765555953638e+01 9.995198295272000166e+01 9.995181789687396190e+01 9.995164263776084113e+01 9.995146793944552144e+01 9.995130454477275350e+01 9.995116274551743629e+01 9.995105159426563546e+01 9.995097840400985945e+01 9.995094890080822836e+01 9.995096680458090077e+01 9.995103285347948940e+01 9.995114484000814059e+01 9.995129885713194540e+01 9.995148820916946875e+01 9.995170210859062365e+01 9.995193341714879409e+01 9.995217431356122972e+01 9.995241630626952656e+01 9.995265173256123603e+01 9.995287447272437475e+01 9.995307841340490995e+01 9.995326518526314885e+01 9.995343296161058788e+01 9.995358215394038837e+01 9.995371524556803422e+01 9.995383409729755897e+01 9.995393571402982502e+01 9.995403174157132753e+01 9.995412083320994157e+01 9.995420461881677454e+01 9.995428549744998747e+01 9.995436466935262843e+01
0.000000000000000000e+00 9.996650381354129422e+01 9.996647346558422953e+01 9.996641435588999514e+01 9.996632958571312599e+01 9.996622376341395011e+01 9.996610306706261895e+01 9.996597492810704466e+01 9.996584722667878964e+01 9.996572782627292497e+01 9.996562425964947352e+01 9.996554315063234242e+01 9.996548984744617883e+01 9.996546853707079094e+01 9.996548193810988892e+01 9.996553058357460486e+01 9.996561284741164854e+01 9.996572586223791745e+01 9.996586471693750298e+01 9.996602149693974582e+01 9.996619097643100815e+01 9.996636742856999547e+01 9.996654463488877695e+01 9.996671698506203541e+01 9.996688000198047064e+01 9.996702920900922607e+01 9.996716581685775793e+01 9.996728848910846921e+01 9.996739753278819762e+01 9.996749477300160436e+01 9.996758157581945170e+01 9.996765573601533106e+01 9.996772580425874821e+01 9.996779078457430501e+01 9.996785187116935845e+01 9.996791082235597514e+01 9.996796851743894763e+01
0.000000000000000000e+00 9.997663523614167502e+01 9.997661323659679056e+01 9.997657038790492834e+01 9.997650893914371295e+01 9.997643223272181956e+01 9.997634475103609475e+01 9.997625188711347732e+01 9.997615935873473347e+01 9.997607287077345006e+01 9.997599788784698660e+01 9.997593921378562243e+01 9.997590072537330741e+01 9.997588545755948530e+01 9.997589538036167767e+01 9.997593087580206372e+01 9.997599075717759831e+01 9.997607293952309249e+01 9.997617385280416613e+01 9.997628774035324284e+01 9.997641081135370200e+01 9.997653891027945861e+01 9.997666752346592034e+01 9.997679257929623020e+01 9.997691083105623022e+01 9.997701902830677056e+01 9.997711806387835054e+01 9.997720696776275418e+01 9.997728596652309818e+01 9.997735638974066319e+01 9.997741923074840997e+01 9.997747287661093196e+01 9.997752355455416762e+01 9.997757053197349819e+01 9.997761467552471970e+01 9.997765726263169483e+01 9.997769893160298693e+01
0.000000000000000000e+00 9.998383445936475766e+01 9.998381865194443208e+01 9.998378786393733719e+01 9.998374371177740727e+01 9.998368859803332498e+01 9.998362574603126518e+01 9.998355903505196807e+01 9.998349257732566286e+01 9.998343047517442983e+01 9.998337665799876106e+01 9.998333457905160060e+01 9.998330702381136348e+01 9.998329617312212747e+01 9.998330344251768054e+01 9.998332910377938276e+01 9.998337229878228527e+01 9.998343152537989909e+01 9.998350421144670008e+01 9.998358620582362732e+01 9.998367478361112148e+01 9.998376695645900725e+01 9.998385947691059528e+01 9.998394941585134177e+01 9.998403443936020096e+01 9.998411220718473658e+01 9.998418337322004845e+01 9.998424723896937394e+01 9.998430396983245316e+01 9.998435452596140749e+01 9.998439962285154081e+01 9.998443808867031635e+01 9.998447442185704404e+01 9.998450808656659206e+01 9.998453970580744965e+01 9.998457019956572367e+01 9.998460002701288829e+01
0.000000000000000000e+00 9.998890687573380376e+01 9.998889561705595952e+01 9.998887368866760994e+01 9.998884224194044634e+01 9.998880298851427995e+01 9.998875822586623485e+01 9.998871071995279181e+01 9.998866340233738015e+01 9.998861919705737478e+01 9.998858090483268768e+01 9.998855098629553595e+01 9.998853142529851823e+01 9.998852377542355896e+01 9.998852904524433427e+01 9.998854742668970630e+01 9.998857830488537957e+01 9.998862060745327085e+01 9.998867249761218545e+01 9.998873100754885002e+01 9.998879419626548781e+01 9.998885993391347426e+01 9.998892590447923112e+01 9.998899001909433082e+01 9.998905061458516741e+01 9.998910602015003235e+01 9.998915671136781214e+01 9.998920218922710035e+01 9.998924257321570508e+01 9.998927855069887016e+01 9.998931063223194826e+01 9.998933797220962560e+01 9.998936379401290253e+01 9.998938770799861686e+01 9.998941015783128705e+01 9.998943180034588352e+01 9.998945296288408713e+01
0.000000000000000000e+00 9.999245045280608224e+01 9.999244250392655431e+01 9.999242702196514188e+01 9.999240481973698991e+01 9.999237710584463912e+01 9.999234550346197636e+01 9.999231196750751849e+01 9.999227856958486882e+01 9.999224737563997678e+01 9.999222036447829964e+01 9.999219927412242725e+01 9.999218550516712867e+01 9.999218015482598787e+01 9.999218393569148589e+01 9.999219698230503184e+01 9.999221885807733656e+01 9.999224880438903540e+01 9.999228552111935642e+01 9.999232690455686168e+01 9.999237158454425867e+01 9.999241805658363091e+01 9.999246468334746396e+01 9.999250998809709756e+01 9.999255279590801138e+01 9.999259192390344708e+01 9.999262771555032714e+01 9.999265981716347085e+01 9.999268831417926151e+01 9.999271369444012691e+01 9.999273631888124214e+01 9.999275558146624121e+01 9.999277377335270955e+01 9.999279061291490223e+01 9.999280641316057938e+01 9.999282163901195020e+01 9.999283652174798931e+01
0.000000000000000000e+00 9.999490488211174011e+01 9.999489931887993066e+01 9.999488848335576563e+01 9.999487294425934181e+01 9.999485354745566212e+01 9.999483142967545746e+01 9.999480796057906673e+01 9.999478459131218244e+01 9.999476276880994874e+01 9.999474387899036287e+01 9.999472913878148006e+01 9.999471952839215305e+01 9.999471581607581072e+01 9.999471850109446791e+01 9.999472767706808440e+01 9.999474303678891829e+01 9.999476404844867261e+01 9.999478979985917704e+01 9.999481881248810566e+01 9.999485012782422189e+01 9.999488269252158545e+01 9.999491535911911910e+01 9.999494709265354686e+01 9.999497707028834270e+01 9.999500446156554290e+01 9.999502951279063723e+01 9.999505197525540723e+01 9.999507190943226931e+01 9.999508965859098453e+01 9.999510547553609285e+01 9.999511892890646436e+01 9.999513163419223361e+01 9.999514338909816047e+01 9.999515441240799873e+01 9.999516503038823600e+01 9.999517540499746815e+01
0.000000000000000000e+00 9.999659036727538819e+01 9.999658650751979394e+01 9.999657898978162507e+01 9.999656820846895755e+01 9.999655475036125551e+01 9.999653940457132251e+01 9.999652312237908802e+01 9.999650691146375436e+01 9.999649177640138475e+01 9.999647867942933033e+01 9.999646846521110888e+01 9.999646181378797394e+01 9.999645925847205774e+01 9.999646114614061787e+01 9.999646754145992134e+01 9.999647823019870430e+01 9.999649284290882179e+01 9.999651074517817051e+01 9.999653090666123489e+01 9.999655266283050992e+01 9.999657528272243212e+01 9.999659796915372567e+01 9.999662000303145248e+01 9.999664081306389107e+01 9.999665982105970841e+01 9.999667720239648361e+01 9.999669278355739266e+01 9.999670660691710111e+01 9.999671891195733053e+01 9.999672987411491931e+01 9.999673918847049947e+01 9.999674798501250450e+01 9.999675611934677022e+01 9.999676374298579162e+01 9.999677108294292793e+01 9.999677825163419698e+01
0.000000000000000000e+00 9.999773785839046525e+01 9.999773520371583402e+01 9.999773003306512464e+01 9.999772261754610270e+01 9.999771336063105309e+01 9.999770280534367828e+01 9.999769160665869094e+01 9.999768045824072260e+01 9.999767005148878241e+01 9.999766104868847094e+01 9.999765403103128847e+01 9.999764946621856154e+01 9.999764772130302504e+01 9.999764903527997717e+01 9.999765345248808046e+01 9.999766082486569019e+01 9.999767089806462650e+01 9.999768323470831888e+01 9.999769712283772094e+01 9.999771210586656878e+01 9.999772768102080533e+01 9.999774329925843119e+01 9.999775846525052714e+01 9.999777278576124218e+01 9.999778586156755011e+01 9.999779781665547773e+01 9.999780853091216670e+01 9.999781803373431899e+01 9.999782649077675956e+01 9.999783402266498911e+01 9.999784041534185519e+01 9.999784645292389484e+01 9.999785203300649528e+01 9.999785725954897941e+01 9.999786228916731545e+01 9.999786719920656708e+01
0.000000000000000000e+00 9.999851233450536370e+01 9.999851052446331323e+01 9.999850699888041561e+01 9.999850194246859303e+01 9.999849563022345933e+01 9.999848843257470321e+01 9.999848079658774225e+01 9.999847319563365033e+01 9.999846610144427927e+01 9.999845996591173503e+01 9.999845518547691370e+01 9.999845207901768163e+01 9.999845089700174583e+01 9.999845180272535572e+01 9.999845482636598604e+01 9.999845986650257146e+01 9.999846674959962911e+01 9.999847517674258768e+01 9.999848466011000880e+01 9.999849488879479509e+01 9.999850552002212112e+01 9.999851617891391697e+01 9.999852652720143453e+01 9.999853629652908182e+01 9.999854521351629444e+01 9.999855336519128457e+01 9.999856066905243779e+01 9.999856714528844748e+01 9.999857290751556604e+01 9.999857803790746402e+01 9.999858238722461579e+01 9.999858649528027854e+01 9.999859028992001697e+01 9.999859384181843325e+01 9.999859725811428746e+01 9.999860059156027603e+01
0.000000000000000000e+00 9.999903052014961702e+01 9.999902929666193074e+01 9.999902691350827411e+01 9.999902349543080504e+01 9.999901922821854328e+01 9.999901436237301766e+01 9.999900920041740449e+01 9.999900406260151442e+01 9.999899926799926675e+01 9.999899512228530796e+01 9.999899189354245266e+01 9.999898979730134840e+01 9.999898900301863591e+01 9.999898962134263058e+01 9.999899167266167410e+01 9.999899508811749627e+01 9.999899975037172339e+01 9.999900545690923082e+01 9.999901187628127275e+01 9.999901879867113053e+01 9.999902599243992540e+01 9.999903320382759375e+01 9.999904020379828751e+01 9.999904681078118074e+01 9.999905283910227638e+01 9.999905834941070282e+01 9.999906328547200474e+01 9.999906766100933453e+01 9.999907155328851616e+01 9.999907501776979757e+01 9.999907795111361963e+01 9.999908072203078291e+01 9.999908328001329494e+01 9.999908567266558634e+01 9.999908797266645877e+01 9.999909021568555545e+01
0.000000000000000000e+00 9.999937420924592857e+01 9.999937338935896491e+01 9.999937179230946072e+01 9.999936950160162041e+01 9.999936664166060041e+01 9.999936338042300576e+01 9.999935992084435554e+01 9.999935647771937397e+01 9.999935326500627752e+01 9.999935048769401646e+01 9.999934832550448505e+01 9.999934692285881965e+01 9.999934639343048559e+01 9.999934681157385796e+01 9.999934819096256433e+01 9.999935048525776438e+01 9.999935361582858206e+01 9.999935744665565096e+01 9.999936175441200703e+01 9.999936639876544575e+01 9.999937122455197880e+01 9.999937606146876590e+01 9.999938075575798280e+01 9.999938518560990985e+01 9.999938922594162705e+01 9.999939291871461933e+01 9.999939622588601651e+01 9.999939915668558399e+01 9.999940176321403840e+01 9.999940408255253033e+01 9.999940604362738839e+01 9.999940789632077554e+01 9.999940960550883062e+01 9.999941120296145414e+01 9.999941273757210070e+01 9.999941423325441292e+01
0.000000000000000000e+00 9.999960017028378445e+01 9.999959962557302617e+01 9.999959856450306006e+01 9.999959704248497872e+01 9.999959514212389422e+01 9.999959297503644962e+01 9.999959067621725239e+01 9.999958838849767062e+01 9.999958625411868240e+01 9.999958440937024307e+01 9.999958297370308458e+01 9.999958204305782772e+01 9.999958169304235867e+01 9.999958197321051045e+01 9.999958289266538713e+01 9.999958442049549490e+01 9.999958650447788955e+01 9.999958905403990173e+01 9.999959191994973651e+01 9.999959500918357946e+01 9.999959821871107124e+01 9.999960143521128941e+01 9.999960455633329559e+01 9.999960750104591511e+01 9.999961018575926630e+01 9.999961263929461097e+01 9.999961483610337609e+01 9.999961678232412510e+01 9.999961851279063296e+01 9.999962005206108984e+01 9.999962135157825571e+01 9.999962257938715027e+01 9.999962371122231275e+01 9.999962476809130862e+01 9.999962578261683177e+01 9.999962677069785855e+01
0.000000000000000000e+00 9.999974742636723590e+01 9.999974706756347587e+01 9.999974636860675048e+01 9.999974536594756103e+01 9.999974411395380969e+01 9.999974268617643247e+01 9.999974117164464360e+01 9.999973966452898821e+01 9.999973825858641874e+01 9.999973704365974925e+01 9.999973609846347244e+01 9.999973548618697805e+01 9.999973525669609842e+01 9.999973544274583048e+01 9.999973605035202695e+01 9.999973705907282806e+01 9.999973843453105360e+01 9.999974011692994225e+01 9.999974200736556895e+01 9.999974404471913658e+01 9.999974616116955417e+01 9.999974828194700649e+01 9.999975033948810221e+01 9.999975228033524388e+01 9.999975404906625442e+01 9.999975566533140636e+01 9.999975711209270912e+01 9.999975839338378591e+01 9.999975953229538561e+01 9.999976054493539834e+01 9.999976139834602407e+01 9.999976220467729604e+01 9.999976294727517256e+01 9.999976363990383277e+01 9.999976430415499351e+01 9.999976495051456027e+01
0.000000000000000000e+00 9.999984254582008703e+01 9.999984231147271885e+01 9.999984185494211886e+01 9.999984120000050325e+01 9.999984038212565451e+01 9.999983944937544322e+01 9.999983845997236642e+01 9.999983747548198210e+01 9.999983655718206421e+01 9.999983576379801775e+01 9.999983514676175389e+01 9.999983474733869571e+01 9.999983459814230002e+01 9.999983472064762680e+01 9.999983511880076037e+01 9.999983577919843469e+01 9.999983667940857401e+01 9.999983778028477843e+01 9.999983901680633380e+01 9.999984034916751341e+01 9.999984173310505753e+01 9.999984311969383555e+01 9.999984446469890997e+01 9.999984573313885505e+01 9.999984688854824810e+01 9.999984794422370271e+01 9.999984888887718171e+01 9.999984972512368131e+01 9.999985046813796430e+01 9.999985112838140822e+01 9.999985168362653098e+01 9.999985220816002141e+01 9.999985269062690918e+01 9.999985313996458558e+01 9.999985357035272671e+01 9.999985398865560171e+01
0.000000000000000000e+00 9.999990344430914035e+01 9.999990329252528909e+01 9.999990299682427519e+01 9.999990257257928761e+01 9.999990204274725158e+01 9.999990143846849833e+01 9.999990079750493521e+01 9.999990015977310520e+01 9.999989956499054244e+01 9.999989905122414768e+01 9.999989865179929893e+01 9.999989839343845688e+01 9.999989829729550195e+01 9.999989837733664899e+01 9.999989863613035368e+01 9.999989906496084302e+01 9.999989964931539532e+01 9.999990036377688796e+01 9.999990116593652090e+01 9.999990203009073753e+01 9.999990292759152055e+01 9.999990382668286770e+01 9.999990469863288922e+01 9.999990552072897287e+01 9.999990626915418090e+01 9.999990695283571540e+01 9.999990756433928141e+01 9.999990810533395802e+01 9.999990858570544106e+01 9.999990901217933015e+01 9.999990936985777523e+01 9.999990970758719300e+01 9.999991001767718046e+01 9.999991030588108742e+01 9.999991058144271960e+01 9.999991084882637438e+01
0.000000000000000000e+00 9.999994208719424194e+01 9.999994198968865078e+01 9.999994179972340191e+01 9.999994152715885321e+01 9.999994118672896093e+01 9.999994079844908867e+01 9.999994038661435525e+01 9.999993997689639968e+01 9.999993959482998207e+01 9.999993926489068485e+01 9.999993900849564454e+01 9.999993884280746670e+01 9.999993878143557424e+01 9.999993883339020329e+01 9.999993900032914951e+01 9.999993927662879400e+01 9.999993965297625209e+01 9.999994011299878593e+01 9.999994062924578486e+01 9.999994118525555109e+01 9.999994176263408008e+01 9.999994234092783074e+01 9.999994290161507138e+01 9.999994343005703001e+01 9.999994391080481648e+01 9.999994434980274605e+01 9.999994474217939455e+01 9.999994508898033985e+01 9.999994539658878523e+01 9.999994566928384643e+01 9.999994589714050619e+01 9.999994611204951411e+01 9.999994630883844593e+01 9.999994649118200130e+01 9.999994666506667329e+01 9.999994683338185553e+01
