FastScape_2Ma_1mmyr_mp5_n1_k5Minus5_10kyrTimeStep_30mRes_6kmBy6Km.txt
nrows 200
cellsize 30.0
xllcorner 0.0
ncols 200
yllcorner 0.0
[rows 85 to 101 of 200, columns 148 to 184 of 200]
2.946094932405548548e+02 2.873528363285868181e+02 2.801502095305385751e+02 2.730529737874631451e+02 2.660845335516498835e+02 2.592405556837136942e+02 2.525122810892577832e+02 2.460128767441094340e+02 2.398307686052693555e+02 2.339540364013663805e+02 2.283728396797001494e+02 2.231826597446329004e+02 2.184157483075454138e+02 2.137992709621020708e+02 2.093201082476122110e+02 2.051467159291462679e+02 2.013483741048749494e+02 1.976314002787550521e+02 1.940110949362374129e+02 1.905597180790239236e+02 1.871883633164467255e+02 1.839349566205862629e+02 1.808243366253325917e+02 1.778411276762417970e+02 1.749522383154769614e+02 1.721451566930010699e+02 1.694144093252428149e+02 1.667509325169029069e+02 1.641496276125774614e+02 1.616031511150292772e+02 1.591008547314496013e+02 1.566324388187098577e+02 1.541900541455376015e+02 1.517669248601428080e+02 1.493557063957741775e+02 1.469488326514866401e+02 1.445369172804869322e+02
2.965366812897476052e+02 2.892088184672275588e+02 2.819674749833447436e+02 2.748814777781947214e+02 2.679881163023678710e+02 2.613561710298318417e+02 2.550844215981785510e+02 2.492211461520832074e+02 2.435044646481113091e+02 2.378961308090919999e+02 2.325254439259911976e+02 2.275373584890475342e+02 2.229365854399266027e+02 2.184284836092180626e+02 2.140487937044277089e+02 2.098970117182788044e+02 2.059853625161290154e+02 2.021948643936281940e+02 1.985392786866252379e+02 1.950189560655938692e+02 1.916222095969678776e+02 1.883497249497825976e+02 1.851990092976598419e+02 1.821559511651774130e+02 1.792040651114498360e+02 1.763342591317984898e+02 1.735388458428534761e+02 1.708108905386143590e+02 1.681423236562529553e+02 1.655224858550773206e+02 1.629407410283353386e+02 1.603891828565463982e+02 1.578612723047008899e+02 1.553498660752556759e+02 1.528477240421408396e+02 1.503458484184810118e+02 1.478328952527573676e+02
3.003508222979518223e+02 2.931259900977782991e+02 2.859866928369115158e+02 2.790164946298888822e+02 2.722653444344284139e+02 2.657984914548788993e+02 2.596896318154887240e+02 2.539511494178287307e+02 2.483132912524924336e+02 2.427988992070861229e+02 2.375264112558974148e+02 2.325433379181814360e+02 2.278334383811792634e+02 2.232807071883103447e+02 2.189052116187805552e+02 2.147223523223646566e+02 2.107187638160638699e+02 2.068664363774835806e+02 2.031571620753338721e+02 1.995873783834558992e+02 1.961477650238412025e+02 1.928289341312819829e+02 1.896203064487035590e+02 1.865112711686505520e+02 1.834921527029711967e+02 1.805543212630440451e+02 1.776904873471756616e+02 1.748918509115117672e+02 1.721471451011484817e+02 1.694454713921643076e+02 1.667788336791715267e+02 1.641407850024721142e+02 1.615243509123180843e+02 1.589225338255774034e+02 1.563265862033293558e+02 1.537254030958356452e+02 1.511081909073666338e+02
3.048297931604292330e+02 2.977581365250695740e+02 2.907732821126311933e+02 2.839511638037416787e+02 2.773365268431593336e+02 2.709778430174206960e+02 2.648863922894711322e+02 2.590530169862757930e+02 2.533813556102464588e+02 2.479053480504238962e+02 2.426585105800291160e+02 2.376517106258098408e+02 2.328668479706919641e+02 2.282745980868267850e+02 2.238624484024221601e+02 2.196261125294593057e+02 2.155568904811970867e+02 2.116434565940790264e+02 2.078784745423867264e+02 2.042531863014877729e+02 2.007548545151217070e+02 1.973712440814236970e+02 1.940932444825284051e+02 1.909128426506720473e+02 1.878214131580791673e+02 1.848111987906014519e+02 1.818729127483594539e+02 1.789946567869572505e+02 1.761650902982256355e+02 1.733760929823390029e+02 1.706212560492047885e+02 1.678936915328192470e+02 1.651865679981605695e+02 1.624912810589346179e+02 1.597968228771230770e+02 1.570925877206972245e+02 1.543708056143855174e+02
3.094742018421324588e+02 3.025724313861827000e+02 2.957537281426227764e+02 2.890735015911589016e+02 2.825733665985822540e+02 2.762748943446710541e+02 2.701855775528192112e+02 2.643055194129876213e+02 2.586293229699645053e+02 2.531611061819948816e+02 2.479060811488604656e+02 2.428676377949437324e+02 2.380374890299992501e+02 2.333954532575827443e+02 2.289293806338827153e+02 2.246331420943515411e+02 2.205015878261105229e+02 2.165272425108242942e+02 2.127004701442679391e+02 2.090079582563190002e+02 2.054366992757791195e+02 2.019776316948532440e+02 1.986235249305632067e+02 1.953662896526269890e+02 1.921981240959382831e+02 1.891093334800694095e+02 1.860874410788423745e+02 1.831206331978782487e+02 1.802006112123482922e+02 1.773209674617889675e+02 1.744748455190034235e+02 1.716555081976047177e+02 1.688544009605982694e+02 1.660604920516997538e+02 1.632632318965992226e+02 1.604550925087823146e+02 1.576304163740863657e+02
3.142254035898594111e+02 3.075145310334881970e+02 3.008634845107250726e+02 2.943200362442386790e+02 2.879113343192747720e+02 2.816565267423599153e+02 2.755815897614348273e+02 2.697069914266094770e+02 2.640335276553315111e+02 2.585576082770564881e+02 2.532841544235652123e+02 2.482143986273164273e+02 2.433362947299950747e+02 2.386372861898088900e+02 2.341103335359228765e+02 2.297521450602703510e+02 2.255574652685723436e+02 2.215171538062869558e+02 2.176176149091297987e+02 2.138457984650956689e+02 2.101929813655980013e+02 2.066525168225012976e+02 2.032168107400765962e+02 1.998783141385365809e+02 1.966271515889570196e+02 1.934503500552328319e+02 1.903356550471233675e+02 1.872746012914277287e+02 1.842607741260698901e+02 1.812873195898421841e+02 1.783475477871268140e+02 1.754328784353391484e+02 1.725321527066479064e+02 1.696347665054692015e+02 1.667333304599200403e+02 1.638224143360088192e+02 1.608967421241206921e+02
3.190423465044873979e+02 3.125369319758359552e+02 3.060600036251215101e+02 2.996447797372887294e+02 2.933184741850830051e+02 2.871209138611410481e+02 2.810898865759741625e+02 2.752399228959325228e+02 2.695702603334226524e+02 2.640869013066214848e+02 2.587947870147924618e+02 2.536873747317569610e+02 2.487567063236051865e+02 2.439979953900696898e+02 2.394095869202866425e+02 2.349880101470378690e+02 2.307254908981527137e+02 2.266088806735604635e+02 2.226254285925298859e+02 2.187670913748722512e+02 2.150280483908293263e+02 2.114013560849579392e+02 2.078799334555031635e+02 2.044539678591454219e+02 2.011101546928620394e+02 1.978358961146635409e+02 1.946226358171469144e+02 1.914640005008398873e+02 1.883531503252853270e+02 1.852834301942270088e+02 1.822461868910434362e+02 1.792300541385632187e+02 1.762242851879471743e+02 1.732215505941478000e+02 1.702165710840259862e+02 1.672041800970860379e+02 1.641794933715608238e+02
3.238546617879330256e+02 3.175751296661023844e+02 3.112759685565883956e+02 3.049905417245357171e+02 2.987684814890034772e+02 2.926604342389371709e+02 2.866935505401688715e+02 2.808764671177748369e+02 2.752213862250926582e+02 2.697378639594946321e+02 2.644236143131971630e+02 2.592753741963020389e+02 2.542927338047696537e+02 2.494774630976938568e+02 2.448286519079100572e+02 2.403404163037725993e+02 2.360007425847290961e+02 2.317977482777962166e+02 2.277244824178357305e+02 2.237762958524646137e+02 2.199471954075515896e+02 2.162308616187149539e+02 2.126178176277178977e+02 2.090946481211507262e+02 2.056485866455100791e+02 2.022711368521538304e+02 1.989560841021112765e+02 1.956966726790943483e+02 1.924863185528300562e+02 1.893162880430842279e+02 1.861749588828457149e+02 1.830513823000257219e+02 1.799382391221718649e+02 1.768303521476187825e+02 1.737226080269788611e+02 1.706101165982487089e+02 1.674887187642102049e+02
3.285749182946192946e+02 3.225393839061943027e+02 3.164323543461472923e+02 3.103106688633995986e+02 3.042351493417554025e+02 2.982436942636780941e+02 2.923547976153363948e+02 2.865897570139472919e+02 2.809654298744977154e+02 2.754849880709296031e+02 2.701503086012651806e+02 2.649662168572854171e+02 2.599393757065885779e+02 2.550728170974799696e+02 2.503635595086880983e+02 2.458015214126615433e+02 2.413764216791355466e+02 2.370830491837891998e+02 2.329184551516148645e+02 2.288780314368708844e+02 2.249566178758429942e+02 2.211454220654281073e+02 2.174312041531366333e+02 2.138012807634582373e+02 2.102474528211624545e+02 2.067638651652279691e+02 2.033439903899696333e+02 1.999814169317695303e+02 1.966673771302467344e+02 1.933899878681168616e+02 1.901380776016723360e+02 1.869043250002079901e+02 1.836836401484173678e+02 1.804709352446844264e+02 1.772612807593965272e+02 1.740504275068217055e+02 1.708344580036593641e+02
3.330882520887363398e+02 3.273266658866363628e+02 3.214607467212636038e+02 3.155590742949501646e+02 3.096685711584452747e+02 3.038167237762427249e+02 2.980343308804631874e+02 2.923470964735591906e+02 2.867653224339454141e+02 2.812972486498826470e+02 2.759539381827244142e+02 2.707481000154514845e+02 2.656880360828934045e+02 2.607749308410990920e+02 2.560016978227950517e+02 2.513605873122394598e+02 2.468489953512432749e+02 2.424664438717388748e+02 2.382103520135785004e+02 2.340772770802554703e+02 2.300595820057909577e+02 2.261445874457231184e+02 2.223200387512779628e+02 2.185783707234416795e+02 2.149143882814572635e+02 2.113220287499827350e+02 2.077952379118241595e+02 2.043253319770872736e+02 2.009002210715948138e+02 1.975085420985180065e+02 1.941430082494369458e+02 1.907986465749192746e+02 1.874704044578538742e+02 1.841533098046064936e+02 1.808430173018702760e+02 1.775354223122695032e+02 1.742272732135484716e+02
3.372660242100822074e+02 3.318447360170620186e+02 3.262929236045232528e+02 3.206646084469610400e+02 3.149949252544627143e+02 3.093234381933856980e+02 3.036848856638074494e+02 2.980976502671989010e+02 2.925774840450745273e+02 2.871428294372791470e+02 2.818136086912932115e+02 2.766046573293814959e+02 2.715226312952935928e+02 2.665646639097772095e+02 2.617266617528225083e+02 2.570096969023809947e+02 2.524167590057586210e+02 2.479481719513734390e+02 2.436029829886041682e+02 2.393753603310143774e+02 2.352537165418066536e+02 2.312266996026247341e+02 2.272878386957579835e+02 2.234330210159554326e+02 2.196569993163549555e+02 2.159543672073482412e+02 2.123167351791542785e+02 2.087319389956789450e+02 2.051885246247831276e+02 2.016793415078497560e+02 1.981996222241175190e+02 1.947444089357606174e+02 1.913087250757407958e+02 1.878881563057206847e+02 1.844784302264344547e+02 1.810760609630192164e+02 1.776779192242261445e+02
3.409912899769956880e+02 3.360013640385773215e+02 3.308342219779151492e+02 3.255307771908125574e+02 3.201377982472325812e+02 3.146982170271351151e+02 3.092385118939423592e+02 3.037824285703947567e+02 2.983565833888554266e+02 2.929891233035394293e+02 2.877026060821185638e+02 2.825104463431742374e+02 2.774152831574032803e+02 2.724179242816141482e+02 2.675243419617499399e+02 2.627421812634970593e+02 2.580757677804895707e+02 2.535276400628690112e+02 2.490946391135258864e+02 2.447669931577004263e+02 2.405348960384100678e+02 2.363935892799643739e+02 2.323406154100526919e+02 2.283720352830025888e+02 2.244835134739519162e+02 2.206672838636667393e+02 2.169113428896814924e+02 2.132043378909185094e+02 2.095394419849880308e+02 2.059122598367193859e+02 2.023180552324616883e+02 1.987519420041537614e+02 1.952095108075390613e+02 1.916863775442403721e+02 1.881788716077169852e+02 1.846835724797789169e+02 1.811979343681980197e+02
3.441482017536785065e+02 3.396779060139486432e+02 3.349641585591472790e+02 3.300584997611011318e+02 3.250101677284152402e+02 3.198527815855749736e+02 3.146176218205673649e+02 3.093394993465098537e+02 3.040552590424464370e+02 2.987960591050890002e+02 2.935832079127272323e+02 2.884260916101870293e+02 2.833316801888391865e+02 2.783121342352826559e+02 2.733810644891236734e+02 2.685480695993433642e+02 2.638203881588779609e+02 2.591986250390362443e+02 2.546757660512109567e+02 2.502443956526682030e+02 2.459022747844035166e+02 2.416493565260803393e+02 2.374836758989075918e+02 2.334025555327232837e+02 2.293993315593572788e+02 2.254625284591338925e+02 2.215812065368119761e+02 2.177491615627012322e+02 2.139626392465802098e+02 2.102173417578556212e+02 2.065086457957284551e+02 2.028322868707771818e+02 1.991838789912169432e+02 1.955596587806360844e+02 1.919559909941675926e+02 1.883700407306050408e+02 1.847992126274589282e+02
3.465979505593267618e+02 3.427317685335031570e+02 3.385610831074100702e+02 3.341381660314464739e+02 3.295016328868525761e+02 3.246886024202891008e+02 3.197409547649261299e+02 3.147037513012665499e+02 3.096169531513999686e+02 3.045104727708884980e+02 2.994014444370590695e+02 2.943041126163266767e+02 2.892380280384992943e+02 2.842240774445322700e+02 2.792784891880532996e+02 2.744145569158465037e+02 2.696379331389011895e+02 2.649455159871185970e+02 2.603333351731822063e+02 2.558026824978043976e+02 2.513568810628758001e+02 2.469968072995768580e+02 2.427222239198736986e+02 2.385282312147665209e+02 2.344044150150789676e+02 2.303407115535844127e+02 2.263319803572146043e+02 2.223755092009920133e+02 2.184677737010625265e+02 2.146046902558867089e+02 2.107823697948065558e+02 2.069966108746145039e+02 2.032437127057200712e+02 1.995199518091828281e+02 1.958223134376141559e+02 1.921478992305617339e+02 1.884943471846415264e+02
3.481830681792604878e+02 3.450233417756295466e+02 3.414950392385331952e+02 3.376384269725136846e+02 3.334926841873283365e+02 3.291039806689980765e+02 3.245236739168237250e+02 3.197996152748652889e+02 3.149702245428447895e+02 3.100608356753160137e+02 3.050936638220200052e+02 3.000965219493625682e+02 2.950986777368607932e+02 2.901242715050482275e+02 2.851940319948189426e+02 2.803200545010750488e+02 2.755044687365548839e+02 2.707479846703958515e+02 2.660566236104339168e+02 2.614382401453070770e+02 2.568976323145158176e+02 2.524380011049451298e+02 2.480570847803165009e+02 2.437462627036042022e+02 2.394969945833987310e+02 2.353058197227253743e+02 2.311716343185445339e+02 2.270921741304195507e+02 2.230643090272720030e+02 2.190848777226584048e+02 2.151501557309477732e+02 2.112567508817685109e+02 2.074010531662771086e+02 2.035800381327741206e+02 1.997906440428209009e+02 1.960302406110654374e+02 1.922957703416022355e+02
3.487600642170013430e+02 3.464092462961966703e+02 3.436199773865286033e+02 3.404229717609152885e+02 3.368634121000549726e+02 3.329948223730780796e+02 3.288704408012953877e+02 3.245358112292676083e+02 3.200239428546365730e+02 3.153649133373760378e+02 3.105949756575650440e+02 3.057523586912956262e+02 3.008700609121002003e+02 2.959774398588457416e+02 2.910943832366098150e+02 2.862296247855900333e+02 2.813898840492003615e+02 2.765872288716310550e+02 2.718353632467151897e+02 2.671442786805403671e+02 2.625218256451640855e+02 2.579694788809559327e+02 2.534813656892702056e+02 2.490513286363546683e+02 2.446784069265114283e+02 2.403638693713870396e+02 2.361073854856142304e+02 2.319073658656006671e+02 2.277618875582297164e+02 2.236681369556068262e+02 2.196234011343928785e+02 2.156244924442823674e+02 2.116686374148928280e+02 2.077528246606624123e+02 2.038743327136701566e+02 2.000298315334064227e+02 1.962159991867685278e+02
3.482118076500761958e+02 3.467459671143582227e+02 3.447932672636677580e+02 3.423620092633731247e+02 3.394954422637105154e+02 3.362487095666111827e+02 3.326712600185914539e+02 3.288016959221465072e+02 3.246764793265621165e+02 3.203392710179705887e+02 3.158368654514024456e+02 3.112113394753007469e+02 3.065013524744647384e+02 3.017356230890100619e+02 2.969307108746623953e+02 2.921005994550074547e+02 2.872646926871582878e+02 2.824439052774988568e+02 2.776548090186000763e+02 2.729112803818949260e+02 2.682198332651041142e+02 2.635785191059144381e+02 2.589846437893060056e+02 2.544407858787620853e+02 2.499515721180046341e+02 2.455194971287318140e+02 2.411453088170837304e+02 2.368290296965489290e+02 2.325693721859021537e+02 2.283648373376057066e+02 2.242131145064182647e+02 2.201120691560695661e+02 2.160590624468067915e+02 2.120515492538487479e+02 2.080861392592088350e+02 2.041592954745944439e+02 2.002682655309016866e+02
