FastScape_5Ma_1mmyr_mp5_n1_k5Minus6_10kyrTimeStep_30mRes_6kmBy6Km.txt
nrows 200
cellsize 30.0
xllcorner 0.0
ncols 200
yllcorner 0.0
[rows 136 to 152 of 200, columns 37 to 73 of 200]
1.678393509245281166e+03 1.678393503814067572e+03 1.678393498299191378e+03 1.678393492705157087e+03 1.678393487036521037e+03 1.678393481297885046e+03 1.678393475493892538e+03 1.678393469629224683e+03 1.678393463708594481e+03 1.678393457736742675e+03 1.678393451718432743e+03 1.678393445658447035e+03 1.678393439561581090e+03 1.678393433432639085e+03 1.678393427276429748e+03 1.678393421097761347e+03 1.678393414901436699e+03 1.678393408692248840e+03 1.678393402474976710e+03 1.678393396254379923e+03 1.678393390035194670e+03 1.678393383822129181e+03 1.678393377619859166e+03 1.678393371433023503e+03 1.678393365266219689e+03 1.678393359123999744e+03 1.678393353010866576e+03 1.678393346931268070e+03 1.678393340889595038e+03 1.678393334890176448e+03 1.678393328937274646e+03 1.678393323035083085e+03 1.678393317187721550e+03 1.678393311399232743e+03 1.678393305673578425e+03 1.678393300014637134e+03 1.678393294426198963e+03
1.647809937953324379e+03 1.647809932734303175e+03 1.647809927434931751e+03 1.647809922059541123e+03 1.647809916612512325e+03 1.647809911098270049e+03 1.647809905521279006e+03 1.647809899886039602e+03 1.647809894197083395e+03 1.647809888458968317e+03 1.647809882676274356e+03 1.647809876853599008e+03 1.647809870995552501e+03 1.647809865106754160e+03 1.647809859191826263e+03 1.647809853255391317e+03 1.647809847302066601e+03 1.647809841336459613e+03 1.647809835363163984e+03 1.647809829386755609e+03 1.647809823411786510e+03 1.647809817442782560e+03 1.647809811484238480e+03 1.647809805540612615e+03 1.647809799616323971e+03 1.647809793715747901e+03 1.647809787843211552e+03 1.647809782002990687e+03 1.647809776199304451e+03 1.647809770436313329e+03 1.647809764718113456e+03 1.647809759048734804e+03 1.647809753432135722e+03 1.647809747872201569e+03 1.647809742372738810e+03 1.647809736937473645e+03 1.647809731570048370e+03
1.617170013593063004e+03 1.617170008582347691e+03 1.617170003494530420e+03 1.617169998333772355e+03 1.617169993104281502e+03 1.617169987810309067e+03 1.617169982456143543e+03 1.617169977046108670e+03 1.617169971584556833e+03 1.617169966075866569e+03 1.617169960524437329e+03 1.617169954934685165e+03 1.617169949311038863e+03 1.617169943657934937e+03 1.617169937979813312e+03 1.617169932281113915e+03 1.617169926566271442e+03 1.617169920839711040e+03 1.617169915105845121e+03 1.617169909369067909e+03 1.617169903633751574e+03 1.617169897904242589e+03 1.617169892184857417e+03 1.617169886479877277e+03 1.617169880793546326e+03 1.617169875130065748e+03 1.617169869493591250e+03 1.617169863888228065e+03 1.617169858318027764e+03 1.617169852786985075e+03 1.617169847299033108e+03 1.617169841858040854e+03 1.617169836467809091e+03 1.617169831132067429e+03 1.617169825854470901e+03 1.617169820638596775e+03 1.617169815487940923e+03
1.586496087233564367e+03 1.586496082427048577e+03 1.586496077546612014e+03 1.586496072596248951e+03 1.586496067579997998e+03 1.586496062501939605e+03 1.586496057366189916e+03 1.586496052176898502e+03 1.586496046938243126e+03 1.586496041654425653e+03 1.586496036329668186e+03 1.586496030968209197e+03 1.586496025574298756e+03 1.586496020152194433e+03 1.586496014706157894e+03 1.586496009240448984e+03 1.586496003759323457e+03 1.586495998267028199e+03 1.586495992767796906e+03 1.586495987265846452e+03 1.586495981765372335e+03 1.586495976270544816e+03 1.586495970785505506e+03 1.586495965314362593e+03 1.586495959861187885e+03 1.586495954430012489e+03 1.586495949024823176e+03 1.586495943649558740e+03 1.586495938308106133e+03 1.586495933004297285e+03 1.586495927741905916e+03 1.586495922524643447e+03 1.586495917356155360e+03 1.586495912240019379e+03 1.586495907179741607e+03 1.586495902178753113e+03 1.586495897240406975e+03
1.555809119694253013e+03 1.555809115087634609e+03 1.555809110410206813e+03 1.555809105665800189e+03 1.555809100858287820e+03 1.555809095991582126e+03 1.555809091069630767e+03 1.555809086096412557e+03 1.555809081075933364e+03 1.555809076012222931e+03 1.555809070909329648e+03 1.555809065771317819e+03 1.555809060602262207e+03 1.555809055406245307e+03 1.555809050187353250e+03 1.555809044949670579e+03 1.555809039697277512e+03 1.555809034434246087e+03 1.555809029164635149e+03 1.555809023892487858e+03 1.555809018621825999e+03 1.555809013356647711e+03 1.555809008100923847e+03 1.555809002858592521e+03 1.555808997633556828e+03 1.555808992429681439e+03 1.555808987250787823e+03 1.555808982100651519e+03 1.555808976982998274e+03 1.555808971901501309e+03 1.555808966859777229e+03 1.555808961861383295e+03 1.555808956909814015e+03 1.555808952008497727e+03 1.555808947160794560e+03 1.555808942369992565e+03 1.555808937639305441e+03
1.525128725835184923e+03 1.525128721423990328e+03 1.525128716945025189e+03 1.525128712401960001e+03 1.525128707798505729e+03 1.525128703138410629e+03 1.525128698425457060e+03 1.525128693663457170e+03 1.525128688856249028e+03 1.525128684007692982e+03 1.525128679121667801e+03 1.525128674202067032e+03 1.525128669252794680e+03 1.525128664277761573e+03 1.525128659280882175e+03 1.525128654266069361e+03 1.525128649237231912e+03 1.525128644198270422e+03 1.525128639153073209e+03 1.525128634105512447e+03 1.525128629059441209e+03 1.525128624018689152e+03 1.525128618987059326e+03 1.525128613968323862e+03 1.525128608966221464e+03 1.525128603984453093e+03 1.525128599026678785e+03 1.525128594096514917e+03 1.525128589197529436e+03 1.525128584333240042e+03 1.525128579507110089e+03 1.525128574722546091e+03 1.525128569982894305e+03 1.525128565291437781e+03 1.525128560651394082e+03 1.525128556065910971e+03 1.525128551538065722e+03
1.494473220224704392e+03 1.494473216004310643e+03 1.494473211719111305e+03 1.494473207372619299e+03 1.494473202968387568e+03 1.494473198510004295e+03 1.494473194001089951e+03 1.494473189445293883e+03 1.494473184846289769e+03 1.494473180207773112e+03 1.494473175533456924e+03 1.494473170827067406e+03 1.494473166092341899e+03 1.494473161333023427e+03 1.494473156552858882e+03 1.494473151755593335e+03 1.494473146944968221e+03 1.494473142124716333e+03 1.494473137298559323e+03 1.494473132470202927e+03 1.494473127643335147e+03 1.494473122821620564e+03 1.494473118008698975e+03 1.494473113208179939e+03 1.494473108423641634e+03 1.494473103658625405e+03 1.494473098916633944e+03 1.494473094201127196e+03 1.494473089515519405e+03 1.494473084863176609e+03 1.494473080247412327e+03 1.494473075671486185e+03 1.494473071138599607e+03 1.494473066651893760e+03 1.494473062214446372e+03 1.494473057829269464e+03 1.494473053499306388e+03
1.463859663848112405e+03 1.463859659813769667e+03 1.463859655717509440e+03 1.463859651562692079e+03 1.463859647352715456e+03 1.463859643091011321e+03 1.463859638781042577e+03 1.463859634426299635e+03 1.463859630030295875e+03 1.463859625596565820e+03 1.463859621128659683e+03 1.463859616630142000e+03 1.463859612104586404e+03 1.463859607555572893e+03 1.463859602986684422e+03 1.463859598401502353e+03 1.463859593803604412e+03 1.463859589196560364e+03 1.463859584583928836e+03 1.463859579969253446e+03 1.463859575356060532e+03 1.463859570747854605e+03 1.463859566148115391e+03 1.463859561560294651e+03 1.463859556987813221e+03 1.463859552434057150e+03 1.463859547902374970e+03 1.463859543396074969e+03 1.463859538918421322e+03 1.463859534472631822e+03 1.463859530061874239e+03 1.463859525689264501e+03 1.463859521357862832e+03 1.463859517070672382e+03 1.463859512830634458e+03 1.463859508640628292e+03 1.463859504503467178e+03
1.433303911548968472e+03 1.433303907695820499e+03 1.433303903783565602e+03 1.433303899815414979e+03 1.433303895794615300e+03 1.433303891724446203e+03 1.433303887608217110e+03 1.433303883449262912e+03 1.433303879250941009e+03 1.433303875016628808e+03 1.433303870749718953e+03 1.433303866453617047e+03 1.433303862131738015e+03 1.433303857787502011e+03 1.433303853424332829e+03 1.433303849045652669e+03 1.433303844654879185e+03 1.433303840255423665e+03 1.433303835850685346e+03 1.433303831444050729e+03 1.433303827038887903e+03 1.433303822638545171e+03 1.433303818246346964e+03 1.433303813865590655e+03 1.433303809499544286e+03 1.433303805151442475e+03 1.433303800824484142e+03 1.433303796521828872e+03 1.433303792246594867e+03 1.433303788001855764e+03 1.433303783790637453e+03 1.433303779615915801e+03 1.433303775480613695e+03 1.433303771387599227e+03 1.433303767339681599e+03 1.433303763339610441e+03 1.433303759390072400e+03
1.402820659921412016e+03 1.402820656244516158e+03 1.402820652511244816e+03 1.402820648724664125e+03 1.402820644887873868e+03 1.402820641004005438e+03 1.402820637076218190e+03 1.402820633107696267e+03 1.402820629101645181e+03 1.402820625061289093e+03 1.402820620989867393e+03 1.402820616890630845e+03 1.402820612766839986e+03 1.402820608621759902e+03 1.402820604458658863e+03 1.402820600280803546e+03 1.402820596091457219e+03 1.402820591893875644e+03 1.402820587691304127e+03 1.402820583486974783e+03 1.402820579284102905e+03 1.402820575085884457e+03 1.402820570895492438e+03 1.402820566716074836e+03 1.402820562550750083e+03 1.402820558402605684e+03 1.402820554274694587e+03 1.402820550170032675e+03 1.402820546091595588e+03 1.402820542042316902e+03 1.402820538025083806e+03 1.402820534042736654e+03 1.402820530098064637e+03 1.402820526193804199e+03 1.402820522332636301e+03 1.402820518517184610e+03 1.402820514750012308e+03
1.372423495397421902e+03 1.372423491891768208e+03 1.372423488332390434e+03 1.372423484722213743e+03 1.372423481064195357e+03 1.372423477361322284e+03 1.372423473616608135e+03 1.372423469833090394e+03 1.372423466013826783e+03 1.372423462161892758e+03 1.372423458280377872e+03 1.372423454372383503e+03 1.372423450441019213e+03 1.372423446489399566e+03 1.372423442520641629e+03 1.372423438537861330e+03 1.372423434544170959e+03 1.372423430542675760e+03 1.372423426536470743e+03 1.372423422528638866e+03 1.372423418522246493e+03 1.372423414520341339e+03 1.372423410525949521e+03 1.372423406542073053e+03 1.372423402571685756e+03 1.372423398617731891e+03 1.372423394683122979e+03 1.372423390770734386e+03 1.372423386883404191e+03 1.372423383023928636e+03 1.372423379195061671e+03 1.372423375399510633e+03 1.372423371639935340e+03 1.372423367918944678e+03 1.372423364239094553e+03 1.372423360602886078e+03 1.372423357012763063e+03
1.342124942297227790e+03 1.342124938957756285e+03 1.342124935567132297e+03 1.342124932128143200e+03 1.342124928643607973e+03 1.342124925116373333e+03 1.342124921549311694e+03 1.342124917945317520e+03 1.342124914307305289e+03 1.342124910638205847e+03 1.342124906940964138e+03 1.342124903218535110e+03 1.342124899473882579e+03 1.342124895709974680e+03 1.342124891929781597e+03 1.342124888136273057e+03 1.342124884332414240e+03 1.342124880521164869e+03 1.342124876705474207e+03 1.342124872888279469e+03 1.342124869072502634e+03 1.342124865261048171e+03 1.342124861456799181e+03 1.342124857662615568e+03 1.342124853881331546e+03 1.342124850115751769e+03 1.342124846368650424e+03 1.342124842642767135e+03 1.342124838940805375e+03 1.342124835265429738e+03 1.342124831619262750e+03 1.342124828004884421e+03 1.342124824424828148e+03 1.342124820881579126e+03 1.342124817377571844e+03 1.342124813915188952e+03 1.342124810496758300e+03
1.311936510634134947e+03 1.311936507455753372e+03 1.311936504228709737e+03 1.311936500955658403e+03 1.311936497639283971e+03 1.311936494282297190e+03 1.311936490887432910e+03 1.311936487457447811e+03 1.311936483995116760e+03 1.311936480503230541e+03 1.311936476984593355e+03 1.311936473442018723e+03 1.311936469878328808e+03 1.311936466296349408e+03 1.311936462698908826e+03 1.311936459088834454e+03 1.311936455468949589e+03 1.311936451842071847e+03 1.311936448211009520e+03 1.311936444578558621e+03 1.311936440947501069e+03 1.311936437320601726e+03 1.311936433700605676e+03 1.311936430090235717e+03 1.311936426492189412e+03 1.311936422909136809e+03 1.311936419343718399e+03 1.311936415798542384e+03 1.311936412276181954e+03 1.311936408779173462e+03 1.311936405310013242e+03 1.311936401871156704e+03 1.311936398465015145e+03 1.311936395093953706e+03 1.311936391760289780e+03 1.311936388466290509e+03 1.311936385214171196e+03
1.281868743486835683e+03 1.281868740464434723e+03 1.281868737395781409e+03 1.281868734283401182e+03 1.281868731129848356e+03 1.281868727937701351e+03 1.281868724709562684e+03 1.281868721448054657e+03 1.281868718155817533e+03 1.281868714835506125e+03 1.281868711489787984e+03 1.281868708121339978e+03 1.281868704732846709e+03 1.281868701326996415e+03 1.281868697906479838e+03 1.281868694473986125e+03 1.281868691032201241e+03 1.281868687583805468e+03 1.281868684131469990e+03 1.281868680677854627e+03 1.281868677225605325e+03 1.281868673777351887e+03 1.281868670335705474e+03 1.281868666903255416e+03 1.281868663482568081e+03 1.281868660076182550e+03 1.281868656686610166e+03 1.281868653316331574e+03 1.281868649967793772e+03 1.281868646643408965e+03 1.281868643345551391e+03 1.281868640076555721e+03 1.281868636838714792e+03 1.281868633634278012e+03 1.281868630465448859e+03 1.281868627334383063e+03 1.281868624243186787e+03
1.251931263772866487e+03 1.251931260901334781e+03 1.251931257985879938e+03 1.251931255028902569e+03 1.251931252032829889e+03 1.251931249000113894e+03 1.251931245933227729e+03 1.251931242834664090e+03 1.251931239706932502e+03 1.251931236552556811e+03 1.251931233374072008e+03 1.251931230174022858e+03 1.251931226954960266e+03 1.251931223719440140e+03 1.251931220470019070e+03 1.251931217209253418e+03 1.251931213939696136e+03 1.251931210663894035e+03 1.251931207384385743e+03 1.251931204103699201e+03 1.251931200824349389e+03 1.251931197548834689e+03 1.251931194279637111e+03 1.251931191019217067e+03 1.251931187770013139e+03 1.251931184534438444e+03 1.251931181314879495e+03 1.251931178113692795e+03 1.251931174933203920e+03 1.251931171775704570e+03 1.251931168643450746e+03 1.251931165538660480e+03 1.251931162463512919e+03 1.251931159420144240e+03 1.251931156410648327e+03 1.251931153437073135e+03 1.251931150501419324e+03
1.222132820276236998e+03 1.222132817550475465e+03 1.222132814783039294e+03 1.222132811976208586e+03 1.222132809132288457e+03 1.222132806253607441e+03 1.222132803342514308e+03 1.222132800401376471e+03 1.222132797432576808e+03 1.222132794438512065e+03 1.222132791421589673e+03 1.222132788384226387e+03 1.222132785328844648e+03 1.222132782257871213e+03 1.222132779173733979e+03 1.222132776078860388e+03 1.222132772975674470e+03 1.222132769866594799e+03 1.222132766754031536e+03 1.222132763640385292e+03 1.222132760528043491e+03 1.222132757419379232e+03 1.222132754316748105e+03 1.222132751222486831e+03 1.222132748138910301e+03 1.222132745068309760e+03 1.222132742012950303e+03 1.222132738975069969e+03 1.222132735956876104e+03 1.222132732960544217e+03 1.222132729988215942e+03 1.222132727041997214e+03 1.222132724123955768e+03 1.222132721236120233e+03 1.222132718380477172e+03 1.222132715558970858e+03 1.222132712773500543e+03
1.192481332800430664e+03 1.192481330215365006e+03 1.192481327590793398e+03 1.192481324928879530e+03 1.192481322231810509e+03 1.192481319501795269e+03 1.192481316741063210e+03 1.192481313951859875e+03 1.192481311136446720e+03 1.192481308297097257e+03 1.192481305436095681e+03 1.192481302555735283e+03 1.192481299658313901e+03 1.192481296746134376e+03 1.192481293821499776e+03 1.192481290886712941e+03 1.192481287944073983e+03 1.192481284995877104e+03 1.192481282044408772e+03 1.192481279091946135e+03 1.192481276140754517e+03 1.192481273193084462e+03 1.192481270251171054e+03 1.192481267317230504e+03 1.192481264393458559e+03 1.192481261482028685e+03 1.192481258585089790e+03 1.192481255704764180e+03 1.192481252843145512e+03 1.192481250002297429e+03 1.192481247184251060e+03 1.192481244391003656e+03 1.192481241624516315e+03 1.192481238886712617e+03 1.192481236179477264e+03 1.192481233504653346e+03 1.192481230864041891e+03
