Fastscape_10Myr_100yrTimeStep_halfmmyrk_1e-05_m_0.5_n_1.0_LinDiffusion_0.05_15x7km_30mRes0.txt
nrows 250
cellsize 30.0
xllcorner 0.0
ncols 500
yllcorner 0.0
[rows 102 to 118 of 250, columns 0 to 36 of 500]
0.000000000000000000e+00 2.500005200451532517e+00 2.500005174488754367e+00 2.500004986079159774e+00 2.500005520168548490e+00 2.500004946300250275e+00 2.500004162624614334e+00 2.500004286753118254e+00 2.500003811888679817e+00 2.500003832270124793e+00 2.500003563622699154e+00 2.500005129716659891e+00 2.500005465897050971e+00 2.500005344738538859e+00 2.500005567615736890e+00 2.500005243514729525e+00 2.500005299325091634e+00 2.500005491680327818e+00 2.500006597395235008e+00 2.500006566253074602e+00 2.500005476171351049e+00 2.500005449785730693e+00 2.500004562266023189e+00 2.500005744263745999e+00 2.500005904727724104e+00 2.500004379767723606e+00 2.500004990211064371e+00 2.500006679627558182e+00 2.500006546704600652e+00 2.500005571074805033e+00 2.500005985451505097e+00 2.500004952189767149e+00 2.500003931924104972e+00 2.500004193198013258e+00 2.500004022015813288e+00 2.500003772326635509e+00 2.500005111740766672e+00
0.000000000000000000e+00 2.500005540425209283e+00 2.500004833179457986e+00 2.500004208385580018e+00 2.500005071854874306e+00 2.500004772260953079e+00 2.500004752684279019e+00 2.500005191809055560e+00 2.500004423025334876e+00 2.500004260070523454e+00 2.500003220035820650e+00 2.500004760473095722e+00 2.500005536258379291e+00 2.500006536781406385e+00 2.500006208069549540e+00 2.500004988378166537e+00 2.500004480647847416e+00 2.500004067693567755e+00 2.500005455208929472e+00 2.500006475844273268e+00 2.500005439377650074e+00 2.500005774842855910e+00 2.500004383248491280e+00 2.500005147448398191e+00 2.500006013538677241e+00 2.500004873436689312e+00 2.500005137180655534e+00 2.500005822716649284e+00 2.500004916828650448e+00 2.500004528917887825e+00 2.500005255366582801e+00 2.500004388726033255e+00 2.500004486242293211e+00 2.500004665408066096e+00 2.500003383612407593e+00 2.500003141929411310e+00 2.500003757100381030e+00
0.000000000000000000e+00 2.500007032716160538e+00 2.500005980652978632e+00 2.500004562387148077e+00 2.500004823857552516e+00 2.500004770539910659e+00 2.500004226980815591e+00 2.500003735201266952e+00 2.500003574149586516e+00 2.500004794280055176e+00 2.500003644617680987e+00 2.500003651823528905e+00 2.500003575590517890e+00 2.500005598742118362e+00 2.500006045167103341e+00 2.500004869233861893e+00 2.500003627916049798e+00 2.500002983099018916e+00 2.500005356217217312e+00 2.500006899830559348e+00 2.500005553348690679e+00 2.500006131040621415e+00 2.500003990040279955e+00 2.500003717278735937e+00 2.500004858375642236e+00 2.500004414895374616e+00 2.500004139168474637e+00 2.500004027986114430e+00 2.500003888986384926e+00 2.500004573610690617e+00 2.500005559759174822e+00 2.500005663436806191e+00 2.500006436140768784e+00 2.500006006135982783e+00 2.500004339891165994e+00 2.500004599230156277e+00 2.500004879291976234e+00
0.000000000000000000e+00 2.500007436021210339e+00 2.500005950995634940e+00 2.500004163855122030e+00 2.500004315071780336e+00 2.500006241785505345e+00 2.500006662078855690e+00 2.500005144520707656e+00 2.500004153020665587e+00 2.500005562583572871e+00 2.500005603072479321e+00 2.500004646524418561e+00 2.500003002314064915e+00 2.500004068027998905e+00 2.500005315232160186e+00 2.500005797517198314e+00 2.500004650855030430e+00 2.500003714427164514e+00 2.500005722626024163e+00 2.500006239559717347e+00 2.500004562394613661e+00 2.500005753562314137e+00 2.500004290294907339e+00 2.500004096348802385e+00 2.500005057352224558e+00 2.500005025040224815e+00 2.500004417984960980e+00 2.500004042182298214e+00 2.500004309996894492e+00 2.500004521050783080e+00 2.500004792334434178e+00 2.500006425732391957e+00 2.500007537662790824e+00 2.500006293482277986e+00 2.500004536027779167e+00 2.500004638572267623e+00 2.500005213861454578e+00
0.000000000000000000e+00 2.500006857691616791e+00 2.500005118337589760e+00 2.500004298077554310e+00 2.500004681593812172e+00 2.500006772902779950e+00 2.500007237486593592e+00 2.500005800733133388e+00 2.500004253400678333e+00 2.500004723017010377e+00 2.500005509036522522e+00 2.500004843393695442e+00 2.500003929909305533e+00 2.500004320551944659e+00 2.500005743037228001e+00 2.500006559655067573e+00 2.500005325433768633e+00 2.500004226775805805e+00 2.500005460359222109e+00 2.500005164983700734e+00 2.500003729731136382e+00 2.500004678464915475e+00 2.500004066398815006e+00 2.500004658013278647e+00 2.500005371399843135e+00 2.500004855885576749e+00 2.500003966408607781e+00 2.500003517891678850e+00 2.500003974804755558e+00 2.500003936681661099e+00 2.500003894539242655e+00 2.500006017904778499e+00 2.500006950751769264e+00 2.500005497599276261e+00 2.500004023860535440e+00 2.500003425318602535e+00 2.500003662676716143e+00
0.000000000000000000e+00 2.500005040860270533e+00 2.500003914302396435e+00 2.500004624798098707e+00 2.500005669886726789e+00 2.500007207187273206e+00 2.500007125947981468e+00 2.500006131149050681e+00 2.500004437287999703e+00 2.500004336629801927e+00 2.500005636220608007e+00 2.500005448836992272e+00 2.500005337258515592e+00 2.500004913381659311e+00 2.500006532491378053e+00 2.500007449962198702e+00 2.500007220245349604e+00 2.500006228674571673e+00 2.500006317376995746e+00 2.500005480240493405e+00 2.500004875444286068e+00 2.500004992930994874e+00 2.500004527428500989e+00 2.500004684700414259e+00 2.500005002631383810e+00 2.500004871148659991e+00 2.500005064388524989e+00 2.500004669678381752e+00 2.500005112212958736e+00 2.500005172928842168e+00 2.500004756575470832e+00 2.500005078044269080e+00 2.500005502260876256e+00 2.500005346527548244e+00 2.500004651389697852e+00 2.500004016626567793e+00 2.500004226082075842e+00
0.000000000000000000e+00 2.500002158962422616e+00 2.500002626170795050e+00 2.500004580255492215e+00 2.500005920556652494e+00 2.500006605725325848e+00 2.500005767911385846e+00 2.500005874115932780e+00 2.500004966601874212e+00 2.500004783429508493e+00 2.500006166029842269e+00 2.500005756367931653e+00 2.500005689355566663e+00 2.500005066817225785e+00 2.500006370944971135e+00 2.500006169923101318e+00 2.500006739534681888e+00 2.500005788087848124e+00 2.500005065754737910e+00 2.500004283203904887e+00 2.500004623280080995e+00 2.500004645046119300e+00 2.500004441129612065e+00 2.500003609065893695e+00 2.500003473977250312e+00 2.500004215262165985e+00 2.500005997565792004e+00 2.500005771536352395e+00 2.500005893635900645e+00 2.500006028405359793e+00 2.500005461242097216e+00 2.500004586539156470e+00 2.500004586976368515e+00 2.500005599486428309e+00 2.500005423680926153e+00 2.500004568201304345e+00 2.500004774489365200e+00
0.000000000000000000e+00 2.500001965935479298e+00 2.500001794944769262e+00 2.500002682461282877e+00 2.500003923522817750e+00 2.500004504306636122e+00 2.500003774305601834e+00 2.500004794537626918e+00 2.500005039527049444e+00 2.500004724461708960e+00 2.500005829068941310e+00 2.500004429531174743e+00 2.500003600869440401e+00 2.500004020841783969e+00 2.500005635192044107e+00 2.500004260524822275e+00 2.500005109556296290e+00 2.500005218105929128e+00 2.500004616086374920e+00 2.500004157246312975e+00 2.500004414807884157e+00 2.500004342473092667e+00 2.500004131657686646e+00 2.500003013601125978e+00 2.500003374360521669e+00 2.500004701944105179e+00 2.500006561045350573e+00 2.500005859977861178e+00 2.500005527432828778e+00 2.500006071602624225e+00 2.500005805384426516e+00 2.500005413934990095e+00 2.500005512339326330e+00 2.500006489524404074e+00 2.500006162777616670e+00 2.500004376361621539e+00 2.500003515370491591e+00
0.000000000000000000e+00 2.500004488864527641e+00 2.500003250767779850e+00 2.500003357486623390e+00 2.500004894635854402e+00 2.500005359386201054e+00 2.500004503287867497e+00 2.500005191256623682e+00 2.500006242142377655e+00 2.500005393620476912e+00 2.500005746090266268e+00 2.500003782744655290e+00 2.500002121615424233e+00 2.500003081900371793e+00 2.500004753738590768e+00 2.500002938825576226e+00 2.500003305025288558e+00 2.500005031796107335e+00 2.500005475200205662e+00 2.500005601564679658e+00 2.500005640203415869e+00 2.500005801293645469e+00 2.500005709190615377e+00 2.500004458239161842e+00 2.500004682463486727e+00 2.500006011534309902e+00 2.500007282480901871e+00 2.500005821621152258e+00 2.500004784593214513e+00 2.500006137448422816e+00 2.500006752270001797e+00 2.500007071661805025e+00 2.500007025348061074e+00 2.500006821849895200e+00 2.500006246447050273e+00 2.500004233455347169e+00 2.500003486791472440e+00
0.000000000000000000e+00 2.500006588142533737e+00 2.500004309593946150e+00 2.500003807752796181e+00 2.500005916308812193e+00 2.500006736330395718e+00 2.500005520469384290e+00 2.500004827588626632e+00 2.500005751429881684e+00 2.500005333643958050e+00 2.500005150647210961e+00 2.500004085732010495e+00 2.500002928897802068e+00 2.500003790321766228e+00 2.500004816148646114e+00 2.500003100881566631e+00 2.500002551734935352e+00 2.500004944873680301e+00 2.500006299084523320e+00 2.500007207401186982e+00 2.500007175335686949e+00 2.500006880880825566e+00 2.500006273464862705e+00 2.500004671038882798e+00 2.500004307236705969e+00 2.500005124157352654e+00 2.500005638530507834e+00 2.500004148332701348e+00 2.500003344516300796e+00 2.500005573408309534e+00 2.500006302263738878e+00 2.500005680202765479e+00 2.500005316358163476e+00 2.500004923205820795e+00 2.500005583107856921e+00 2.500004791520086478e+00 2.500004502128087669e+00
0.000000000000000000e+00 2.500007227217884154e+00 2.500004962691110499e+00 2.500003900919872457e+00 2.500005176620330172e+00 2.500005598403514551e+00 2.500004465968050038e+00 2.500003875094170436e+00 2.500004715179529491e+00 2.500005765156407822e+00 2.500005655714095276e+00 2.500005983647907826e+00 2.500005900304707929e+00 2.500006019453608008e+00 2.500005150834421208e+00 2.500003552927001493e+00 2.500003042427610733e+00 2.500005038453274597e+00 2.500005812652484671e+00 2.500006322248118362e+00 2.500006447523278386e+00 2.500006251672379332e+00 2.500005831077781959e+00 2.500004853503649205e+00 2.500004868586539697e+00 2.500005586259217427e+00 2.500005746736929435e+00 2.500004257416465592e+00 2.500002920402254247e+00 2.500004165029545700e+00 2.500004560481797089e+00 2.500003415309663524e+00 2.500002991100055638e+00 2.500002745892379252e+00 2.500004236941061997e+00 2.500004567458971039e+00 2.500004591577543955e+00
0.000000000000000000e+00 2.500006983659802007e+00 2.500005826602200276e+00 2.500004952824922189e+00 2.500004851546862916e+00 2.500004579310685759e+00 2.500004395711200811e+00 2.500005036132659342e+00 2.500004650946458629e+00 2.500005663306656523e+00 2.500006066405903837e+00 2.500006881566214645e+00 2.500006829732846381e+00 2.500006091156889987e+00 2.500004955259353068e+00 2.500004640586485749e+00 2.500004599741420197e+00 2.500005530234463258e+00 2.500004953282075615e+00 2.500004011662777970e+00 2.500004117969154116e+00 2.500005106314439285e+00 2.500004948211076439e+00 2.500003971710700768e+00 2.500003578921602188e+00 2.500004533028020504e+00 2.500006081306691552e+00 2.500005966611777986e+00 2.500003534542317496e+00 2.500002977097889545e+00 2.500003642477054200e+00 2.500003021002926040e+00 2.500001998499487676e+00 2.500001495835731724e+00 2.500003407669047384e+00 2.500004867200677605e+00 2.500005311335268487e+00
0.000000000000000000e+00 2.500006304710981286e+00 2.500005507462102816e+00 2.500004826481762255e+00 2.500004454091899753e+00 2.500004580105648966e+00 2.500005052221771606e+00 2.500006070195731400e+00 2.500004790165939905e+00 2.500005263098592945e+00 2.500006325183210532e+00 2.500006658709911456e+00 2.500006470902324196e+00 2.500005777461250744e+00 2.500004749439847629e+00 2.500004305122243142e+00 2.500004089595976975e+00 2.500005031714828352e+00 2.500004856741449011e+00 2.500003119908580818e+00 2.500002657922363980e+00 2.500004265869563813e+00 2.500004257700542798e+00 2.500003798835150004e+00 2.500002954207168226e+00 2.500002980410154230e+00 2.500004683400908423e+00 2.500006007876280911e+00 2.500003538170964212e+00 2.500002421424896593e+00 2.500003984279270952e+00 2.500004826836474070e+00 2.500003599184068115e+00 2.500003180071609155e+00 2.500005041974840747e+00 2.500006266857328630e+00 2.500005981701379554e+00
0.000000000000000000e+00 2.500005928625715690e+00 2.500006161058587750e+00 2.500006477843460306e+00 2.500006038862292890e+00 2.500005975151593951e+00 2.500005333602742574e+00 2.500004823894275585e+00 2.500004220326488724e+00 2.500004902706752574e+00 2.500005856062951004e+00 2.500005722991001544e+00 2.500006098743413840e+00 2.500006169754852348e+00 2.500004517993664077e+00 2.500003268352522401e+00 2.500003073741787762e+00 2.500003997254002464e+00 2.500004502376257598e+00 2.500003248695606750e+00 2.500002834596603218e+00 2.500004432660126952e+00 2.500004592640431955e+00 2.500004917817037153e+00 2.500003772048045914e+00 2.500002311577299352e+00 2.500003558164487938e+00 2.500005874262320127e+00 2.500004246747228542e+00 2.500003076092441656e+00 2.500004406615066177e+00 2.500006012860337634e+00 2.500005646171344686e+00 2.500005393430874356e+00 2.500006196544654280e+00 2.500006410563236248e+00 2.500005935813690794e+00
0.000000000000000000e+00 2.500005439251624217e+00 2.500005109859944952e+00 2.500004733783243172e+00 2.500004523829198799e+00 2.500005625499378326e+00 2.500005175956161008e+00 2.500003645571398092e+00 2.500004245948745485e+00 2.500005251459523237e+00 2.500005893319454220e+00 2.500005735483207481e+00 2.500005772929289272e+00 2.500005503233349469e+00 2.500004030097901619e+00 2.500003181230302296e+00 2.500003204221616482e+00 2.500004271359971497e+00 2.500005379083183765e+00 2.500005162428886596e+00 2.500004365790368777e+00 2.500004593960364563e+00 2.500004459363814213e+00 2.500004786816695468e+00 2.500004106745540078e+00 2.500002696907904554e+00 2.500003530938237795e+00 2.500004799990900750e+00 2.500003450974894292e+00 2.500003082402207699e+00 2.500004544069343471e+00 2.500005180292816931e+00 2.500004900961894538e+00 2.500005065774816959e+00 2.500005275118117432e+00 2.500005921824175914e+00 2.500006092489546639e+00
0.000000000000000000e+00 2.500003859440758980e+00 2.500003769004983667e+00 2.500003392153873349e+00 2.500003620713282526e+00 2.500004903468127537e+00 2.500004783617916448e+00 2.500003550116715711e+00 2.500005090352706461e+00 2.500005654799311472e+00 2.500005446451059044e+00 2.500005125228471847e+00 2.500004691397875067e+00 2.500004543225213371e+00 2.500004803921486829e+00 2.500004661572419185e+00 2.500003511024796232e+00 2.500003962821837344e+00 2.500005188178509030e+00 2.500006379750939534e+00 2.500006267796595960e+00 2.500005918531853943e+00 2.500005519332135773e+00 2.500004703756430136e+00 2.500004447425560716e+00 2.500003614867253088e+00 2.500003547029775675e+00 2.500003326034356821e+00 2.500002598189293490e+00 2.500003143321303245e+00 2.500004778750280376e+00 2.500004586364393599e+00 2.500004363794895212e+00 2.500005026959366106e+00 2.500004448925827738e+00 2.500005239288354719e+00 2.500006392227335006e+00
0.000000000000000000e+00 2.500005975378517320e+00 2.500006212815315543e+00 2.500005642029725195e+00 2.500005715985229138e+00 2.500005607418453124e+00 2.500004793971518868e+00 2.500003266321473738e+00 2.500004095445020003e+00 2.500004427370285054e+00 2.500004822700798268e+00 2.500005023753169908e+00 2.500005216313994083e+00 2.500005261603398754e+00 2.500006035316084230e+00 2.500006055911812908e+00 2.500004031048261854e+00 2.500003494251214597e+00 2.500004261043721865e+00 2.500006036358470851e+00 2.500006435735135479e+00 2.500005397846792210e+00 2.500004837833045279e+00 2.500003781590122820e+00 2.500004749096935708e+00 2.500004075331881292e+00 2.500003423316210061e+00 2.500003320715460386e+00 2.500003485781583379e+00 2.500003852608568611e+00 2.500005186807706892e+00 2.500005278501201911e+00 2.500004591921278330e+00 2.500005043937346461e+00 2.500004563855454442e+00 2.500005291056341505e+00 2.500006690252722485e+00
