Fastscape_10Myr_100yrTimeStep_halfmmyrk_1e-05_m_0.5_n_1.0_LinDiffusion_0.05_15x7km_30mRes0.txt
nrows 250
cellsize 30.0
xllcorner 0.0
ncols 500
yllcorner 0.0
[rows 17 to 33 of 250, columns 222 to 258 of 500]
2.500005723406354186e+00 2.500004510298369009e+00 2.500004446204790565e+00 2.500004254039873697e+00 2.500004079784037714e+00 2.500004466161096062e+00 2.500003906030626943e+00 2.500003984539278967e+00 2.500005198492664338e+00 2.500004185141939228e+00 2.500003235373135624e+00 2.500004572787687618e+00 2.500005834506637825e+00 2.500005115805587597e+00 2.500005572160323819e+00 2.500005394407696979e+00 2.500006175517412554e+00 2.500005988976519600e+00 2.500005336710608983e+00 2.500006663382877470e+00 2.500006052334708961e+00 2.500005072443820975e+00 2.500004424201640152e+00 2.500005276286522804e+00 2.500003999751634787e+00 2.500003280226123614e+00 2.500004081116145471e+00 2.500004514241324749e+00 2.500004489667967178e+00 2.500004579470564980e+00 2.500004818538571261e+00 2.500005706142355510e+00 2.500005056464820630e+00 2.500004877783989166e+00 2.500004808036944137e+00 2.500004643896279077e+00 2.500005107293738593e+00
2.500006242500172338e+00 2.500006044402868000e+00 2.500005524796163670e+00 2.500005270412099634e+00 2.500005338918118714e+00 2.500004138635167905e+00 2.500003574039229459e+00 2.500004733586612460e+00 2.500005865327689758e+00 2.500004179549446537e+00 2.500003381369235722e+00 2.500004717712882574e+00 2.500004694715457276e+00 2.500003918450649731e+00 2.500004901620426878e+00 2.500005690735280783e+00 2.500005656570948087e+00 2.500005028741665303e+00 2.500004266316883328e+00 2.500005527670780214e+00 2.500004283296247021e+00 2.500004144894808711e+00 2.500004573971930544e+00 2.500004319155596733e+00 2.500003137233761219e+00 2.500003134898495016e+00 2.500004698224336686e+00 2.500005887102920266e+00 2.500005611367706937e+00 2.500004950218242872e+00 2.500003510644628335e+00 2.500003948500183260e+00 2.500003722737166978e+00 2.500003789472852400e+00 2.500004197351918922e+00 2.500004445710123147e+00 2.500005504421693558e+00
2.500005222135564420e+00 2.500005772682583505e+00 2.500005577014509317e+00 2.500006278295465734e+00 2.500006929934001310e+00 2.500005034359153999e+00 2.500004200444925662e+00 2.500005392410601157e+00 2.500005508974676438e+00 2.500003709671434482e+00 2.500003594310509225e+00 2.500004878840954792e+00 2.500004419329163952e+00 2.500004195117092376e+00 2.500005199811726087e+00 2.500006761664467003e+00 2.500006083436816073e+00 2.500005410112564164e+00 2.500003817465459299e+00 2.500004300242080202e+00 2.500003908074970749e+00 2.500003908131573027e+00 2.500003560361942156e+00 2.500002405235992153e+00 2.500001834576288662e+00 2.500002312870498677e+00 2.500002844635189625e+00 2.500004108680653037e+00 2.500004386532249434e+00 2.500004138327053482e+00 2.500002931427720565e+00 2.500004524828696617e+00 2.500005168079011852e+00 2.500005408733612544e+00 2.500005018933222800e+00 2.500005071768501175e+00 2.500005401528728299e+00
2.500003605597308276e+00 2.500004165488344920e+00 2.500005296016362344e+00 2.500006191460803162e+00 2.500006183931751114e+00 2.500005054804636195e+00 2.500005097357125283e+00 2.500006397591592489e+00 2.500005908369842267e+00 2.500004031627602430e+00 2.500004476236165729e+00 2.500005413380621100e+00 2.500004942481407255e+00 2.500004736156915541e+00 2.500004596741654872e+00 2.500005760240207930e+00 2.500005261208857466e+00 2.500006017859677243e+00 2.500004714832337882e+00 2.500004616565894455e+00 2.500004976340354901e+00 2.500004178646432429e+00 2.500003244222518628e+00 2.500002619009864091e+00 2.500002224968456588e+00 2.500002798848429020e+00 2.500002019108779727e+00 2.500002775595933979e+00 2.500004137602239496e+00 2.500005095023797086e+00 2.500004281565662456e+00 2.500005714818125391e+00 2.500005980842932019e+00 2.500005816333548125e+00 2.500004597210942592e+00 2.500004336051260712e+00 2.500003993811994452e+00
2.500003310117058231e+00 2.500003153542018186e+00 2.500004624052070135e+00 2.500004656337324604e+00 2.500003928359805894e+00 2.500004930008674631e+00 2.500006240588652506e+00 2.500006674149003683e+00 2.500005209877155465e+00 2.500003451510178998e+00 2.500005126114943188e+00 2.500006231628412845e+00 2.500005747350317886e+00 2.500005440071908946e+00 2.500004497302596107e+00 2.500004847161245269e+00 2.500005216763488303e+00 2.500006729595052768e+00 2.500005852642239734e+00 2.500004956556346247e+00 2.500004755636072051e+00 2.500003744266697581e+00 2.500003861351197898e+00 2.500004450584687454e+00 2.500003662477182420e+00 2.500004611567788970e+00 2.500003366658155368e+00 2.500002759919809137e+00 2.500004604471518732e+00 2.500006407163240407e+00 2.500005867208143773e+00 2.500006572337394317e+00 2.500005904356615183e+00 2.500004809814715401e+00 2.500003278733997636e+00 2.500003301068908890e+00 2.500003747804146581e+00
2.500004231934112031e+00 2.500003911535491063e+00 2.500004776895460079e+00 2.500004023028005395e+00 2.500002671932319398e+00 2.500004597567822451e+00 2.500006459845149909e+00 2.500006590927483341e+00 2.500004661214328738e+00 2.500003467597809337e+00 2.500005465672517690e+00 2.500005798011471381e+00 2.500004676865306141e+00 2.500004530216885179e+00 2.500003964064725359e+00 2.500003915806167321e+00 2.500005229742399582e+00 2.500006132631436007e+00 2.500005199478851914e+00 2.500004331477509556e+00 2.500003692289680668e+00 2.500002918260576745e+00 2.500003193300448068e+00 2.500004346318093429e+00 2.500003801681630389e+00 2.500005983522765263e+00 2.500005940607658683e+00 2.500004942830710064e+00 2.500005680281605080e+00 2.500005807411897596e+00 2.500004782110307300e+00 2.500005456545456806e+00 2.500004896077602012e+00 2.500003883936367188e+00 2.500002776753846412e+00 2.500002499152143454e+00 2.500003327959452459e+00
2.500006039405584968e+00 2.500005540018662487e+00 2.500004966754802549e+00 2.500004116646706631e+00 2.500003565919939774e+00 2.500005036902452016e+00 2.500006200204369922e+00 2.500006401167266912e+00 2.500005007333938600e+00 2.500004500837888166e+00 2.500005426006309595e+00 2.500005296881107508e+00 2.500004957395725480e+00 2.500004995844162359e+00 2.500004354333716261e+00 2.500003448088436553e+00 2.500004792478342619e+00 2.500005039131383722e+00 2.500004440913794923e+00 2.500004743972173316e+00 2.500004355990494087e+00 2.500003981434767653e+00 2.500003742762826775e+00 2.500004955545740870e+00 2.500004446867601260e+00 2.500006006553141980e+00 2.500006627062016928e+00 2.500006645835405994e+00 2.500006152625314115e+00 2.500004551949392972e+00 2.500003313163456475e+00 2.500004399089338580e+00 2.500003985286743280e+00 2.500003651509040914e+00 2.500003341075028196e+00 2.500002227079931583e+00 2.500002367731956276e+00
2.500006413000044336e+00 2.500006370403379918e+00 2.500005158916246195e+00 2.500004543250254230e+00 2.500005210125501254e+00 2.500005561781591279e+00 2.500005711235127048e+00 2.500005759295881091e+00 2.500005382799176168e+00 2.500005687846719837e+00 2.500005113160959969e+00 2.500004428811549495e+00 2.500004874156799950e+00 2.500004603635226363e+00 2.500003720202944812e+00 2.500002937416098803e+00 2.500005100278162473e+00 2.500005982139373195e+00 2.500005011655018539e+00 2.500004691392447409e+00 2.500003822792885799e+00 2.500004061055260962e+00 2.500004250078819545e+00 2.500005341527629987e+00 2.500005681947907732e+00 2.500006017897599797e+00 2.500005378353877372e+00 2.500006005521506314e+00 2.500005684635461023e+00 2.500004712466404655e+00 2.500003948352264249e+00 2.500004341733905289e+00 2.500003328398944458e+00 2.500003515924734021e+00 2.500003632834153500e+00 2.500002867749017810e+00 2.500002627622816664e+00
2.500006516770447718e+00 2.500007216597903259e+00 2.500006024921156644e+00 2.500004714614671553e+00 2.500004933135909990e+00 2.500004305732816068e+00 2.500004365995215139e+00 2.500004084279807248e+00 2.500004302716410720e+00 2.500006220129146861e+00 2.500006205122516700e+00 2.500005225560963051e+00 2.500004949834632395e+00 2.500004867273515785e+00 2.500005261674998369e+00 2.500004887655418173e+00 2.500006647826876538e+00 2.500007354303945828e+00 2.500005476005839000e+00 2.500004636190613638e+00 2.500003951590398898e+00 2.500004193356285320e+00 2.500004319729161928e+00 2.500003760818394483e+00 2.500004554763578302e+00 2.500005164591786233e+00 2.500003947721944897e+00 2.500004605746272812e+00 2.500005049012582692e+00 2.500005349156233514e+00 2.500005333700969778e+00 2.500004840390842364e+00 2.500003585590008903e+00 2.500004544460144640e+00 2.500004537404918903e+00 2.500004363494011006e+00 2.500003736950181743e+00
2.500006588697449850e+00 2.500007236022951496e+00 2.500005711664180730e+00 2.500004324694469648e+00 2.500004226303413901e+00 2.500003273375007939e+00 2.500003768887556710e+00 2.500003069555448487e+00 2.500002965256350684e+00 2.500005208828516956e+00 2.500006070480986331e+00 2.500005748000604822e+00 2.500004499335841235e+00 2.500003626605859175e+00 2.500004594950887782e+00 2.500004509690280319e+00 2.500005321092128252e+00 2.500006151308941327e+00 2.500004702487565122e+00 2.500004598052850469e+00 2.500005255197629950e+00 2.500004918694310962e+00 2.500004469349675240e+00 2.500003072394820780e+00 2.500003648741344175e+00 2.500004656568263428e+00 2.500003792922007140e+00 2.500004118237938222e+00 2.500004821592543003e+00 2.500005722752992821e+00 2.500006615125418552e+00 2.500005395133999997e+00 2.500003671073854683e+00 2.500004610873304500e+00 2.500003800192663217e+00 2.500003941877344982e+00 2.500003770688858928e+00
2.500005938915770276e+00 2.500006036735603399e+00 2.500004095627757827e+00 2.500003904142438227e+00 2.500004741528954799e+00 2.500003547006186544e+00 2.500003728979314666e+00 2.500003483781258584e+00 2.500003987684849882e+00 2.500005707944298994e+00 2.500005624837370988e+00 2.500005884020960245e+00 2.500005516036454711e+00 2.500004283882888867e+00 2.500004440937249495e+00 2.500004156568428115e+00 2.500004104533469551e+00 2.500005676367332175e+00 2.500004979254498494e+00 2.500004353437927040e+00 2.500005750453975661e+00 2.500005494455445287e+00 2.500004855894092159e+00 2.500003887434166572e+00 2.500003806727550071e+00 2.500004290787712691e+00 2.500003940784079948e+00 2.500003885283580196e+00 2.500003969881166910e+00 2.500004619787069338e+00 2.500006653080451891e+00 2.500005868634044948e+00 2.500004322502507925e+00 2.500005564361822863e+00 2.500004825178658852e+00 2.500004135932065719e+00 2.500003349912354178e+00
2.500005222046004505e+00 2.500004777727515393e+00 2.500003203794078477e+00 2.500003284626477917e+00 2.500004777329277506e+00 2.500004249329622841e+00 2.500005072743290313e+00 2.500005454594262044e+00 2.500005794572488060e+00 2.500006807776481654e+00 2.500005600235583270e+00 2.500005020395323463e+00 2.500005447057303876e+00 2.500005115740209671e+00 2.500004404775765021e+00 2.500003921550897790e+00 2.500003038573566538e+00 2.500004872992916738e+00 2.500005476696351092e+00 2.500004952220300947e+00 2.500006713713594841e+00 2.500007425157173557e+00 2.500006699310728830e+00 2.500005632312482629e+00 2.500004399089884366e+00 2.500002991244424155e+00 2.500002539451425587e+00 2.500003324203925903e+00 2.500003366750922940e+00 2.500003746910885116e+00 2.500006220977739169e+00 2.500006357183299333e+00 2.500004575329180856e+00 2.500005209229776870e+00 2.500005342674167075e+00 2.500004901011361635e+00 2.500004836807082409e+00
2.500004045749860015e+00 2.500003768065091947e+00 2.500003869506707499e+00 2.500003536711159935e+00 2.500004552365307386e+00 2.500004599038200492e+00 2.500005405361771960e+00 2.500004728957390121e+00 2.500004223626508537e+00 2.500005765620028075e+00 2.500005878443001706e+00 2.500004415769726762e+00 2.500004331423058002e+00 2.500005656006670574e+00 2.500005550060929504e+00 2.500005606665964386e+00 2.500004456933246022e+00 2.500004764197863771e+00 2.500005420150437363e+00 2.500005221601703909e+00 2.500006369462798528e+00 2.500007779493414795e+00 2.500007395708543356e+00 2.500006670782024543e+00 2.500005958853757537e+00 2.500003906866683945e+00 2.500003510106293181e+00 2.500005264599890253e+00 2.500005022759581141e+00 2.500004214923885471e+00 2.500005600268391692e+00 2.500006150959031004e+00 2.500004191746280746e+00 2.500003842157831002e+00 2.500003893898032903e+00 2.500003538607532327e+00 2.500004527029095147e+00
2.500003405036295590e+00 2.500003544078726936e+00 2.500004589223474127e+00 2.500004236311083261e+00 2.500004650348730983e+00 2.500005330122702318e+00 2.500005859771578631e+00 2.500004099769181920e+00 2.500002678304744652e+00 2.500003824624706272e+00 2.500004423992571390e+00 2.500003231995693742e+00 2.500002962874113610e+00 2.500004773167025185e+00 2.500005146062914907e+00 2.500005875240876030e+00 2.500006350664039534e+00 2.500006426635704937e+00 2.500006434784332487e+00 2.500006009430594034e+00 2.500005304636863102e+00 2.500005891813815495e+00 2.500006156490411691e+00 2.500005892061416546e+00 2.500005702411120634e+00 2.500003708576556516e+00 2.500003584139196544e+00 2.500004901988507999e+00 2.500004108925032664e+00 2.500003812089217625e+00 2.500005150311507496e+00 2.500005784540720644e+00 2.500004127226519657e+00 2.500003513124586796e+00 2.500003561038129263e+00 2.500003605037412147e+00 2.500004092300391001e+00
2.500004288797974095e+00 2.500004902259795436e+00 2.500005022717553427e+00 2.500003878373116883e+00 2.500002933950519424e+00 2.500004284779596908e+00 2.500005745992229578e+00 2.500004676401597958e+00 2.500003608164841573e+00 2.500003838026786163e+00 2.500003471885519968e+00 2.500002721273501205e+00 2.500002993414772945e+00 2.500004675411788835e+00 2.500005707012946221e+00 2.500005938251562476e+00 2.500006687696804786e+00 2.500006443120717403e+00 2.500005178432711528e+00 2.500004832877377847e+00 2.500004364030534276e+00 2.500004859235041454e+00 2.500005508088444905e+00 2.500005411719525394e+00 2.500005116288972928e+00 2.500003990869006376e+00 2.500004598862937133e+00 2.500004614643787981e+00 2.500003063080832533e+00 2.500003628523316923e+00 2.500004933791706740e+00 2.500005306542155914e+00 2.500003983946232466e+00 2.500003128571137712e+00 2.500003443249891433e+00 2.500004661309151555e+00 2.500004372558036092e+00
2.500003735226840718e+00 2.500005055261080411e+00 2.500005257342053255e+00 2.500004811498965029e+00 2.500003094721686914e+00 2.500003816734751361e+00 2.500005473320817906e+00 2.500005830564771436e+00 2.500005135598783124e+00 2.500004342819673209e+00 2.500003450251652826e+00 2.500003602800948688e+00 2.500004499859281637e+00 2.500004740954470339e+00 2.500005721838963080e+00 2.500005051131843015e+00 2.500004562364658511e+00 2.500004232564156936e+00 2.500003187583682784e+00 2.500003892024461827e+00 2.500005074789927839e+00 2.500005882696756387e+00 2.500005886759944840e+00 2.500005754790308732e+00 2.500005495885329942e+00 2.500005496015238915e+00 2.500006465467250472e+00 2.500005955236512367e+00 2.500004572395459590e+00 2.500005058602681629e+00 2.500005019327160571e+00 2.500004549733739978e+00 2.500004148364288081e+00 2.500003671446287878e+00 2.500003827366594766e+00 2.500005047758172338e+00 2.500003947242499969e+00
2.500004534422620495e+00 2.500005192939280807e+00 2.500004880714474353e+00 2.500005098964404482e+00 2.500003780674999732e+00 2.500003493653844888e+00 2.500003640972102925e+00 2.500004939510339863e+00 2.500005193926331692e+00 2.500004658473995445e+00 2.500003703695327761e+00 2.500003757779022173e+00 2.500005583665941611e+00 2.500005918137408134e+00 2.500007089808940819e+00 2.500006375075527032e+00 2.500004674229919566e+00 2.500003849949249179e+00 2.500003572453072920e+00 2.500004194984447814e+00 2.500004829522032512e+00 2.500004985222015641e+00 2.500004541233169952e+00 2.500005133047144668e+00 2.500005761137100713e+00 2.500005977502891330e+00 2.500005762863107606e+00 2.500005012985877073e+00 2.500004582952135568e+00 2.500005638843074252e+00 2.500005147489530621e+00 2.500004158619646866e+00 2.500004112724397931e+00 2.500003691471060385e+00 2.500003551960851222e+00 2.500004608093250535e+00 2.500003055252359552e+00
