FastScape_5Ma_1mmyr_mp5_n1_k5Minus5_10kyrTimeStep_30mRes_6kmBy6Km_noRainfallThresh.txt
nrows 200
cellsize 30.0
xllcorner 0.0
ncols 200
yllcorner 0.0
[rows 51 to 67 of 200, columns 148 to 184 of 200]
9.999996854800171775e+01 9.999996859877336419e+01 9.999996864860040091e+01 9.999996869646162168e+01 9.999996873724549573e+01 9.999996877409878948e+01 9.999996880664896537e+01 9.999996882326257719e+01 9.999996883112268620e+01 9.999996883152272176e+01 9.999996882554385991e+01 9.999996881465291665e+01 9.999996879891916990e+01 9.999996877796891681e+01 9.999996875250894846e+01 9.999996873508706585e+01 9.999996872791230373e+01 9.999996873413962817e+01 9.999996875974451882e+01 9.999996880710631331e+01 9.999996887486564390e+01 9.999996896360872256e+01 9.999996907130656609e+01 9.999996919211169200e+01 9.999996932006975214e+01 9.999996945119234226e+01 9.999996957493451077e+01 9.999996967751091859e+01 9.999996978862327524e+01 9.999996986969529189e+01 9.999996993227146902e+01 9.999996996554899908e+01 9.999996996577785069e+01 9.999996992330503076e+01 9.999996978169953366e+01 9.999996949265947421e+01 9.999996885306039474e+01
9.999998282717545806e+01 9.999998286312400353e+01 9.999998289815998476e+01 9.999998293157474905e+01 9.999998296004680753e+01 9.999998298559749799e+01 9.999998300799195761e+01 9.999998301972496506e+01 9.999998302546002549e+01 9.999998302604569744e+01 9.999998302219199786e+01 9.999998301485190666e+01 9.999998300406777219e+01 9.999998298958576015e+01 9.999998297183894636e+01 9.999998295890944178e+01 9.999998295219536715e+01 9.999998295371521806e+01 9.999998296732280778e+01 9.999998299456368045e+01 9.999998303458716009e+01 9.999998308783037260e+01 9.999998315306267216e+01 9.999998322660393058e+01 9.999998330471120767e+01 9.999998338491491268e+01 9.999998346055687648e+01 9.999998352286549164e+01 9.999998359094168165e+01 9.999998364013823959e+01 9.999998367790702503e+01 9.999998369736242410e+01 9.999998369618202787e+01 9.999998366842216058e+01 9.999998357846278907e+01 9.999998339654561619e+01 9.999998299491569753e+01
9.999999162767169025e+01 9.999999165414536151e+01 9.999999167973992087e+01 9.999999170394968928e+01 9.999999172461367891e+01 9.999999174300818083e+01 9.999999175897499981e+01 9.999999176769408393e+01 9.999999177216997737e+01 9.999999177295406128e+01 9.999999177051034849e+01 9.999999176545780699e+01 9.999999175782842542e+01 9.999999174745961739e+01 9.999999173462401814e+01 9.999999172450729645e+01 9.999999171800192244e+01 9.999999171640568818e+01 9.999999172220429955e+01 9.999999173641198524e+01 9.999999175851763766e+01 9.999999178885751405e+01 9.999999182671153619e+01 9.999999186979788135e+01 9.999999191579732383e+01 9.999999196320854367e+01 9.999999200787318898e+01 9.999999204426299571e+01 9.999999208458112321e+01 9.999999211320670156e+01 9.999999213492014860e+01 9.999999214537173486e+01 9.999999214314041751e+01 9.999999212461015929e+01 9.999999206748664449e+01 9.999999195363533033e+01 9.999999170341435217e+01
9.999999700177619388e+01 9.999999702225193232e+01 9.999999704188303440e+01 9.999999706029404933e+01 9.999999707606990285e+01 9.999999708999591519e+01 9.999999710195355362e+01 9.999999710885516890e+01 9.999999711261908431e+01 9.999999711359809851e+01 9.999999711209318320e+01 9.999999710850674717e+01 9.999999710286805055e+01 9.999999709508180956e+01 9.999999708532875786e+01 9.999999707692990114e+01 9.999999707046609387e+01 9.999999706678265454e+01 9.999999706749055406e+01 9.999999707326902865e+01 9.999999708383268171e+01 9.999999709945066684e+01 9.999999711972716909e+01 9.999999714327610434e+01 9.999999716868811106e+01 9.999999719507458451e+01 9.999999721987256862e+01 9.999999723963594533e+01 9.999999726211540008e+01 9.999999727749356282e+01 9.999999728882166039e+01 9.999999729337920940e+01 9.999999729030973583e+01 9.999999727744300060e+01 9.999999724094440978e+01 9.999999716988897092e+01 9.999999701507259431e+01
1.000000002530146332e+02 1.000000002697223351e+02 1.000000002856204588e+02 1.000000003004162039e+02 1.000000003131696786e+02 1.000000003243440290e+02 1.000000003338385000e+02 1.000000003396741022e+02 1.000000003430614726e+02 1.000000003442203962e+02 1.000000003433433875e+02 1.000000003406924378e+02 1.000000003362969352e+02 1.000000003301097706e+02 1.000000003222603056e+02 1.000000003148775534e+02 1.000000003083525115e+02 1.000000003032493652e+02 1.000000003006243929e+02 1.000000003009478888e+02 1.000000003040839829e+02 1.000000003102579598e+02 1.000000003192788256e+02 1.000000003303303799e+02 1.000000003425809609e+02 1.000000003555270922e+02 1.000000003676165505e+02 1.000000003767302417e+02 1.000000003877674288e+02 1.000000003946137781e+02 1.000000003992106770e+02 1.000000003998767539e+02 1.000000003961065289e+02 1.000000003866185097e+02 1.000000003629031085e+02 1.000000003184585466e+02 1.000000002231631839e+02
1.000000022012963541e+02 1.000000022156413166e+02 1.000000022292122708e+02 1.000000022417681862e+02 1.000000022526693471e+02 1.000000022621681097e+02 1.000000022701691904e+02 1.000000022753974349e+02 1.000000022786041711e+02 1.000000022799196557e+02 1.000000022794637715e+02 1.000000022774071624e+02 1.000000022737797281e+02 1.000000022685678402e+02 1.000000022618728082e+02 1.000000022550665335e+02 1.000000022484257158e+02 1.000000022423414805e+02 1.000000022375211444e+02 1.000000022343061659e+02 1.000000022326594262e+02 1.000000022327780869e+02 1.000000022345998332e+02 1.000000022376689657e+02 1.000000022415183594e+02 1.000000022458852413e+02 1.000000022498533525e+02 1.000000022521435170e+02 1.000000022558432704e+02 1.000000022571835530e+02 1.000000022573995722e+02 1.000000022554680186e+02 1.000000022511001845e+02 1.000000022435550733e+02 1.000000022276465899e+02 1.000000021995563060e+02 1.000000021410176458e+02
1.000000033573231661e+02 1.000000033701694520e+02 1.000000033822777823e+02 1.000000033934393429e+02 1.000000034032024701e+02 1.000000034116820018e+02 1.000000034187817164e+02 1.000000034236696678e+02 1.000000034267999922e+02 1.000000034282422234e+02 1.000000034280671173e+02 1.000000034263854332e+02 1.000000034232269570e+02 1.000000034186004996e+02 1.000000034125922923e+02 1.000000034060960985e+02 1.000000033993204056e+02 1.000000033925508092e+02 1.000000033862767026e+02 1.000000033807608588e+02 1.000000033760311879e+02 1.000000033722671162e+02 1.000000033694868904e+02 1.000000033674615878e+02 1.000000033659528214e+02 1.000000033648475863e+02 1.000000033636271866e+02 1.000000033615406636e+02 1.000000033605331708e+02 1.000000033583104937e+02 1.000000033556622583e+02 1.000000033519791884e+02 1.000000033471056042e+02 1.000000033406255540e+02 1.000000033294096937e+02 1.000000033112483067e+02 1.000000032751724603e+02
1.000000040361003215e+02 1.000000040479591235e+02 1.000000040591165629e+02 1.000000040693839338e+02 1.000000040784266417e+02 1.000000040862701240e+02 1.000000040928142226e+02 1.000000040975040889e+02 1.000000041006018563e+02 1.000000041021355344e+02 1.000000041021421850e+02 1.000000041006928342e+02 1.000000040978163014e+02 1.000000040935357362e+02 1.000000040879292413e+02 1.000000040815899354e+02 1.000000040746858758e+02 1.000000040674387094e+02 1.000000040602024853e+02 1.000000040531924128e+02 1.000000040464788924e+02 1.000000040402303370e+02 1.000000040345151291e+02 1.000000040292461705e+02 1.000000040243279784e+02 1.000000040197402029e+02 1.000000040152111467e+02 1.000000040103199410e+02 1.000000040062966775e+02 1.000000040017682750e+02 1.000000039972455710e+02 1.000000039923779980e+02 1.000000039870910200e+02 1.000000039811618109e+02 1.000000039727229932e+02 1.000000039605171622e+02 1.000000039380258130e+02
1.000000044300330160e+02 1.000000044411869027e+02 1.000000044516766735e+02 1.000000044613264834e+02 1.000000044698744404e+02 1.000000044772881296e+02 1.000000044834627317e+02 1.000000044880153922e+02 1.000000044910844963e+02 1.000000044926693334e+02 1.000000044927835745e+02 1.000000044914715005e+02 1.000000044887601263e+02 1.000000044846812415e+02 1.000000044793082594e+02 1.000000044730457205e+02 1.000000044660377512e+02 1.000000044584673020e+02 1.000000044506046351e+02 1.000000044426361256e+02 1.000000044346598287e+02 1.000000044268370658e+02 1.000000044192671140e+02 1.000000044119510676e+02 1.000000044048820627e+02 1.000000043980967064e+02 1.000000043914755992e+02 1.000000043848028355e+02 1.000000043788639630e+02 1.000000043728572905e+02 1.000000043671204537e+02 1.000000043614634961e+02 1.000000043558609235e+02 1.000000043502030280e+02 1.000000043433900885e+02 1.000000043347205008e+02 1.000000043203637716e+02
1.000000046555004332e+02 1.000000046660850757e+02 1.000000046760434032e+02 1.000000046852085802e+02 1.000000046933640334e+02 1.000000047004404138e+02 1.000000047063286672e+02 1.000000047107522789e+02 1.000000047137699681e+02 1.000000047153612428e+02 1.000000047155233602e+02 1.000000047142822552e+02 1.000000047116625836e+02 1.000000047077007679e+02 1.000000047024670096e+02 1.000000046962476006e+02 1.000000046891723429e+02 1.000000046814006112e+02 1.000000046731504568e+02 1.000000046645906622e+02 1.000000046558369746e+02 1.000000046470457136e+02 1.000000046383346728e+02 1.000000046297592178e+02 1.000000046213670117e+02 1.000000046132289953e+02 1.000000046053186225e+02 1.000000045975463649e+02 1.000000045904227903e+02 1.000000045834982814e+02 1.000000045770033381e+02 1.000000045708469543e+02 1.000000045650328246e+02 1.000000045595163272e+02 1.000000045536603608e+02 1.000000045470825398e+02 1.000000045375594624e+02
1.000000047822174878e+02 1.000000047922752060e+02 1.000000048017448364e+02 1.000000048104668764e+02 1.000000048182537000e+02 1.000000048250127804e+02 1.000000048306319371e+02 1.000000048349006647e+02 1.000000048378266939e+02 1.000000048393760750e+02 1.000000048395345686e+02 1.000000048383153342e+02 1.000000048357403131e+02 1.000000048318478605e+02 1.000000048267052932e+02 1.000000048205244241e+02 1.000000048134263153e+02 1.000000048055555482e+02 1.000000047970970343e+02 1.000000047882084999e+02 1.000000047790168765e+02 1.000000047696742200e+02 1.000000047603083857e+02 1.000000047510076371e+02 1.000000047418525639e+02 1.000000047329338173e+02 1.000000047242803447e+02 1.000000047158796406e+02 1.000000047080727796e+02 1.000000047006256949e+02 1.000000046937020812e+02 1.000000046872715558e+02 1.000000046813546817e+02 1.000000046759431171e+02 1.000000046706756933e+02 1.000000046653497918e+02 1.000000046586922480e+02
1.000000048515493631e+02 1.000000048610643546e+02 1.000000048700299544e+02 1.000000048782933959e+02 1.000000048856870194e+02 1.000000048921034050e+02 1.000000048974288944e+02 1.000000049014959558e+02 1.000000049042790522e+02 1.000000049057358069e+02 1.000000049058441505e+02 1.000000049046081472e+02 1.000000049020469959e+02 1.000000048981989096e+02 1.000000048931288319e+02 1.000000048869999603e+02 1.000000048799280563e+02 1.000000048720479668e+02 1.000000048635228609e+02 1.000000048545032172e+02 1.000000048451227315e+02 1.000000048355289124e+02 1.000000048258538499e+02 1.000000048162048358e+02 1.000000048066814458e+02 1.000000047973844630e+02 1.000000047883732321e+02 1.000000047796860088e+02 1.000000047715532787e+02 1.000000047638762766e+02 1.000000047567744446e+02 1.000000047502542060e+02 1.000000047443459010e+02 1.000000047390588662e+02 1.000000047341953433e+02 1.000000047296515220e+02 1.000000047247088588e+02
1.000000048878143275e+02 1.000000048967361579e+02 1.000000049051474065e+02 1.000000049129025541e+02 1.000000049198499426e+02 1.000000049258709396e+02 1.000000049308523558e+02 1.000000049346593158e+02 1.000000049372428066e+02 1.000000049385553353e+02 1.000000049385707257e+02 1.000000049372866187e+02 1.000000049347186604e+02 1.000000049309040975e+02 1.000000049259070636e+02 1.000000049198556837e+02 1.000000049128616695e+02 1.000000049050537143e+02 1.000000048965803074e+02 1.000000048875864849e+02 1.000000048782088413e+02 1.000000048685900680e+02 1.000000048588624679e+02 1.000000048491431102e+02 1.000000048395412051e+02 1.000000048301586588e+02 1.000000048210747394e+02 1.000000048123640255e+02 1.000000048041741536e+02 1.000000047964932151e+02 1.000000047894131256e+02 1.000000047829608718e+02 1.000000047771716680e+02 1.000000047720585172e+02 1.000000047675241319e+02 1.000000047635145819e+02 1.000000047596311106e+02
1.000000049051882911e+02 1.000000049134474835e+02 1.000000049212348188e+02 1.000000049284130910e+02 1.000000049348437301e+02 1.000000049404018512e+02 1.000000049449763964e+02 1.000000049484583542e+02 1.000000049507830511e+02 1.000000049519009480e+02 1.000000049517847600e+02 1.000000049504277513e+02 1.000000049478406083e+02 1.000000049440595546e+02 1.000000049391476296e+02 1.000000049332069239e+02 1.000000049263444879e+02 1.000000049186847662e+02 1.000000049103662718e+02 1.000000049015284134e+02 1.000000048923070608e+02 1.000000048828400026e+02 1.000000048732579216e+02 1.000000048636810845e+02 1.000000048542204922e+02 1.000000048449781218e+02 1.000000048360484755e+02 1.000000048275212237e+02 1.000000048194861222e+02 1.000000048119825067e+02 1.000000048050868173e+02 1.000000047988377929e+02 1.000000047932690137e+02 1.000000047883937242e+02 1.000000047841781310e+02 1.000000047805854564e+02 1.000000047774000222e+02
1.000000049118774257e+02 1.000000049193979237e+02 1.000000049264855164e+02 1.000000049330106151e+02 1.000000049388455494e+02 1.000000049438683618e+02 1.000000049479703250e+02 1.000000049510591396e+02 1.000000049530634527e+02 1.000000049539385003e+02 1.000000049536582765e+02 1.000000049522125778e+02 1.000000049496050138e+02 1.000000049458687812e+02 1.000000049410599843e+02 1.000000049352654372e+02 1.000000049285883676e+02 1.000000049211486868e+02 1.000000049130768929e+02 1.000000049045067243e+02 1.000000048955709815e+02 1.000000048864016264e+02 1.000000048771258179e+02 1.000000048678627280e+02 1.000000048587235568e+02 1.000000048498107788e+02 1.000000048412175460e+02 1.000000048330273046e+02 1.000000048253091762e+02 1.000000048181277776e+02 1.000000048115466171e+02 1.000000048056085120e+02 1.000000048003478810e+02 1.000000047957828286e+02 1.000000047919083954e+02 1.000000047886887984e+02 1.000000047860071248e+02
1.000000049125867605e+02 1.000000049192938718e+02 1.000000049256082661e+02 1.000000049314089949e+02 1.000000049365784776e+02 1.000000049409997587e+02 1.000000049445669532e+02 1.000000049472011341e+02 1.000000049488328671e+02 1.000000049494257155e+02 1.000000049489567431e+02 1.000000049474130179e+02 1.000000049447908168e+02 1.000000049411182772e+02 1.000000049364367243e+02 1.000000049308250425e+02 1.000000049243846831e+02 1.000000049172298588e+02 1.000000049094853551e+02 1.000000049012806471e+02 1.000000048927448404e+02 1.000000048840023226e+02 1.000000048751724222e+02 1.000000048663689398e+02 1.000000048576972773e+02 1.000000048492548217e+02 1.000000048411294955e+02 1.000000048333972984e+02 1.000000048261273662e+02 1.000000048193841735e+02 1.000000048132224890e+02 1.000000048076886259e+02 1.000000048028175712e+02 1.000000047986276854e+02 1.000000047951181159e+02 1.000000047922553108e+02 1.000000047899824693e+02
1.000000049100027582e+02 1.000000049158292654e+02 1.000000049213071094e+02 1.000000049263238537e+02 1.000000049307721781e+02 1.000000049345332798e+02 1.000000049375096722e+02 1.000000049396399788e+02 1.000000049408616007e+02 1.000000049411442973e+02 1.000000049404678322e+02 1.000000049388195720e+02 1.000000049361922265e+02 1.000000049326078795e+02 1.000000049280875913e+02 1.000000049226989063e+02 1.000000049165431619e+02 1.000000049097326382e+02 1.000000049023851716e+02 1.000000048946243396e+02 1.000000048865743452e+02 1.000000048783540336e+02 1.000000048700748891e+02 1.000000048618418305e+02 1.000000048537530120e+02 1.000000048458982462e+02 1.000000048383586631e+02 1.000000048312031140e+02 1.000000048244946527e+02 1.000000048182889856e+02 1.000000048126375134e+02 1.000000048075854124e+02 1.000000048031659219e+02 1.000000047993973027e+02 1.000000047962765422e+02 1.000000047937857772e+02 1.000000047919035211e+02
