FastScape_2Ma_1mmyr_mp5_n1_k5Minus5_10kyrTimeStep_30mRes_6kmBy6Km.txt
nrows 200
cellsize 30.0
xllcorner 0.0
ncols 200
yllcorner 0.0
[rows 102 to 118 of 200, columns 0 to 36 of 200]
0.000000000000000000e+00 2.268874983647740464e+02 2.268496729146160931e+02 2.267736591750245054e+02 2.266598243297911779e+02 2.265252324379203230e+02 2.264284557940360969e+02 2.263885594406838209e+02 2.264088750862087807e+02 2.264929848431384869e+02 2.266614064319485067e+02 2.269768197344158978e+02 2.274669884255670524e+02 2.281413474496449112e+02 2.291835249717725560e+02 2.313960185417527100e+02 2.349423380751240416e+02 2.389505215317548164e+02 2.430016727621018617e+02 2.470958874585936940e+02 2.512583405741754916e+02 2.555095333460382392e+02 2.598610952419968498e+02 2.643186841290230404e+02 2.688899493196044546e+02 2.735839546968126115e+02 2.784041587073797359e+02 2.833483977933045139e+02 2.884178223494642452e+02 2.936181181303722951e+02 2.989523926830073606e+02 3.044127238863923139e+02 3.099797464094691009e+02 3.156335416588097473e+02 3.213555515480859412e+02 3.271190140076440116e+02 3.328844414649487931e+02
0.000000000000000000e+00 2.198875590814848522e+02 2.198447951346145999e+02 2.197594070271557598e+02 2.196326746144781907e+02 2.194818300795143102e+02 2.193630792747950693e+02 2.192961423722222492e+02 2.192862637194954800e+02 2.193389766186642476e+02 2.194755770845081599e+02 2.197568076558376902e+02 2.202059028173484876e+02 2.208553505306704210e+02 2.221931848342319995e+02 2.250413074751180034e+02 2.288381238079914795e+02 2.328006448811490827e+02 2.368065531402070860e+02 2.408761613748136199e+02 2.450244901105209863e+02 2.492618517532938540e+02 2.535942397292701571e+02 2.580304033044125731e+02 2.625811345696213834e+02 2.672527084620461437e+02 2.720468263794816721e+02 2.769688655201728693e+02 2.820290356656881272e+02 2.872358458231867644e+02 2.925882753161109804e+02 2.980752838511360778e+02 3.036858091008876386e+02 3.094104955768200966e+02 3.152326826040036849e+02 3.211239631327087523e+02 3.270540809647254719e+02
0.000000000000000000e+00 2.130988237633967515e+02 2.130511619954250762e+02 2.129564657664799938e+02 2.128169042283187480e+02 2.126499190609314667e+02 2.125095652315036716e+02 2.124162734690599734e+02 2.123771675571203446e+02 2.123996539006005264e+02 2.125056602111844484e+02 2.127556800327862732e+02 2.131719536873454786e+02 2.139218534306408515e+02 2.158112989022048112e+02 2.191603263955826719e+02 2.230272619505630871e+02 2.269468606316964383e+02 2.309171411714404485e+02 2.349574281971399330e+02 2.390764973262349429e+02 2.432798162118333778e+02 2.475761015947448413e+02 2.519766804049446023e+02 2.564893959528631058e+02 2.611185262950064612e+02 2.658723877654811645e+02 2.707644260874664042e+02 2.758072414772498746e+02 2.810054006196241403e+02 2.863549606960522738e+02 2.918526810288236106e+02 2.974976278705393042e+02 3.032827920215586914e+02 3.091908503503207726e+02 3.152033060032389926e+02 3.213009157688717892e+02
0.000000000000000000e+00 2.065434687451076741e+02 2.064907046844716660e+02 2.063862777933366885e+02 2.062332297550294413e+02 2.060492789480134945e+02 2.058866106851877191e+02 2.057664852168782943e+02 2.056979467267113648e+02 2.056901698513046028e+02 2.057655814980754201e+02 2.059754676364633212e+02 2.063637196773092342e+02 2.074393644472035021e+02 2.100615227082897434e+02 2.137042756175075340e+02 2.175267227910895258e+02 2.213943870332761605e+02 2.253254706130301770e+02 2.293256080170264397e+02 2.333995722088461093e+02 2.375555049965487342e+02 2.418045071024470758e+02 2.461550495860155934e+02 2.506129242289272554e+02 2.551882680455968000e+02 2.598965948628458591e+02 2.647533442160592472e+02 2.697673210285248047e+02 2.749402897672170525e+02 2.802754963213241126e+02 2.857791999678486263e+02 2.914529672719056066e+02 2.972897345572894210e+02 3.032822790093554772e+02 3.094236177981880473e+02 3.156890362321616408e+02
0.000000000000000000e+00 2.002318313999200825e+02 2.001735826583436335e+02 2.000586452115145164e+02 1.998909165986521259e+02 1.996884705641772371e+02 1.995019438759783554e+02 1.993536123861717329e+02 1.992546179137735294e+02 1.992160867506503621e+02 1.992630885226849387e+02 1.994440807403993858e+02 1.999429670276278159e+02 2.016092638650131050e+02 2.047939383684600045e+02 2.085225740454941104e+02 2.123017475180599263e+02 2.161273874021832455e+02 2.200118282773214844e+02 2.239595656921161435e+02 2.279782203272922061e+02 2.320783339403319872e+02 2.362684161744963092e+02 2.405549955452755455e+02 2.449491497706914913e+02 2.494674942188228499e+02 2.541272167472437502e+02 2.589401125055960620e+02 2.639122775149868403e+02 2.690520219571086500e+02 2.743713654818115515e+02 2.798790237226701265e+02 2.855768427102886449e+02 2.914677018317913166e+02 2.975559451878625055e+02 3.038306168421108850e+02 3.102631949676803060e+02
0.000000000000000000e+00 1.941656322960249668e+02 1.941013946189533783e+02 1.939749173709959678e+02 1.937909276859563761e+02 1.935679256195320761e+02 1.933553294416456936e+02 1.931766711952735136e+02 1.930453728504082562e+02 1.929747694670347187e+02 1.929836198380170345e+02 1.931422491064900271e+02 1.939913971256842444e+02 1.964353008211624854e+02 1.999396546860957642e+02 2.036256224299581277e+02 2.073497462796915727e+02 2.111244683921622141e+02 2.149519497732282218e+02 2.188393015101437413e+02 2.227963762356743018e+02 2.268314005656248753e+02 2.309511259759248105e+02 2.351669387790040844e+02 2.394958215949679925e+02 2.439558344532099738e+02 2.485607000508070996e+02 2.533196052636722300e+02 2.582445700381820757e+02 2.633519241758664293e+02 2.686559732446722819e+02 2.741658460486110016e+02 2.798929288394892865e+02 2.858513953345745335e+02 2.920427261676402395e+02 2.984535521994415603e+02 3.050583247559083020e+02
0.000000000000000000e+00 1.883405859769726760e+02 1.882697820262449966e+02 1.881305798684904858e+02 1.879284884818148385e+02 1.876824720572488729e+02 1.874410335556899838e+02 1.872292776258344702e+02 1.870634048725667071e+02 1.869615889333729797e+02 1.869433933230313869e+02 1.872236567768970588e+02 1.886944223531178579e+02 1.917322700314799135e+02 1.953298224380503427e+02 1.989705250408856045e+02 2.026438293637037020e+02 2.063591716614278084e+02 2.101233268479107039e+02 2.139455307845351513e+02 2.178335510879718697e+02 2.217940303695287128e+02 2.258382332875940790e+02 2.299829895782732478e+02 2.342465775677577255e+02 2.386438066676402627e+02 2.431859191098155293e+02 2.478874614446727378e+02 2.527677420191018314e+02 2.578451347023546418e+02 2.631343481538879701e+02 2.686534756552941872e+02 2.744246829020025871e+02 2.804600597765089560e+02 2.867597112708032796e+02 2.933141483289738858e+02 3.000866154397091350e+02
0.000000000000000000e+00 1.827484470434595210e+02 1.826704710525781934e+02 1.825172907034661307e+02 1.822951163146325655e+02 1.820233448957457654e+02 1.817497722914657743e+02 1.815012666813895805e+02 1.812974203981900416e+02 1.811527014755102698e+02 1.811135283009697616e+02 1.817617102130175226e+02 1.840425224707960012e+02 1.874150134385549222e+02 1.909680018312577090e+02 1.945457839608836537e+02 1.981577962046860364e+02 2.018080630275788394e+02 2.055050524705788462e+02 2.092558908827458595e+02 2.130668657761348186e+02 2.169488183872622642e+02 2.209180675645045824e+02 2.249926481089581785e+02 2.291878323588881585e+02 2.335161129778427949e+02 2.379936088133548822e+02 2.426414849095418731e+02 2.474808266528039269e+02 2.525303058425603808e+02 2.578129037558245500e+02 2.633567942015055792e+02 2.691825419984498922e+02 2.753015693969368272e+02 2.817184526493365411e+02 2.884142800788118279e+02 2.953309043014299391e+02
0.000000000000000000e+00 1.773785596723936919e+02 1.772928186789075369e+02 1.771244267436468931e+02 1.768801804344461459e+02 1.765797735496149983e+02 1.762703436280147287e+02 1.759807623225580357e+02 1.757370278520320142e+02 1.755585436216584583e+02 1.756449275822425591e+02 1.769362959433389335e+02 1.798337471475844893e+02 1.833022611419434327e+02 1.868029643938300808e+02 1.903210584642719994e+02 1.938673762177794231e+02 1.974495766355889543e+02 2.010740789174009819e+02 2.047466015107924022e+02 2.084773260201318976e+02 2.122818037300303047e+02 2.161775049487814897e+02 2.201797230979850326e+02 2.243016148537275569e+02 2.285601619918233780e+02 2.329775232935629958e+02 2.375763911133350064e+02 2.423779969269267553e+02 2.474085303822029687e+02 2.527002201983894167e+02 2.582798493417477630e+02 2.641676985609988719e+02 2.703799361502368015e+02 2.769132158622602446e+02 2.837297207338747853e+02 2.907653385304149083e+02
0.000000000000000000e+00 1.722189884350046043e+02 1.721249357043460861e+02 1.719402052083257502e+02 1.716720512970650532e+02 1.713401915922328840e+02 1.709906752141023389e+02 1.706541187733791389e+02 1.703544675719949737e+02 1.701455087788388028e+02 1.706082603888428935e+02 1.727323314166664829e+02 1.759736566843260732e+02 1.793916140024962544e+02 1.828215378075450133e+02 1.862734175422029921e+02 1.897514003515157697e+02 1.932608570049062564e+02 1.968066635087850500e+02 2.003981235932546099e+02 2.040498156640105947e+02 2.077784119710433686e+02 2.115989161561820708e+02 2.155247413295892045e+02 2.195732479901176077e+02 2.237669937069503874e+02 2.281294727054940097e+02 2.326833767810668974e+02 2.374566955867483102e+02 2.424839548018155995e+02 2.477959622084854061e+02 2.534192784026500647e+02 2.593788614904572114e+02 2.656841062779480467e+02 2.723149820280318067e+02 2.792292846040369909e+02 2.863669409321730086e+02
0.000000000000000000e+00 1.672573120933244297e+02 1.671544602246009958e+02 1.669524384867142999e+02 1.666588972561529829e+02 1.662932497494871882e+02 1.658996323866779505e+02 1.655111864372731532e+02 1.651577217897707044e+02 1.650628416486268577e+02 1.661809954036351940e+02 1.689362171536346580e+02 1.722715359417926777e+02 1.756308011822532933e+02 1.789976452340115713e+02 1.823819808420913944e+02 1.857877824204047101e+02 1.892188808848677866e+02 1.926834859206542774e+02 1.961950239921608556e+02 1.997691833243588064e+02 2.034204461037188878e+02 2.071621975201957184e+02 2.110118691785775127e+02 2.149920616301951952e+02 2.191265704042407663e+02 2.234388027445635316e+02 2.279575099562885612e+02 2.327180975125511679e+02 2.377534569358564625e+02 2.430939414043868396e+02 2.487703495770248026e+02 2.548015578414651543e+02 2.611820893212448595e+02 2.678889131507151546e+02 2.748848952257849305e+02 2.821036422625920181e+02
0.000000000000000000e+00 1.624811644160386663e+02 1.623690547867813052e+02 1.621489604116064527e+02 1.618290857914652463e+02 1.614282470640519591e+02 1.609871323276967416e+02 1.605276628562220367e+02 1.601111120242550783e+02 1.603793288924348417e+02 1.623405913548850492e+02 1.654437780341032180e+02 1.687248189927586850e+02 1.720121454283390676e+02 1.753128711968115567e+02 1.786263442161560135e+02 1.819548162787719434e+02 1.853051326388249436e+02 1.886894126425021625e+02 1.921222080510052876e+02 1.956172890569816900e+02 1.991877927819602121e+02 2.028510223262784393e+02 2.066294413887144970e+02 2.105469107260495321e+02 2.146271653869964666e+02 2.188991076978864214e+02 2.233980604735162387e+02 2.281574828870506337e+02 2.332093563173149278e+02 2.385874925408414811e+02 2.443167479154936075e+02 2.504022949499897663e+02 2.568365897011995003e+02 2.636027851478365278e+02 2.706591823318052548e+02 2.779325920633866644e+02
0.000000000000000000e+00 1.578786097529463177e+02 1.577567115656873398e+02 1.575177786772412389e+02 1.571712201212577611e+02 1.567359031068411639e+02 1.562500293553885058e+02 1.557219745911302482e+02 1.553662362955802791e+02 1.562675860661668708e+02 1.588633981910254818e+02 1.620618993409133850e+02 1.652877225089666524e+02 1.685155873938343518e+02 1.717485153963738753e+02 1.749866052846017510e+02 1.782352600182168487e+02 1.815052315966791809e+02 1.848098522677124720e+02 1.881620249143119565e+02 1.915744353061996890e+02 1.950640876569314344e+02 1.986532137323368659e+02 2.023656837714136429e+02 2.062254738793419619e+02 2.102614566086883769e+02 2.145084411651812104e+02 2.189995031676725716e+02 2.237666164291927942e+02 2.288441959451362493e+02 2.342597683260382269e+02 2.400248256585186937e+02 2.461424969675003922e+02 2.526116627445240397e+02 2.594143268147083177e+02 2.665024797217625974e+02 2.738102754343891547e+02
0.000000000000000000e+00 1.534384412244625366e+02 1.533059685729333239e+02 1.530470158469339310e+02 1.526732430716539852e+02 1.522064403443461913e+02 1.516726872719542882e+02 1.510897577500661839e+02 1.509617454978848912e+02 1.526804276289691984e+02 1.556347279704341986e+02 1.587963092980834858e+02 1.619615257522517879e+02 1.651269905418054407e+02 1.682875122060157480e+02 1.714472572433385267e+02 1.746158065132790966e+02 1.778053706193064727e+02 1.810279131416916698e+02 1.842954684819181352e+02 1.876245261651702094e+02 1.910369595895084558e+02 1.945566506882650231e+02 1.982079193609110064e+02 2.020197704462785850e+02 2.060266105656116054e+02 2.102608777274334955e+02 2.147535959199974798e+02 2.195380198450415037e+02 2.246415809304708660e+02 2.300782884250529037e+02 2.358562954975990351e+02 2.419842256680663581e+02 2.484601848396355592e+02 2.552683757905450932e+02 2.623656541615867468e+02 2.696817026373279305e+02
0.000000000000000000e+00 1.491504730297005494e+02 1.490062050270344400e+02 1.487249684184978946e+02 1.483221404428940104e+02 1.478280195873206821e+02 1.472953406585735081e+02 1.467824416848285125e+02 1.470337403962054736e+02 1.493673152304771463e+02 1.524819423457221035e+02 1.556182101096865154e+02 1.587350725381797929e+02 1.618325271684254290e+02 1.649163814185679939e+02 1.679961766655246720e+02 1.710835056399685072e+02 1.741895102434323803e+02 1.773254213532997312e+02 1.805069144311019045e+02 1.837552166775171827e+02 1.870941009707518958e+02 1.905483740320264019e+02 1.941475410602417071e+02 1.979260839955204290e+02 2.019163025411343142e+02 2.061483181447920856e+02 2.106532509907576696e+02 2.154564383689007343e+02 2.205710627382821656e+02 2.260069369036082207e+02 2.317744309721102525e+02 2.378820056250479524e+02 2.443138364876058688e+02 2.511121293200808680e+02 2.581987058625815621e+02 2.654959093919105158e+02
0.000000000000000000e+00 1.450058246683244647e+02 1.448481076080794026e+02 1.445406893478561869e+02 1.441010936801301625e+02 1.435682070833802015e+02 1.430077001031761199e+02 1.426820489120776756e+02 1.436002936118152320e+02 1.463014838389075578e+02 1.494496621372136929e+02 1.525503926484637418e+02 1.556002466662011159e+02 1.586208795532619149e+02 1.616238298704420515e+02 1.646209921106079435e+02 1.676230075979356968e+02 1.706402793162628484e+02 1.736873371867012565e+02 1.767842340010953706e+02 1.799541503038352914e+02 1.832222571680620717e+02 1.866190315581344521e+02 1.901797563052410283e+02 1.939373143883073567e+02 1.979221940755362255e+02 2.021641193951759305e+02 2.066846477284364028e+02 2.114941952863197798e+02 2.165996399037012168e+02 2.220150594938720587e+02 2.277325430716300616e+02 2.337754202772494523e+02 2.401292135161467058e+02 2.469372786842935739e+02 2.541057231501825413e+02 2.615303765356877079e+02
0.000000000000000000e+00 1.409970641372136129e+02 1.408243795430564660e+02 1.404866259092962935e+02 1.400005569615028378e+02 1.393971863117932344e+02 1.387791612656492646e+02 1.388292817861747892e+02 1.405936963022506632e+02 1.435200964503925434e+02 1.465758496484721149e+02 1.495787566883966235e+02 1.525439962956441491e+02 1.554796485748844361e+02 1.583971129609280695e+02 1.613065035138412782e+02 1.642174676454279734e+02 1.671432004731847485e+02 1.701019346183424261e+02 1.731152588694437213e+02 1.762078588078011876e+02 1.794111158574158367e+02 1.827624019268218376e+02 1.862963413482444537e+02 1.900439010505847932e+02 1.940372406684361124e+02 1.982959894421936724e+02 2.028234785658372630e+02 2.076245840739927360e+02 2.126935349156225925e+02 2.180628024402696212e+02 2.237061015533512034e+02 2.297736565135436990e+02 2.362848047384553638e+02 2.433292272830750562e+02 2.508695510871230852e+02 2.587552310332684442e+02
