FastScape_2p5Ma_halfmmyr_mp5_n1_k5Minus5_5kyrTimeStep_30mRes_20kmBy30Km.txt
nrows 100
cellsize 30.0
xllcorner 0.0
ncols 200
yllcorner 0.0
[rows 68 to 84 of 100, columns 37 to 73 of 200]
1.292267863361725517e+02 1.290536890795546867e+02 1.288954753286295158e+02 1.287480969791551502e+02 1.286076344618238636e+02 1.284702547784428930e+02 1.283322584038173204e+02 1.281902845154625652e+02 1.280417078453222359e+02 1.278851649775716055e+02 1.277210263986498120e+02 1.275515646892693127e+02 1.273806380257189232e+02 1.272129113672786076e+02 1.270528668825371170e+02 1.269039611883613219e+02 1.267681982892703445e+02 1.266461694244835741e+02 1.265374099950600169e+02 1.264408479817726629e+02 1.263551714866193407e+02 1.262790511245081575e+02 1.262112386087763980e+02 1.261505948299081012e+02 1.260960918877209309e+02 1.260468113780247137e+02 1.260019443693027767e+02 1.259607914934981068e+02 1.259227610380105205e+02 1.258873644504666629e+02 1.258542098476958415e+02 1.258229944549394048e+02 1.257934967210660631e+02 1.257655685523959903e+02 1.257391278808719193e+02 1.257141516682051900e+02 1.256906694126608244e+02
1.238399875501113740e+02 1.236779320953515224e+02 1.235303061494727217e+02 1.233931834728202119e+02 1.232627841594626972e+02 1.231354293934939506e+02 1.230075810707692909e+02 1.228760317029210682e+02 1.227382759002885280e+02 1.225930046702879110e+02 1.224405491375741093e+02 1.222830381126194936e+02 1.221240988146156923e+02 1.219681217486928659e+02 1.218193269358760205e+02 1.216809687321533318e+02 1.215549328478242330e+02 1.214417738622097005e+02 1.213410518946541998e+02 1.212517556128694025e+02 1.211726489489564216e+02 1.211024808541946669e+02 1.210400781962497376e+02 1.209843720638092748e+02 1.209343994226849048e+02 1.208893011762256720e+02 1.208483217795101154e+02 1.208108089443568502e+02 1.207762114645007756e+02 1.207440746255578006e+02 1.207140337736829423e+02 1.206858069282619397e+02 1.206591871496468116e+02 1.206340350828847079e+02 1.206102718807513696e+02 1.205878725987117974e+02 1.205668601190610616e+02
1.186179020914404418e+02 1.184669312955417126e+02 1.183298307029542684e+02 1.182028111570830760e+02 1.180822427562517589e+02 1.179646067131044731e+02 1.178465284800061426e+02 1.177249538750509146e+02 1.175974976892658646e+02 1.174629091146612296e+02 1.173214899624730663e+02 1.171752428552657079e+02 1.170275879090658862e+02 1.168826676448540667e+02 1.167444642674955304e+02 1.166160480475700325e+02 1.164991965159771183e+02 1.163944301050575660e+02 1.163013306012559269e+02 1.162189411910251238e+02 1.161460943205854761e+02 1.160816099836799822e+02 1.160243834264571774e+02 1.159734097916505959e+02 1.159277853733347001e+02 1.158867054117621649e+02 1.158494633249856918e+02 1.158154500208340210e+02 1.157841514492398147e+02 1.157551439075079003e+02 1.157280876552398468e+02 1.157027196854504751e+02 1.156788463291942293e+02 1.156563360928033575e+02 1.156351129176693604e+02 1.156151499451018481e+02 1.155964638333048811e+02
1.135543266539711027e+02 1.134143579586671251e+02 1.132876122365878331e+02 1.131704504229821140e+02 1.130594011082217776e+02 1.129511099284810172e+02 1.128423669694074505e+02 1.127302705651822095e+02 1.126125553228910121e+02 1.124880315353574787e+02 1.123569804658363580e+02 1.122212942858774340e+02 1.120842075529338899e+02 1.119496388149549233e+02 1.118213545974910375e+02 1.117022576774044609e+02 1.115940267016948582e+02 1.114971503522776572e+02 1.114112294144328104e+02 1.113353560703813372e+02 1.112684246844777647e+02 1.112093196855780519e+02 1.111569985342437690e+02 1.111105148170949093e+02 1.110690190860608482e+02 1.110317563605786830e+02 1.109980649660667211e+02 1.109673754525367855e+02 1.109392078733573470e+02 1.109131669801104607e+02 1.108889358734556083e+02 1.108662689195572000e+02 1.108449845768220854e+02 1.108249585102111183e+02 1.108061171690227553e+02 1.107884318998416688e+02 1.107719136309890331e+02
1.086419718414678357e+02 1.085128173779940113e+02 1.083961682531887760e+02 1.082885463094629301e+02 1.081866453010499782e+02 1.080872782718222567e+02 1.079873999874104697e+02 1.078842597507149037e+02 1.077757109308558228e+02 1.076606269424501079e+02 1.075392759102767712e+02 1.074134533563120328e+02 1.072862274119816561e+02 1.071613140910123860e+02 1.070422840589920099e+02 1.069318874777794974e+02 1.068317124582913351e+02 1.067422180950574813e+02 1.066630217917800820e+02 1.065932597836785618e+02 1.065318824451382085e+02 1.064778327176927633e+02 1.064301247466327851e+02 1.063878655252638907e+02 1.063502553078221098e+02 1.063165847976752332e+02 1.062862335866006021e+02 1.062586686832082421e+02 1.062334415206082809e+02 1.062101830382246987e+02 1.061885973610547182e+02 1.061684548505206465e+02 1.061495851401016495e+02 1.061318705112511509e+02 1.061152397710020523e+02 1.060996626915958245e+02 1.060851450375104150e+02
1.038729632759215207e+02 1.037543476836164587e+02 1.036474664919109614e+02 1.035490111147981338e+02 1.034558453815444921e+02 1.033649513704459366e+02 1.032734475840086787e+02 1.031787320114546986e+02 1.030787750464069177e+02 1.029725143494975157e+02 1.028602109626218493e+02 1.027435756368407311e+02 1.026255268198667494e+02 1.025095968783023039e+02 1.023991781248511899e+02 1.022968812515111097e+02 1.022042111856285800e+02 1.021215992976562461e+02 1.020486774461230937e+02 1.019846214940540250e+02 1.019284325598268737e+02 1.018791068335420960e+02 1.018357102403072503e+02 1.017973987185989131e+02 1.017634181942635223e+02 1.017331014346614921e+02 1.017058660838791582e+02 1.016812128053069699e+02 1.016587220223848220e+02 1.016380488870146621e+02 1.016189169821716263e+02 1.016011114986462331e+02 1.015844724683493894e+02 1.015688883879911515e+02 1.015542903796879983e+02 1.015406469371312852e+02 1.015279592716455426e+02
9.923920727544296483e+01 9.913078347520533384e+01 9.903328610334625637e+01 9.894358272675729893e+01 9.885871047503755449e+01 9.877582079946706983e+01 9.869219406208254952e+01 9.860537396136187738e+01 9.851344552612432892e+01 9.841541092664424184e+01 9.831152887828544351e+01 9.820343539771199914e+01 9.809391370266691013e+01 9.798632895344690041e+01 9.788391039121141546e+01 9.778914069923440877e+01 9.770344798504791584e+01 9.762723742904412916e+01 9.756015334702894393e+01 9.750140726596096385e+01 9.745004637378342238e+01 9.740511546387908481e+01 9.736572793271244564e+01 9.733108475852957042e+01 9.730047401897793691e+01 9.727326738965199127e+01 9.724891776946563482e+01 9.722695704148448215e+01 9.720699255173501285e+01 9.718870196563916863e+01 9.717182699125615386e+01 9.715616667580485455e+01 9.714157082768647911e+01 9.712793387611549178e+01 9.711518929977724213e+01 9.710330466121669701e+01 9.709227725028391376e+01
9.473265037905399311e+01 9.463401353717222264e+01 9.454547326160825094e+01 9.446407786076409252e+01 9.438703939706438462e+01 9.431167783033083651e+01 9.423543264170750433e+01 9.415598962510019021e+01 9.407154545691280134e+01 9.398116628409790962e+01 9.388511204234681884e+01 9.378495233107005902e+01 9.368334745225659788e+01 9.358350950934101320e+01 9.348851786180534873e+01 9.340073705335899490e+01 9.332152378795105108e+01 9.325125825679795355e+01 9.318959536737136773e+01 9.313577876003618883e+01 9.308889756001848070e+01 9.304804109305102600e+01 9.301236647712723027e+01 9.298111634884145360e+01 9.295361790051485684e+01 9.292927899855007468e+01 9.290758539118952797e+01 9.288809809077351076e+01 9.287044959601918492e+01 9.285433863948630062e+01 9.283952393100187805e+01 9.282581757035070780e+01 9.281307865149790359e+01 9.280120734864770782e+01 9.279013960016553142e+01 9.277984241500740836e+01 9.277030979412609213e+01
9.034545713254681232e+01 9.025615703065382434e+01 9.017611556607720047e+01 9.010256449430718817e+01 9.003289095923500440e+01 8.996458146109577569e+01 8.989523108180657118e+01 8.982266353317807273e+01 8.974518362390553250e+01 8.966192023151880619e+01 8.957313696070704623e+01 8.948034373732066626e+01 8.938608829545314904e+01 8.929344171907705174e+01 8.920534474269094005e+01 8.912405216248858153e+01 8.905085380949344653e+01 8.898610576724236410e+01 8.892947178065828950e+01 8.888022442734177275e+01 8.883749113452753932e+01 8.880040221931498934e+01 8.876815528878992723e+01 8.874003174236707991e+01 8.871539529689144388e+01 8.869368769648676221e+01 8.867442549256949746e+01 8.865719704966626580e+01 8.864165851699759457e+01 8.862752847162443004e+01 8.861458168395601831e+01 8.860264264558861669e+01 8.859157935176406795e+01 8.858129760675174680e+01 8.857173595256179510e+01 8.856286123351978290e+01 8.855466477855148355e+01
8.607012603862607136e+01 8.598967803915617480e+01 8.591765506365989324e+01 8.585147326266017842e+01 8.578869364818342547e+01 8.572696629999776974e+01 8.566403770126703421e+01 8.559786482574105548e+01 8.552685665481635624e+01 8.545020293340527928e+01 8.536817240837139309e+01 8.528222065766904336e+01 8.519479140990128485e+01 8.510882484124371672e+01 8.502713255063170550e+01 8.495186662577675918e+01 8.488425374273100488e+01 8.482462646491737246e+01 8.477265572241931579e+01 8.472764019832702331e+01 8.468874244467806989e+01 8.465513071764583231e+01 8.462604035755489917e+01 8.460078907727569231e+01 8.457877493630473964e+01 8.455947161007100021e+01 8.454242472992886803e+01 8.452724851395184658e+01 8.451362149440264204e+01 8.450128106310044984e+01 8.449001726343594498e+01 8.447966643504540230e+01 8.447010517317156086e+01 8.446124484873676863e+01 8.445302677371948619e+01 8.444541801227988742e+01 8.443840780917903999e+01
8.189955958522955370e+01 8.182745435368441633e+01 8.176295573246414961e+01 8.170366359512352972e+01 8.164731037824850546e+01 8.159170590726189687e+01 8.153474329141569399e+01 8.147450772642335437e+01 8.140950805477562824e+01 8.133899251171440881e+01 8.126323561056845790e+01 8.118364264426958243e+01 8.110256029015832269e+01 8.102280618388546429e+01 8.094707067330483596e+01 8.087740894775792810e+01 8.081498751070949993e+01 8.076011573220640116e+01 8.071247017684562763e+01 8.067137312478725164e+01 8.063601950193121581e+01 8.060561290355107644e+01 8.057942408585584815e+01 8.055680503324973074e+01 8.053718633544109196e+01 8.052007198097774676e+01 8.050503524343547213e+01 8.049171493853638992e+01 8.047981091537749876e+01 8.046907851284214530e+01 8.045932238531285918e+01 8.045039026870148291e+01 8.044216711805211162e+01 8.043456984013090505e+01 8.042754268963264508e+01 8.042105331748309993e+01 8.041508943288197031e+01
7.782710085489028984e+01 7.776281297345694554e+01 7.770533786215290206e+01 7.765245697240318634e+01 7.760207063016603968e+01 7.755214382549235097e+01 7.750071105471889155e+01 7.744598041242855402e+01 7.738655603656954440e+01 7.732174186813790584e+01 7.725181808749287882e+01 7.717814265096833992e+01 7.710297069661037028e+01 7.702900411078506693e+01 7.695881842117472615e+01 7.689437661798896784e+01 7.683678735598564913e+01 7.678633691584410315e+01 7.674270605530904277e+01 7.670523845396506601e+01 7.667315906262157910e+01 7.664570463737224770e+01 7.662217943730304626e+01 7.660196804762927059e+01 7.658453210791751076e+01 7.656940459239315544e+01 7.655618522801555059e+01 7.654453638009188410e+01 7.653417831713177577e+01 7.652488358989289452e+01 7.651647090103055859e+01 7.650879899995837263e+01 7.650176100271102086e+01 7.649527933726373874e+01 7.648930136690893278e+01 7.648379566842814370e+01 7.647874891730468505e+01
7.384654637677940059e+01 7.378954196006722555e+01 7.373858893360082334e+01 7.369164686135096076e+01 7.364677947469726860e+01 7.360210172960017871e+01 7.355578392232135343e+01 7.350615154516286509e+01 7.345189931307965026e+01 7.339238378718707168e+01 7.332789011169354865e+01 7.325973087718517718e+01 7.319007390150213155e+01 7.312151068703379053e+01 7.305650705425776437e+01 7.299693749083903072e+01 7.294385454261576740e+01 7.289752132376152360e+01 7.285762146792438898e+01 7.282351816302718817e+01 7.279446442115902016e+01 7.276972837805493555e+01 7.274864625725436440e+01 7.273063391211601925e+01 7.271518284871964966e+01 7.270185395462320344e+01 7.269027243525808046e+01 7.268012333210538145e+01 7.267114657384793475e+01 7.266313129293527595e+01 7.265590975274169239e+01 7.264935138178034890e+01 7.264335728248401836e+01 7.263785539172829431e+01 7.263279632971276101e+01 7.262814990255219527e+01 7.262390220203246827e+01
6.995214256887625481e+01 6.990188597253271041e+01 6.985695829612608065e+01 6.981549258732250962e+01 6.977571069487504474e+01 6.973587185512567999e+01 6.969427634657486692e+01 6.964936148747116818e+01 6.959990780115523989e+01 6.954532118671713192e+01 6.948589055757534538e+01 6.942288425419209830e+01 6.935838582980755973e+01 6.929488047060480937e+01 6.923472820179537734e+01 6.917971779866188342e+01 6.913084692427588607e+01 6.908835531249752648e+01 6.905192830161837492e+01 6.902094700745546163e+01 6.899469091597421766e+01 6.897245813983727203e+01 6.895361567776525646e+01 6.893760962662530289e+01 6.892396044000624045e+01 6.891225606799932280e+01 6.890214640061356022e+01 6.889333842568957778e+01 6.888559108268478326e+01 6.887870953546993746e+01 6.887253917415442572e+01 6.886695980227457881e+01 6.886188034369648392e+01 6.885723422289788687e+01 6.885297543945210919e+01 6.884907529118952141e+01 6.884551968143193790e+01
6.613857127417008996e+01 6.609453097105537722e+01 6.605514110685203377e+01 6.601870257852232271e+01 6.598358940442255971e+01 6.594819905938635429e+01 6.591095587394143251e+01 6.587040345838271094e+01 6.582540342853531001e+01 6.577540764416566788e+01 6.572070720479109696e+01 6.566252656692412870e+01 6.560286701839839907e+01 6.554411030382848935e+01 6.548851346046178890e+01 6.543778151810536770e+01 6.539285803578002287e+01 6.535395906411525857e+01 6.532077064999273830e+01 6.529269057990302372e+01 6.526902360091946775e+01 6.524909676540536907e+01 6.523230698562190355e+01 6.521812985803150298e+01 6.520611409849995255e+01 6.519587405876768571e+01 6.518708366962695777e+01 6.517947125016843302e+01 6.517281418507141666e+01 6.516693317665985319e+01 6.516168634233240198e+01 6.515696357142032014e+01 6.515268144180501508e+01 6.514877882635401818e+01 6.514521319459186088e+01 6.514195755389205544e+01 6.513899795839512308e+01
6.240092846658474457e+01 6.236258215277057815e+01 6.232825557750011569e+01 6.229641100433087075e+01 6.226556815595805716e+01 6.223425647591032117e+01 6.220101842118130264e+01 6.216449850679720868e+01 6.212363488039567017e+01 6.207792198746334122e+01 6.202765123473724174e+01 6.197400289928896910e+01 6.191889702934817308e+01 6.186461368824048890e+01 6.181330870267385080e+01 6.176660457043939800e+01 6.172539114016985451e+01 6.168986043874827629e+01 6.165969843823150853e+01 6.163431868335826636e+01 6.161305035009245046e+01 6.159524875101688934e+01 6.158034015964893371e+01 6.156782918353024314e+01 6.155729232022851249e+01 6.154836982196150785e+01 6.154075913734973113e+01 6.153420938939669327e+01 6.152851590252418390e+01 6.152351446163335424e+01 6.151907552994605055e+01 6.151509879518729917e+01 6.151150830965753613e+01 6.150824833075854059e+01 6.150527985259750352e+01 6.150257776365762652e+01 6.150012855256536426e+01
5.873469914348979160e+01 5.870153812701073548e+01 5.867181652257751523e+01 5.864415078396274339e+01 5.861719949388264439e+01 5.858961769203480685e+01 5.856006015647452756e+01 5.852726717475203344e+01 5.849024912286709110e+01 5.844853975287190195e+01 5.840242868594573622e+01 5.835305113126177901e+01 5.830224600735932938e+01 5.825219239395640614e+01 5.820494570713849924e+01 5.816204642932665081e+01 5.812433076699863221e+01 5.809196640212756080e+01 5.806463870818295447e+01 5.804177645191533941e+01 5.802273280006780709e+01 5.800689100072782622e+01 5.799370642986325919e+01 5.798271244867432728e+01 5.797351303196137451e+01 5.796577396146499694e+01 5.795921577338793895e+01 5.795360792974193487e+01 5.794876322748287834e+01 5.794453209730395571e+01 5.794079697051279254e+01 5.793746703691394373e+01 5.793447362389051847e+01 5.793176628012708562e+01 5.792930954068945937e+01 5.792708030026398802e+01 5.792506571158232731e+01
