Fastscape_10Myr_100yrTimeStep_halfmmyrk_1e-05_m_0.5_n_1.0_LinDiffusion_0.05_15x7km_30mRes0.txt
nrows 250
cellsize 30.0
xllcorner 0.0
ncols 500
yllcorner 0.0
[rows 34 to 50 of 250, columns 37 to 73 of 500]
2.500002938821738852e+00 2.500004142301000876e+00 2.500004830343937279e+00 2.500005018343632202e+00 2.500005651612824842e+00 2.500006742475449073e+00 2.500004898208697313e+00 2.500004663440500874e+00 2.500005628908579691e+00 2.500005246399076064e+00 2.500005735051200162e+00 2.500005683878042007e+00 2.500004378883025069e+00 2.500003911268128043e+00 2.500005209853570332e+00 2.500004958932119603e+00 2.500003289539597162e+00 2.500003073133897136e+00 2.500003394489695108e+00 2.500003583233864735e+00 2.500004438603649515e+00 2.500004106400146142e+00 2.500003986665889411e+00 2.500004433582506014e+00 2.500004366003303335e+00 2.500005149311793851e+00 2.500004956656892929e+00 2.500004181586305663e+00 2.500003792976081218e+00 2.500003722455773403e+00 2.500003186019272849e+00 2.500004212132000525e+00 2.500003834474584963e+00 2.500004976061944273e+00 2.500005492379227423e+00 2.500005364895854676e+00 2.500004720583381523e+00
2.500003106474343095e+00 2.500003569394729119e+00 2.500004995978865274e+00 2.500005847910891088e+00 2.500005831824713365e+00 2.500006598990029083e+00 2.500005741756626154e+00 2.500006281961580701e+00 2.500007222623452652e+00 2.500007034955616714e+00 2.500007327123722867e+00 2.500006801821940794e+00 2.500006142361414607e+00 2.500005796607536634e+00 2.500006778667898555e+00 2.500006410715970961e+00 2.500004557909790481e+00 2.500003932049985611e+00 2.500004051869898269e+00 2.500005047914931833e+00 2.500006344520690593e+00 2.500005971125740967e+00 2.500005529989518305e+00 2.500004950946201898e+00 2.500004502100608761e+00 2.500004705851413878e+00 2.500003998535595962e+00 2.500003205716962995e+00 2.500003530303420707e+00 2.500003900958912340e+00 2.500003460199061944e+00 2.500004611962031831e+00 2.500003863507382462e+00 2.500004569861079329e+00 2.500004811811767702e+00 2.500004834127488085e+00 2.500004593291920152e+00
2.500002943200284822e+00 2.500003208901754093e+00 2.500004568258662019e+00 2.500006022166722186e+00 2.500006034557441303e+00 2.500006058061748249e+00 2.500005710635275769e+00 2.500006148167491116e+00 2.500006376895652860e+00 2.500006580553316926e+00 2.500006223730995902e+00 2.500005264792314996e+00 2.500005169864615073e+00 2.500005290467990804e+00 2.500006362008768690e+00 2.500006190886964408e+00 2.500005145267226059e+00 2.500004998809425505e+00 2.500005902360953325e+00 2.500007183711743686e+00 2.500007494503410754e+00 2.500007004907830233e+00 2.500007252514893530e+00 2.500006403573978186e+00 2.500005606560959492e+00 2.500005460106051736e+00 2.500004996425110093e+00 2.500004456529735908e+00 2.500005215012817583e+00 2.500005758981346027e+00 2.500004714010797269e+00 2.500004785635705051e+00 2.500003273416941507e+00 2.500004004149714021e+00 2.500004692386943894e+00 2.500005347273224210e+00 2.500005764231475247e+00
2.500004243716879682e+00 2.500004921612689390e+00 2.500004892544250179e+00 2.500005282578748211e+00 2.500005424521295261e+00 2.500005270027944704e+00 2.500004987491623698e+00 2.500004723115559990e+00 2.500004752834193766e+00 2.500004780764385259e+00 2.500003997143253720e+00 2.500003881311611220e+00 2.500004518570864587e+00 2.500005493114162647e+00 2.500005984921517044e+00 2.500004940473374848e+00 2.500003741624812204e+00 2.500003628442175607e+00 2.500005207905713345e+00 2.500006267146362759e+00 2.500006025987664859e+00 2.500005891054272844e+00 2.500005897191560855e+00 2.500004893684307561e+00 2.500004881123109701e+00 2.500005546565839065e+00 2.500005172953124521e+00 2.500005397286757081e+00 2.500006315016161551e+00 2.500006612716878518e+00 2.500005246009796345e+00 2.500005538134152161e+00 2.500004117304969853e+00 2.500003989870522858e+00 2.500004023884095261e+00 2.500004536550936685e+00 2.500005261286124547e+00
2.500005360743514427e+00 2.500005538040831254e+00 2.500003902832781844e+00 2.500003484795998432e+00 2.500004157562894402e+00 2.500005201418178391e+00 2.500005741348619193e+00 2.500005230095773801e+00 2.500005262956150887e+00 2.500004799789832699e+00 2.500004170570857109e+00 2.500004458472438795e+00 2.500004171637600692e+00 2.500005271355999703e+00 2.500005825390731573e+00 2.500004940121564712e+00 2.500003725215463213e+00 2.500003475102083428e+00 2.500004535087466451e+00 2.500003877589751955e+00 2.500003544527507060e+00 2.500004549014688049e+00 2.500004668483799986e+00 2.500004226827516440e+00 2.500004776830629716e+00 2.500005652259563949e+00 2.500004884606671585e+00 2.500005882677126756e+00 2.500006260936808111e+00 2.500005321814810610e+00 2.500003490200705780e+00 2.500004874633385388e+00 2.500004801744036165e+00 2.500004630100319147e+00 2.500004423176949597e+00 2.500004365144994356e+00 2.500004047267471829e+00
2.500006061572493721e+00 2.500006445911246988e+00 2.500004547511072150e+00 2.500003916721642572e+00 2.500004040508573500e+00 2.500004712921833683e+00 2.500005013466477966e+00 2.500004844551668270e+00 2.500005466591196601e+00 2.500005143097165927e+00 2.500005380709760860e+00 2.500005708027854823e+00 2.500004306917890329e+00 2.500005178264959937e+00 2.500005512804166941e+00 2.500004989221603413e+00 2.500004251224773544e+00 2.500003998011500084e+00 2.500004658171937955e+00 2.500003624342897357e+00 2.500003678724334488e+00 2.500004671767877440e+00 2.500005033900881912e+00 2.500006018423635012e+00 2.500006177144817876e+00 2.500006312967937738e+00 2.500005148567805424e+00 2.500006025384684527e+00 2.500006586125529839e+00 2.500006011294858332e+00 2.500003909452442663e+00 2.500005224212269450e+00 2.500005584335512676e+00 2.500005636818553256e+00 2.500005146289552282e+00 2.500005068781747664e+00 2.500004273344850425e+00
2.500005280694055365e+00 2.500006451823599818e+00 2.500005534352139680e+00 2.500005129635139323e+00 2.500004487135502718e+00 2.500004804735827424e+00 2.500004602360254236e+00 2.500004283314485765e+00 2.500004848596420803e+00 2.500004367769141922e+00 2.500005118861539088e+00 2.500005939082997397e+00 2.500005043405194805e+00 2.500005541107738871e+00 2.500004885877933791e+00 2.500004975687966535e+00 2.500005520616809918e+00 2.500005305265025068e+00 2.500005159217667750e+00 2.500005178256838878e+00 2.500005604286047678e+00 2.500004443657088515e+00 2.500004270550715724e+00 2.500006657994946924e+00 2.500006587212673548e+00 2.500006653441511073e+00 2.500005343959725401e+00 2.500004435408270442e+00 2.500005041459330002e+00 2.500006348241216703e+00 2.500005139018464106e+00 2.500005467448373153e+00 2.500004990752227485e+00 2.500005873506465637e+00 2.500005897343435812e+00 2.500006637417510724e+00 2.500005857399719034e+00
2.500004925476005724e+00 2.500005751550952837e+00 2.500005108898878170e+00 2.500004514929821564e+00 2.500003992496171890e+00 2.500004637476777258e+00 2.500004426397533397e+00 2.500003787496455576e+00 2.500004095696747974e+00 2.500003602682909332e+00 2.500003660433453678e+00 2.500004226058482271e+00 2.500004518817269261e+00 2.500005337398079952e+00 2.500004687587869867e+00 2.500006023283245060e+00 2.500007320899505281e+00 2.500007058728942244e+00 2.500005847813782101e+00 2.500006151640838947e+00 2.500006429321752766e+00 2.500004443149634881e+00 2.500003814825576320e+00 2.500005336545262136e+00 2.500004832602211735e+00 2.500006073614421176e+00 2.500005976410694331e+00 2.500003762413244068e+00 2.500003439020930696e+00 2.500005761291125950e+00 2.500005559543578393e+00 2.500005353645648576e+00 2.500004451054543164e+00 2.500005412280499328e+00 2.500004945386420374e+00 2.500006015291635020e+00 2.500005463723199650e+00
2.500005423316413733e+00 2.500005606528079127e+00 2.500004740323953811e+00 2.500004616879136776e+00 2.500005380086562479e+00 2.500005751829579737e+00 2.500004869814584918e+00 2.500003414321236406e+00 2.500003373540650387e+00 2.500004055180117923e+00 2.500004572604938247e+00 2.500005177442177651e+00 2.500005541890254257e+00 2.500005351761756422e+00 2.500004412609504012e+00 2.500006487526311716e+00 2.500007656608795870e+00 2.500006952308967190e+00 2.500004906012119221e+00 2.500005604774846013e+00 2.500006692579593182e+00 2.500006377861324847e+00 2.500005176534953577e+00 2.500004406016236747e+00 2.500003588720712600e+00 2.500005488107545304e+00 2.500006076314511994e+00 2.500003969805840054e+00 2.500003142704496195e+00 2.500004964814010133e+00 2.500004657905599892e+00 2.500004328709229284e+00 2.500004070824771940e+00 2.500005011275657107e+00 2.500004541345244302e+00 2.500006190362009217e+00 2.500005749900149343e+00
2.500004827233465399e+00 2.500005438654655965e+00 2.500004694641611902e+00 2.500003853823113964e+00 2.500004675591402492e+00 2.500004846895938382e+00 2.500004747243487646e+00 2.500004181366020095e+00 2.500003721437279225e+00 2.500004328129435738e+00 2.500005342696892008e+00 2.500006108927706805e+00 2.500006210052424738e+00 2.500006359210925844e+00 2.500005625940330489e+00 2.500006376937419006e+00 2.500007134475975334e+00 2.500007098260657923e+00 2.500005177925259670e+00 2.500005457298112965e+00 2.500005862244141230e+00 2.500006805157199974e+00 2.500005409673065948e+00 2.500003850028289953e+00 2.500002900367436887e+00 2.500003625974044574e+00 2.500003723401831301e+00 2.500002582998808176e+00 2.500002790472140024e+00 2.500004497107588097e+00 2.500004552962053594e+00 2.500004490471120278e+00 2.500004874469075933e+00 2.500005539812199640e+00 2.500005570995454285e+00 2.500007355253194063e+00 2.500006924314388979e+00
2.500004098633631155e+00 2.500005276997700143e+00 2.500005810217554636e+00 2.500004376001033535e+00 2.500004671341646389e+00 2.500004212882777299e+00 2.500004085988092317e+00 2.500004341355966275e+00 2.500003766724820053e+00 2.500003721356355069e+00 2.500004847519805118e+00 2.500005356046933969e+00 2.500005130571824719e+00 2.500006931161496304e+00 2.500006625810363925e+00 2.500004990527719073e+00 2.500004958706660396e+00 2.500005619408591784e+00 2.500004688274957143e+00 2.500004691760860709e+00 2.500004794399187436e+00 2.500006219056896128e+00 2.500004736347738454e+00 2.500004005458466239e+00 2.500004385882152569e+00 2.500005323089988352e+00 2.500005126459501348e+00 2.500002861070505400e+00 2.500002313594345882e+00 2.500003739797727054e+00 2.500004971909249196e+00 2.500005290231161137e+00 2.500006230821059106e+00 2.500006419914845068e+00 2.500006058590513280e+00 2.500006509142168376e+00 2.500006159784407878e+00
2.500003637442161253e+00 2.500004552549622616e+00 2.500005716217049478e+00 2.500005109996960684e+00 2.500005581341073757e+00 2.500004189555963929e+00 2.500003483126322923e+00 2.500004252928302861e+00 2.500003809040080238e+00 2.500003864293152134e+00 2.500005352214511589e+00 2.500005458138184533e+00 2.500004365671099293e+00 2.500006558642971388e+00 2.500006635578996050e+00 2.500004441003363276e+00 2.500004318985170837e+00 2.500005209562689679e+00 2.500005275458861753e+00 2.500005513940517510e+00 2.500005696236983876e+00 2.500006093318337008e+00 2.500003765685645085e+00 2.500003494631802603e+00 2.500004846220581278e+00 2.500006110857361907e+00 2.500005539490155915e+00 2.500002743721281728e+00 2.500001962513760390e+00 2.500003122825772195e+00 2.500004255091652805e+00 2.500003671761033441e+00 2.500004471842754317e+00 2.500004596441877780e+00 2.500004014686791898e+00 2.500003904636600272e+00 2.500004280697015968e+00
2.500004536757279627e+00 2.500004512825361402e+00 2.500004980277762634e+00 2.500005339551941042e+00 2.500005718061752091e+00 2.500003669721905908e+00 2.500003528512475093e+00 2.500005154164788745e+00 2.500004208208977285e+00 2.500003625743928204e+00 2.500004610204777489e+00 2.500004969173066360e+00 2.500004074219052796e+00 2.500006149316490234e+00 2.500005958316119603e+00 2.500003961164482202e+00 2.500004291155743186e+00 2.500005195258524271e+00 2.500005733278295228e+00 2.500006126483528934e+00 2.500006256078592504e+00 2.500005675829109819e+00 2.500003663961713585e+00 2.500003773834629239e+00 2.500004528794136593e+00 2.500005051562118830e+00 2.500004447345954173e+00 2.500003267070244117e+00 2.500003557627836770e+00 2.500004294815207029e+00 2.500004973656680729e+00 2.500003618546576600e+00 2.500003299068294105e+00 2.500003310850112737e+00 2.500003313981001618e+00 2.500004226843401955e+00 2.500005246971927608e+00
2.500004979448405606e+00 2.500004302826160707e+00 2.500004013590572782e+00 2.500004812369103213e+00 2.500004936940254829e+00 2.500003311820642171e+00 2.500003508675519015e+00 2.500004940722829083e+00 2.500003933189089089e+00 2.500003150563239185e+00 2.500003810850930375e+00 2.500004912283111391e+00 2.500004458160637544e+00 2.500006295103980758e+00 2.500005632595914129e+00 2.500003901487591662e+00 2.500003687131621799e+00 2.500003743198726980e+00 2.500004663670958749e+00 2.500005279644303968e+00 2.500005189981272746e+00 2.500004929521004726e+00 2.500004911996736023e+00 2.500005263783477538e+00 2.500003897871478920e+00 2.500003099406018059e+00 2.500003428996571131e+00 2.500004833822650152e+00 2.500006014815656652e+00 2.500004734853483512e+00 2.500004656142780668e+00 2.500005067342290666e+00 2.500005334333824880e+00 2.500004341410209996e+00 2.500003454398049385e+00 2.500004621492477597e+00 2.500006348607406448e+00
2.500003742071279511e+00 2.500003321039345749e+00 2.500003337684648219e+00 2.500004417587700978e+00 2.500004629229831909e+00 2.500003726534721693e+00 2.500003127839218742e+00 2.500003610659781383e+00 2.500003547744848564e+00 2.500003095657100882e+00 2.500003434929452872e+00 2.500004733115679389e+00 2.500004701337418478e+00 2.500006362014302042e+00 2.500005650901787391e+00 2.500005186934458834e+00 2.500004780699737861e+00 2.500004058243109117e+00 2.500004912009064384e+00 2.500004145933410360e+00 2.500002545404695020e+00 2.500002207753154959e+00 2.500003159889986115e+00 2.500004357234659302e+00 2.500003440184261905e+00 2.500002720382026311e+00 2.500002803032947085e+00 2.500003919476369685e+00 2.500005463716897136e+00 2.500003846788451778e+00 2.500003413757794668e+00 2.500005461666019446e+00 2.500006367359655091e+00 2.500005095163214452e+00 2.500004109211246828e+00 2.500004846508806722e+00 2.500006375312209261e+00
2.500003667829452603e+00 2.500003012868860619e+00 2.500003041295733475e+00 2.500003842024046463e+00 2.500004640326033645e+00 2.500004982544790977e+00 2.500004433964237105e+00 2.500004460305093712e+00 2.500004746858680793e+00 2.500003684168977891e+00 2.500002938723576484e+00 2.500003719611752384e+00 2.500003853842127199e+00 2.500004935671298334e+00 2.500004897551405758e+00 2.500006448460304398e+00 2.500006445056376592e+00 2.500005685662629595e+00 2.500006682893322729e+00 2.500004927933263676e+00 2.500002707020678727e+00 2.500001666291816527e+00 2.500002054985120292e+00 2.500003846078468150e+00 2.500004354250285665e+00 2.500004157988038322e+00 2.500003746015532435e+00 2.500003207653730186e+00 2.500004395040610117e+00 2.500004053968741591e+00 2.500003589021407624e+00 2.500005527880084344e+00 2.500005975314061324e+00 2.500004973104556161e+00 2.500004484227869472e+00 2.500005040746514862e+00 2.500006459999142727e+00
2.500005905189633726e+00 2.500003811891736927e+00 2.500003504199936444e+00 2.500003865035284267e+00 2.500004737704814239e+00 2.500004952971354832e+00 2.500004158492219908e+00 2.500004191163476719e+00 2.500004434360188821e+00 2.500003268352088970e+00 2.500002710130861949e+00 2.500004065277867227e+00 2.500004479937382840e+00 2.500004156440778225e+00 2.500004460334444456e+00 2.500006932862488540e+00 2.500007070515410934e+00 2.500006132480665944e+00 2.500006711366655754e+00 2.500005157104063791e+00 2.500003687271790120e+00 2.500002856296838161e+00 2.500003095931317976e+00 2.500004537404242555e+00 2.500004988504277215e+00 2.500004654897210798e+00 2.500004736475136546e+00 2.500003836704045135e+00 2.500004352086071968e+00 2.500004660334746998e+00 2.500003257638058862e+00 2.500004111352680969e+00 2.500004807721262878e+00 2.500004883741897999e+00 2.500004043628617278e+00 2.500004319950298370e+00 2.500005881468463365e+00
