FastScape_5Ma_1mmyr_mp5_n1_k5Minus5_10kyrTimeStep_30mRes_6kmBy6Km.txt
nrows 200
cellsize 30.0
xllcorner 0.0
ncols 200
yllcorner 0.0
[rows 0 to 16 of 200, columns 74 to 110 of 200]
0.000000000000000000e+00 0.000000000000000000e+00 0.000000000000000000e+00 0.000000000000000000e+00 0.000000000000000000e+00 0.000000000000000000e+00 0.000000000000000000e+00 0.000000000000000000e+00 0.000000000000000000e+00 0.000000000000000000e+00 0.000000000000000000e+00 0.000000000000000000e+00 0.000000000000000000e+00 0.000000000000000000e+00 0.000000000000000000e+00 0.000000000000000000e+00 0.000000000000000000e+00 0.000000000000000000e+00 0.000000000000000000e+00 0.000000000000000000e+00 0.000000000000000000e+00 0.000000000000000000e+00 0.000000000000000000e+00 0.000000000000000000e+00 0.000000000000000000e+00 0.000000000000000000e+00 0.000000000000000000e+00 0.000000000000000000e+00 0.000000000000000000e+00 0.000000000000000000e+00 0.000000000000000000e+00 0.000000000000000000e+00 0.000000000000000000e+00 0.000000000000000000e+00 0.000000000000000000e+00 0.000000000000000000e+00 0.000000000000000000e+00
5.799376654628063399e+00 5.626153095045368424e+00 5.038888846080780581e+00 3.945430046121919609e+00 3.022187024940265587e+00 3.955997528532392060e+00 5.068692933631306907e+00 5.684538952442440340e+00 5.887191659965030688e+00 5.815868222556068723e+00 5.604065988107429064e+00 5.336966397635456438e+00 5.058849570982045130e+00 4.793358672976376411e+00 4.551142947904460279e+00 4.330686085865410817e+00 4.134097179258976240e+00 3.957813092426024415e+00 3.804888479086941722e+00 3.689717050106271046e+00 3.638597663520551251e+00 3.688918260072600486e+00 3.862385334828251526e+00 4.083764801845783055e+00 4.323106991137226629e+00 4.583484344759373386e+00 4.862818644914793431e+00 5.157366438033728073e+00 5.433097624321704622e+00 5.601355695760659614e+00 5.532896576377622999e+00 5.071778766065620836e+00 4.071108976188151374e+00 2.890459805523855952e+00 2.640262064266215791e+00 2.942145001881692590e+00 4.122621249464708981e+00
1.081118318405767731e+01 1.037133776894003745e+01 9.192028113583015525e+00 7.190955172903390924e+00 5.553370493299586208e+00 7.206015264057771930e+00 9.243206484753200058e+00 1.047779540614851612e+01 1.097400600380973401e+01 1.094318245021606728e+01 1.061756998265634699e+01 1.015467629578827591e+01 9.645241062129329634e+00 9.141822970461200626e+00 8.671333270233812840e+00 8.237421373588757589e+00 7.847805066863736911e+00 7.500039376079739917e+00 7.203057122515008182e+00 6.985374316551244078e+00 6.895453753296601818e+00 6.997011931947068497e+00 7.324888777637724502e+00 7.749484720989942232e+00 8.214531487313312397e+00 8.716350067694920156e+00 9.242006375232092452e+00 9.772074736962313324e+00 1.023273245766232442e+01 1.045951692995282478e+01 1.022503722715538466e+01 9.278967333577805121e+00 7.444127851431944443e+00 5.371019740989402713e+00 4.939359461596058765e+00 5.471520195353622107e+00 7.546497718975106572e+00
1.550587953303854505e+01 1.471241838356254306e+01 1.295162601428864058e+01 1.024318445438471592e+01 8.123505431672885635e+00 1.025721755294488347e+01 1.301122543292483869e+01 1.485073619485431173e+01 1.572833250393574112e+01 1.584868441407500228e+01 1.551074785747887397e+01 1.493235918709517485e+01 1.424906861113345791e+01 1.354521039654763648e+01 1.286858660497900964e+01 1.223465078254447214e+01 1.166039779541174326e+01 1.114944862968133954e+01 1.071932755443803309e+01 1.041211729196420244e+01 1.029435880798071068e+01 1.044684401952694941e+01 1.090847615547680860e+01 1.151448056627588201e+01 1.218425461667927756e+01 1.289875888775973145e+01 1.362701100122477804e+01 1.432472981216481855e+01 1.487659318708151268e+01 1.505729817223779321e+01 1.456768074157864312e+01 1.312320915912919972e+01 1.063150862736741686e+01 7.965263759212742656e+00 7.410268490522483376e+00 8.109213760041594554e+00 1.078165040037581512e+01
1.993598583204036956e+01 1.874761078678562853e+01 1.646085519001006858e+01 1.321179101343410167e+01 1.077481235564774131e+01 1.323263591169506270e+01 1.652841597709407750e+01 1.890358505500891440e+01 2.020102603527466911e+01 2.055123606457497232e+01 2.028023382264010621e+01 1.965560185094391343e+01 1.885299552020981650e+01 1.798822961760657435e+01 1.713226902010612562e+01 1.631652781580609712e+01 1.557039197312731460e+01 1.490707673563300339e+01 1.435454415587113708e+01 1.396795178259207049e+01 1.382865718873549810e+01 1.402931613992261006e+01 1.460821523180541348e+01 1.537446563300250801e+01 1.622411049218343493e+01 1.711865444329681551e+01 1.800494846545323213e+01 1.881056410388660538e+01 1.938197783469464852e+01 1.944476549465627357e+01 1.865277066199113776e+01 1.673990173323926101e+01 1.373766152653595896e+01 1.067192674572308242e+01 1.002812721214771408e+01 1.085295788083975843e+01 1.393031536937722947e+01
2.415506594718267763e+01 2.256061286988401449e+01 1.982111134072054526e+01 1.616070227848016927e+01 1.350431023932521768e+01 1.619682514448652100e+01 1.990694907925348289e+01 2.273287144751827071e+01 2.444630897996145080e+01 2.507628617039306107e+01 2.493262453277704083e+01 2.431885937345382942e+01 2.344600772001785316e+01 2.245910634625750291e+01 2.145275710458842511e+01 2.047639818303389703e+01 1.957407929369444943e+01 1.877086456464355280e+01 1.810638305535852410e+01 1.764844325916589440e+01 1.749099601874473109e+01 1.773535514188385775e+01 1.841734366641475873e+01 1.932324715227106893e+01 2.032665311519625462e+01 2.136809320234542398e+01 2.237069724410772409e+01 2.323424313288554188e+01 2.377115015981369694e+01 2.366775017481918653e+01 2.255349508877958087e+01 2.022694571590348289e+01 1.682787312386211909e+01 1.347342916349654551e+01 1.276417886964149240e+01 1.368578000998139466e+01 1.705752065043110122e+01
2.820333133931240610e+01 2.621631357341361124e+01 2.309291783190211689e+01 1.911333688038910950e+01 1.629380951215269135e+01 1.916273395625915654e+01 2.320317778144760723e+01 2.641168194949966264e+01 2.851322168249640754e+01 2.944889162348149370e+01 2.947875623746167406e+01 2.892300388954588897e+01 2.802282764833994477e+01 2.695025913789756444e+01 2.582275428298010667e+01 2.470844041963139759e+01 2.366730675819843910e+01 2.273761721384608236e+01 2.197140212997064879e+01 2.144877294412198054e+01 2.127479676960444266e+01 2.155749858455568813e+01 2.232927905307819216e+01 2.335497233749653390e+01 2.448645163139407543e+01 2.564316409072281999e+01 2.672481598893393340e+01 2.760552396287204857e+01 2.806911648911025026e+01 2.776757093285555555e+01 2.632697035707026245e+01 2.364659904261556278e+01 1.993624847372655040e+01 1.636080727716038652e+01 1.560177681466051780e+01 1.659963499205469617e+01 2.019779155974213580e+01
3.211052716794699791e+01 2.976428788299245554e+01 2.632147185801952105e+01 2.209014421967554753e+01 1.914406478122882405e+01 2.214511032700613669e+01 2.644725006158638081e+01 2.998025866408005413e+01 3.243957024385791499e+01 3.369798033368181223e+01 3.393409513500431984e+01 3.347309155878176057e+01 3.258224193739130925e+01 3.145731882564185611e+01 3.023697135898234123e+01 2.900768276721343497e+01 2.784581621998168899e+01 2.680348765998833827e+01 2.594547622911374418e+01 2.536389003862498726e+01 2.517393189185705893e+01 2.548914201126011392e+01 2.633796749036545393e+01 2.746453551239062207e+01 2.869976267237784739e+01 2.994268335352116139e+01 3.107079926488181698e+01 3.193526274271997778e+01 3.229428238148668129e+01 3.177417030221305794e+01 3.002227092963686772e+01 2.704202470682286474e+01 2.307822507760524644e+01 1.932429730744190621e+01 1.852453946187472766e+01 1.958561455446279709e+01 2.336720914832275753e+01
3.590551853721346021e+01 3.323994189116611864e+01 2.953249042954633552e+01 2.509583786319781495e+01 2.204572128137321485e+01 2.514762135928443598e+01 2.966097647821383276e+01 3.346812477935183949e+01 3.625383520137235394e+01 3.784451612636280515e+01 3.831224078096003893e+01 3.797539142132178824e+01 3.712532926307427772e+01 3.597813943464645092e+01 3.469170840656194343e+01 3.336996198027365068e+01 3.210547073167113297e+01 3.096433607227289997e+01 3.002413519680366250e+01 2.938867581774850279e+01 2.918263125610025810e+01 2.952432694414010328e+01 3.043800734450086054e+01 3.164769027772260301e+01 3.296418673269649702e+01 3.426719316365293366e+01 3.541357545715471389e+01 3.623317411748863748e+01 3.646129323142736212e+01 3.571136668104346512e+01 3.367587763685155267e+01 3.043312829443095779e+01 2.624987494477979411e+01 2.234966105385532131e+01 2.151890159674125869e+01 2.263021872914623600e+01 2.656252001451012745e+01
3.961915191755862509e+01 3.667216560748438781e+01 3.273569891048308733e+01 2.812107013890706142e+01 2.498251243643029085e+01 2.816359765477749022e+01 3.285468385002500469e+01 3.690082640056363772e+01 3.998195272273572698e+01 4.189829919818254922e+01 4.261990646534533056e+01 4.243526159283428001e+01 4.165401336864741211e+01 4.051192131178602551e+01 3.918440858112173686e+01 3.779180066005962146e+01 3.644235940985041111e+01 3.521595188263186316e+01 3.420278351634222247e+01 3.351805509756824364e+01 3.329544327259421266e+01 3.365763094259856558e+01 3.462462744436583506e+01 3.590095722989060079e+01 3.727827860750339539e+01 3.861826523360306140e+01 3.975893256995321678e+01 4.051115909734523512e+01 4.058869137029170560e+01 3.959995467312756290e+01 3.729910895209039978e+01 3.381613551652285565e+01 2.944228825294425533e+01 2.542585572777762337e+01 2.457287537175618652e+01 2.572304884743877196e+01 2.977545803533915603e+01
4.327745854041604900e+01 4.007452875325165564e+01 3.592701729268111421e+01 3.115759024968107127e+01 2.795117312197894321e+01 3.119688179510785275e+01 3.603610106667014890e+01 4.029323511282699855e+01 4.364387001780101372e+01 4.586904440706017994e+01 4.686136949926036976e+01 4.685638169875276304e+01 4.617050366076593093e+01 4.505859261318203579e+01 4.371325916025617175e+01 4.227024032362032813e+01 4.085281402906818471e+01 3.955417290677692677e+01 3.847683159586749468e+01 3.774706372699682078e+01 3.750720777226287339e+01 3.788407826816739288e+01 3.889358112292715930e+01 4.022141145415609031e+01 4.164108113899516894e+01 4.299762491271273035e+01 4.411204586970579555e+01 4.477847177347733520e+01 4.469084728601464462e+01 4.345191474725627501e+01 4.089516573486530149e+01 3.719784019219372340e+01 3.266643260896902490e+01 2.855472968720211213e+01 2.768360311520191530e+01 2.886645538114079912e+01 3.301750088455549559e+01
4.688687288867544112e+01 4.344407412782494760e+01 3.910840781966869883e+01 3.421155848968052737e+01 3.095168261224167949e+01 3.424900247807127585e+01 3.921090683213058981e+01 4.365046070498922148e+01 4.724550450293726556e+01 4.976622132384834174e+01 5.104698237390384463e+01 5.124474036627555051e+01 5.067725005169654651e+01 4.961838580573489565e+01 4.827682197200676484e+01 4.680264056895664027e+01 4.533335681085032576e+01 4.397492361136323780e+01 4.284175628518927681e+01 4.207087398738357820e+01 4.181301832814882147e+01 4.219904457462779135e+01 4.324099912316756900e+01 4.460643115933375924e+01 4.605167822766930641e+01 4.740640829410026669e+01 4.847613040052274158e+01 4.904022717366269291e+01 4.877155608931403918e+01 4.727302329662348512e+01 4.447602005237155964e+01 4.059513243627839074e+01 3.593084263452078631e+01 3.173405235819025094e+01 3.084561672382982067e+01 3.205864249692140788e+01 3.629766670221371783e+01
5.044659351499481659e+01 4.678403498010212047e+01 4.228687127502126231e+01 3.728215576492961958e+01 3.397445630540624961e+01 3.731072701208677955e+01 4.237883878866441023e+01 4.697992087254685600e+01 5.079431485644504818e+01 5.359567780826096595e+01 5.518021385573727144e+01 5.560318309003771731e+01 5.517546383689190037e+01 5.419111345267704394e+01 5.287361692250571821e+01 5.138644564335557874e+01 4.988059770294479023e+01 4.847419261239413402e+01 4.729310601642546175e+01 4.648478283209531980e+01 4.620816794454488985e+01 4.659815468074879163e+01 4.766323868916782658e+01 4.905348295379962309e+01 5.050890836460131084e+01 5.184477709133457068e+01 5.285213691762089638e+01 5.329513245549046729e+01 5.282897849713187810e+01 5.107517585175763486e+01 4.806062248644400370e+01 4.401710249635274863e+01 3.923056886649481356e+01 3.495705490089446243e+01 3.405357350083206569e+01 3.529311798229161212e+01 3.961132826463538947e+01
5.396325225555989391e+01 5.010358907270005346e+01 4.546224803359630329e+01 4.036258670802669712e+01 3.701691902658353683e+01 4.038418545530464598e+01 4.554088518232889982e+01 5.028627570368563937e+01 5.430197203760100422e+01 5.736681977990021863e+01 5.925638046805080705e+01 5.992802705149320275e+01 5.966418991763049462e+01 5.877561479611220818e+01 5.750178532752896388e+01 5.601896569273478832e+01 5.449110910613789827e+01 5.304797037448656027e+01 5.182646550656676965e+01 5.098417038123074718e+01 5.068807966881409044e+01 5.107717849170434476e+01 5.215675050983720951e+01 5.355998667087416010e+01 5.501130899673605512e+01 5.631225802019771010e+01 5.723915598182681208e+01 5.754096579327087113e+01 5.686524297831844876e+01 5.487248129939104047e+01 5.165710139062453266e+01 4.745546155293643409e+01 4.255265729397078189e+01 3.821549715210549181e+01 3.730121276355239246e+01 3.856170884936042142e+01 4.294548365189569950e+01
5.744789905365961147e+01 5.340689804301938892e+01 4.863578418745336052e+01 4.345663103039056097e+01 4.008008111681728280e+01 4.346980171190497089e+01 4.869885632646859364e+01 5.357067799661118102e+01 5.777337126096122688e+01 6.108755932950590051e+01 6.327346740807585945e+01 6.421394136078035331e+01 6.414031176597057993e+01 6.336988541289525756e+01 6.215894706647678447e+01 6.069721751017696931e+01 5.916130157512581178e+01 5.769216489427401484e+01 5.643739324108356925e+01 5.556443657124084012e+01 5.524822532717274726e+01 5.563192550392322744e+01 5.671795769878585958e+01 5.812321941151544991e+01 5.955721077021368615e+01 6.080845534421590770e+01 6.163915730133179238e+01 6.178278095641170609e+01 6.088594974541418736e+01 5.866462052274009409e+01 5.525278166124626011e+01 5.089510287515475540e+01 4.588813867046176398e+01 4.150257620331835540e+01 4.058231811707042169e+01 4.185737694306913426e+01 4.629044821814803612e+01
6.090458970983294051e+01 5.669520649876444907e+01 5.181167016875089359e+01 4.656515298386347723e+01 4.315695241840898433e+01 4.655814258278812190e+01 5.184933690179064314e+01 5.683410051499524229e+01 6.120643111133264824e+01 6.475448949075665439e+01 6.723096714911879701e+01 6.846245557875718646e+01 6.860297271093858740e+01 6.797154603891245017e+01 6.684218029541575845e+01 6.541779188195945949e+01 6.388730098808763103e+01 6.240250482096070073e+01 6.112134186359372023e+01 6.022092335046124845e+01 5.988403599254441900e+01 6.025813561778225846e+01 6.134312358368021023e+01 6.274015382481857728e+01 6.414447426878376746e+01 6.533242259625018278e+01 6.605298299843177290e+01 6.602466426105601727e+01 6.489435381558504901e+01 6.244251969536131952e+01 5.883671838231760631e+01 5.433786263137237427e+01 4.924653105519852403e+01 4.482301186912382462e+01 4.389780685934240267e+01 4.518407499183647502e+01 4.965342146211087737e+01
6.433186845851997759e+01 5.997235842514104576e+01 5.498826187022719125e+01 4.967915001986555978e+01 4.624498051040161073e+01 4.965114528382139270e+01 5.499100475408577182e+01 6.007642527600620497e+01 6.460417030981744801e+01 6.836831904605026011e+01 7.112688234538853749e+01 7.266946885387120858e+01 7.304854236295564363e+01 7.257675523497402992e+01 7.154762785070218456e+01 7.017665622355542610e+01 6.866481400951768421e+01 6.717443544270797418e+01 6.587356997678820392e+01 6.494883011790017235e+01 6.459081096806508526e+01 6.495137461885148866e+01 6.602822590784299450e+01 6.740728445132080537e+01 6.877017648861621524e+01 6.988190220107640016e+01 7.047907792093785417e+01 7.026536096002719489e+01 6.888564338979786328e+01 6.619880565326657518e+01 6.241218031411548139e+01 5.779450918647367530e+01 5.263348501701360505e+01 4.817592136452969953e+01 4.724444780373488584e+01 4.853903733634684414e+01 5.303640156694724084e+01
