Fastscape_10Myr_100yrTimeStep_halfmmyrk_1e-05_m_0.5_n_1.0_LinDiffusion_0.05_15x7km_30mRes0.txt
nrows 250
cellsize 30.0
xllcorner 0.0
ncols 500
yllcorner 0.0
[rows 85 to 101 of 250, columns 185 to 221 of 500]
2.500005693341767810e+00 2.500004612892050115e+00 2.500003753235230164e+00 2.500003972380382411e+00 2.500003297473130992e+00 2.500003010650360125e+00 2.500004318806550607e+00 2.500005515079547269e+00 2.500004196496926845e+00 2.500004191142129351e+00 2.500004729838155360e+00 2.500004854974763546e+00 2.500004355246371102e+00 2.500003300027867859e+00 2.500003219677268351e+00 2.500004434775699558e+00 2.500004616569670546e+00 2.500004961306985241e+00 2.500005123999021084e+00 2.500004578751787498e+00 2.500003904581371561e+00 2.500004794821166776e+00 2.500005195350651466e+00 2.500004646891067051e+00 2.500003750417135073e+00 2.500003135719684355e+00 2.500002529143730445e+00 2.500002814410702268e+00 2.500004110387989975e+00 2.500004138237953644e+00 2.500003498299448790e+00 2.500002916519586282e+00 2.500002942313008347e+00 2.500003436232034471e+00 2.500003644999349905e+00 2.500004856864081582e+00 2.500005444935647692e+00
2.500006056617869898e+00 2.500004238217973462e+00 2.500003023006410530e+00 2.500003047857729754e+00 2.500002482463179021e+00 2.500003107902220467e+00 2.500004176531730238e+00 2.500005420655738497e+00 2.500004709035092976e+00 2.500004726346935602e+00 2.500005404980253143e+00 2.500005495500906783e+00 2.500006327410242424e+00 2.500006027887842208e+00 2.500005483971456055e+00 2.500004868374088307e+00 2.500003504607124949e+00 2.500003873787499220e+00 2.500004826345940234e+00 2.500004613430144573e+00 2.500004106647597091e+00 2.500005156024746711e+00 2.500005590091206820e+00 2.500005338484710293e+00 2.500004763710100608e+00 2.500003936231343094e+00 2.500003227060718647e+00 2.500003200189608421e+00 2.500004000366362167e+00 2.500004766957139690e+00 2.500004350114320317e+00 2.500004370892859651e+00 2.500004638766575304e+00 2.500004387046978582e+00 2.500003515392086761e+00 2.500003626410967517e+00 2.500004715278224765e+00
2.500005058748427267e+00 2.500004284894342899e+00 2.500003645894647075e+00 2.500003067988755934e+00 2.500002153367433699e+00 2.500003300584179300e+00 2.500004309276317560e+00 2.500004839304979853e+00 2.500004370483374316e+00 2.500003741617497166e+00 2.500004246416293263e+00 2.500004918193628356e+00 2.500006790642711696e+00 2.500007052836157317e+00 2.500007001582627453e+00 2.500006009229095660e+00 2.500003769132300491e+00 2.500003365521494381e+00 2.500004155748539958e+00 2.500004567981291448e+00 2.500005128975345325e+00 2.500006194679166960e+00 2.500006672595846080e+00 2.500006555794285212e+00 2.500005794262014192e+00 2.500004479071725960e+00 2.500004209354850016e+00 2.500004795639727995e+00 2.500005043735468835e+00 2.500005981333274008e+00 2.500006269075714549e+00 2.500006122922370455e+00 2.500005941811982435e+00 2.500006108062668542e+00 2.500005509128358394e+00 2.500004560816904586e+00 2.500004667609018849e+00
2.500004343075809654e+00 2.500004653271552968e+00 2.500004013163962480e+00 2.500003162162855119e+00 2.500002696061827567e+00 2.500004232285780947e+00 2.500004871942463236e+00 2.500004313048775462e+00 2.500004361631538607e+00 2.500004280479345642e+00 2.500005541793835828e+00 2.500006117470030098e+00 2.500007206691140738e+00 2.500006794122269227e+00 2.500006401223272778e+00 2.500005594660938968e+00 2.500004068650568900e+00 2.500003459331355593e+00 2.500004334161320507e+00 2.500004494483894835e+00 2.500004773196504271e+00 2.500005690096349209e+00 2.500006259959929533e+00 2.500005793879868321e+00 2.500004903811194890e+00 2.500003675456111907e+00 2.500003731080963743e+00 2.500004772944504960e+00 2.500004310462665913e+00 2.500004912351848407e+00 2.500006572836129148e+00 2.500005864842800740e+00 2.500004847791812868e+00 2.500005277799540071e+00 2.500005976144292763e+00 2.500005526557355306e+00 2.500005183305520795e+00
2.500005090003529329e+00 2.500006535072830438e+00 2.500005957251294042e+00 2.500005215569979899e+00 2.500005051934668376e+00 2.500005761931258785e+00 2.500005575467701302e+00 2.500004217438991372e+00 2.500003433620239246e+00 2.500003465635313393e+00 2.500005361491210998e+00 2.500005884222371133e+00 2.500006457174793528e+00 2.500005559142633338e+00 2.500004801140419008e+00 2.500005016552545367e+00 2.500005482503168786e+00 2.500004398215973200e+00 2.500004141807689262e+00 2.500003469217830787e+00 2.500003535319535342e+00 2.500004911492711646e+00 2.500005694913158827e+00 2.500004799629084840e+00 2.500004792183732505e+00 2.500004711187234108e+00 2.500004631357402030e+00 2.500004507551175870e+00 2.500003118603016272e+00 2.500003622327453989e+00 2.500005678367326567e+00 2.500004354938743845e+00 2.500004014028092136e+00 2.500004546325419241e+00 2.500004914017115887e+00 2.500004566526947691e+00 2.500004730718337509e+00
2.500005206805359315e+00 2.500006531945483612e+00 2.500005490982785350e+00 2.500004649082046893e+00 2.500004376916342697e+00 2.500004318893468636e+00 2.500004751233965816e+00 2.500004470489600283e+00 2.500003338713840062e+00 2.500003327204104231e+00 2.500004757242856535e+00 2.500004743519782302e+00 2.500005287660380215e+00 2.500005146193469141e+00 2.500004978583574289e+00 2.500005459502250282e+00 2.500006835284762641e+00 2.500005747161019976e+00 2.500004763557164722e+00 2.500003199547582433e+00 2.500002807174289021e+00 2.500004287165917383e+00 2.500005059578962907e+00 2.500003520149276959e+00 2.500004345723796373e+00 2.500005691532688701e+00 2.500005840481349217e+00 2.500004472985200898e+00 2.500002732963824137e+00 2.500003869877560625e+00 2.500005902057385043e+00 2.500003988419074563e+00 2.500003523514080506e+00 2.500003490094253156e+00 2.500004611648432906e+00 2.500005597413856862e+00 2.500005672947075652e+00
2.500005597227266119e+00 2.500006350806074362e+00 2.500005066521075570e+00 2.500004269367966270e+00 2.500003708880557340e+00 2.500003789143656618e+00 2.500005229902209081e+00 2.500006094253316657e+00 2.500005624650362801e+00 2.500006184888718064e+00 2.500006858704452384e+00 2.500005795177436152e+00 2.500006132056288966e+00 2.500006226584993829e+00 2.500006066742045174e+00 2.500005708158471229e+00 2.500006954043909602e+00 2.500006679153960576e+00 2.500006166222187964e+00 2.500004547857477277e+00 2.500003874861991271e+00 2.500005163691383814e+00 2.500005915104690501e+00 2.500004520552429721e+00 2.500005905931907524e+00 2.500007068392729792e+00 2.500006509078845696e+00 2.500004740898250866e+00 2.500003896436618245e+00 2.500005027165798754e+00 2.500006733783977975e+00 2.500005301011392955e+00 2.500004433156144401e+00 2.500003431593298409e+00 2.500004817717465855e+00 2.500005849862486862e+00 2.500004992104749579e+00
2.500004059000132006e+00 2.500005552892647920e+00 2.500004898536762887e+00 2.500004183515994960e+00 2.500002826988167115e+00 2.500003345220669360e+00 2.500005240432397802e+00 2.500006588935642426e+00 2.500006704652559808e+00 2.500006432047756189e+00 2.500006279309675783e+00 2.500005690525504587e+00 2.500006554823637650e+00 2.500007064186197336e+00 2.500006883583368200e+00 2.500006158181975913e+00 2.500007021765809245e+00 2.500007127634143789e+00 2.500006828388053215e+00 2.500005552695502509e+00 2.500005222513780101e+00 2.500006480720670776e+00 2.500007137968244031e+00 2.500005531799196046e+00 2.500007088729276905e+00 2.500007260735312542e+00 2.500005859937346919e+00 2.500004151907918359e+00 2.500004407951549990e+00 2.500005193118047586e+00 2.500005902068145769e+00 2.500005066102217288e+00 2.500004917244349922e+00 2.500004173561657161e+00 2.500004884045293529e+00 2.500005722785621387e+00 2.500005271187117017e+00
2.500004276533819514e+00 2.500005411679484091e+00 2.500004378017717244e+00 2.500004287028714689e+00 2.500003723044137871e+00 2.500004441239311870e+00 2.500005021880349787e+00 2.500005769162668923e+00 2.500005966044430483e+00 2.500004698539714187e+00 2.500003984898141685e+00 2.500004653094466178e+00 2.500005967655169137e+00 2.500006339562394597e+00 2.500005655038532559e+00 2.500004716563886120e+00 2.500005294549509482e+00 2.500005854171741593e+00 2.500005208684463742e+00 2.500003927049811558e+00 2.500004452107050135e+00 2.500005886909268504e+00 2.500006726264546231e+00 2.500005026454964252e+00 2.500006396175209922e+00 2.500005983413234212e+00 2.500005126107100129e+00 2.500004496651901942e+00 2.500005554256349960e+00 2.500006592481577972e+00 2.500005612919936393e+00 2.500004196910500909e+00 2.500004792514151308e+00 2.500005122856368889e+00 2.500004621789759796e+00 2.500004961626274280e+00 2.500004663433991858e+00
2.500003699919363331e+00 2.500005391081238315e+00 2.500004652604002953e+00 2.500005236234533967e+00 2.500005225935464370e+00 2.500005320943599951e+00 2.500004104077023559e+00 2.500004452965602475e+00 2.500005646563751682e+00 2.500005363115541002e+00 2.500004391961817340e+00 2.500004981606368748e+00 2.500005561775737739e+00 2.500005205302681333e+00 2.500004168819480732e+00 2.500003461366408164e+00 2.500003810233450530e+00 2.500004289816133429e+00 2.500004481100761566e+00 2.500004187574400127e+00 2.500005561236362972e+00 2.500006327779483506e+00 2.500006964305121038e+00 2.500005143474079983e+00 2.500004840223973623e+00 2.500003763157001568e+00 2.500004346248702269e+00 2.500005054574747199e+00 2.500005305588646198e+00 2.500006467208284899e+00 2.500004956640626386e+00 2.500003348979768170e+00 2.500004029344076617e+00 2.500005312936479207e+00 2.500004412966159162e+00 2.500004134973738967e+00 2.500004067911040462e+00
2.500003894899448742e+00 2.500005122424093340e+00 2.500004463617026662e+00 2.500005782875004634e+00 2.500006184301425627e+00 2.500005440725391104e+00 2.500003712037969450e+00 2.500004797720286831e+00 2.500006364711664819e+00 2.500005812724708676e+00 2.500003786977261555e+00 2.500004141640221889e+00 2.500004723063896428e+00 2.500004273712325809e+00 2.500003670725001736e+00 2.500003915459887871e+00 2.500004299618748593e+00 2.500004654533156234e+00 2.500005619296381987e+00 2.500004890457079298e+00 2.500005457265665587e+00 2.500005739899719526e+00 2.500006927106956933e+00 2.500005679962695293e+00 2.500003548908400042e+00 2.500002452270833064e+00 2.500004529334018955e+00 2.500005755012618902e+00 2.500004590814103089e+00 2.500005862794456579e+00 2.500005303708666915e+00 2.500004153319955069e+00 2.500003979717462244e+00 2.500004772231160466e+00 2.500004653655646170e+00 2.500004410549082845e+00 2.500004818471841084e+00
2.500005064321122017e+00 2.500005913410616287e+00 2.500004772040531620e+00 2.500005338312668357e+00 2.500005862188506622e+00 2.500005414978833329e+00 2.500004837085091580e+00 2.500006421080591235e+00 2.500006482184659706e+00 2.500004718364394751e+00 2.500003268984261506e+00 2.500004576890890728e+00 2.500005379728095445e+00 2.500004511234852345e+00 2.500004959724345444e+00 2.500005919174998148e+00 2.500005886260068255e+00 2.500005574311424450e+00 2.500006133713694734e+00 2.500004423354374783e+00 2.500004059967372072e+00 2.500004304652613030e+00 2.500005200469203270e+00 2.500005275288242235e+00 2.500003782176979161e+00 2.500003166262386056e+00 2.500005256569937551e+00 2.500005838684209891e+00 2.500004161966173033e+00 2.500005142628523025e+00 2.500004595272257379e+00 2.500003738873405545e+00 2.500003827726925199e+00 2.500004066537969472e+00 2.500005218919937988e+00 2.500004861089633046e+00 2.500004038638955706e+00
2.500005100806279135e+00 2.500006779721862582e+00 2.500005843043129783e+00 2.500005420818034008e+00 2.500006320827445894e+00 2.500006975433676004e+00 2.500006911159095679e+00 2.500006979397412898e+00 2.500005671233248794e+00 2.500004925516544407e+00 2.500004682079206120e+00 2.500005557854996230e+00 2.500006042509989257e+00 2.500004807958671194e+00 2.500005508761654838e+00 2.500005957033475834e+00 2.500005894093830783e+00 2.500005748617915913e+00 2.500006357132522172e+00 2.500005144708356219e+00 2.500004237715291122e+00 2.500003975890558117e+00 2.500003326935023917e+00 2.500004065962762922e+00 2.500004400370558599e+00 2.500004472232738362e+00 2.500005580960098506e+00 2.500005217119967593e+00 2.500004383992288748e+00 2.500005114335642542e+00 2.500004082319441601e+00 2.500003102995588034e+00 2.500004394226060800e+00 2.500004421102290930e+00 2.500005532024919930e+00 2.500005158358755253e+00 2.500003595005767298e+00
2.500005306205177025e+00 2.500006380701052411e+00 2.500005521581187384e+00 2.500005289827946342e+00 2.500006422337344603e+00 2.500007345951464899e+00 2.500007305458706863e+00 2.500006381623942620e+00 2.500005021966970276e+00 2.500006046106882707e+00 2.500005876872412713e+00 2.500004555873250212e+00 2.500004639769496606e+00 2.500004055247605717e+00 2.500004468960697057e+00 2.500004432703180068e+00 2.500004773331339525e+00 2.500004567474928496e+00 2.500005242783353232e+00 2.500005107450960828e+00 2.500003721016440306e+00 2.500003337173208440e+00 2.500002586036980556e+00 2.500003409482799199e+00 2.500004400993809828e+00 2.500004512666226475e+00 2.500004528068216825e+00 2.500003581229749638e+00 2.500003724540126093e+00 2.500004821668529775e+00 2.500004401872395032e+00 2.500003130026884790e+00 2.500004239663894179e+00 2.500004320462048568e+00 2.500004565270534052e+00 2.500004440482864965e+00 2.500003350418406711e+00
2.500007091796705883e+00 2.500006231096567610e+00 2.500004574779280730e+00 2.500005149006508720e+00 2.500006016243579765e+00 2.500005941243794716e+00 2.500006246909359575e+00 2.500006207901738886e+00 2.500005177877805629e+00 2.500006179011695195e+00 2.500005868293415201e+00 2.500003443214777299e+00 2.500003682626752877e+00 2.500003991288545446e+00 2.500003946531689447e+00 2.500003922161178949e+00 2.500004384628622844e+00 2.500003354212071205e+00 2.500003804375857452e+00 2.500004695017135958e+00 2.500003962738693630e+00 2.500003975781205146e+00 2.500003681012029855e+00 2.500003713260071425e+00 2.500004237779331895e+00 2.500004242132799259e+00 2.500003922920896127e+00 2.500003855337448844e+00 2.500004712780549365e+00 2.500005472361416459e+00 2.500005322623150672e+00 2.500003814727672413e+00 2.500004188877914313e+00 2.500004882285345786e+00 2.500003981670774422e+00 2.500003786060342570e+00 2.500003997116194032e+00
2.500007397106903895e+00 2.500006498536071931e+00 2.500004587282009361e+00 2.500005541682228216e+00 2.500005733499979232e+00 2.500004661669441131e+00 2.500005150257734954e+00 2.500006080029814282e+00 2.500005530085395833e+00 2.500005286958959960e+00 2.500004961429957540e+00 2.500002817912804876e+00 2.500003552033374543e+00 2.500004561352707988e+00 2.500004327489342426e+00 2.500004911639567950e+00 2.500005054199365251e+00 2.500003649762000624e+00 2.500004535466541888e+00 2.500005781751363454e+00 2.500005000910521691e+00 2.500004561649405321e+00 2.500004637991564582e+00 2.500004660074012897e+00 2.500005025345680920e+00 2.500004832397320520e+00 2.500004226625844872e+00 2.500004900460707447e+00 2.500005973382062763e+00 2.500005972005570065e+00 2.500005076239915081e+00 2.500003914088372969e+00 2.500004169803711651e+00 2.500005944519473111e+00 2.500005347932708233e+00 2.500005413763262574e+00 2.500006257910626584e+00
2.500007474577234046e+00 2.500007486220425790e+00 2.500005796787200030e+00 2.500006457154650530e+00 2.500005724073546709e+00 2.500004320655505818e+00 2.500004686014952515e+00 2.500005114876413970e+00 2.500004858959247400e+00 2.500004045070455927e+00 2.500004108856342722e+00 2.500003194579557775e+00 2.500004273125646215e+00 2.500005283536784528e+00 2.500005046753231319e+00 2.500006569564960479e+00 2.500006674641772175e+00 2.500004797101447629e+00 2.500004671782501742e+00 2.500005593870213261e+00 2.500005124157999248e+00 2.500004209418734469e+00 2.500004073833212104e+00 2.500004760635374801e+00 2.500005592794068310e+00 2.500005766699942011e+00 2.500004561250166901e+00 2.500004318693769267e+00 2.500004958177784786e+00 2.500004990695773976e+00 2.500003774117669941e+00 2.500003659332197703e+00 2.500003731038360932e+00 2.500005581050494641e+00 2.500005848351011917e+00 2.500005975192408414e+00 2.500006418263381214e+00
