FastScape_2p5Ma_halfmmyr_mp5_n1_k5Minus5_5kyrTimeStep_30mRes_20kmBy30Km.txt
nrows 100
cellsize 30.0
xllcorner 0.0
ncols 200
yllcorner 0.0
[rows 0 to 16 of 100, columns 0 to 36 of 200]
0.000000000000000000e+00 0.000000000000000000e+00 0.000000000000000000e+00 0.000000000000000000e+00 0.000000000000000000e+00 0.000000000000000000e+00 0.000000000000000000e+00 0.000000000000000000e+00 0.000000000000000000e+00 0.000000000000000000e+00 0.000000000000000000e+00 0.000000000000000000e+00 0.000000000000000000e+00 0.000000000000000000e+00 0.000000000000000000e+00 0.000000000000000000e+00 0.000000000000000000e+00 0.000000000000000000e+00 0.000000000000000000e+00 0.000000000000000000e+00 0.000000000000000000e+00 0.000000000000000000e+00 0.000000000000000000e+00 0.000000000000000000e+00 0.000000000000000000e+00 0.000000000000000000e+00 0.000000000000000000e+00 0.000000000000000000e+00 0.000000000000000000e+00 0.000000000000000000e+00 0.000000000000000000e+00 0.000000000000000000e+00 0.000000000000000000e+00 0.000000000000000000e+00 0.000000000000000000e+00 0.000000000000000000e+00 0.000000000000000000e+00
0.000000000000000000e+00 1.306280815386653948e+01 1.306135889103182812e+01 1.305853167659429381e+01 1.305446069044059243e+01 1.304932518283293597e+01 1.304332382560202674e+01 1.303664759866387612e+01 1.302946059734427564e+01 1.302189595412342982e+01 1.301406744765393952e+01 1.300609009507067704e+01 1.299809889071820379e+01 1.299025577434276535e+01 1.298274047437843848e+01 1.297572853452196817e+01 1.296936575137059755e+01 1.296374920758403704e+01 1.295892071376816368e+01 1.295487186323376250e+01 1.295155544148916604e+01 1.294889784461006599e+01 1.294680999205362504e+01 1.294519674908541162e+01 1.294396530663224354e+01 1.294303204783034111e+01 1.294232687401899007e+01 1.294179449495187129e+01 1.294139322294900296e+01 1.294109245895187499e+01 1.294087000375428609e+01 1.294070985080762881e+01 1.294060063646463909e+01 1.294053465758279131e+01 1.294050730910218761e+01 1.294051685044374977e+01 1.294056450644885636e+01
0.000000000000000000e+00 1.613535466292185561e+01 1.613245914965440519e+01 1.612680948539707515e+01 1.611867177624915826e+01 1.610840181933890491e+01 1.609639455460833091e+01 1.608303057619182397e+01 1.606863817759382584e+01 1.605348510318521704e+01 1.603780115522634020e+01 1.602181848659552799e+01 1.600580827231613057e+01 1.599009425469702705e+01 1.597503459466036801e+01 1.596097853712144854e+01 1.594821604892874944e+01 1.593694047230689392e+01 1.592723563175859880e+01 1.591908582060911925e+01 1.591239830970739888e+01 1.590702785290662113e+01 1.590279824303601330e+01 1.589952095190520609e+01 1.589701173395699030e+01 1.589510425849399233e+01 1.589365873726736922e+01 1.589256456321590250e+01 1.589173801691159582e+01 1.589111737649706413e+01 1.589065766185708029e+01 1.589032630746877572e+01 1.589010011454750959e+01 1.588996331081102653e+01 1.588990643331344543e+01 1.588992585921726786e+01 1.589002399792166997e+01
0.000000000000000000e+00 1.922659369702503085e+01 1.922225726853481120e+01 1.921379349303281359e+01 1.920159623062401266e+01 1.918619281683455569e+01 1.916817000158519591e+01 1.914809545403132063e+01 1.912646184591808662e+01 1.910367426602698515e+01 1.908008269678122559e+01 1.905604035781600203e+01 1.903195681877539869e+01 1.900831739691570021e+01 1.898565632115288082e+01 1.896449316925126638e+01 1.894525911691206232e+01 1.892824229598879526e+01 1.891356897573431439e+01 1.890121824954165319e+01 1.889105506583083383e+01 1.888286620675030036e+01 1.887639198874220625e+01 1.887135374158323486e+01 1.886747834697953863e+01 1.886451844929990429e+01 1.886226533925307081e+01 1.886055304923314679e+01 1.885925519133219552e+01 1.885827794713443595e+01 1.885755247108428279e+01 1.885702860588304119e+01 1.885667043317408442e+01 1.885645342183544670e+01 1.885636277094829083e+01 1.885639270148885416e+01 1.885654672145640376e+01
0.000000000000000000e+00 2.234412841443652198e+01 2.233835751277896264e+01 2.232708943289307868e+01 2.231084027870263498e+01 2.229030230173100335e+01 2.226624815711893746e+01 2.223942921339133250e+01 2.221050273837499844e+01 2.218001476413472517e+01 2.214844094894656834e+01 2.211626079653721177e+01 2.208402524118294963e+01 2.205238094031203033e+01 2.202203515267174438e+01 2.199367344256948797e+01 2.196786440095152670e+01 2.194498913528623163e+01 2.192521705747275718e+01 2.190852495620382712e+01 2.189473978206837046e+01 2.188358528702463346e+01 2.187472321218911020e+01 2.186778910718992819e+01 2.186242442206959069e+01 2.185830304824332160e+01 2.185514839739117576e+01 2.185273909647210644e+01 2.185090524828135017e+01 2.184951964119452583e+01 2.184848811288622983e+01 2.184774152537071501e+01 2.184723004432530757e+01 2.184691943934884506e+01 2.184678890830937092e+01 2.184683012608969221e+01 2.184704755834750856e+01
0.000000000000000000e+00 2.549398598854239140e+01 2.548678668348599530e+01 2.547272299922638794e+01 2.545242711834718818e+01 2.542674878763661184e+01 2.539663993712882117e+01 2.536303182849997739e+01 2.532674654654376667e+01 2.528847508937045063e+01 2.524882496451821723e+01 2.520840785500266179e+01 2.516791947437565113e+01 2.512816768129746237e+01 2.509002951881775800e+01 2.505435185663777276e+01 2.502183666237034743e+01 2.499295621128709399e+01 2.496792406354811789e+01 2.494671815632994338e+01 2.492913247407179966e+01 2.491483343621775504e+01 2.490340983749747039e+01 2.489441645067158859e+01 2.488741324392674414e+01 2.488199797223363419e+01 2.487782738206528066e+01 2.487462466684662132e+01 2.487217547822366015e+01 2.487031774007843410e+01 2.486893031394654230e+01 2.486792348123675822e+01 2.486723210128927164e+01 2.486681113854141145e+01 2.486663299485398682e+01 2.486668631219476566e+01 2.486697630712096085e+01
0.000000000000000000e+00 2.868072645399401921e+01 2.867210297036253053e+01 2.865524868889448129e+01 2.863090569319735224e+01 2.860007377743208679e+01 2.856387747869006688e+01 2.852342411251214571e+01 2.847970079207717120e+01 2.843354753428299730e+01 2.838570994668814507e+01 2.833693791113775262e+01 2.828807550076697552e+01 2.824009183732586692e+01 2.819403073581616326e+01 2.815089595654256271e+01 2.811151910461576975e+01 2.807646214091917258e+01 2.804598411598184882e+01 2.802006789673841780e+01 2.799847983707535803e+01 2.798083499322604339e+01 2.796665507950088170e+01 2.795541929620839028e+01 2.794661024167000818e+01 2.793975227033552144e+01 2.793443675205346821e+01 2.793033145038842235e+01 2.792717661770632986e+01 2.792477380473514614e+01 2.792297317683737035e+01 2.792166275884433801e+01 2.792076062934359371e+01 2.792020975591717402e+01 2.791997486636012837e+01 2.792004100396710697e+01 2.792041385375534546e+01
0.000000000000000000e+00 3.190777375395164484e+01 3.189772720220285152e+01 3.187808137873398096e+01 3.184968258074762204e+01 3.181367378339512797e+01 3.177134597735754795e+01 3.172397899321392956e+01 3.167272519466811431e+01 3.161857742604505361e+01 3.156242528719032947e+01 3.150516259881772285e+01 3.144778534244393242e+01 3.139142425884067222e+01 3.133728750172382505e+01 3.128653203689046691e+01 3.124011608050534150e+01 3.119869035773527344e+01 3.116256109735226332e+01 3.113172001624042551e+01 3.110591115705877385e+01 3.108470407337517827e+01 3.106755911823514182e+01 3.105388498056561275e+01 3.104309089079183792e+01 3.103463047987589007e+01 3.102803102545337310e+01 3.102290490493312447e+01 3.101894608758679439e+01 3.101591830910439995e+01 3.101364137066793347e+01 3.101197939227322209e+01 3.101083219825876114e+01 3.101012954371635999e+01 3.100982755883246256e+01 3.100990705792748159e+01 3.101037382932200259e+01
0.000000000000000000e+00 3.517782295135675952e+01 3.516635034983536912e+01 3.514390431112821034e+01 3.511143047348224400e+01 3.507020910786955881e+01 3.502169239325777994e+01 3.496732968221910909e+01 3.490843887599544360e+01 3.484616908182344730e+01 3.478155919245418914e+01 3.471565220887650582e+01 3.464959944039341622e+01 3.458469397154784986e+01 3.452230666412654614e+01 3.446374502199390122e+01 3.441009180773774290e+01 3.436208628280174082e+01 3.432008387695261575e+01 3.428408908214561279e+01 3.425382871958515096e+01 3.422883234354704030e+01 3.420850426896174667e+01 3.419218736693029825e+01 3.417922121315626782e+01 3.416899121380800608e+01 3.416096177836287495e+01 3.415468998158186764e+01 3.414982273042458161e+01 3.414608463318678844e+01 3.414326358033374476e+01 3.414119823145011878e+01 3.413976873800055500e+01 3.413889044286122498e+01 3.413850993438185100e+01 3.413860311311830742e+01 3.413917541946582901e+01
0.000000000000000000e+00 3.849320724624328705e+01 3.848030082586981138e+01 3.845503686626032902e+01 3.841845644972295304e+01 3.837197244499277815e+01 3.831719404914983329e+01 3.825573784994823257e+01 3.818908771997695339e+01 3.811855209345009143e+01 3.804532381649448070e+01 3.797059976254174529e+01 3.789568985068617479e+01 3.782205065886925865e+01 3.775121503835259773e+01 3.768463950769115911e+01 3.762353037230557362e+01 3.756871593579381852e+01 3.752060316028335052e+01 3.747921316212352849e+01 3.744426028742405776e+01 3.741523911007912773e+01 3.739150270768996620e+01 3.737233234490070544e+01 3.735700127323555364e+01 3.734482892829577594e+01 3.733521797917512686e+01 3.732767031278984859e+01 3.732178511133325571e+01 3.731724669758244062e+01 3.731380965612544287e+01 3.731128575286893323e+01 3.730953412844110773e+01 3.730845454960916641e+01 3.730798311110564214e+01 3.730809006673133865e+01 3.730877997189142548e+01
0.000000000000000000e+00 4.185616764628797171e+01 4.184181436852683333e+01 4.181370480483474950e+01 4.177297260010598734e+01 4.172115977201295323e+01 4.166002954259224111e+01 4.159136424938711230e+01 4.151681441681613194e+01 4.143785059506261348e+01 4.135582369053469165e+01 4.127208866509251806e+01 4.118811725002727542e+01 4.110553113303447503e+01 4.102602537355561907e+01 4.095120513341603896e+01 4.088240030902130684e+01 4.082052946171639007e+01 4.076605369164680326e+01 4.071901447415426389e+01 4.067911804384653607e+01 4.064582849065349990e+01 4.061845189671696232e+01 4.059621161452324145e+01 4.057831748722949072e+01 4.056402496201535257e+01 4.055267597736299479e+01 4.054371736318360320e+01 4.053670002216800583e+01 4.053126698404177120e+01 4.052713828435724963e+01 4.052409748793878919e+01 4.052198147235199599e+01 4.052067330551301438e+01 4.052009763386692498e+01 4.052021828696318551e+01 4.052103831543816881e+01
0.000000000000000000e+00 4.526902135265616778e+01 4.525320255262062119e+01 4.522220898961126778e+01 4.517726497365737970e+01 4.512003944789999110e+01 4.505244784909896083e+01 4.497643763464081701e+01 4.489382701606243842e+01 4.480625132408835043e+01 4.471522324444183027e+01 4.462225971332048857e+01 4.452899749407183805e+01 4.443722550129260895e+01 4.434880213511743818e+01 4.426548192087111744e+01 4.418871937523901750e+01 4.411952518389468736e+01 4.405841742973173325e+01 4.400546155592145681e+01 4.396035967306314518e+01 4.392254937661697767e+01 4.389129345287005890e+01 4.386576053146547594e+01 4.384509955234202749e+01 4.382850367900228150e+01 4.381525499711950999e+01 4.380474540646864057e+01 4.379647706084654146e+01 4.379005081884986339e+01 4.378515105850277678e+01 4.378153194959392636e+01 4.377900693253184983e+01 4.377744129119290051e+01 4.377674726572286090e+01 4.377688144165991702e+01 4.377784466746292935e+01
0.000000000000000000e+00 4.873425425541389444e+01 4.871694533142823502e+01 4.868301800337362550e+01 4.863378627075997684e+01 4.857104494229272262e+01 4.849686101338345168e+01 4.841334732047374700e+01 4.832249126143896945e+01 4.822609565980935287e+01 4.812583851058280260e+01 4.802340245775238969e+01 4.792059264896981574e+01 4.781936787614917961e+01 4.772175188451021910e+01 4.762965028853191995e+01 4.754464414300434782e+01 4.746783870688910412e+01 4.739981209895165648e+01 4.734065721834029716e+01 4.729007569236762976e+01 4.724748214490168152e+01 4.721209926411889057e+01 4.718304367384299525e+01 4.715940552498457805e+01 4.714031712872893820e+01 4.712500145253233796e+01 4.711279556596430496e+01 4.710315246066034689e+01 4.709563004560337873e+01 4.708987604120830639e+01 4.708561412134508828e+01 4.708263317931704961e+01 4.708077965921998498e+01 4.707995243053913015e+01 4.708009997437145699e+01 4.708122016815994471e+01
0.000000000000000000e+00 5.225456913666346281e+01 5.223573922932251179e+01 5.219881631879697892e+01 5.214520397417266651e+01 5.207682290580292772e+01 5.199589213040172098e+01 5.190469103979645382e+01 5.180537828734365746e+01 5.169992712163669069e+01 5.159018438960791997e+01 5.147800220604334243e+01 5.136535770668863421e+01 5.125438278012453708e+01 5.114726935335337288e+01 5.104607677750406936e+01 5.095251536340111187e+01 5.086778791229588848e+01 5.079253581747591539e+01 5.072688281471194216e+01 5.067053337861864293e+01 5.062288226406091951e+01 5.058311480215950695e+01 5.055029789197126888e+01 5.052346464072061138e+01 5.050168767026942618e+01 5.048413140954056644e+01 5.047007814620248212e+01 5.045893132075555343e+01 5.045020518074525029e+01 5.044350986790700375e+01 5.043853752908589172e+01 5.043505144825621045e+01 5.043287819355883528e+01 5.043190228909443817e+01 5.043206321180090157e+01 5.043335503453310054e+01
0.000000000000000000e+00 5.583291424998461849e+01 5.581252587589050762e+01 5.577253274819353379e+01 5.571442868604703591e+01 5.564026137774745706e+01 5.555240341622381806e+01 5.545330287297259275e+01 5.534529239733291206e+01 5.523051897695675194e+01 5.511100205519161221e+01 5.498876718239218775e+01 5.486596745421925903e+01 5.474491168607395508e+01 5.462796363008904166e+01 5.451733987798645842e+01 5.441488344444126568e+01 5.432189811436546734e+01 5.423909196607529992e+01 5.416662286186846131e+01 5.410420117980279286e+01 5.405120453051694795e+01 5.400678321243642444e+01 5.396995627597432588e+01 5.393970117871722181e+01 5.391503174945795962e+01 5.389505428953442134e+01 5.387899627563731286e+01 5.386621120023431786e+01 5.385616897121463609e+01 5.384844128001151375e+01 5.384268776150443614e+01 5.383864505899265396e+01 5.383611883777657425e+01 5.383497828723646705e+01 5.383515294250267402e+01 5.383663218036100062e+01
0.000000000000000000e+00 5.947250669771752740e+01 5.945051532035054720e+01 5.940736364170911088e+01 5.934463717322114462e+01 5.926451266114037963e+01 5.916951891130727148e+01 5.906227578519777666e+01 5.894529343724582304e+01 5.882089643761971587e+01 5.869128094326329403e+01 5.855865026399461470e+01 5.842533790667581428e+01 5.829383410401623422e+01 5.816667887627166067e+01 5.804625037508355945e+01 5.793452844997119655e+01 5.783292175310968730e+01 5.774220862576098057e+01 5.766258427400659059e+01 5.759376779222854026e+01 5.753512202839858247e+01 5.748576418674073807e+01 5.744466696240503012e+01 5.741075321626188810e+01 5.738297860996829058e+01 5.736039154281250063e+01 5.734216454745464375e+01 5.732760073176473270e+01 5.731612498734020278e+01 5.730726970459696901e+01 5.730066104478921574e+01 5.729600799362540187e+01 5.729309428587161790e+01 5.729177276808263031e+01 5.729196205942290021e+01 5.729364589803060426e+01
0.000000000000000000e+00 6.317685685950716845e+01 6.315321039176843954e+01 6.310679712096195715e+01 6.303929643388541137e+01 6.295301720300563630e+01 6.285064817304743912e+01 6.273498513891552619e+01 6.260872013213798937e+01 6.247435981250447412e+01 6.233428169298984756e+01 6.219087166803602429e+01 6.204664869269907967e+01 6.190428962522501166e+01 6.176651600877316639e+01 6.163587267336579600e+01 6.151448109447095902e+01 6.140385910436429384e+01 6.130485905651110556e+01 6.121771666375070708e+01 6.114216233204943762e+01 6.107754621082361979e+01 6.102295398354399936e+01 6.097731311331683912e+01 6.093949257824689170e+01 6.090839021923909513e+01 6.088299655391200105e+01 6.086242890642429870e+01 6.084593949269757474e+01 6.083290748224514743e+01 6.082282510743311121e+01 6.081528409565366644e+01 6.080996475676800372e+01 6.080662785682252292e+01 6.080510886877860344e+01 6.080531448675376538e+01 6.080722182340004878e+01
