Fastscape_5Myr_100yrTimeStep_onemmyrk_1e-05_m_0.5_n_1.0_LinDiffusion_0.05_15x7km_30mRes.txt
nrows 250
cellsize 30.0
xllcorner 0.0
ncols 500
yllcorner 0.0
[rows 153 to 169 of 250, columns 148 to 184 of 500]
1.184135916327944642e+03 1.210251070701070830e+03 1.224784460928744238e+03 1.224424098721771770e+03 1.208472709434787248e+03 1.179745196850293496e+03 1.143298293271279135e+03 1.102194311120861130e+03 1.059026345951256644e+03 1.015529204595194528e+03 9.724011378282472151e+02 9.288960812454629377e+02 8.910327279024081690e+02 8.566907778347004978e+02 8.315732598641629920e+02 8.058677384514252253e+02 7.824705248109838749e+02 7.601647353416153692e+02 7.400435158751756717e+02 7.219802812317495864e+02 7.050286007258999916e+02 6.879701812065554805e+02 6.715474133068079254e+02 6.556273338057485489e+02 6.398721256612985826e+02 6.229212777970984689e+02 6.053409432398150329e+02 5.869918694282590650e+02 5.680644026028327289e+02 5.479446303963312630e+02 5.257418343368210571e+02 5.004490672830667677e+02 4.698025876184456706e+02 4.344524895899821217e+02 3.959943926725019310e+02 3.560605629071120006e+02 3.745942340682703957e+02
1.177631514867527130e+03 1.202358837292586486e+03 1.216356201374103648e+03 1.215303358788126388e+03 1.198781031273657391e+03 1.170266457451588622e+03 1.133879158558165273e+03 1.092887381031272071e+03 1.049779515872058937e+03 1.006250061679422629e+03 9.633058911004058018e+02 9.215868410482714808e+02 8.823436757466089375e+02 8.446265260275495166e+02 8.064534588315437986e+02 7.756040170039766508e+02 7.542829378864082628e+02 7.304586753615867565e+02 7.080895792801113657e+02 6.889920061152301969e+02 6.730654954422683431e+02 6.552508981021450154e+02 6.380142671448076044e+02 6.223782801326892695e+02 6.085244961890630293e+02 5.919784222205585138e+02 5.745326906128312885e+02 5.571405141641363343e+02 5.395249609416589465e+02 5.217406745891022410e+02 5.031035123503769455e+02 4.823494156251149434e+02 4.580545777426495420e+02 4.265225366858455232e+02 3.903976206217802769e+02 3.512363508260318099e+02 3.702278550526941103e+02
1.166869783745550421e+03 1.193099876926751904e+03 1.207456150666283293e+03 1.206394806620242662e+03 1.189833070407739569e+03 1.161497646798240112e+03 1.125315705777308722e+03 1.084551985999717772e+03 1.041677401456710413e+03 9.984075200394842113e+02 9.558430927582537606e+02 9.146700854584412355e+02 8.753201050434553281e+02 8.375926235611431139e+02 8.012297340873085432e+02 7.668841842509717708e+02 7.317610380386453244e+02 7.039891118627881497e+02 6.789493959398579364e+02 6.557270627552395581e+02 6.457621476967458420e+02 6.243732401503386882e+02 6.053040432463476463e+02 5.882185694206328890e+02 5.801493792236854006e+02 5.618194212366179272e+02 5.435510220838882560e+02 5.260055523638372961e+02 5.092244168335370773e+02 4.927793164493291442e+02 4.769738764085308276e+02 4.617191180558893393e+02 4.412285663472418378e+02 4.142825618899063329e+02 3.819331094228500660e+02 3.464452096142620121e+02 3.663281373501880012e+02
1.157956175382092169e+03 1.184059038919912837e+03 1.198608687718904321e+03 1.197761075698847435e+03 1.181390432624153618e+03 1.153315422404549508e+03 1.117427318550237715e+03 1.076982245065514917e+03 1.034449810448884818e+03 9.915564674863146593e+02 9.494187495586149907e+02 9.086989005647228623e+02 8.697248572903420154e+02 8.325381213310569137e+02 7.971173654994323670e+02 7.635366327015916568e+02 7.316343281394335918e+02 7.026408681062255255e+02 6.751845397864237839e+02 6.478542766433982933e+02 6.184856992361549146e+02 5.954455590797603008e+02 5.743381294601758782e+02 5.544886528518374007e+02 5.503158323539629464e+02 5.336616714578536858e+02 5.128037558226385499e+02 4.947774843091791013e+02 4.778569663292447558e+02 4.618973019549654850e+02 4.469008571725548791e+02 4.402484637431811052e+02 4.248488905980667596e+02 4.047633603163061480e+02 3.765509658740996315e+02 3.418346465536552614e+02 3.638819032334598660e+02
1.148721534800143900e+03 1.175091351996772346e+03 1.189966770614883444e+03 1.189450553554270527e+03 1.173370378024350430e+03 1.145607734840142257e+03 1.110058047745766771e+03 1.069978313204056121e+03 1.027839092462388862e+03 9.853695505363051552e+02 9.436874474553688970e+02 9.034487986973749685e+02 8.649809176302667311e+02 8.283928332749966330e+02 7.936958465161661707e+02 7.608734367255924553e+02 7.298708056386645922e+02 7.007124745984285710e+02 6.728640865197764924e+02 6.458234787550962892e+02 6.194922077588034881e+02 5.951782573871761315e+02 5.716632044413838685e+02 5.477388979695563194e+02 5.214910439189910676e+02 5.012739449924705468e+02 4.820814043135677593e+02 4.639757574813532415e+02 4.467944535930989218e+02 4.304073857733222326e+02 4.141550235464389971e+02 4.143671333653888951e+02 4.070095735689618550e+02 3.905013264296366629e+02 3.684296037160464721e+02 3.371636066869727415e+02 3.652430240685636704e+02
1.139681541060153222e+03 1.166397958985101923e+03 1.181667934309626162e+03 1.181512659009399158e+03 1.165733974399417548e+03 1.138282800930546728e+03 1.103072468648628728e+03 1.063363433661141471e+03 1.021624266504127377e+03 9.795809430281730101e+02 9.383476273540446755e+02 8.985770049585125889e+02 8.605981688947241537e+02 8.245313445468237887e+02 7.903792164955025328e+02 7.580813053862082143e+02 7.275317405248833893e+02 6.985834545799614261e+02 6.709707107753384889e+02 6.444669712895973817e+02 6.189871288292179088e+02 5.945618874669123670e+02 5.707083325815023045e+02 5.470954301216196427e+02 5.238733199556189675e+02 5.025611458336906594e+02 4.823079501834773737e+02 4.628996976566719468e+02 4.443290371510832415e+02 4.287585442279140011e+02 4.095328898328492642e+02 3.854666982547659586e+02 3.844646957944794963e+02 3.759969982552476040e+02 3.571631039284943654e+02 3.323368006110763417e+02 3.637542731052506042e+02
1.131095458152247147e+03 1.158132917321909645e+03 1.173824730719662284e+03 1.173990733986794112e+03 1.158449203824463211e+03 1.131257346070362928e+03 1.096350269782299847e+03 1.056985407467939012e+03 1.015621802106137693e+03 9.739755754923944551e+02 9.331521565231608974e+02 8.937970190062960683e+02 8.562340402485261848e+02 8.205786440751060127e+02 7.868222818527840445e+02 7.548872150559616330e+02 7.246567366485735420e+02 6.959906932700783955e+02 6.687308815948485972e+02 6.427381089993856449e+02 6.178836854537686349e+02 5.939501183815192462e+02 5.704336662586213151e+02 5.471749653765606354e+02 5.243554217529160724e+02 5.023067271351096679e+02 4.808383392854058229e+02 4.597232724334012914e+02 4.386359873540061471e+02 4.169358936014122605e+02 3.961086898412924029e+02 3.755519173300340867e+02 3.580849007157888764e+02 3.575131210246535147e+02 3.474378902385211632e+02 3.276847299587889779e+02 3.579273720872844819e+02
1.122997590921004075e+03 1.150301419172017177e+03 1.166561102537533316e+03 1.166934427939562966e+03 1.151472582927586700e+03 1.124443771719686993e+03 1.089780160868993107e+03 1.050714762564543662e+03 1.009684967907724740e+03 9.683897309328147003e+02 9.279206547713420150e+02 8.889116708532609437e+02 8.516766098915260272e+02 8.163214361236684908e+02 7.828282549587712538e+02 7.511136375365127833e+02 7.210676045563091066e+02 6.925812804290504801e+02 6.655699011280761397e+02 6.399955214715976126e+02 6.158634555729498743e+02 5.931450536359603802e+02 5.704403225901451151e+02 5.474936110135290619e+02 5.245691079873118952e+02 5.019137067160719425e+02 4.795557735277126312e+02 4.574215517908001516e+02 4.354001801432733032e+02 4.134270378827991976e+02 3.917368580184207190e+02 3.701687463582435385e+02 3.485600188191671691e+02 3.345831203592877046e+02 3.343573684287008518e+02 3.234151338913193285e+02 3.444347615586926281e+02
1.116926549530951206e+03 1.144195310164517878e+03 1.160161872527547303e+03 1.160446667389651111e+03 1.144713432482315966e+03 1.117733791445190718e+03 1.083254429619279108e+03 1.044442505121788827e+03 1.003701699355814299e+03 9.627085825035073867e+02 9.225376142155548678e+02 8.838083183960994802e+02 8.468214221930207941e+02 8.116701850107796190e+02 7.783243236626406087e+02 7.466899441467594443e+02 7.166520465382056955e+02 6.881077946089059196e+02 6.610006312412291436e+02 6.353718268853201607e+02 6.114682543939779862e+02 5.918553561076599863e+02 5.709080902346646553e+02 5.484776557962402421e+02 5.254459226257158662e+02 5.023499180872212264e+02 4.794096614746164846e+02 4.566786824634435789e+02 4.341427591448279486e+02 4.117884737219216049e+02 3.896486579128999210e+02 3.676335575973337200e+02 3.453985060152165829e+02 3.213148922941869046e+02 3.170428305674896023e+02 3.421880386459931174e+02 3.636873597500962774e+02
1.111246665115646920e+03 1.138465719398383044e+03 1.154352548318355730e+03 1.154721121426982791e+03 1.139406200842811131e+03 1.112637603083320528e+03 1.078311678279210355e+03 1.039637857857871950e+03 9.990325680245224476e+02 9.581738869368060705e+02 9.181318929692072288e+02 8.795178748990622353e+02 8.426212515694578542e+02 8.075209360437696660e+02 7.741686963864497102e+02 7.424476921821906217e+02 7.122115117926505263e+02 6.833086836975409142e+02 6.555948834709988660e+02 6.289282467645049337e+02 6.031256085355983032e+02 5.778123181660199634e+02 5.589887871816306415e+02 5.363622286529247276e+02 5.127919822920042634e+02 4.891091391019916728e+02 4.655911904044153857e+02 4.423253699556694301e+02 4.193252795027954107e+02 3.965818008197805398e+02 3.740923189627087595e+02 3.519008543212434574e+02 3.304487974840638458e+02 3.100926833585893974e+02 3.318917321870881096e+02 3.528858693995627505e+02 3.730770413153931031e+02
1.105953302733861392e+03 1.133112176555696124e+03 1.148951712244270311e+03 1.149359482780160533e+03 1.134192534774911110e+03 1.107545216316341566e+03 1.073320477163247006e+03 1.034741896671761197e+03 9.942326294490617329e+02 9.534712026072867275e+02 9.135239249003260511e+02 8.749953247062039736e+02 8.381654343805899998e+02 8.031007232502124680e+02 7.697362055798505480e+02 7.379317362893710879e+02 7.075075060582552169e+02 6.782634568726183488e+02 6.499852768475440143e+02 6.224355554567205218e+02 5.953219764976224724e+02 5.682273600726575751e+02 5.405045030408687126e+02 5.152129371024424245e+02 4.904501435560421214e+02 4.659989832105680421e+02 4.418766696242082617e+02 4.181034171079816701e+02 3.946767615089179344e+02 3.715712981262356038e+02 3.487294884401581498e+02 3.260309149795096459e+02 3.032368747947660950e+02 3.192520888240738941e+02 3.333596926633212547e+02 3.507386039404020721e+02 3.689619880732876140e+02
1.101025169720633812e+03 1.128100766259886086e+03 1.143866158356449432e+03 1.144238389839074216e+03 1.129090487811058438e+03 1.102477560485134518e+03 1.068293433135569103e+03 1.029762642733966459e+03 9.893095939366362472e+02 9.486121961086549845e+02 9.087344951541514320e+02 8.702776446140495636e+02 8.335173828727615728e+02 7.985146077191116092e+02 7.651964750445222307e+02 7.334110354761114650e+02 7.029608168508756307e+02 6.736217002783671433e+02 6.451543844004334005e+02 6.173177986178413903e+02 5.898971937922810866e+02 5.627623770033308119e+02 5.359722355165479257e+02 5.100836339842176699e+02 4.847566883643528968e+02 4.598640620501502667e+02 4.353893275961972904e+02 4.113458206101740302e+02 3.877529544645911983e+02 3.646331994945099950e+02 3.420134859262743703e+02 3.199308953216622626e+02 2.984807518271064168e+02 3.151111533046768045e+02 3.313685624617427834e+02 3.482801274409118832e+02 3.657754026704229204e+02
1.096428021211165742e+03 1.123391905294957496e+03 1.139041042166510124e+03 1.139305925818519881e+03 1.124091753519333679e+03 1.097440879674376902e+03 1.063239377730294336e+03 1.024708634855363016e+03 9.842716139363088814e+02 9.436053430034980920e+02 9.037736116563589803e+02 8.653784244518423066e+02 8.286979532770462811e+02 7.937973548674474387e+02 7.606096440219397437e+02 7.289892313556222234e+02 6.987428920210569459e+02 6.696438692603782101e+02 6.414369644265299257e+02 6.138493697484136646e+02 5.866374538480224601e+02 5.597150251035749307e+02 5.331428736400451953e+02 5.070615411353105628e+02 4.814348011091013291e+02 4.562394140249267593e+02 4.314820683330441398e+02 4.071875947554405002e+02 3.833972576705733104e+02 3.601752853810959891e+02 3.376169377072919815e+02 3.158519150759956915e+02 2.950570730570622118e+02 3.116369889856550230e+02 3.283218614146479695e+02 3.452888620022789041e+02 3.626102719189224217e+02
1.092119541101504410e+03 1.118944725243174389e+03 1.134436389196339178e+03 1.134532045834262362e+03 1.119186104819877528e+03 1.092437090497284998e+03 1.058165343952603507e+03 1.019587842260050479e+03 9.791247404070890070e+02 9.384519460455388753e+02 8.986342556493348184e+02 8.602775761852726646e+02 8.236679338533186865e+02 7.888836456811441167e+02 7.558777633642789624e+02 7.245328648107383742e+02 6.946911383933240813e+02 6.661605901718130553e+02 6.386944669984729899e+02 6.119416005994894476e+02 5.853993288486429947e+02 5.589277609931908728e+02 5.325902121435029812e+02 5.065060405219462041e+02 4.807453694514508129e+02 4.553487113010393728e+02 4.303422803322652612e+02 4.057489065769055401e+02 3.816027390345043386e+02 3.579700050374660236e+02 3.349738886729349474e+02 3.128123419195573547e+02 2.917603651311616204e+02 3.083078573981774753e+02 3.250694284180510181e+02 3.420719853632334093e+02 3.593562667247331888e+02
1.088056269464424076e+03 1.114720746370263896e+03 1.130020476456531014e+03 1.129896764325343611e+03 1.114367187341270210e+03 1.087470083614139412e+03 1.053080982024102241e+03 1.014411577599102657e+03 9.738778394421890425e+02 9.331533621408740373e+02 8.933031697391446642e+02 8.549368073631696916e+02 8.183487086810504252e+02 7.836326588285769503e+02 7.507681964850353324e+02 7.196821336096924142e+02 6.902892553603408032e+02 6.625116270154568383e+02 6.362580807297616730e+02 6.112859996350022129e+02 5.860778475986879812e+02 5.604505077182544710e+02 5.345690045703173610e+02 5.086712033556753454e+02 4.829358418987574169e+02 4.574628771890612597e+02 4.322896100886948147e+02 4.074116444711884810e+02 3.828047903929027029e+02 3.584562968454713427e+02 3.344225570908411100e+02 3.109233815551980911e+02 2.884708004933725078e+02 3.049823695446190186e+02 3.217436387608944983e+02 3.387522555305382070e+02 3.560285075197490983e+02
1.084199038972576091e+03 1.110687021726356988e+03 1.125768915833470601e+03 1.125387780867193214e+03 1.109634713490711192e+03 1.082549523440673283e+03 1.048002985398014289e+03 1.009200366914257415e+03 9.685515785650567295e+02 9.277254929526820888e+02 8.877842435210000076e+02 8.493366871792841266e+02 8.126793353590452398e+02 7.779120769386813663e+02 7.450276620942216823e+02 7.139810419512014050e+02 6.847507644053151807e+02 6.574156308757287661e+02 6.323005604697733588e+02 6.113518190737169107e+02 5.885287986892371919e+02 5.643221708573544220e+02 5.392055094114093663e+02 5.137020523603179072e+02 4.881754882665290438e+02 4.628182578907363904e+02 4.376933200989386705e+02 4.127660125898039496e+02 3.879140343559692496e+02 3.629243971473596275e+02 3.375342575309333597e+02 3.116030030008156473e+02 2.851191716150609068e+02 3.015885437960008630e+02 3.183414257596566586e+02 3.353559400424097134e+02 3.526395686501764430e+02
1.080515723788463902e+03 1.106817646761159494e+03 1.121664518405364333e+03 1.120999824972105898e+03 1.104995189937220175e+03 1.077692694535079909e+03 1.042957996667670841e+03 1.003988645178154115e+03 9.631864388921597993e+02 9.222126615163118686e+02 8.821224796135115866e+02 8.435178903195288740e+02 8.066875075043684546e+02 7.717201871479211377e+02 7.385905028311791511e+02 7.072195962440815720e+02 6.775165030947698597e+02 6.494025388237307652e+02 6.228104684533777800e+02 5.992252630598263750e+02 5.803350590127819260e+02 5.587465195287791175e+02 5.352249295367986406e+02 5.108480841817156488e+02 4.862466341798822214e+02 4.617297303433757634e+02 4.374150802678970535e+02 4.132908348245442767e+02 3.892108307258640707e+02 3.647746081716609865e+02 3.391775158720174090e+02 3.118784206812857747e+02 2.815523072288142998e+02 2.980515623615384584e+02 3.148412073648427736e+02 3.318906333171072447e+02 3.492040598846604098e+02
