FastScape_2Ma_1mmyr_mp5_n1_k5Minus5_10kyrTimeStep_30mRes_6kmBy6Km.txt
nrows 200
cellsize 30.0
xllcorner 0.0
ncols 200
yllcorner 0.0
[rows 17 to 33 of 200, columns 111 to 147 of 200]
5.994743836561466566e+01 6.049027012258201097e+01 6.022511358843756568e+01 5.852346957744512679e+01 5.548448103061782888e+01 5.223001326972035230e+01 5.168105756941530160e+01 5.365974631421198637e+01 5.513603182085022780e+01 5.521037427824836641e+01 5.456906090949639321e+01 5.367696519093192364e+01 5.296708592154128326e+01 5.258823890240812915e+01 5.257712387049875957e+01 5.291097310524425978e+01 5.353378737377458663e+01 5.437673245849654791e+01 5.536025080822011546e+01 5.637910445622091515e+01 5.728994152747552704e+01 5.790201171978149830e+01 5.795782791292668179e+01 5.706682574324062784e+01 5.481725596367622444e+01 5.316133409927884657e+01 5.682898343723850587e+01 6.186925509265843459e+01 6.642388135232823743e+01 7.016952039323314239e+01 7.284068619776118680e+01 7.422972422152643901e+01 7.446952336251079885e+01 7.389658352192185475e+01 7.277502647534896596e+01 7.130158776305039225e+01 6.963136976590978122e+01
6.372891787995531843e+01 6.421644751972377207e+01 6.387654757068177247e+01 6.210270710757800572e+01 5.900388829352807107e+01 5.570754465857034887e+01 5.514928058043874159e+01 5.715166394615622636e+01 5.866354246163113828e+01 5.877259184483949639e+01 5.815307671889713248e+01 5.727250979441861745e+01 5.657369009766844670e+01 5.620900042020651455e+01 5.621606660000082201e+01 5.657149408075567720e+01 5.721762220491519457e+01 5.808341651102468006e+01 5.908672252657553514e+01 6.011896981602397005e+01 6.103213836017017258e+01 6.162850051389473549e+01 6.164123137026690813e+01 6.067905989594872551e+01 5.835713876759959362e+01 5.664961086829465842e+01 6.031273421591341588e+01 6.539451436500030468e+01 7.003372066961571818e+01 7.392075028075994680e+01 7.680252726836846477e+01 7.843816036524900426e+01 7.886219961528594524e+01 7.840627485205486380e+01 7.735056600116310221e+01 7.590111665050764600e+01 7.422148452839719823e+01
6.754789241322650639e+01 6.797854210093005634e+01 6.756295941505254632e+01 6.571751045237932942e+01 6.256065770265189485e+01 5.922473367813950063e+01 5.865817024334646845e+01 6.068430268984715781e+01 6.223281710687612645e+01 6.237890144162791728e+01 6.178364586705708916e+01 6.091694745827064850e+01 6.023141646270892124e+01 5.988286613337117359e+01 5.990967733706573739e+01 6.028769198991452782e+01 6.095751600840986839e+01 6.184590481582706900e+01 6.286810825650606205e+01 6.391209130263037963e+01 6.482464010874548421e+01 6.540006781321994822e+01 6.536165392220175363e+01 6.431932914861066308e+01 6.191892031644670880e+01 6.015337184589564146e+01 6.379797183907452762e+01 6.891346585473829123e+01 7.363550174939891235e+01 7.765348547106914623e+01 8.073158846726296645e+01 8.261715975337133955e+01 8.324767568578654675e+01 8.292949478628823101e+01 8.195589820379019841e+01 8.054430786170178180e+01 7.886711029789866245e+01
7.140504059205085241e+01 7.177720605256610042e+01 7.128443980705837646e+01 6.936715227224266300e+01 6.615351134404853894e+01 6.278005331520098053e+01 6.220623582631478143e+01 6.425639966092876421e+01 6.584285152644008576e+01 6.602844556339569237e+01 6.545994570485670749e+01 6.460942625733176214e+01 6.393937382742443276e+01 6.360894696295339656e+01 6.365715485299229215e+01 6.405896464153198622e+01 6.475317310467174536e+01 6.566426890143441142e+01 6.670477671792657759e+01 6.775876841839382791e+01 6.866690807258960660e+01 6.921465949554601593e+01 6.911608627100883950e+01 6.798519248018432393e+01 6.550177270579717970e+01 6.367412264369873753e+01 6.728708548791628630e+01 7.241808850968882894e+01 7.721395543610580603e+01 8.136325602612825492e+01 8.462979667246725057e+01 8.675651670849167374e+01 8.761335669115861435e+01 8.745799157057344075e+01 8.658638019071405267e+01 8.522838095524291191e+01 8.356678850013058479e+01
7.530086663032307115e+01 7.561284035138385207e+01 7.504093226504164704e+01 7.305102238247300761e+01 6.978139462025093565e+01 6.637218652816845577e+01 6.579218154548939879e+01 6.786688159572322832e+01 6.949278529986774799e+01 6.972049481581926500e+01 6.918128292953061020e+01 6.834923767043498799e+01 6.769684500919585446e+01 6.738657187271091686e+01 6.745797018763992980e+01 6.788504744538064983e+01 6.860471631049387042e+01 6.953909375922981440e+01 7.059770343435059203e+01 7.166006930714634393e+01 7.255994129161101114e+01 7.307441502394385680e+01 7.291093966993254583e+01 7.168865856338437936e+01 6.911677410615797612e+01 6.721456190923265694e+01 7.077992314540115615e+01 7.590664552454505554e+01 8.075632535245746624e+01 8.502818418061526984e+01 8.848303751731951650e+01 9.085060730533304252e+01 9.195454358630001934e+01 9.198634552853590662e+01 9.123704492743934225e+01 8.994990502842101421e+01 8.831848471356151720e+01
7.923584540053147407e+01 7.948578739720011299e+01 7.883236934711786148e+01 7.676859459655349838e+01 7.344340402101728671e+01 6.999999576400998080e+01 6.941489989682989403e+01 7.151486831332826455e+01 7.318195664564413505e+01 7.345451559254466645e+01 7.294715712767131777e+01 7.213587012126967579e+01 7.150332865083956335e+01 7.121531897710784165e+01 7.131189102223034126e+01 7.176603919944520271e+01 7.251273252846397099e+01 7.347160187991312341e+01 7.454888847227725535e+01 7.561916145447337101e+01 7.650962288047105631e+01 7.699181012728762141e+01 7.677015064099012420e+01 7.546443245608887196e+01 7.279629148072240241e+01 7.078774021267267358e+01 7.427032319810788863e+01 7.937039369043331760e+01 8.425599013647094182e+01 8.863389582034865555e+01 9.227125727205491046e+01 9.488845118015173341e+01 9.626493388333861390e+01 9.650741424102031374e+01 9.590197274602618904e+01 9.470460044217421114e+01 9.311951562570123997e+01
8.321051138265762859e+01 8.339642819475312763e+01 8.265871966650804836e+01 8.051940435114794070e+01 7.713874195980932313e+01 7.366249823868326985e+01 7.307346959539708564e+01 7.519969010707971790e+01 7.690993202844987309e+01 7.723020821369109967e+01 7.675729786093779694e+01 7.596903919747995815e+01 7.535855805289227760e+01 7.509502008796424377e+01 7.521897090858263368e+01 7.570238026481268889e+01 7.647826660085401329e+01 7.746376894963501059e+01 7.856188341440388001e+01 7.964269116858177711e+01 8.052891359783869518e+01 8.099102786534574250e+01 8.073323391563369000e+01 7.936551566650410905e+01 7.659632169578509320e+01 7.442555598620084822e+01 7.774784454409929424e+01 8.278310562182694810e+01 8.769519693843272989e+01 9.217270322905187641e+01 9.598429609860697553e+01 9.885495935022697722e+01 1.005299208535063684e+02 1.010116837396765419e+02 1.005738819299745614e+02 9.948733857720092999e+01 9.796655913552726247e+01
8.722550327785326374e+01 8.734522105006450943e+01 8.651998667802931209e+01 8.430300914833586035e+01 8.086666914545796203e+01 7.735883781962175476e+01 7.676715109517691360e+01 7.892089889883816056e+01 8.067652414143813644e+01 8.104752694236971422e+01 8.061168085925865512e+01 7.984869528639491421e+01 7.926249458347849952e+01 7.902573321066094536e+01 7.917949284968440793e+01 7.969475970462164582e+01 8.050269174248126092e+01 8.151816550206352474e+01 8.264153917295121232e+01 8.373997253751296910e+01 8.463510186840240124e+01 8.510146323652584499e+01 8.484565318078885809e+01 8.346155684759557403e+01 8.060798156933678627e+01 7.824350576543501745e+01 8.113345255220848173e+01 8.608697580779347902e+01 9.103575377995959172e+01 9.563060069161542742e+01 9.962088096397062031e+01 1.027442400919366747e+02 1.047312533356907096e+02 1.054851023684868920e+02 1.052445817826220633e+02 1.042924292049734447e+02 1.028558256260969728e+02
9.128157366505756443e+01 9.133269832233210650e+01 9.041616594132504758e+01 8.811891483293652527e+01 8.462643220600590155e+01 8.108824491823365577e+01 8.049537767615569805e+01 8.267827484437761143e+01 8.448180088896742745e+01 8.490668514975051551e+01 8.451052513398276744e+01 8.377500917230005939e+01 8.321529531903853183e+01 8.300768152916786846e+01 8.319386153809220730e+01 8.374392629324684378e+01 8.458735856908907635e+01 8.563722131194130327e+01 8.679228802052180924e+01 8.791899064202591774e+01 8.884167261247885961e+01 8.934414896159290720e+01 8.914411571736071949e+01 8.782779776985869091e+01 8.507527370876384509e+01 8.252075351743458498e+01 8.432587290433713179e+01 8.912777279936061348e+01 9.423860443616669613e+01 9.899175074399362018e+01 1.031811727694593657e+02 1.065588696197280711e+02 1.088592304888383353e+02 1.099146650543326160e+02 1.099051675553977532e+02 1.091141140484906202e+02 1.077832152522006908e+02
9.537956872933013130e+01 9.535943152423330105e+01 9.434716421269044417e+01 9.196645537681209248e+01 8.841713715803606988e+01 8.484998010096921917e+01 8.425774620159083383e+01 8.647183416099457531e+01 8.832608836348923376e+01 8.880814693543082683e+01 8.845427199064592116e+01 8.774833722040948203e+01 8.721725800191309474e+01 8.704116461451725684e+01 8.726245479156256124e+01 8.785042602566495873e+01 8.873309332270569882e+01 8.982218280858899107e+01 9.101588604855368203e+01 9.218167581881955641e+01 9.314901701480947338e+01 9.371473319347056474e+01 9.361612794274805083e+01 9.250545474477701191e+01 9.010546870851788981e+01 8.735163948257734035e+01 8.747839703753335527e+01 9.191308865097907699e+01 9.728849709012392566e+01 1.022731928256595921e+02 1.066709605886308481e+02 1.103017897216753056e+02 1.129141474235072593e+02 1.142979516140583343e+02 1.145500335062569945e+02 1.139467047002395645e+02 1.127443032870324799e+02
9.952038788169603833e+01 9.942598116216485948e+01 9.831268462852312950e+01 9.584455260607496996e+01 9.223748259391400950e+01 8.864322658388815057e+01 8.805402379807649993e+01 9.030185073672051033e+01 9.220997325831910985e+01 9.275260643997570753e+01 9.244354722557353909e+01 9.176916957412282727e+01 9.126875061443688253e+01 9.112645678368814117e+01 9.138546685145399806e+01 9.201434534716530322e+01 9.293975587646671954e+01 9.407234010759752607e+01 9.531011695855990240e+01 9.652187022417335527e+01 9.754121268232789532e+01 9.817298894863829162e+01 9.816469448855249880e+01 9.718122459805883295e+01 9.500665461671084699e+01 9.213378975034282803e+01 9.095831616715709345e+01 9.499829922496901702e+01 1.004340426105331829e+02 1.055450397340435131e+02 1.101204797603373606e+02 1.139843427850177733e+02 1.169000996482788111e+02 1.186303042846542297e+02 1.191721247704246878e+02 1.187834254874849478e+02 1.177339210991260501e+02
1.037049322525090673e+02 1.035328322324610753e+02 1.023119424370379562e+02 9.975118549294666082e+01 9.608531063731074084e+01 9.246688542466580429e+01 9.188416342945272675e+01 9.416890902259775942e+01 9.613430696497805172e+01 9.674095474153509144e+01 9.647910819893431267e+01 9.583806665817611758e+01 9.537013609739094022e+01 9.526371276377358299e+01 9.556278454208742801e+01 9.623514876133961593e+01 9.720605091429943911e+01 9.838492392484269544e+01 9.966923388335843015e+01 1.009278118580310775e+02 1.019947484534107218e+02 1.026742168676305909e+02 1.027045913560586854e+02 1.017400210373144773e+02 9.955683191948165245e+01 9.651532324269166452e+01 9.466440426621102233e+01 9.836792955483878131e+01 1.037023320287271417e+02 1.088540392311899865e+02 1.135556950050425655e+02 1.176218184567765093e+02 1.208216644342607964e+02 1.229015286274363348e+02 1.237610359385040084e+02 1.236169720984245828e+02 1.227461819152218112e+02
1.079340175774974284e+02 1.076801225240271265e+02 1.063431795342958424e+02 1.036833814806947913e+02 9.995745146737618825e+01 9.632002055309240518e+01 9.574847708696242421e+01 9.807398209196404082e+01 1.001002021458541265e+02 1.007742265131406043e+02 1.005617765607747742e+02 9.995559030126075584e+01 9.952170337926003185e+01 9.945289868980769654e+01 9.979392541767873581e+01 1.005116536856383931e+02 1.015296307287909343e+02 1.027555878174930371e+02 1.040854531725013459e+02 1.053860260612810009e+02 1.064876722917136647e+02 1.071861445963012329e+02 1.071990766399222679e+02 1.061550158381314759e+02 1.038436545219751679e+02 1.005793092981267023e+02 9.839091516067874466e+01 1.018426286194869732e+02 1.070583448801288711e+02 1.121993055102203272e+02 1.169846242975484785e+02 1.212213502409797172e+02 1.246805419768675591e+02 1.271008607465686282e+02 1.283061797987869284e+02 1.284390879083259733e+02 1.277747264112846324e+02
1.122080334131726289e+02 1.118672386663699854e+02 1.104047901342497227e+02 1.076386371280046745e+02 1.038526008937908074e+02 1.002034620515432835e+02 9.964879374661292388e+01 1.020186289342461947e+02 1.041089867783664005e+02 1.048535148277327096e+02 1.046923571788751701e+02 1.041222362477580248e+02 1.037236137727029046e+02 1.036937582507022739e+02 1.040780444479542268e+02 1.048421291213032305e+02 1.059073988570221871e+02 1.071791435479418908e+02 1.085505118827891664e+02 1.098841956449995649e+02 1.110036285955497561e+02 1.116919863106463140e+02 1.116418350860595865e+02 1.104595478266962800e+02 1.079714552052099066e+02 1.045026805808944061e+02 1.021018858434156442e+02 1.053624777834022836e+02 1.104548938281833586e+02 1.155633165510171239e+02 1.204032129593233691e+02 1.247813497865917611e+02 1.284736284476749120e+02 1.312212201727987235e+02 1.327981215090603655e+02 1.332414622606576131e+02 1.328113892422952915e+02
1.165264402613645274e+02 1.160937512924932093e+02 1.144961246306670972e+02 1.116199933571202507e+02 1.077787016520175172e+02 1.041235595393993094e+02 1.035887446200947153e+02 1.060051607914034406e+02 1.081620769703836089e+02 1.089798441412708030e+02 1.088715519333644721e+02 1.083383767084831106e+02 1.079758685413456334e+02 1.079858140966746305e+02 1.084139955434693121e+02 1.092244697060728242e+02 1.103358854418713264e+02 1.116502572777471869e+02 1.130567571963837707e+02 1.144123650881215610e+02 1.155318257300938427e+02 1.161845023465606772e+02 1.160381246330520639e+02 1.146789977556795179e+02 1.119989705870078467e+02 1.083559759061110412e+02 1.058051983323703809e+02 1.089024890681006070e+02 1.138694538603497506e+02 1.189277837081402396e+02 1.238027186834750779e+02 1.283002078173170730e+02 1.322016039609719655e+02 1.352590260944314480e+02 1.372196005274059019e+02 1.380075199455732218e+02 1.378450317959359666e+02
1.208884580153825965e+02 1.203576770328889438e+02 1.186203738646752726e+02 1.156436701897109174e+02 1.117574802234579607e+02 1.080936878546709181e+02 1.075735293196675570e+02 1.100354436564006591e+02 1.122605848325642199e+02 1.131540208775809759e+02 1.130998888760823178e+02 1.126042241782893711e+02 1.122783001894691779e+02 1.123283974143301549e+02 1.128004242201475904e+02 1.136563908736175534e+02 1.148115924979094018e+02 1.161639649142283446e+02 1.175977096430245581e+02 1.189630455654534131e+02 1.200653099625748581e+02 1.206607013035002467e+02 1.203912513682111580e+02 1.188322861698422628e+02 1.159668628455618631e+02 1.121826305564569992e+02 1.095125544556128148e+02 1.124616024521528743e+02 1.172994977357453621e+02 1.222884543520342788e+02 1.271754476247825778e+02 1.317735340968780235e+02 1.358654483827213824e+02 1.392120909327621803e+02 1.415512091092680578e+02 1.427178126563120486e+02 1.428611080081948330e+02
1.252922928595219929e+02 1.246570609764655444e+02 1.227886004464845229e+02 1.197261981675937790e+02 1.157980200541060043e+02 1.121158518021409662e+02 1.116039769685818897e+02 1.141104880595082989e+02 1.164051497300749958e+02 1.173765735108349304e+02 1.173777015712893075e+02 1.169198259429102080e+02 1.166305864061986455e+02 1.167206950259594862e+02 1.172358673077432485e+02 1.181356029336408682e+02 1.193312538833709056e+02 1.207159828631584162e+02 1.221682692448807330e+02 1.235308739592068719e+02 1.245995126587334312e+02 1.251163729051959734e+02 1.247024076823778955e+02 1.229426324371176520e+02 1.199115863058969325e+02 1.160063753740328849e+02 1.132254918184213750e+02 1.160314864488972120e+02 1.207436713747293737e+02 1.256515759867561997e+02 1.305251674236535848e+02 1.351976210712028035e+02 1.394592617029063888e+02 1.430737429344773943e+02 1.457797144348710674e+02 1.473563174671035654e+02 1.478461429698454310e+02
