Fastscape_5Myr_100yrTimeStep_onemmyrk_1e-05_m_0.5_n_1.0_LinDiffusion_0.05_15x7km_30mRes.txt
nrows 250
cellsize 30.0
xllcorner 0.0
ncols 500
yllcorner 0.0
[rows 85 to 101 of 250, columns 370 to 406 of 500]
1.170693072918946655e+03 1.147265157316353225e+03 1.123426238328371255e+03 1.099791563229292933e+03 1.076014136664652824e+03 1.052393446528660206e+03 1.029132947239886107e+03 1.005545296334968384e+03 9.817630813822823939e+02 9.578374790798415006e+02 9.336772445781670058e+02 9.082231918255361052e+02 8.809601871616536073e+02 8.500127287618468017e+02 8.127094383091849750e+02 8.547640278758566410e+02 8.958812870703822000e+02 9.363167544185961333e+02 9.752638651731847403e+02 1.012696509872585011e+03 1.047865093858922819e+03 1.080850308324489333e+03 1.113302626881704555e+03 1.141526585156401325e+03 1.162142098259527756e+03 1.171577860877691364e+03 1.167456203077221744e+03 1.151150324298758051e+03 1.126221659508122457e+03 1.095751909792499646e+03 1.062240885224314752e+03 1.027592101027701347e+03 9.923740374550479828e+02 9.576880306842216442e+02 9.248784598064081592e+02 9.192691915798509399e+02 9.148700481975678258e+02
1.138596743246491087e+03 1.114631118535337009e+03 1.090402019381102036e+03 1.066255403790069749e+03 1.042654108056286304e+03 1.019150381426550666e+03 9.960332478728711294e+02 9.734085923059841434e+02 9.506546184421955559e+02 9.279999237502835285e+02 9.054610412333162230e+02 8.829173228620443297e+02 8.593311291105485452e+02 8.338705826273067032e+02 8.037443683146648254e+02 8.435761360170555463e+02 8.819880196012555871e+02 9.193951979007208593e+02 9.563105450782105663e+02 9.918781189367485922e+02 1.026507209043130160e+03 1.062430595659116079e+03 1.096267984265818086e+03 1.124859510558816282e+03 1.144744936844222593e+03 1.151326760321121128e+03 1.144902450377370997e+03 1.126795854713688186e+03 1.100464211107774190e+03 1.068940945595464882e+03 1.034654560250551640e+03 9.994079436193929951e+02 9.644615809730604497e+02 9.299680006139730040e+02 8.967734087857845680e+02 8.908287625509043437e+02 8.857668707250738862e+02
1.112323785462359410e+03 1.084514649605430805e+03 1.058561296070113940e+03 1.033536719073108543e+03 1.009209237569293805e+03 9.854522428514551393e+02 9.622318387726304536e+02 9.395155892702636038e+02 9.172302398169946400e+02 8.954010468762437540e+02 8.740744285054390730e+02 8.532986442100202567e+02 8.331292653128761003e+02 8.138033333150123099e+02 7.955764944192073926e+02 8.229563271392968318e+02 8.585178777076893084e+02 8.957934942106575136e+02 9.314460212702025501e+02 9.671451821285335200e+02 1.005630361684810509e+03 1.044041163985811409e+03 1.079541902548042117e+03 1.108661789678347759e+03 1.127050044830315073e+03 1.131315833801030067e+03 1.121394862444848286e+03 1.101996157086541189e+03 1.074671404832693497e+03 1.042479533076964799e+03 1.007807094867486057e+03 9.723630540376789213e+02 9.372708280589846481e+02 9.032279299030963102e+02 8.700755403593790334e+02 8.637405027147400460e+02 8.578366027859655105e+02
1.109583131908331325e+03 1.081468298039889987e+03 1.055038581545225952e+03 1.029716087858234459e+03 1.005235658495996631e+03 9.814651052518468077e+02 9.583422499447436849e+02 9.358338275632714840e+02 9.139259932223362739e+02 8.926537787050276620e+02 8.721064951781222589e+02 8.524684698015367985e+02 8.341454135461582382e+02 8.187456089557113046e+02 8.018687113163866798e+02 7.856811994318334200e+02 8.312999378788505283e+02 8.699171264756627124e+02 9.040685468971241789e+02 9.441631784837987880e+02 9.858051536928913947e+02 1.026924242175833569e+03 1.064364753282275160e+03 1.092954084815324222e+03 1.109630179951522905e+03 1.111451757425984624e+03 1.099125626353653615e+03 1.076686189149239226e+03 1.048659902882870483e+03 1.016090990046104935e+03 9.813527544745367095e+02 9.460833499249599754e+02 9.112668307454870273e+02 8.774020917673062741e+02 8.447137794474343764e+02 8.379908761785103479e+02 8.311302197910060841e+02
1.105047675757825573e+03 1.077122306351874613e+03 1.050616568769813512e+03 1.025212002647353302e+03 1.000706936170015069e+03 9.769821791640641777e+02 9.539693543796213362e+02 9.316292232319091227e+02 9.099421282852941886e+02 8.889063957140999719e+02 8.685272064899736506e+02 8.487895987326335216e+02 8.295812855563148105e+02 8.104554690343873062e+02 7.928220946738420025e+02 7.760263988742094625e+02 8.095094768982330606e+02 8.476237177941587788e+02 8.919338700184081290e+02 9.345428829133701356e+02 9.763572540406007647e+02 1.016211777343945300e+03 1.051502829930606367e+03 1.078416045922025887e+03 1.092862066022906902e+03 1.091960942745805141e+03 1.077231998970170253e+03 1.052779984989440663e+03 1.022245643674901544e+03 9.894808103158958374e+02 9.549063041291519767e+02 9.201366531071450936e+02 8.860389020048446582e+02 8.528922867465287254e+02 8.207193413485625797e+02 8.136015769987452586e+02 8.045842674605564753e+02
1.100739123882072136e+03 1.072929291829777412e+03 1.046402927004596677e+03 1.020951925362517841e+03 9.964205544585976213e+02 9.727017411230807511e+02 9.497232149849156713e+02 9.274348891612647776e+02 9.057999813958784898e+02 8.847882885876580303e+02 8.643675748812486290e+02 8.444931352292973088e+02 8.251015768902541367e+02 8.061399133751233421e+02 7.877603272134840608e+02 7.696958781058381192e+02 8.050150546423899414e+02 8.432969883011488719e+02 8.845128032009508843e+02 9.263699631229890201e+02 9.675370338768698275e+02 1.006225180750304503e+03 1.039823825992815273e+03 1.065101265885186876e+03 1.076811381569507830e+03 1.072800035323218708e+03 1.055629576616698387e+03 1.029197832742908986e+03 9.971034936776243285e+02 9.623553573524311560e+02 9.280397205018294926e+02 8.939960526164095427e+02 8.610587853523958302e+02 8.292101904289720551e+02 7.981035128272509382e+02 7.933397895421218209e+02 7.781714230389986824e+02
1.096188308870458513e+03 1.068428748109505705e+03 1.041885147616295853e+03 1.016394909302714382e+03 9.918268339003394658e+02 9.680810035765025532e+02 9.450817923057811640e+02 9.227700005480668324e+02 9.010961986133246455e+02 8.800153869122572132e+02 8.594825386579772157e+02 8.394498994897301145e+02 8.198685324572677473e+02 8.006966104415350856e+02 7.819039072315590602e+02 7.634117501975869118e+02 8.006330212188241831e+02 8.397515917808084396e+02 8.805948437058531226e+02 9.220600955323867538e+02 9.626399506925042715e+02 1.000206565566854465e+03 1.031800165960174127e+03 1.053613466569258435e+03 1.061288353767092076e+03 1.053600092883311390e+03 1.034177487883928279e+03 1.005822388242724060e+03 9.721284359193087994e+02 9.361571895809356647e+02 9.003153237078636266e+02 8.670094369554363993e+02 8.355867857176911002e+02 8.059897141462955688e+02 7.760552968416420754e+02 7.704240145859598670e+02 7.552360428878818084e+02
1.091450528927776759e+03 1.063684595135118570e+03 1.037099507044491475e+03 1.011552399822701886e+03 9.869239784365048536e+02 9.631177539792824973e+02 9.400556174074690716e+02 9.176726030746016249e+02 8.959122403622889124e+02 8.747229517614163115e+02 8.540556159315483455e+02 8.338625187771142464e+02 8.140978047116976768e+02 7.947184242784825301e+02 7.756820151461840851e+02 7.569706563683812419e+02 7.952883648242035406e+02 8.350320843384218961e+02 8.759631123905817276e+02 9.172031638182938877e+02 9.572222537433016214e+02 9.937145086008588351e+02 1.023433590876384642e+03 1.042032525372486134e+03 1.046291917241840338e+03 1.035356131690240318e+03 1.012859561993120451e+03 9.826518094921257216e+02 9.472750785447136650e+02 9.098451176047196896e+02 8.729126032390831824e+02 8.384526947748627208e+02 8.084083962268887262e+02 7.819058755772625773e+02 7.594899117167442455e+02 7.439852140482953473e+02 7.621447672505587434e+02
1.086570060035007600e+03 1.058752191990122128e+03 1.032096009311336047e+03 1.006468013020737317e+03 9.817547843044283127e+02 9.578615655684581043e+02 9.347089321374794508e+02 9.122290345106736140e+02 8.903622820255544639e+02 8.690548391538600299e+02 8.482570271420725021e+02 8.279225823904253048e+02 8.080085406177842060e+02 7.884752323000994920e+02 7.692858529406134949e+02 7.504380302511048058e+02 7.887545819208481817e+02 8.285748098792601013e+02 8.694045602859387145e+02 9.103021713491159517e+02 9.496786993653130367e+02 9.851418376380310065e+02 1.013388912929884896e+03 1.030291398135236022e+03 1.031937320944896555e+03 1.018217547970728901e+03 9.928676498139363957e+02 9.598274900573851482e+02 9.226880003887172279e+02 8.835170469100524997e+02 8.449256629300280110e+02 8.091920829823704935e+02 7.782115029874745460e+02 7.535083493202441787e+02 7.326642495481216883e+02 7.574586509147102333e+02 7.766741541178887474e+02
1.081603014875211102e+03 1.053696328267483523e+03 1.026940975026997421e+03 1.001208588679007789e+03 9.763891193247089859e+02 9.523891184048469540e+02 9.291289633166857129e+02 9.065399229197483919e+02 8.845616139682667836e+02 8.631400906491143132e+02 8.422266043536395728e+02 8.217769458763657440e+02 8.017512004839082920e+02 7.821137249730526264e+02 7.628332909050814123e+02 7.439153196908439440e+02 7.822152406577275769e+02 8.220009688065229057e+02 8.626930651992265666e+02 9.032789655744802531e+02 9.421038911997809464e+02 9.767089694212075983e+02 1.003741247155826159e+03 1.019055005435954854e+03 1.018579461664365567e+03 1.002489194366346055e+03 9.744531816337607779e+02 9.386194340645822649e+02 8.986824915811778283e+02 8.575966194767914885e+02 8.167968004035554941e+02 7.785202389415857169e+02 7.458837584427189995e+02 7.203020811545827655e+02 7.424125951826479195e+02 7.631123033075733701e+02 7.826429937695234003e+02
1.076621864086910591e+03 1.048595833388882966e+03 1.021715998293704502e+03 9.958574636892516310e+02 9.709127185671100051e+02 9.467898067962929645e+02 9.234098375060605122e+02 9.007044833163229214e+02 8.786138395919938375e+02 8.570847970365351784e+02 8.360699326144830366e+02 8.155268387549169802e+02 7.954177724603081288e+02 7.757095108357614208e+02 7.563733449586604820e+02 7.374168237901000111e+02 7.756835368363528005e+02 8.154027060107479201e+02 8.559494237766660945e+02 8.962575647912674413e+02 9.346172834394678830e+02 9.685180971609210019e+02 9.945686308301354757e+02 1.008604513463431999e+03 1.006539016966277359e+03 9.886347735683597193e+02 9.579357890712831249e+02 9.192688494558199181e+02 8.765743966966466587e+02 8.327459761642320473e+02 7.896114279436367269e+02 7.480077131465488947e+02 7.079507729462548014e+02 7.217696442932660830e+02 7.396995318331948965e+02 7.586863521460572883e+02 7.778378657992828948e+02
1.071715059913293317e+03 1.043543773284110330e+03 1.016516274199194640e+03 9.905105899271781027e+02 9.654216832150846130e+02 9.411595416876343734e+02 9.176467948088012463e+02 8.948163981525113968e+02 8.726096645657644331e+02 8.509747370971343798e+02 8.298654874450752459e+02 8.092407682435087963e+02 7.890639275700458484e+02 7.693024947291874014e+02 7.499279550901392213e+02 7.309471629017018586e+02 7.691785785710704886e+02 8.088310563579486825e+02 8.492473263597740925e+02 8.893206193122043715e+02 9.272989169526269961e+02 9.606366188396182224e+02 9.859270438434784865e+02 9.990308005442086596e+02 9.959566886571915347e+02 9.773067758118044139e+02 9.468822584919355450e+02 9.089511626560398554e+02 8.670850561868609248e+02 8.239018260948024590e+02 7.810685350249164003e+02 7.394260995938161614e+02 6.992004613882490958e+02 7.169989167024143626e+02 7.353210544605944960e+02 7.541952953154195711e+02 7.734172336950529143e+02
1.066985642768539719e+03 1.038646952066422728e+03 1.011450030024107491e+03 9.852757247888221173e+02 9.600217547334215169e+02 9.356006598656840652e+02 9.119373678781051922e+02 8.889668912571078181e+02 8.666323875652748256e+02 8.448836308848307226e+02 8.236758525003699560e+02 8.029688821951190221e+02 7.827265240342705965e+02 7.629161064824977529e+02 7.435081411288661002e+02 7.245076321315226551e+02 7.627160865862034598e+02 8.023212563313970804e+02 8.426380085445534860e+02 8.825257099158772007e+02 9.201997994923448232e+02 9.530933998288080602e+02 9.778027026451277379e+02 9.902331228079328866e+02 9.864874135693046355e+02 9.674169547941251039e+02 9.371004125727282599e+02 8.996018620112597546e+02 8.582762693103605898e+02 8.155935442469997270e+02 7.731799392709376662e+02 7.319780746758411851e+02 6.925080688047503372e+02 7.110406902529538229e+02 7.298608308140115923e+02 7.490305963699672702e+02 7.685398767963893079e+02
1.062549784722171125e+03 1.034025821573415897e+03 1.006639444346274104e+03 9.802742850345480292e+02 9.548312432394886855e+02 9.302261699054058681e+02 9.063871922856320680e+02 8.832522700799271433e+02 8.607671976022259059e+02 8.388840338281222557e+02 8.175598612911911687e+02 7.967557901876174355e+02 7.764361746430274707e+02 7.565680469655793559e+02 7.371207612429511755e+02 7.180973595708923085e+02 7.563107378447106157e+02 7.959056909753135187e+02 8.361671759406726778e+02 8.759211276567739333e+02 9.133555027688761356e+02 9.458928286210218630e+02 9.701459790462753290e+02 9.820703916526840658e+02 9.778259460150304676e+02 9.584129826730098785e+02 9.281310484129412544e+02 8.909147167704560388e+02 8.499793356116236964e+02 8.077067937176021815e+02 7.657031941289302495e+02 7.249501736251737611e+02 6.860067689656059429e+02 7.048392295170206125e+02 7.239943006586521506e+02 7.434749273233684335e+02 7.632998309688459813e+02
1.058535056857207792e+03 1.029814657275279387e+03 1.002222642691261512e+03 9.756450865269555379e+02 9.499864910706580758e+02 9.251669614025831834e+02 9.011189597193200598e+02 8.777845144799777017e+02 8.551131185201116978e+02 8.330601601892478811e+02 8.115856407833309731e+02 7.906530157868855895e+02 7.702281470828286274e+02 7.502785111884654725e+02 7.307729160493581730e+02 7.117135052444582470e+02 7.499820168769030033e+02 7.896268672320716178e+02 8.298918526685780535e+02 8.695625525574395169e+02 9.068004633592556729e+02 9.390283954762530811e+02 9.628955636852601856e+02 9.744241345757199042e+02 9.697999261802721094e+02 9.499133501112288513e+02 9.196419368514433472e+02 8.826434414249584961e+02 8.420103430300162017e+02 8.000614269574974742e+02 7.583858162278945656e+02 7.179964994334350195e+02 6.795647908534925818e+02 6.986487604375496403e+02 7.180633135763390555e+02 7.378124864806447931e+02 7.579238853723882130e+02
1.055077571742548344e+03 1.026161197492163865e+03 9.983559403147515923e+02 9.715490343273593226e+02 9.456488116061896108e+02 9.205808762631854734e+02 8.962835409499130037e+02 8.727042787698323991e+02 8.497975110435968418e+02 8.275232523776232938e+02 8.058460123767854384e+02 7.847335403654011543e+02 7.641552715795394306e+02 7.440806899239181575e+02 7.244784763392681270e+02 7.053506182119186860e+02 7.437649717387666897e+02 7.835570140558155572e+02 8.239028481727427788e+02 8.635326939520142560e+02 9.005803872368621796e+02 9.324841689320708156e+02 9.559672645327070768e+02 9.671911744503811406e+02 9.625350091019626007e+02 9.431627556818446010e+02 9.131419225797524177e+02 8.763201606050438386e+02 8.358273919200830733e+02 7.939785779549622475e+02 7.523446556839264758e+02 7.118934763546664044e+02 6.731742646758343653e+02 6.923823577993299523e+02 7.119721891766511135e+02 7.319301372251380826e+02 7.522789662098526833e+02
1.052316027673926101e+03 1.023223899778318355e+03 9.952147937631361856e+02 9.681733522892126302e+02 9.420114390589841378e+02 9.166621457562877140e+02 8.920719532991794267e+02 8.681954443894437645e+02 8.449930090034580417e+02 8.224302609025456832e+02 8.004778316195460093e+02 7.791106069725674388e+02 7.583057362589030390e+02 7.380387431137249905e+02 7.182767267111745468e+02 6.989985158921371067e+02 7.377342353111902185e+02 7.778344807515935599e+02 8.183597745337148126e+02 8.579671354841390212e+02 8.947638171453030509e+02 9.262224902786723533e+02 9.491876409472600926e+02 9.600448110763696832e+02 9.553947279687761238e+02 9.366343945895761181e+02 9.068689880471865763e+02 8.702072019766424091e+02 8.298212856925372307e+02 7.880278083437124224e+02 7.463860248151055430e+02 7.058271235732695459e+02 6.667807760725492017e+02 6.861067521922096830e+02 7.058503844475044389e+02 7.259893906047582277e+02 7.465450319178204381e+02
