FastScape_5Ma_1mmyr_mp5_n1_k5Minus6_10kyrTimeStep_30mRes_6kmBy6Km.txt
nrows 200
cellsize 30.0
xllcorner 0.0
ncols 200
yllcorner 0.0
[rows 136 to 152 of 200, columns 148 to 184 of 200]
1.678393189849505461e+03 1.678393191961779166e+03 1.678393194101691734e+03 1.678393196265725237e+03 1.678393198450364252e+03 1.678393200652099949e+03 1.678393202867433502e+03 1.678393205092879953e+03 1.678393207324971854e+03 1.678393209560261994e+03 1.678393211795328170e+03 1.678393214026776377e+03 1.678393216251243757e+03 1.678393218465402924e+03 1.678393220665964463e+03 1.678393222849680569e+03 1.678393225013349138e+03 1.678393227153815815e+03 1.678393229267977858e+03 1.678393231352787325e+03 1.678393233405254023e+03 1.678393235422448470e+03 1.678393237401504621e+03 1.678393239339623506e+03 1.678393241234075276e+03 1.678393243082202162e+03 1.678393244881421197e+03 1.678393246629226724e+03 1.678393248323193120e+03 1.678393249960977073e+03 1.678393251540319625e+03 1.678393253059048902e+03 1.678393254515082162e+03 1.678393255906427157e+03 1.678393257231185316e+03 1.678393258487552657e+03 1.678393259673822058e+03
1.647809631385691773e+03 1.647809633418502244e+03 1.647809635477799930e+03 1.647809637560204465e+03 1.647809639662337531e+03 1.647809641780827405e+03 1.647809643912311913e+03 1.647809646053442293e+03 1.647809648200886386e+03 1.647809650351332266e+03 1.647809652501491428e+03 1.647809654648102878e+03 1.647809656787935410e+03 1.647809658917791921e+03 1.647809661034512374e+03 1.647809663134976063e+03 1.647809665216106396e+03 1.647809667274873163e+03 1.647809669308295270e+03 1.647809671313444596e+03 1.647809673287448277e+03 1.647809675227492107e+03 1.647809677130823047e+03 1.647809678994751721e+03 1.647809680816655828e+03 1.647809682593982188e+03 1.647809684324249702e+03 1.647809686005051390e+03 1.647809687634056672e+03 1.647809689209015232e+03 1.647809690727756561e+03 1.647809692188194958e+03 1.647809693588329083e+03 1.647809694926245811e+03 1.647809696200121152e+03 1.647809697408222291e+03 1.647809698548909864e+03
1.617169719593086029e+03 1.617169721547664494e+03 1.617169723527605584e+03 1.617169725529663310e+03 1.617169727550593961e+03 1.617169729587160191e+03 1.617169731636133974e+03 1.617169733694300476e+03 1.617169735758460547e+03 1.617169737825434368e+03 1.617169739892065309e+03 1.617169741955222662e+03 1.617169744011804596e+03 1.617169746058741794e+03 1.617169748093000862e+03 1.617169750111586154e+03 1.617169752111544767e+03 1.617169754089967228e+03 1.617169756043992493e+03 1.617169757970809997e+03 1.617169759867661924e+03 1.617169761731847075e+03 1.617169763560723140e+03 1.617169765351708747e+03 1.617169767102286869e+03 1.617169768810007099e+03 1.617169770472487926e+03 1.617169772087419005e+03 1.617169773652564345e+03 1.617169775165762985e+03 1.617169776624932865e+03 1.617169778028071505e+03 1.617169779373258280e+03 1.617169780658657373e+03 1.617169781882518237e+03 1.617169783043177631e+03 1.617169784139062131e+03
1.586495805529134941e+03 1.586495807406811082e+03 1.586495809308751632e+03 1.586495811231843163e+03 1.586495813172973612e+03 1.586495815129037737e+03 1.586495817096939390e+03 1.586495819073594248e+03 1.586495821055933675e+03 1.586495823040907908e+03 1.586495825025489239e+03 1.586495827006674290e+03 1.586495828981488330e+03 1.586495830946987553e+03 1.586495832900262030e+03 1.586495834838439578e+03 1.586495836758687119e+03 1.586495838658215234e+03 1.586495840534279296e+03 1.586495842384184243e+03 1.586495844205285039e+03 1.586495845994991441e+03 1.586495847750769371e+03 1.586495849470143185e+03 1.586495851150699082e+03 1.586495852790087383e+03 1.586495854386024348e+03 1.586495855936294674e+03 1.586495857438753319e+03 1.586495858891328908e+03 1.586495860292024645e+03 1.586495861638920360e+03 1.586495862930174326e+03 1.586495864164026216e+03 1.586495865338797557e+03 1.586495866452893324e+03 1.586495867504804664e+03
1.555808850003111729e+03 1.555808851805302083e+03 1.555808853630686826e+03 1.555808855476281678e+03 1.555808857339104406e+03 1.555808859216178462e+03 1.555808861104536163e+03 1.555808863001221653e+03 1.555808864903294534e+03 1.555808866807831237e+03 1.555808868711930700e+03 1.555808870612714600e+03 1.555808872507332353e+03 1.555808874392962707e+03 1.555808876266817379e+03 1.555808878126143782e+03 1.555808879968227302e+03 1.555808881790394935e+03 1.555808883590016876e+03 1.555808885364510388e+03 1.555808887111341392e+03 1.555808888828027875e+03 1.555808890512141488e+03 1.555808892161310268e+03 1.555808893773221826e+03 1.555808895345624478e+03 1.555808896876330436e+03 1.555808898363216485e+03 1.555808899804228531e+03 1.555808901197380919e+03 1.555808902540761210e+03 1.555808903832529268e+03 1.555808905070921128e+03 1.555808906254249905e+03 1.555808907380907385e+03 1.555808908449366072e+03 1.555808909458180324e+03
1.525128467866332358e+03 1.525128469594532135e+03 1.525128471344885384e+03 1.525128473114533108e+03 1.525128474900620176e+03 1.525128476700295778e+03 1.525128478510718651e+03 1.525128480329058220e+03 1.525128482152498464e+03 1.525128483978240865e+03 1.525128485803506464e+03 1.525128487625540401e+03 1.525128489441612373e+03 1.525128491249021863e+03 1.525128493045099049e+03 1.525128494827208215e+03 1.525128496592750707e+03 1.525128498339166981e+03 1.525128500063940010e+03 1.525128501764596422e+03 1.525128503438710368e+03 1.525128505083906020e+03 1.525128506697858029e+03 1.525128508278296295e+03 1.525128509823006652e+03 1.525128511329833827e+03 1.525128512796683253e+03 1.525128514221522664e+03 1.525128515602385505e+03 1.525128516937371387e+03 1.525128518224649042e+03 1.525128519462457234e+03 1.525128520649107486e+03 1.525128521782984990e+03 1.525128522862550199e+03 1.525128523886341327e+03 1.525128524852974124e+03
1.494472973679751249e+03 1.494472975335526371e+03 1.494472977012441788e+03 1.494472978707763104e+03 1.494472980418757743e+03 1.494472982142698811e+03 1.494472983876867147e+03 1.494472985618555185e+03 1.494472987365068775e+03 1.494472989113730137e+03 1.494472990861881271e+03 1.494472992606886237e+03 1.494472994346133873e+03 1.494472996077039625e+03 1.494472997797050311e+03 1.494472999503644360e+03 1.494473001194335893e+03 1.494473002866676779e+03 1.494473004518258676e+03 1.494473006146716671e+03 1.494473007749729732e+03 1.494473009325025032e+03 1.494473010870379085e+03 1.494473012383620244e+03 1.494473013862630751e+03 1.494473015305348781e+03 1.494473016709771400e+03 1.494473018073954563e+03 1.494473019396017207e+03 1.494473020674142163e+03 1.494473021906577742e+03 1.494473023091639334e+03 1.494473024227712358e+03 1.494473025313252037e+03 1.494473026346786583e+03 1.494473027326916963e+03 1.494473028252320091e+03
1.463859428422569636e+03 1.463859430007546734e+03 1.463859431612681192e+03 1.463859433235358665e+03 1.463859434872966631e+03 1.463859436522898932e+03 1.463859438182556005e+03 1.463859439849349428e+03 1.463859441520704195e+03 1.463859443194060759e+03 1.463859444866878448e+03 1.463859446536637506e+03 1.463859448200842053e+03 1.463859449857022128e+03 1.463859451502737329e+03 1.463859453135577496e+03 1.463859454753167029e+03 1.463859456353165569e+03 1.463859457933272097e+03 1.463859459491225607e+03 1.463859461024808525e+03 1.463859462531848749e+03 1.463859464010220790e+03 1.463859465457849637e+03 1.463859466872711437e+03 1.463859468252835768e+03 1.463859469596308145e+03 1.463859470901271607e+03 1.463859472165927855e+03 1.463859473388540664e+03 1.463859474567435882e+03 1.463859475701004158e+03 1.463859476787702306e+03 1.463859477826054444e+03 1.463859478814653357e+03 1.463859479752162997e+03 1.463859480637318711e+03
1.433303686933473500e+03 1.433303688449333322e+03 1.433303689984396669e+03 1.433303691536166525e+03 1.433303693102147918e+03 1.433303694679851105e+03 1.433303696266793850e+03 1.433303697860503917e+03 1.433303699458521578e+03 1.433303701058402794e+03 1.433303702657721033e+03 1.433303704254069999e+03 1.433303705845066133e+03 1.433303707428350663e+03 1.433303709001592779e+03 1.433303710562491460e+03 1.433303712108777518e+03 1.433303713638217005e+03 1.433303715148611673e+03 1.433303716637803291e+03 1.433303718103673873e+03 1.433303719544149544e+03 1.433303720957200994e+03 1.433303722340846207e+03 1.433303723693153188e+03 1.433303725012240648e+03 1.433303726296280502e+03 1.433303727543499690e+03 1.433303728752181314e+03 1.433303729920667138e+03 1.433303731047359406e+03 1.433303732130721528e+03 1.433303733169279440e+03 1.433303734161624334e+03 1.433303735106413114e+03 1.433303736002369760e+03 1.433303736848286917e+03
1.402820445802890845e+03 1.402820447251359155e+03 1.402820448718107173e+03 1.402820450200752020e+03 1.402820451696912414e+03 1.402820453204212754e+03 1.402820454720284033e+03 1.402820456242767250e+03 1.402820457769315453e+03 1.402820459297596017e+03 1.402820460825294049e+03 1.402820462350113530e+03 1.402820463869779587e+03 1.402820465382042357e+03 1.402820466884677444e+03 1.402820468375489554e+03 1.402820469852313863e+03 1.402820471313018288e+03 1.402820472755506216e+03 1.402820474177718097e+03 1.402820475577633943e+03 1.402820476953274465e+03 1.402820478302703577e+03 1.402820479624031350e+03 1.402820480915413555e+03 1.402820482175056213e+03 1.402820483401214915e+03 1.402820484592198000e+03 1.402820485746368149e+03 1.402820486862143525e+03 1.402820487937999360e+03 1.402820488972470002e+03 1.402820489964149374e+03 1.402820490911693923e+03 1.402820491813821945e+03 1.402820492669316309e+03 1.402820493477025593e+03
1.372423291460187784e+03 1.372423292843029003e+03 1.372423294243255896e+03 1.372423295658596089e+03 1.372423297086779485e+03 1.372423298525540758e+03 1.372423299972621635e+03 1.372423301425772479e+03 1.372423302882755934e+03 1.372423304341348512e+03 1.372423305799342870e+03 1.372423307254549854e+03 1.372423308704801229e+03 1.372423310147951952e+03 1.372423311581881535e+03 1.372423313004497231e+03 1.372423314413735397e+03 1.372423315807563540e+03 1.372423317183983045e+03 1.372423318541030767e+03 1.372423319876780852e+03 1.372423321189347007e+03 1.372423322476884096e+03 1.372423323737589726e+03 1.372423324969706755e+03 1.372423326171524423e+03 1.372423327341380855e+03 1.372423328477663290e+03 1.372423329578811263e+03 1.372423330643316604e+03 1.372423331669726622e+03 1.372423332656644106e+03 1.372423333602728917e+03 1.372423334506700257e+03 1.372423335367336904e+03 1.372423336183479023e+03 1.372423336954028400e+03
1.342124748224015320e+03 1.342124749543024791e+03 1.342124750878555233e+03 1.342124752228442503e+03 1.342124753590523596e+03 1.342124754962640509e+03 1.342124756342642286e+03 1.342124757728385703e+03 1.342124759117739814e+03 1.342124760508586405e+03 1.342124761898822953e+03 1.342124763286364214e+03 1.342124764669145179e+03 1.342124766045122442e+03 1.342124767412276469e+03 1.342124768768613649e+03 1.342124770112168790e+03 1.342124771441006033e+03 1.342124772753222032e+03 1.342124774046946641e+03 1.342124775320346089e+03 1.342124776571623670e+03 1.342124777799022013e+03 1.342124779000824901e+03 1.342124780175358637e+03 1.342124781320994316e+03 1.342124782436148962e+03 1.342124783519286666e+03 1.342124784568921541e+03 1.342124785583617495e+03 1.342124786561990732e+03 1.342124787502711115e+03 1.342124788404501942e+03 1.342124789266144035e+03 1.342124790086474377e+03 1.342124790864387933e+03 1.342124791598839693e+03
1.311936326107069362e+03 1.311936327364066074e+03 1.311936328636749295e+03 1.311936329923058793e+03 1.311936331220936154e+03 1.311936332528327512e+03 1.311936333843184912e+03 1.311936335163469494e+03 1.311936336487152403e+03 1.311936337812217971e+03 1.311936339136665083e+03 1.311936340458509676e+03 1.311936341775786332e+03 1.311936343086550096e+03 1.311936344388879434e+03 1.311936345680877139e+03 1.311936346960673063e+03 1.311936348226425253e+03 1.311936349476321993e+03 1.311936350708584087e+03 1.311936351921466667e+03 1.311936353113259429e+03 1.311936354282290949e+03 1.311936355426927548e+03 1.311936356545577382e+03 1.311936357636689763e+03 1.311936358698758795e+03 1.311936359730323375e+03 1.311936360729969238e+03 1.311936361696330323e+03 1.311936362628089682e+03 1.311936363523981754e+03 1.311936364382792135e+03 1.311936365203360538e+03 1.311936365984580561e+03 1.311936366725400603e+03 1.311936367424826585e+03
1.281868568188337576e+03 1.281868569385158935e+03 1.281868570596861673e+03 1.281868571821486512e+03 1.281868573057076219e+03 1.281868574301676972e+03 1.281868575553341998e+03 1.281868576810132254e+03 1.281868578070118474e+03 1.281868579331384126e+03 1.281868580592026319e+03 1.281868581850158762e+03 1.281868583103912215e+03 1.281868584351437676e+03 1.281868585590907969e+03 1.281868586820519567e+03 1.281868588038493954e+03 1.281868589243080123e+03 1.281868590432555720e+03 1.281868591605228858e+03 1.281868592759440617e+03 1.281868593893565276e+03 1.281868595006013493e+03 1.281868596095232306e+03 1.281868597159708315e+03 1.281868598197967458e+03 1.281868599208577962e+03 1.281868600190150573e+03 1.281868601141341287e+03 1.281868602060851117e+03 1.281868602947428371e+03 1.281868603799869788e+03 1.281868604617021219e+03 1.281868605397779220e+03 1.281868606141092187e+03 1.281868606845960812e+03 1.281868607511439677e+03
1.251931097386495821e+03 1.251931098524990830e+03 1.251931099677591192e+03 1.251931100842435626e+03 1.251931102017663989e+03 1.251931103201420456e+03 1.251931104391855342e+03 1.251931105587126240e+03 1.251931106785400516e+03 1.251931107984856908e+03 1.251931109183688250e+03 1.251931110380101700e+03 1.251931111572322152e+03 1.251931112758593144e+03 1.251931113937178679e+03 1.251931115106365723e+03 1.251931116264464436e+03 1.251931117409811577e+03 1.251931118540770967e+03 1.251931119655735984e+03 1.251931120753130017e+03 1.251931121831409655e+03 1.251931122889064682e+03 1.251931123924620351e+03 1.251931124936638753e+03 1.251931125923720174e+03 1.251931126884504238e+03 1.251931127817671950e+03 1.251931128721946152e+03 1.251931129596093569e+03 1.251931130438924811e+03 1.251931131249297550e+03 1.251931132026115165e+03 1.251931132768330144e+03 1.251931133474943181e+03 1.251931134145005217e+03 1.251931134777618581e+03
1.222132662487473681e+03 1.222132663569497026e+03 1.222132664664879030e+03 1.222132665771852317e+03 1.222132666888651556e+03 1.222132668013514831e+03 1.222132669144686133e+03 1.222132670280416960e+03 1.222132671418967675e+03 1.222132672558609556e+03 1.222132673697627069e+03 1.222132674834318777e+03 1.222132675966999614e+03 1.222132677094002702e+03 1.222132678213680265e+03 1.222132679324406126e+03 1.222132680424577075e+03 1.222132681512613999e+03 1.222132682586964620e+03 1.222132683646103487e+03 1.222132684688535164e+03 1.222132685712794000e+03 1.222132686717447086e+03 1.222132687701095165e+03 1.222132688662373312e+03 1.222132689599953210e+03 1.222132690512544059e+03 1.222132691398893940e+03 1.222132692257791177e+03 1.222132693088065025e+03 1.222132693888587255e+03 1.222132694658273294e+03 1.222132695396082909e+03 1.222132696101021793e+03 1.222132696772142026e+03 1.222132697408543208e+03 1.222132698009372916e+03
1.192481183297394637e+03 1.192481184324802143e+03 1.192481185364850035e+03 1.192481186415861885e+03 1.192481187476163313e+03 1.192481188544083579e+03 1.192481189617957170e+03 1.192481190696125850e+03 1.192481191776939795e+03 1.192481192858759869e+03 1.192481193939958757e+03 1.192481195018923245e+03 1.192481196094055576e+03 1.192481197163774368e+03 1.192481198226517790e+03 1.192481199280743567e+03 1.192481200324931251e+03 1.192481201357584041e+03 1.192481202377229238e+03 1.192481203382421199e+03 1.192481204371741114e+03 1.192481205343800184e+03 1.192481206297239169e+03 1.192481207230731343e+03 1.192481208142982723e+03 1.192481209032733886e+03 1.192481209898760881e+03 1.192481210739876587e+03 1.192481211554932315e+03 1.192481212342818026e+03 1.192481213102464153e+03 1.192481213832842286e+03 1.192481214532966533e+03 1.192481215201893747e+03 1.192481215838725348e+03 1.192481216442607547e+03 1.192481217012732259e+03
