FastScape_5Ma_1mmyr_mp5_n1_k5Minus5_10kyrTimeStep_30mRes_6kmBy6Km.txt
nrows 200
cellsize 30.0
xllcorner 0.0
ncols 200
yllcorner 0.0
[rows 153 to 169 of 200, columns 148 to 184 of 200]
1.945950788753377481e+02 1.899588309136994724e+02 1.854768543029767045e+02 1.811482718769634062e+02 1.768641889762857033e+02 1.725633122377758184e+02 1.682220537447123263e+02 1.638373045099172884e+02 1.594103926034056826e+02 1.549432599339053809e+02 1.504321464056987168e+02 1.458668905544078882e+02 1.412290485635218431e+02 1.364977530378209565e+02 1.316370149142324237e+02 1.265984337087480753e+02 1.213346983251714022e+02 1.157820978010431645e+02 1.099516631189927693e+02 1.058063950341955035e+02 1.084777375571714515e+02 1.135604843750074480e+02 1.188945761073976399e+02 1.242578537832445420e+02 1.296353027102254032e+02 1.350170039569813696e+02 1.403940154573216148e+02 1.457574842898381462e+02 1.510972213984211123e+02 1.564057960200216257e+02 1.616688530297871296e+02 1.668681663299064439e+02 1.719869471294306038e+02 1.770013945196156442e+02 1.818817153107459887e+02 1.865975950985710767e+02 1.911265724166849509e+02
1.916416304355681461e+02 1.867312322793112003e+02 1.819441836059575621e+02 1.773618266436604927e+02 1.729078539434061668e+02 1.685252829608120635e+02 1.641758432828679588e+02 1.597928688992071216e+02 1.554029448462710263e+02 1.510085254994922082e+02 1.465934067899723345e+02 1.421489362995313854e+02 1.376579328669726010e+02 1.330868054027990866e+02 1.283955987800800358e+02 1.235336287661221348e+02 1.184417614089531270e+02 1.130465451418696432e+02 1.073642704857147692e+02 1.034320108814499974e+02 1.065351910393637667e+02 1.119861378577038948e+02 1.175936552934617509e+02 1.231694771795011860e+02 1.287002367331626260e+02 1.341770399671577820e+02 1.395944242143055760e+02 1.449421479848051604e+02 1.502089063052549989e+02 1.553881874866336545e+02 1.604682595547425592e+02 1.654338135007384949e+02 1.702725336886609568e+02 1.749773850787572655e+02 1.795384544154834714e+02 1.839387233549866210e+02 1.881735809654596494e+02
1.892386621459106095e+02 1.841329600457361835e+02 1.790133940545098881e+02 1.739932863119326498e+02 1.691544558112456116e+02 1.645275017046416224e+02 1.600734727945974498e+02 1.556123318467176944e+02 1.511681623037127054e+02 1.468002142812150055e+02 1.424276063472782141e+02 1.380611514273765010e+02 1.336880527788050870e+02 1.292633522508705255e+02 1.247376670207881233e+02 1.200572628258384782e+02 1.151613064110163691e+02 1.099705866188342043e+02 1.045220753956246966e+02 1.009323253846562523e+02 1.045382940894598391e+02 1.103537773992324418e+02 1.161974763447690293e+02 1.219190812957012895e+02 1.275124721099106466e+02 1.329813587530573784e+02 1.383275728191924259e+02 1.435449853196967069e+02 1.486281853130839750e+02 1.535776885422064311e+02 1.583999067519152675e+02 1.631009250903825887e+02 1.676774550460298769e+02 1.721270878387137202e+02 1.764478230754545223e+02 1.806363603913070506e+02 1.847229542228485570e+02
1.876638929664439956e+02 1.826028379698223603e+02 1.772178405818328315e+02 1.716523176223142571e+02 1.662389966909497048e+02 1.611151606842619799e+02 1.562502592414687399e+02 1.514961849142941048e+02 1.468834874785521265e+02 1.424801349537601993e+02 1.380945562847899168e+02 1.337444979951922903e+02 1.294823710145140865e+02 1.251913963896461439e+02 1.208339736603971488e+02 1.163467469428420884e+02 1.116693591514429187e+02 1.067242905575442506e+02 1.015624860796127109e+02 9.835287806468498673e+01 1.024261134522677423e+02 1.085455912039194288e+02 1.145327267032449328e+02 1.202822284133887365e+02 1.258187816503639169e+02 1.311600683373425227e+02 1.363219097291772641e+02 1.413220200872837324e+02 1.461795302414213040e+02 1.509056314521178024e+02 1.555127659719186966e+02 1.600111452321079071e+02 1.644000192078255225e+02 1.686803698357034307e+02 1.728576712015027681e+02 1.769635937867809048e+02 1.810718066145584260e+02
1.860663002166733975e+02 1.813107428881592966e+02 1.761199413372003448e+02 1.705975328331736875e+02 1.649884552304469878e+02 1.593218013843902270e+02 1.536768983090254608e+02 1.482597519576401908e+02 1.431646103706134170e+02 1.383892019334779491e+02 1.337654086044797737e+02 1.293246969276628136e+02 1.251472770131345129e+02 1.209835269684619590e+02 1.168024321868325330e+02 1.125167201569458939e+02 1.080784567342890483e+02 1.034023706726254090e+02 9.854534924000707008e+01 9.568715271486762219e+01 1.000778563613151562e+02 1.063406943377086122e+02 1.123180989794193607e+02 1.179721341469300171e+02 1.233698640250668603e+02 1.285421891803366918e+02 1.335171295137175207e+02 1.383296610119637648e+02 1.430107303262439871e+02 1.475766063832509474e+02 1.520390122532941746e+02 1.564043168084643014e+02 1.606766758502918719e+02 1.648680460098528897e+02 1.690161144912653697e+02 1.731959620062175418e+02 1.774749214516149891e+02
1.843538660570538639e+02 1.800249638758763808e+02 1.752108777817405212e+02 1.699903211530627232e+02 1.645155087379659733e+02 1.588135240821451930e+02 1.529642331563482287e+02 1.471597274491488179e+02 1.413685759171995926e+02 1.356715778292422669e+02 1.303222108467272449e+02 1.254210450754933106e+02 1.209597512853037102e+02 1.167437508492441793e+02 1.127123362428254438e+02 1.086266045643422302e+02 1.044581132716736818e+02 1.000693445376681439e+02 9.551259831988612348e+01 9.291945709467992742e+01 9.739945060311562486e+01 1.036286701804273633e+02 1.095137487823116373e+02 1.150425526174037429e+02 1.202923595645894324e+02 1.253059078158845097e+02 1.301285012256901723e+02 1.348038908273073844e+02 1.393639829175086504e+02 1.438267600962865345e+02 1.482002780243420830e+02 1.524905710049501124e+02 1.567116492228998936e+02 1.609122059566398093e+02 1.651759000694243866e+02 1.695703245153280534e+02 1.740882682428008934e+02
1.822623473255320050e+02 1.783488816939934054e+02 1.739695970491839319e+02 1.691304720294702122e+02 1.639101563817617659e+02 1.583972541814470674e+02 1.526700822910447357e+02 1.468505699399422610e+02 1.409218503706230479e+02 1.349464490307499602e+02 1.291559848894738991e+02 1.234997954484619527e+02 1.180727493267271342e+02 1.131566566608029518e+02 1.087909171440636413e+02 1.047223160344327795e+02 1.008256222295293014e+02 9.677984238739873035e+01 9.252506468257230665e+01 9.014114697287411104e+01 9.453827840089320489e+01 1.006135047426926405e+02 1.063522831609403454e+02 1.117314987017538641e+02 1.168250152259023480e+02 1.216913256659124727e+02 1.263871456426168436e+02 1.309588421234402915e+02 1.354410582502481759e+02 1.398481533260501806e+02 1.441819746285077315e+02 1.484528242304577930e+02 1.526959566716145957e+02 1.570382223534461446e+02 1.615520217146404320e+02 1.662281583418742343e+02 1.709752893040433719e+02
1.797978564730141784e+02 1.761933576624011835e+02 1.722093252852445744e+02 1.678009905143487970e+02 1.629527666652331561e+02 1.577216616551352217e+02 1.522060667159879870e+02 1.464983320399826709e+02 1.406587521051517626e+02 1.347386595019502238e+02 1.288552649829749441e+02 1.229577166573829032e+02 1.170620813319739284e+02 1.113908942257477150e+02 1.060899807956927816e+02 1.013933951526071127e+02 9.734728355248564924e+01 9.354805188592339960e+01 8.962800560097970504e+01 8.742331373881425804e+01 9.165422810320031033e+01 9.750188005875943986e+01 1.030400139717348083e+02 1.082333096791063696e+02 1.131583747006619660e+02 1.178815572969870829e+02 1.224634162022695705e+02 1.269552392816490567e+02 1.313988044570601517e+02 1.358021808872566965e+02 1.401427296543557759e+02 1.444664009737782351e+02 1.488412846283804072e+02 1.534520435291024967e+02 1.582881067022611035e+02 1.632363720034763901e+02 1.681719648198943560e+02
1.770698170361935126e+02 1.736881676629040783e+02 1.699541482058650104e+02 1.658990833490189232e+02 1.614686547890637200e+02 1.566248074682702054e+02 1.514105922033081129e+02 1.459201637199898300e+02 1.402334513310368607e+02 1.344224285058711530e+02 1.285509350574916994e+02 1.226488214144225282e+02 1.167358943242427358e+02 1.108836873628972484e+02 1.051189366499458515e+02 9.970092467773916667e+01 9.481569664266440611e+01 9.060431396206841725e+01 8.682275757298377528e+01 8.481685009320827362e+01 8.883860587412910093e+01 9.440780548381674464e+01 9.969936651072210054e+01 1.046803735938082411e+02 1.094254135477553262e+02 1.140013904962963665e+02 1.184775066297135169e+02 1.228965076508806078e+02 1.273603697401796069e+02 1.318275166384479746e+02 1.362680656167239874e+02 1.408313925913645903e+02 1.455923686267977359e+02 1.505785763354709559e+02 1.556942479560602237e+02 1.608070447824429721e+02 1.657974433444026090e+02
1.741084578433652155e+02 1.709688590748204149e+02 1.673947898597129438e+02 1.635336198617226842e+02 1.594184246490756607e+02 1.549826043698144531e+02 1.501679221323265949e+02 1.449993926979390437e+02 1.395530335283066563e+02 1.339083889323906931e+02 1.281360076873548337e+02 1.222859177187452815e+02 1.164035729350864585e+02 1.105366891772694800e+02 1.047111234615770172e+02 9.897686159935879857e+01 9.339494630886379412e+01 8.839913756080085250e+01 8.425762591932192436e+01 8.230568362076412825e+01 8.612443239500768755e+01 9.138058554471592743e+01 9.640113962910434964e+01 1.011555895796211502e+02 1.057105369547057876e+02 1.101228951615006793e+02 1.144968934969190713e+02 1.188734226317052389e+02 1.234605299481099649e+02 1.282171130235249734e+02 1.331376322329825541e+02 1.383305298845179721e+02 1.437568766544879679e+02 1.491471597889849647e+02 1.543473962602257075e+02 1.593260315946179162e+02 1.640263138753989551e+02
1.708949107953469877e+02 1.680649408488715437e+02 1.646695737846812335e+02 1.609122564246835054e+02 1.569379391418532634e+02 1.527794595246895426e+02 1.483603536087107670e+02 1.435994040503052531e+02 1.384949112631375385e+02 1.331079232996046073e+02 1.275165983941971604e+02 1.217859918753111401e+02 1.159711940320025860e+02 1.101206178930284096e+02 1.042749571833098656e+02 9.847240042686297556e+01 9.269741773130475337e+01 8.713785749178003925e+01 8.233016805686966677e+01 8.000897044282146453e+01 8.350473009681471126e+01 8.844062709007488365e+01 9.317804151060813922e+01 9.770922821674986380e+01 1.020453261127332070e+02 1.063068617143153176e+02 1.107404167128898820e+02 1.154158949135398871e+02 1.204508027469689324e+02 1.258744479531995353e+02 1.315999654574887643e+02 1.373506774438046989e+02 1.429982827296531411e+02 1.483627913594040422e+02 1.533913478492547426e+02 1.580565086037308618e+02 1.623171712906721780e+02
1.674042875376063648e+02 1.649564872440397494e+02 1.618022964958352645e+02 1.581647547485913208e+02 1.542374601158096823e+02 1.501607565053512587e+02 1.459632475936635672e+02 1.415599358936302110e+02 1.368579901715432925e+02 1.318330455527594438e+02 1.265263728537948538e+02 1.210005595082705554e+02 1.153211516208888838e+02 1.095423507587518941e+02 1.037128248159226729e+02 9.787637661535744371e+01 9.208280367090262075e+01 8.637454967076401147e+01 8.107348863696333297e+01 7.808093348393185806e+01 8.103295744014461377e+01 8.558085387131944799e+01 9.002404210939103280e+01 9.435290750372554669e+01 9.860203564849177837e+01 1.031223768434867480e+02 1.082025478791108242e+02 1.137713808497007619e+02 1.194887424974990182e+02 1.252581105040610510e+02 1.311199498234224450e+02 1.368187304414505547e+02 1.422689267148719807e+02 1.473792222977356516e+02 1.520827239585834718e+02 1.563485175375860194e+02 1.602025677940534649e+02
1.636157724923055241e+02 1.616163379615700819e+02 1.587753326438209740e+02 1.553155396399006065e+02 1.514505255350675554e+02 1.473634519256144984e+02 1.431872561329845723e+02 1.389465678527158730e+02 1.345609604086400850e+02 1.299262238404245409e+02 1.249925442040854762e+02 1.197761047667549548e+02 1.143249155396028840e+02 1.086933155308256431e+02 1.029359036443972713e+02 9.710091327943126771e+01 9.123803818517484387e+01 8.539987910505469415e+01 7.973895091190583173e+01 7.610759969448083950e+01 7.856715547944278910e+01 8.273121690821663776e+01 8.690899916771536482e+01 9.130983185345230879e+01 9.614831379431994662e+01 1.015499333724080770e+02 1.073214668655218418e+02 1.132817375876374655e+02 1.191531337797967893e+02 1.249062306357427161e+02 1.305718306526889876e+02 1.360133359590161888e+02 1.411500736928428807e+02 1.458898224650753548e+02 1.501993112049623278e+02 1.541203149574600104e+02 1.576989201406887844e+02
1.595333033298662428e+02 1.580193324441595166e+02 1.555680305010746451e+02 1.523533456423719770e+02 1.486060146482005848e+02 1.445251334636576246e+02 1.402833174087739394e+02 1.360054768662496656e+02 1.317154093732339675e+02 1.273316978932244723e+02 1.227437298939695296e+02 1.178917524122798994e+02 1.127656930620385936e+02 1.073861312509706067e+02 1.017911837918910294e+02 9.602133547951683568e+01 9.012133527778658504e+01 8.412148763388755413e+01 7.814840255668062241e+01 7.402755047225200258e+01 7.606982533820819015e+01 7.997287610779891054e+01 8.427607812926596864e+01 8.922842154180793273e+01 9.489755864839682431e+01 1.009480589356825675e+02 1.069471027201448550e+02 1.128645588322752928e+02 1.186434843190854735e+02 1.242567127228387420e+02 1.296574853045993905e+02 1.347643097181507130e+02 1.395007650227248064e+02 1.438423023469307225e+02 1.478423111123930198e+02 1.515563971320669907e+02 1.549405472252432503e+02
1.551863889861633083e+02 1.541539432630782187e+02 1.521533520482958863e+02 1.492614403258958475e+02 1.456977105676744486e+02 1.416793047064220730e+02 1.373907127275206506e+02 1.329939004600048520e+02 1.286066220378091884e+02 1.242492297750887218e+02 1.198387353098882784e+02 1.152671569417912423e+02 1.104644613738306020e+02 1.054049356074298913e+02 1.000773846961209728e+02 9.448645824195300236e+01 8.864887359300043101e+01 8.257341125607962340e+01 7.637046607681311627e+01 7.186817435269949783e+01 7.371498016219960903e+01 7.798694506183144881e+01 8.305456752166074352e+01 8.862845516223855213e+01 9.456983259302758427e+01 1.005775590796880721e+02 1.064745282734654808e+02 1.122470355564897488e+02 1.178403613387346383e+02 1.231980627834533664e+02 1.282546197029547272e+02 1.329548370163016671e+02 1.373012452550595413e+02 1.413665609847660107e+02 1.452129006220387168e+02 1.487955620521386777e+02 1.519612460828669498e+02
1.506119720215475013e+02 1.500308923225021829e+02 1.485132188174041801e+02 1.460177898905104712e+02 1.427128125140214365e+02 1.388234440256946414e+02 1.345475587110997253e+02 1.300547208805186301e+02 1.254968096539216731e+02 1.209861642015577701e+02 1.165407285088122364e+02 1.120773229951321355e+02 1.074841558750485433e+02 1.026877085620488259e+02 9.764433465644601995e+01 9.232095136159544779e+01 8.668151393937327498e+01 8.068768756362209160e+01 7.440008060572021975e+01 6.975368028058265679e+01 7.188256936527511698e+01 7.683302994536383324e+01 8.250362583577152975e+01 8.830267627354037074e+01 9.416668274973478958e+01 9.999854594270126995e+01 1.057189784862560344e+02 1.112617685153637126e+02 1.165604225777102272e+02 1.215570922131259977e+02 1.262178999816125753e+02 1.305692104856790365e+02 1.346952239736919239e+02 1.386651329738002403e+02 1.424374039068652280e+02 1.458636873187429615e+02 1.487476462035719180e+02
1.458485679386112963e+02 1.456781707675958728e+02 1.446406286020310006e+02 1.425993079987221392e+02 1.396299274354494457e+02 1.359457442072787217e+02 1.317531086441997843e+02 1.272287260254745576e+02 1.225281176504709180e+02 1.177973202048333121e+02 1.131485330818058088e+02 1.085989162679929478e+02 1.040613165051667579e+02 9.941507270400163065e+01 9.457430146613023680e+01 8.949000125048118548e+01 8.410632556329852605e+01 7.834204615295239194e+01 7.222296965407873870e+01 6.782657980679913123e+01 7.059600313658209814e+01 7.605189718762780160e+01 8.185503132097176149e+01 8.764874156904645019e+01 9.340599348545407565e+01 9.905477184582922234e+01 1.045205212318072654e+02 1.097400584180986840e+02 1.146635995391216625e+02 1.192776997739486120e+02 1.236326117568772673e+02 1.278232846539482637e+02 1.319137335108652280e+02 1.358656880188115110e+02 1.395382090883987587e+02 1.427460161292394503e+02 1.452858487852946610e+02
