FastScape_5Ma_1mmyr_mp5_n1_k5Minus5_10kyrTimeStep_30mRes_6kmBy6Km.txt
nrows 200
cellsize 30.0
xllcorner 0.0
ncols 200
yllcorner 0.0
[rows 102 to 118 of 200, columns 0 to 36 of 200]
0.000000000000000000e+00 3.088331285088334539e+02 3.087883111936782257e+02 3.086975650172352630e+02 3.085586602855249794e+02 3.083682357166831594e+02 3.081217471272680655e+02 3.078132816815320325e+02 3.074351017934500305e+02 3.069767493628316402e+02 3.064249536176820357e+02 3.057806223296858548e+02 3.050867583607750930e+02 3.043369163606959091e+02 3.035045987037647137e+02 3.025786501486662132e+02 3.015913993239915385e+02 3.005322337928329262e+02 2.993911632576060811e+02 2.982153538448906716e+02 2.970373474964160323e+02 2.958261538067609422e+02 2.946383286232471619e+02 2.934481116504749707e+02 2.922901740428509356e+02 2.911998644189672518e+02 2.901570423788858193e+02 2.892363948336108024e+02 2.884497738464106646e+02 2.877756720920411340e+02 2.872800704974128507e+02 2.870175176291708681e+02 2.869998974629563691e+02 2.872299953783486330e+02 2.877291625867086964e+02 2.888870258661190178e+02 2.917213607231041692e+02
0.000000000000000000e+00 3.030197576206062990e+02 3.029701598391324637e+02 3.028698904048852114e+02 3.027168046216778521e+02 3.025076949805257414e+02 3.022382777309459811e+02 3.019030675305203886e+02 3.014950060310873141e+02 3.010046684153714978e+02 3.004202045895092397e+02 2.997434317661741261e+02 2.990162106686510697e+02 2.982333526073057328e+02 2.973706754468249756e+02 2.964185118425310179e+02 2.954081562882207663e+02 2.943302519712189564e+02 2.931759006778177081e+02 2.919897686547870421e+02 2.908026584916188426e+02 2.895855071193867616e+02 2.883912763947018902e+02 2.871956718246289597e+02 2.860310216001510071e+02 2.849304412986184047e+02 2.838752745521044858e+02 2.829357310779225259e+02 2.821235057849594909e+02 2.814194491678397299e+02 2.808865825400691278e+02 2.805779748912299851e+02 2.805084310777528458e+02 2.806897118007626659e+02 2.811541748321828891e+02 2.824056337392077012e+02 2.856056188007033825e+02
0.000000000000000000e+00 2.969683546082642351e+02 2.969162104231713215e+02 2.968109071313967320e+02 2.966504245882601936e+02 2.964317594655461221e+02 2.961509355133909480e+02 2.958029157905501165e+02 2.953812858799942092e+02 2.948775343720474780e+02 2.942810097951338548e+02 2.935940466050340092e+02 2.928567271804340635e+02 2.920647495422004454e+02 2.911959423026968352e+02 2.902417612528508357e+02 2.892320344754940606e+02 2.881583329234357507e+02 2.870125610016859810e+02 2.858366628181320266e+02 2.846595144226014895e+02 2.834537974633208819e+02 2.822688773817894230e+02 2.810817934690525703e+02 2.799225839575081523e+02 2.788221898535417154e+02 2.777633477132256985e+02 2.768120723768804510e+02 2.759799654210080462e+02 2.752501441448487753e+02 2.746828809140669705e+02 2.743299051186448310e+02 2.742097414438805458e+02 2.743503797429539190e+02 2.748317161876080377e+02 2.762924485267021737e+02 2.797116311735332488e+02
0.000000000000000000e+00 2.908131680542405206e+02 2.907601857009433957e+02 2.906532725798243746e+02 2.904905454949990258e+02 2.902692164204745495e+02 2.899856160620395258e+02 2.896351289078615991e+02 2.892119138892069827e+02 2.887082436874867994e+02 2.881144688070838242e+02 2.874331678845078386e+02 2.867022982799895772e+02 2.859181731189190714e+02 2.850603618164929571e+02 2.841211652503447453e+02 2.831287077746229102e+02 2.820752368806499248e+02 2.809532322869819723e+02 2.798018374674959432e+02 2.786479140713839229e+02 2.774656828619180260e+02 2.763009798431615422e+02 2.751320076246589110e+02 2.739865691265332543e+02 2.728934875356827092e+02 2.718367556104378195e+02 2.708784766391275411e+02 2.700301983435723514e+02 2.692771502112067310e+02 2.686768155126198963e+02 2.682780136376929931e+02 2.680986324852251528e+02 2.681578101716437459e+02 2.686757236980238304e+02 2.705712323274635764e+02 2.741560764085833739e+02
0.000000000000000000e+00 2.846539026496847669e+02 2.846013336848566837e+02 2.844953131750745001e+02 2.843340915305537351e+02 2.841150857701929908e+02 2.838349096457296810e+02 2.834893225154272614e+02 2.830729774101872067e+02 2.825788100556022187e+02 2.819980059865579847e+02 2.813332031474874384e+02 2.806200854823229065e+02 2.798553858183028069e+02 2.790201810654801307e+02 2.781074088568764751e+02 2.771433909297816172e+02 2.761208625730454855e+02 2.750327041260972578e+02 2.739152812074902386e+02 2.727934245668078006e+02 2.716426810539761050e+02 2.705054671361630767e+02 2.693609537951940638e+02 2.682347551315578471e+02 2.671536203426780389e+02 2.661026259458975574e+02 2.651402370250177682e+02 2.642780051189421329e+02 2.635032759064382049e+02 2.628711298629113458e+02 2.624277043360630728e+02 2.621760919755433861e+02 2.621326126924915911e+02 2.627459283601962170e+02 2.652275883706516311e+02 2.689645964680882457e+02
0.000000000000000000e+00 2.785615288669748111e+02 2.785102484856560636e+02 2.784068660366881431e+02 2.782497543604968655e+02 2.780365154680923752e+02 2.777640132027525510e+02 2.774283306534871940e+02 2.770245395834367628e+02 2.765461329694506958e+02 2.759849933033364096e+02 2.753436978466779692e+02 2.746556417881165544e+02 2.739178404176476533e+02 2.731126799117231485e+02 2.722335817890210592e+02 2.713050623702129087e+02 2.703202067954113659e+02 2.692721656361436544e+02 2.681946186129260354e+02 2.671103993790949858e+02 2.659961715782876013e+02 2.648910654709872006e+02 2.637750109456648602e+02 2.626714638490345806e+02 2.616051200077034196e+02 2.605619320745291247e+02 2.595969613759357344e+02 2.587218079185667534e+02 2.579260657695795089e+02 2.572639313078817054e+02 2.567833512670048890e+02 2.564987094824948599e+02 2.564398643188338269e+02 2.571844251039780715e+02 2.601007112290652117e+02 2.639459957421913714e+02
0.000000000000000000e+00 2.725839966667121530e+02 2.725345828725062347e+02 2.724349878115443744e+02 2.722836926368347008e+02 2.720784613023242855e+02 2.718163735326011761e+02 2.714937877613482442e+02 2.711061281339075322e+02 2.706473558936838799e+02 2.701099381807262603e+02 2.694963185696835808e+02 2.688376740792119790e+02 2.681312090162608683e+02 2.673604526645087276e+02 2.665192012880796142e+02 2.656302276683013019e+02 2.646868702241510505e+02 2.636824569143167309e+02 2.626481194016236600e+02 2.616047633408396678e+02 2.605299719116673032e+02 2.594597326727587188e+02 2.583745177395596215e+02 2.572956337824924162e+02 2.562457124928250778e+02 2.552113370449655463e+02 2.542443256169016195e+02 2.533562391574465380e+02 2.525386697679055032e+02 2.518450755306857047e+02 2.513263516224345153e+02 2.510161196268213928e+02 2.510011612909558494e+02 2.520068954450088938e+02 2.551839283819616355e+02 2.591267114233293682e+02
0.000000000000000000e+00 2.667514274172627893e+02 2.667042321816016965e+02 2.666091214805074401e+02 2.664646704421111849e+02 2.662687825087754163e+02 2.660187215932172649e+02 2.657110788665104337e+02 2.653415748364840283e+02 2.649045657979082762e+02 2.643930130716843223e+02 2.638091867586763897e+02 2.631821683162237377e+02 2.625092900395903257e+02 2.617750865848246917e+02 2.609736539847347103e+02 2.601261250626063202e+02 2.592260288173193317e+02 2.582668099964596422e+02 2.572772198048218115e+02 2.562763304223552154e+02 2.552424659757139978e+02 2.542086172693213086e+02 2.531555805780369894e+02 2.521024977056194132e+02 2.510698892799920259e+02 2.500446903356857717e+02 2.490755760118300657e+02 2.481739045741072403e+02 2.473327267549917678e+02 2.466030282452186100e+02 2.460339391265965503e+02 2.456501017096952069e+02 2.456958401090833775e+02 2.472068848021844474e+02 2.505859875239914913e+02 2.545738885310648527e+02
0.000000000000000000e+00 2.610805800650811648e+02 2.610357894482966685e+02 2.609455286982943676e+02 2.608084536873367369e+02 2.606225871092994453e+02 2.603853493467255475e+02 2.600935282017240979e+02 2.597430943030319668e+02 2.593287394180829324e+02 2.588438464254279552e+02 2.582904948626770647e+02 2.576958212080588737e+02 2.570572481572144738e+02 2.563602025376897586e+02 2.555990315307649894e+02 2.547933567148122620e+02 2.539368628471387979e+02 2.530230790202435287e+02 2.520785628435522483e+02 2.511206673480670872e+02 2.501283036071623087e+02 2.491316112644115321e+02 2.481114965979180056e+02 2.470848941625205555e+02 2.460701249013099812e+02 2.450541651080339420e+02 2.440826164245771110e+02 2.431666074864056668e+02 2.423005522558108282e+02 2.415332251681497837e+02 2.408970249432991295e+02 2.404150691532691155e+02 2.405836126941134978e+02 2.427576481120215703e+02 2.463231758139289980e+02 2.502856817777398248e+02
0.000000000000000000e+00 2.555785339000130421e+02 2.555362165503506162e+02 2.554509372624715695e+02 2.553214210357450327e+02 2.551457923093809939e+02 2.549216044171353701e+02 2.546458117796487386e+02 2.543145973380137264e+02 2.539229399481995131e+02 2.534645855640741843e+02 2.529414208198400615e+02 2.523787990517209607e+02 2.517742121309818231e+02 2.511138864536223139e+02 2.503923916392353419e+02 2.496279800098542125e+02 2.488144802094346630e+02 2.479454981462164938e+02 2.470455976667483924e+02 2.461305445383018764e+02 2.451797133449741182e+02 2.442205396621486386e+02 2.432338356363821674e+02 2.422342589054818518e+02 2.412377900960274815e+02 2.402310790541390304e+02 2.392566449490049365e+02 2.383254339994516613e+02 2.374342609052828266e+02 2.366343389472775129e+02 2.359705332556278563e+02 2.354844047490702508e+02 2.358149372795932095e+02 2.384803451690453073e+02 2.421814325978522788e+02 2.461764698703802594e+02
0.000000000000000000e+00 2.502456198554332047e+02 2.502057646915662019e+02 2.501254397296394814e+02 2.500034291652867466e+02 2.498379443567524163e+02 2.496266519143145786e+02 2.493666480910934240e+02 2.490542972051818253e+02 2.486848256635788346e+02 2.482522949111807122e+02 2.477584051662511229e+02 2.472268884030727065e+02 2.466552952172642108e+02 2.460305756921495970e+02 2.453475076427961312e+02 2.446231208811614692e+02 2.438513947216871713e+02 2.430260264678149156e+02 2.421697955899094268e+02 2.412970302936051326e+02 2.403874823712642410e+02 2.394660384530087640e+02 2.385132315153790614e+02 2.375413491928700864e+02 2.365638301908808501e+02 2.355665352084640176e+02 2.345886782924362706e+02 2.336406115945989654e+02 2.327210342688223079e+02 2.318841570058926322e+02 2.311949160784752166e+02 2.307619428704023790e+02 2.313920750249971547e+02 2.343588017822453082e+02 2.381854883216012126e+02 2.422611401884860811e+02
0.000000000000000000e+00 2.450776811505916442e+02 2.450402256964202934e+02 2.449647259024933987e+02 2.448500167878496256e+02 2.446943841925393599e+02 2.444955916083020497e+02 2.442508565974700048e+02 2.439566993164797566e+02 2.436085609721686467e+02 2.432007790914226462e+02 2.427348784586999955e+02 2.422331240364014775e+02 2.416931210409996993e+02 2.411024803327961763e+02 2.404561834155370263e+02 2.397701828185195723e+02 2.390386298925151891e+02 2.382553471777053176e+02 2.374415468982231232e+02 2.366102889744482809e+02 2.357416605407109671e+02 2.348581736280837902e+02 2.339399304068264485e+02 2.329967445094110587e+02 2.320392539752123469e+02 2.310519724926346328e+02 2.300704121162977742e+02 2.291036180001482023e+02 2.281498366627240557e+02 2.272602708113418259e+02 2.264869817969395172e+02 2.261130268443357920e+02 2.272980075946540239e+02 2.305045584666938225e+02 2.344043564631584502e+02 2.385418936557124425e+02
0.000000000000000000e+00 2.400677651836328721e+02 2.400326162278504114e+02 2.399617516556703265e+02 2.398540502994381995e+02 2.397078620810349037e+02 2.395210336831199811e+02 2.392908868403459337e+02 2.390140761513206087e+02 2.386862299635790237e+02 2.383019284527135255e+02 2.378625333576882781e+02 2.373889850125507905e+02 2.368789419974896475e+02 2.363206224393141213e+02 2.357092125278035155e+02 2.350597263469900611e+02 2.343665190150415469e+02 2.336235880253508128e+02 2.328508017684810341e+02 2.320601427603486968e+02 2.312320436076530257e+02 2.303868506810384247e+02 2.295041382159043621e+02 2.285911533888777001e+02 2.276554269041893406e+02 2.266794669691904289e+02 2.256946495702495952e+02 2.247084849510989102e+02 2.237191959318068655e+02 2.227586799500681138e+02 2.218699606416830932e+02 2.216059547350843388e+02 2.235034218084066993e+02 2.269314611725358475e+02 2.308257538087104024e+02 2.349839527629566192e+02
0.000000000000000000e+00 2.352073519265763650e+02 2.351744001193786744e+02 2.351079491380041588e+02 2.350069157876295094e+02 2.348697053860242647e+02 2.346942363285377269e+02 2.344779200618075947e+02 2.342175273908524957e+02 2.339088499240947954e+02 2.335466813271136175e+02 2.331322319793060842e+02 2.326852454933452066e+02 2.322034326627514815e+02 2.316755714463101583e+02 2.310970553685239395e+02 2.304820884651579718e+02 2.298252670873736747e+02 2.291208248771006879e+02 2.283875137534487862e+02 2.276364520958998128e+02 2.268484866265767153e+02 2.260420598919453425e+02 2.251962053822272765e+02 2.243155609361073175e+02 2.234042057914499821e+02 2.224417831929750378e+02 2.214547659077437061e+02 2.204498504603652691e+02 2.194314943547846610e+02 2.184462553006752046e+02 2.175415496964626811e+02 2.174061608602590354e+02 2.198159645837608309e+02 2.234051967635009532e+02 2.273410436828942238e+02 2.315401842286053977e+02
0.000000000000000000e+00 2.304872170112596450e+02 2.304563468193067024e+02 2.303940759461370646e+02 2.302993543384453972e+02 2.301706354805035062e+02 2.300058998392132992e+02 2.298026362672375171e+02 2.295577159919416488e+02 2.292670728328464520e+02 2.289256878199704488e+02 2.285346296284598111e+02 2.281125575164917620e+02 2.276572313727295409e+02 2.271579446407974956e+02 2.266102989833011918e+02 2.260278027752143259e+02 2.254053316350457976e+02 2.247374222848756062e+02 2.240419371809566655e+02 2.233293639690218129e+02 2.225810936775473863e+02 2.218139979234725274e+02 2.210066807543744289e+02 2.201612485499554168e+02 2.192780152862000307e+02 2.183325649880443109e+02 2.173443827225891312e+02 2.163171870902617968e+02 2.152655369604063935e+02 2.142678341353526150e+02 2.134278039519297465e+02 2.134839406824669652e+02 2.161980709970575845e+02 2.199328627404566987e+02 2.239490709856827948e+02 2.281901968604887259e+02
0.000000000000000000e+00 2.258980153590873954e+02 2.258691115607478537e+02 2.258107883934675328e+02 2.257220250042116163e+02 2.256013170869340172e+02 2.254466991191198986e+02 2.252557268629802536e+02 2.250253581759705526e+02 2.247516502471546573e+02 2.244297475517585667e+02 2.240605839872922616e+02 2.236618312613451565e+02 2.232312918154791532e+02 2.227587307755711095e+02 2.222399538301108066e+02 2.216878708777711324e+02 2.210976697931953083e+02 2.204642558864881323e+02 2.198048217811837901e+02 2.191294708576443782e+02 2.184203260726956728e+02 2.176931029554871202e+02 2.169262536959503223e+02 2.161196666677313658e+02 2.152698496053537838e+02 2.143470790778334276e+02 2.133602602211305737e+02 2.123016530324039479e+02 2.111914607471189811e+02 2.101560742496992873e+02 2.093739941046461013e+02 2.097652398915550407e+02 2.127209673768135190e+02 2.165834900418380187e+02 2.206568760527020174e+02 2.249274281690580040e+02
0.000000000000000000e+00 2.214306569775331184e+02 2.214036086416527098e+02 2.213490097747298364e+02 2.212658655920499768e+02 2.211527091947213250e+02 2.210076224356661783e+02 2.208282191056665340e+02 2.206115316430980045e+02 2.203537236334658189e+02 2.200500808220524220e+02 2.197014063425036738e+02 2.193244663299375361e+02 2.189170949584174366e+02 2.184694838026559580e+02 2.179776310496495171e+02 2.174539253852174738e+02 2.168938891488965908e+02 2.162928520769465877e+02 2.156675393932526390e+02 2.150279168351039232e+02 2.143570693249592409e+02 2.136700455461244132e+02 2.129456062941264634e+02 2.121820836900357961e+02 2.113727744780424587e+02 2.104826178622425630e+02 2.095049704894597369e+02 2.084112110381557841e+02 2.071886495856007286e+02 2.060315535888408647e+02 2.052949487228394219e+02 2.062799807357131670e+02 2.094706916743405998e+02 2.133733127371023954e+02 2.174625405577137940e+02 2.217358551564866218e+02
