FastScape_5Ma_1mmyr_mp5_n1_k5Minus6_10kyrTimeStep_30mRes_6kmBy6Km.txt
nrows 200
cellsize 30.0
xllcorner 0.0
ncols 200
yllcorner 0.0
[rows 102 to 118 of 200, columns 0 to 36 of 200]
0.000000000000000000e+00 2.425069542113254101e+03 2.425069541728787954e+03 2.425069540960176710e+03 2.425069539808061108e+03 2.425069538273402031e+03 2.425069536357479137e+03 2.425069534061889954e+03 2.425069531388547603e+03 2.425069528339678527e+03 2.425069524917821582e+03 2.425069521125823940e+03 2.425069516966840638e+03 2.425069512444328211e+03 2.425069507562042872e+03 2.425069502324036876e+03 2.425069496734653967e+03 2.425069490798526203e+03 2.425069484520567585e+03 2.425069477905968142e+03 2.425069470960193030e+03 2.425069463688972974e+03 2.425069456098299725e+03 2.425069448194420602e+03 2.425069439983831671e+03 2.425069431473271834e+03 2.425069422669714641e+03 2.425069413580363744e+03 2.425069404212643349e+03 2.425069394574191847e+03 2.425069384672854540e+03 2.425069374516674998e+03 2.425069364113887332e+03 2.425069353472909370e+03 2.425069342602332654e+03 2.425069331510913344e+03 2.425069320207566307e+03
0.000000000000000000e+00 2.420114799529133052e+03 2.420114799145944289e+03 2.420114798379886906e+03 2.420114797231600733e+03 2.420114795702043921e+03 2.420114793792493856e+03 2.420114791504543973e+03 2.420114788840103301e+03 2.420114785801393282e+03 2.420114782390947312e+03 2.420114778611606198e+03 2.420114774466517702e+03 2.420114769959130172e+03 2.420114765093192091e+03 2.420114759872746163e+03 2.420114754302127039e+03 2.420114748385954954e+03 2.420114742129132537e+03 2.420114735536839817e+03 2.420114728614527394e+03 2.420114721367913262e+03 2.420114713802975984e+03 2.420114705925947874e+03 2.420114697743309989e+03 2.420114689261784861e+03 2.420114680488329668e+03 2.420114671430130784e+03 2.420114662094595133e+03 2.420114652489342461e+03 2.420114642622198971e+03 2.420114632501188680e+03 2.420114622134525689e+03 2.420114611530606908e+03 2.420114600698002050e+03 2.420114589645446813e+03 2.420114578381832416e+03
0.000000000000000000e+00 2.413578770755142159e+03 2.413578770373748284e+03 2.413578769611279313e+03 2.413578768468372346e+03 2.413578766945983261e+03 2.413578765045383989e+03 2.413578762768162051e+03 2.413578760116219655e+03 2.413578757091771422e+03 2.413578753697339380e+03 2.413578749935756150e+03 2.413578745810156761e+03 2.413578741323978193e+03 2.413578736480953921e+03 2.413578731285113463e+03 2.413578725740773734e+03 2.413578719852539962e+03 2.413578713625296587e+03 2.413578707064203172e+03 2.413578700174691676e+03 2.413578692962458717e+03 2.413578685433460123e+03 2.413578677593905468e+03 2.413578669450251709e+03 2.413578661009196367e+03 2.413578652277670699e+03 2.413578643262834248e+03 2.413578633972064836e+03 2.413578624412954923e+03 2.413578614593299790e+03 2.413578604521093439e+03 2.413578594204519050e+03 2.413578583651940789e+03 2.413578572871895176e+03 2.413578561873083800e+03 2.413578550664363775e+03
0.000000000000000000e+00 2.405505580310458299e+03 2.405505579931360444e+03 2.405505579173481692e+03 2.405505578037456416e+03 2.405505576524235494e+03 2.405505574635084486e+03 2.405505572371583185e+03 2.405505569735624704e+03 2.405505566729411385e+03 2.405505563355454797e+03 2.405505559616571645e+03 2.405505555515882406e+03 2.405505551056805416e+03 2.405505546243057779e+03 2.405505541078647639e+03 2.405505535567870538e+03 2.405505529715308512e+03 2.405505523525820990e+03 2.405505517004542980e+03 2.405505510156878245e+03 2.405505502988494300e+03 2.405505495505317867e+03 2.405505487713526691e+03 2.405505479619544531e+03 2.405505471230034800e+03 2.405505462551894652e+03 2.405505453592245885e+03 2.405505444358429486e+03 2.405505434857997898e+03 2.405505425098707292e+03 2.405505415088509835e+03 2.405505404835546415e+03 2.405505394348137543e+03 2.405505383634775626e+03 2.405505372704117235e+03 2.405505361564972645e+03
0.000000000000000000e+00 2.395942783230469104e+03 2.395942782854150664e+03 2.395942782101828470e+03 2.395942780974132802e+03 2.395942779472009079e+03 2.395942777596714222e+03 2.395942775349819385e+03 2.395942772733204038e+03 2.395942769749057788e+03 2.395942766399876291e+03 2.395942762688458515e+03 2.395942758617904474e+03 2.395942754191612494e+03 2.395942749413274669e+03 2.395942744286874131e+03 2.395942738816680048e+03 2.395942733007244442e+03 2.395942726863396729e+03 2.395942720390238719e+03 2.395942713593140070e+03 2.395942706477732827e+03 2.395942699049905059e+03 2.395942691315794946e+03 2.395942683281785776e+03 2.395942674954498216e+03 2.395942666340784399e+03 2.395942657447721103e+03 2.395942648282602022e+03 2.395942638852930031e+03 2.395942629166411734e+03 2.395942619230948367e+03 2.395942609054626701e+03 2.395942598645713133e+03 2.395942588012645956e+03 2.395942577164023078e+03 2.395942566108597930e+03
0.000000000000000000e+00 2.384940650038435706e+03 2.384940649665360070e+03 2.384940648919521664e+03 2.384940647801545310e+03 2.384940646312369608e+03 2.384940644453241930e+03 2.384940642225721149e+03 2.384940639631673093e+03 2.384940636673270546e+03 2.384940633352990062e+03 2.384940629673608782e+03 2.384940625638203983e+03 2.384940621250148070e+03 2.384940616513104942e+03 2.384940611431026809e+03 2.384940606008151008e+03 2.384940600248994542e+03 2.384940594158349995e+03 2.384940587741279614e+03 2.384940581003112129e+03 2.384940573949436839e+03 2.384940566586095883e+03 2.384940558919181512e+03 2.384940550955026538e+03 2.384940542700201149e+03 2.384940534161505184e+03 2.384940525345959486e+03 2.384940516260801814e+03 2.384940506913476838e+03 2.384940497311632043e+03 2.384940487463105455e+03 2.384940477375922455e+03 2.384940467058284412e+03 2.384940456518562769e+03 2.384940445765288587e+03 2.384940434807146630e+03
0.000000000000000000e+00 2.372551576470742020e+03 2.372551576101352111e+03 2.372551575362882431e+03 2.372551574255952801e+03 2.372551572781491814e+03 2.372551570940738202e+03 2.372551568735234923e+03 2.372551566166832799e+03 2.372551563237684604e+03 2.372551559950244609e+03 2.372551556307265855e+03 2.372551552311798332e+03 2.372551547967184433e+03 2.372551543277054407e+03 2.372551538245326810e+03 2.372551532876200326e+03 2.372551527174151943e+03 2.372551521143931041e+03 2.372551514790555757e+03 2.372551508119306618e+03 2.372551501135722447e+03 2.372551493845593996e+03 2.372551486254957581e+03 2.372551478370090535e+03 2.372551470197503932e+03 2.372551461743935306e+03 2.372551453016343203e+03 2.372551444021899897e+03 2.372551434767983210e+03 2.372551425262170142e+03 2.372551415512229141e+03 2.372551405526112376e+03 2.372551395311946180e+03 2.372551384878026511e+03 2.372551374232806211e+03 2.372551363384890919e+03
0.000000000000000000e+00 2.358829580728326619e+03 2.358829580363043533e+03 2.358829579632783862e+03 2.358829578538161513e+03 2.358829577080096442e+03 2.358829575259813282e+03 2.358829573078840440e+03 2.358829570539009637e+03 2.358829567642451821e+03 2.358829564391596250e+03 2.358829560789169591e+03 2.358829556838188637e+03 2.358829552541963039e+03 2.358829547904086212e+03 2.358829542928436695e+03 2.358829537619170878e+03 2.358829531980719366e+03 2.358829526017784701e+03 2.358829519735332724e+03 2.358829513138590301e+03 2.358829506233040320e+03 2.358829499024413963e+03 2.358829491518686154e+03 2.358829483722069654e+03 2.358829475641009140e+03 2.358829467282173482e+03 2.358829458652448920e+03 2.358829449758934970e+03 2.358829440608933055e+03 2.358829431209942413e+03 2.358829421569651458e+03 2.358829411695929593e+03 2.358829401596820389e+03 2.358829391280532946e+03 2.358829380755432794e+03 2.358829370030035989e+03
0.000000000000000000e+00 2.343829867310087593e+03 2.343829866949308780e+03 2.343829866228055380e+03 2.343829865146933116e+03 2.343829863706851938e+03 2.343829861909022384e+03 2.343829859754956033e+03 2.343829857246463234e+03 2.343829854385650378e+03 2.343829851174920805e+03 2.343829847616968436e+03 2.343829843714776871e+03 2.343829839471617106e+03 2.343829834891042992e+03 2.343829829976887595e+03 2.343829824733260466e+03 2.343829819164542641e+03 2.343829813275381639e+03 2.343829807070687366e+03 2.343829800555627116e+03 2.343829793735620569e+03 2.343829786616333877e+03 2.343829779203673297e+03 2.343829771503781103e+03 2.343829763523026941e+03 2.343829755268003737e+03 2.343829746745519515e+03 2.343829737962590116e+03 2.343829728926434655e+03 2.343829719644465513e+03 2.343829710124282428e+03 2.343829700373663854e+03 2.343829690400559684e+03 2.343829680213084885e+03 2.343829669819508126e+03 2.343829659228245873e+03
0.000000000000000000e+00 2.327608444160446197e+03 2.327608443804546823e+03 2.327608443093047299e+03 2.327608442026547436e+03 2.327608440605944452e+03 2.327608438832434331e+03 2.327608436707510009e+03 2.327608434232957734e+03 2.327608431410858884e+03 2.327608428243585422e+03 2.327608424733798529e+03 2.327608420884443603e+03 2.327608416698750261e+03 2.327608412180228697e+03 2.327608407332662864e+03 2.327608402160110472e+03 2.327608396666897988e+03 2.327608390857613813e+03 2.327608384737106007e+03 2.327608378310477292e+03 2.327608371583077769e+03 2.327608364560502650e+03 2.327608357248583161e+03 2.327608349653384266e+03 2.327608341781194667e+03 2.327608333638523618e+03 2.327608325232092284e+03 2.327608316568828741e+03 2.327608307655859335e+03 2.327608298500502315e+03 2.327608289110260102e+03 2.327608279492812471e+03 2.327608269656008360e+03 2.327608259607857690e+03 2.327608249356524539e+03 2.327608238910316686e+03
0.000000000000000000e+00 2.310221784200055481e+03 2.310221783849385702e+03 2.310221783148341274e+03 2.310221782097513369e+03 2.310221780697787381e+03 2.310221778950342923e+03 2.310221776856651104e+03 2.310221774418475434e+03 2.310221771637868187e+03 2.310221768517168130e+03 2.310221765058999608e+03 2.310221761266268459e+03 2.310221757142159731e+03 2.310221752690134508e+03 2.310221747913925356e+03 2.310221742817534505e+03 2.310221737405227032e+03 2.310221731681529945e+03 2.310221725651223551e+03 2.310221719319339172e+03 2.310221712691155062e+03 2.310221705772187306e+03 2.310221698568188003e+03 2.310221691085136626e+03 2.310221683329235930e+03 2.310221675306904217e+03 2.310221667024770341e+03 2.310221658489665515e+03 2.310221649708616951e+03 2.310221640688840580e+03 2.310221631437735596e+03 2.310221621962874451e+03 2.310221612271996037e+03 2.310221602372999314e+03 2.310221592273933311e+03 2.310221581982989846e+03
0.000000000000000000e+00 2.291726524892361795e+03 2.291726524547247209e+03 2.291726523857309530e+03 2.291726522823130381e+03 2.291726521445582421e+03 2.291726519725827075e+03 2.291726517665314987e+03 2.291726515265781472e+03 2.291726512529249248e+03 2.291726509458022065e+03 2.291726506054685160e+03 2.291726502322101169e+03 2.291726498263406938e+03 2.291726493882012619e+03 2.291726489181594843e+03 2.291726484166095815e+03 2.291726478839717402e+03 2.291726473206917944e+03 2.291726467272406808e+03 2.291726461041140283e+03 2.291726454518317041e+03 2.291726447709370859e+03 2.291726440619967889e+03 2.291726433255997108e+03 2.291726425623568957e+03 2.291726417729004879e+03 2.291726409578833682e+03 2.291726401179784261e+03 2.291726392538778327e+03 2.291726383662922672e+03 2.291726374559505075e+03 2.291726365235983394e+03 2.291726355699979649e+03 2.291726345959273658e+03 2.291726336021792122e+03 2.291726325895604077e+03
0.000000000000000000e+00 2.272179201122621635e+03 2.272179200783363740e+03 2.272179200105135351e+03 2.272179199088508085e+03 2.272179197734340960e+03 2.272179196043776756e+03 2.272179194018242470e+03 2.272179191659446587e+03 2.272179188969378174e+03 2.272179185950304600e+03 2.272179182604769721e+03 2.272179178935589334e+03 2.272179174945851173e+03 2.272179170638909454e+03 2.272179166018382148e+03 2.272179161088147794e+03 2.272179155852341410e+03 2.272179150315349034e+03 2.272179144481804542e+03 2.272179138356584190e+03 2.272179131944802066e+03 2.272179125251805999e+03 2.272179118283168918e+03 2.272179111044686124e+03 2.272179103542368011e+03 2.272179095782435525e+03 2.272179087771311060e+03 2.272179079515614376e+03 2.272179071022154858e+03 2.272179062297924702e+03 2.272179053350093909e+03 2.272179044185998009e+03 2.272179034813136241e+03 2.272179025239160637e+03 2.272179015471870571e+03 2.272179005519202292e+03
0.000000000000000000e+00 2.251636007729300673e+03 2.251636007396176865e+03 2.251636006730210283e+03 2.251636005731964815e+03 2.251636004402282651e+03 2.251636002742288383e+03 2.251636000753383996e+03 2.251635998437248873e+03 2.251635995795837516e+03 2.251635992831379099e+03 2.251635989546372912e+03 2.251635985943587002e+03 2.251635982026055444e+03 2.251635977797074702e+03 2.251635973260201354e+03 2.251635968419247092e+03 2.251635963278275085e+03 2.251635957841596337e+03 2.251635952113764233e+03 2.251635946099572266e+03 2.251635939804045847e+03 2.251635933232440038e+03 2.251635926390232271e+03 2.251635919283117346e+03 2.251635911917002431e+03 2.251635904297999787e+03 2.251635896432421760e+03 2.251635888326773511e+03 2.251635879987746193e+03 2.251635871422211494e+03 2.251635862637213449e+03 2.251635853639962079e+03 2.251635844437825654e+03 2.251635835038322966e+03 2.251635825449118329e+03 2.251635815678009749e+03
0.000000000000000000e+00 2.230152588748342168e+03 2.230152588421603923e+03 2.230152587768403919e+03 2.230152586789294674e+03 2.230152585485104737e+03 2.230152583856936417e+03 2.230152581906167143e+03 2.230152579634445374e+03 2.230152577043689689e+03 2.230152574136087878e+03 2.230152570914094667e+03 2.230152567380427172e+03 2.230152563538063987e+03 2.230152559390241549e+03 2.230152554940450500e+03 2.230152550192432955e+03 2.230152545150178412e+03 2.230152539817917841e+03 2.230152534200122773e+03 2.230152528301497114e+03 2.230152522126975327e+03 2.230152515681715158e+03 2.230152508971093539e+03 2.230152502000701588e+03 2.230152494776337335e+03 2.230152487304000715e+03 2.230152479589888117e+03 2.230152471640384647e+03 2.230152463462058677e+03 2.230152455061654564e+03 2.230152446446087197e+03 2.230152437622432899e+03 2.230152428597924427e+03 2.230152419379941875e+03 2.230152409976006766e+03 2.230152400393773405e+03
0.000000000000000000e+00 2.207783850933882150e+03 2.207783850613757750e+03 2.207783849973779525e+03 2.207783849014489533e+03 2.207783847736700409e+03 2.207783846141493541e+03 2.207783844230218165e+03 2.207783842004492271e+03 2.207783839466196696e+03 2.207783836617477846e+03 2.207783833460741334e+03 2.207783829998652891e+03 2.207783826234132903e+03 2.207783822170354597e+03 2.207783817810742221e+03 2.207783813158964676e+03 2.207783808218933245e+03 2.207783802994797952e+03 2.207783797490943016e+03 2.207783791711981848e+03 2.207783785662751598e+03 2.207783779348310418e+03 2.207783772773931560e+03 2.207783765945096548e+03 2.207783758867490633e+03 2.207783751546996882e+03 2.207783743989691629e+03 2.207783736201834927e+03 2.207783728189866906e+03 2.207783719960400958e+03 2.207783711520216912e+03 2.207783702876252846e+03 2.207783694035599183e+03 2.207783685005493226e+03 2.207783675793307793e+03 2.207783666406548946e+03
0.000000000000000000e+00 2.184583799479859863e+03 2.184583799166552581e+03 2.184583798540203134e+03 2.184583797601342667e+03 2.184583796350766988e+03 2.184583794789535659e+03 2.184583792918970175e+03 2.184583790740655331e+03 2.184583788256434218e+03 2.184583785468408678e+03 2.184583782378935211e+03 2.184583778990625433e+03 2.184583775306339703e+03 2.184583771329186675e+03 2.184583767062520565e+03 2.184583762509934786e+03 2.184583757675261040e+03 2.184583752562564769e+03 2.184583747176139241e+03 2.184583741520503736e+03 2.184583735600397176e+03 2.184583729420773579e+03 2.184583722986797511e+03 2.184583716303838173e+03 2.184583709377465311e+03 2.184583702213440574e+03 2.184583694817714331e+03 2.184583687196419305e+03 2.184583679355862841e+03 2.184583671302522362e+03 2.184583663043037632e+03 2.184583654584203941e+03 2.184583645932966647e+03 2.184583637096412531e+03 2.184583628081762981e+03 2.184583618896367625e+03
