FastScape_2Ma_1mmyr_mp5_n1_k5Minus5_10kyrTimeStep_30mRes_6kmBy6Km.txt
nrows 200
cellsize 30.0
xllcorner 0.0
ncols 200
yllcorner 0.0
[rows 102 to 118 of 200, columns 74 to 110 of 200]
2.987480488427896148e+02 3.001074894333209500e+02 3.015851238442392059e+02 3.032303978830217943e+02 3.050126477745458828e+02 3.068957000674169535e+02 3.091511768180634476e+02 3.124362927421763061e+02 3.162679243629725647e+02 3.201642330009277089e+02 3.240400363027652020e+02 3.278872503103486338e+02 3.317056210094520452e+02 3.354988389259830797e+02 3.392731623642067120e+02 3.430452620085633839e+02 3.468240776129790675e+02 3.505890505978905480e+02 3.543350848421583237e+02 3.580975556298632227e+02 3.618794738453100308e+02 3.656503222002345410e+02 3.694083990011549758e+02 3.731400257154222686e+02 3.767501247804586910e+02 3.801693169217002151e+02 3.833519235143973560e+02 3.862346894081511550e+02 3.887341525313077568e+02 3.907578032568265485e+02 3.921918885506721608e+02 3.929161582901921292e+02 3.928465439217685002e+02 3.919405820059119492e+02 3.902667113284896914e+02 3.879103956199995196e+02 3.849525985169448177e+02
2.910614776273941402e+02 2.923891243470699806e+02 2.938377364065688084e+02 2.954554825615954883e+02 2.972152610505048074e+02 2.990887375265145351e+02 3.014464013921554510e+02 3.051033408085885981e+02 3.092148076758971342e+02 3.133515881831531260e+02 3.174744075895465016e+02 3.215786440976337417e+02 3.256643252590181987e+02 3.297363094815594309e+02 3.338110288968578629e+02 3.378986348197338430e+02 3.419802106150083318e+02 3.460510183355806362e+02 3.501475199967774188e+02 3.542755536430362326e+02 3.584081934037431552e+02 3.625502120016971617e+02 3.666945308599105147e+02 3.707505194790522296e+02 3.746021620620088015e+02 3.782056857772415697e+02 3.815173853665025376e+02 3.844672816745253954e+02 3.869750530001784341e+02 3.889301306418841477e+02 3.901790047741848753e+02 3.906199965065309243e+02 3.902035272817416853e+02 3.888660297674573485e+02 3.867061475057387838e+02 3.838604193138223195e+02 3.804374378130448804e+02
2.835096691914387748e+02 2.847850230105182163e+02 2.861813375239167954e+02 2.877455226200293623e+02 2.894583786736919251e+02 2.913229582543970082e+02 2.938463264891988160e+02 2.977656495738547164e+02 3.020948419461682874e+02 3.064222503676496672e+02 3.107325274294883570e+02 3.150288687781566637e+02 3.193164347815086899e+02 3.236120725903469975e+02 3.279274782355852835e+02 3.322463266871966425e+02 3.365654451907022917e+02 3.409227973309330082e+02 3.453281456195015835e+02 3.497587332164851546e+02 3.542242793006035981e+02 3.587256398863771096e+02 3.631779091707266502e+02 3.674656881687761825e+02 3.715280908937935465e+02 3.753265592875035850e+02 3.788005209120290715e+02 3.818817193161362979e+02 3.844712531739148744e+02 3.863992270965399598e+02 3.874760218052657024e+02 3.876730639032802515e+02 3.869860324948318748e+02 3.853067350750873175e+02 3.827369837784364108e+02 3.794526857329294671e+02 3.756076848912819059e+02
2.761366412084103672e+02 2.773449063060425033e+02 2.786699246530158121e+02 2.801540547751894223e+02 2.817669667256117236e+02 2.836281811474664778e+02 2.864948093701827929e+02 2.906122212160847766e+02 2.950609717942155612e+02 2.995104771197474633e+02 3.039459689466952454e+02 3.083759476712895662e+02 3.128174520443202482e+02 3.172843888746604648e+02 3.217639091042868245e+02 3.262551118230444445e+02 3.307972630716810727e+02 3.354041161530691966e+02 3.400583152162654414e+02 3.447748610250583852e+02 3.495623459757355818e+02 3.543445476080005392e+02 3.590109313745817303e+02 3.635026099326614712e+02 3.677815013142029557e+02 3.717917955443742812e+02 3.754742688649557181e+02 3.787418370635977567e+02 3.814354162028918154e+02 3.833241745978963877e+02 3.842279459315797681e+02 3.842200501078103230e+02 3.833198956630237149e+02 3.813698041761811623e+02 3.784708944785817835e+02 3.748150101764999249e+02 3.705879618395854891e+02
2.689732435078922208e+02 2.701045718643920850e+02 2.713454624059173170e+02 2.727214678984571492e+02 2.742035766460224977e+02 2.761216697116387877e+02 2.794739527760638680e+02 2.837537459428709212e+02 2.882198302212302679e+02 2.927138198471289456e+02 2.972190454594344260e+02 3.017401706229843512e+02 3.062904725705432156e+02 3.108607311139573426e+02 3.154528320484042752e+02 3.201070514589920322e+02 3.248407377660803945e+02 3.296422301889357414e+02 3.345318785428110004e+02 3.395258410180126134e+02 3.445582034482774247e+02 3.495270684426391199e+02 3.543798051374712941e+02 3.590845717326092199e+02 3.635916536259121585e+02 3.678500746279163423e+02 3.717831541596851821e+02 3.752434327789247845e+02 3.780090949422832978e+02 3.798292711095647292e+02 3.805702426205882603e+02 3.803894865906597147e+02 3.793172531451364193e+02 3.771470540929031472e+02 3.739838003601369678e+02 3.700300551156008169e+02 3.654799832553150623e+02
2.620396719718125951e+02 2.630892447644550316e+02 2.642415433328012568e+02 2.655247681216069395e+02 2.669252061617188474e+02 2.689910889011851509e+02 2.727131651759529518e+02 2.770996291749778493e+02 2.815782552551399931e+02 2.860935736414098187e+02 2.906354306214900021e+02 2.952101875410450589e+02 2.998101982731066073e+02 3.044399868332870369e+02 3.091405056899154147e+02 3.139321426482631523e+02 3.188086722388501926e+02 3.237952746971749889e+02 3.289150214942045523e+02 3.341130884357676223e+02 3.392986041309989673e+02 3.444275592171759399e+02 3.494767784637447789e+02 3.544059272136867094e+02 3.591741530956999213e+02 3.637163467025266641e+02 3.678971513663760220e+02 3.715076399542472245e+02 3.742998006310620553e+02 3.760269721769611238e+02 3.766174932099021930e+02 3.762868166048536409e+02 3.750705064907855899e+02 3.727192072078689193e+02 3.693381569303733727e+02 3.651458715362747398e+02 3.603401811520706701e+02
2.553467370835791144e+02 2.563103517615921874e+02 2.573659543150262152e+02 2.585268261296553760e+02 2.599127474883174500e+02 2.623519640998233058e+02 2.662921251038357013e+02 2.707072516647224916e+02 2.751878382133044170e+02 2.797012000546308741e+02 2.842515895011426892e+02 2.888305336501767329e+02 2.934445117919260042e+02 2.981347302729415105e+02 3.029240175667285371e+02 3.078110301078194198e+02 3.128249409855903309e+02 3.179946774500623405e+02 3.232764311465892888e+02 3.285915732434896199e+02 3.339060078625813617e+02 3.392064878806960451e+02 3.444639231889971143e+02 3.496496457682611663e+02 3.547122048093704052e+02 3.595309972270478056e+02 3.639118038474849754e+02 3.676228578768316311e+02 3.704043836099583018e+02 3.720139044357017042e+02 3.724617575101705143e+02 3.719983057368145296e+02 3.706532340762240665e+02 3.681476577120055822e+02 3.645871689471897525e+02 3.601998466902309701e+02 3.551932234047225165e+02
2.488975268047128679e+02 2.497708486941875492e+02 2.507100888225223514e+02 2.517361313988931784e+02 2.532084862390056230e+02 2.562126107456173258e+02 2.602980806184609719e+02 2.646510428819194090e+02 2.690836779975548438e+02 2.735694748695854059e+02 2.780871048570922994e+02 2.826423784400965928e+02 2.872760747636518772e+02 2.920128729642456733e+02 2.968556404171168310e+02 3.018365849417392042e+02 3.069892225158811812e+02 3.122800269704706011e+02 3.176428209609794067e+02 3.230538291267963587e+02 3.285101932744100282e+02 3.339949981330321975e+02 3.394929128524293560e+02 3.449677128585489072e+02 3.503160529192795707e+02 3.553609941903883396e+02 3.598880691169736679e+02 3.636583518397809485e+02 3.663954025753300812e+02 3.678733150533598746e+02 3.681894691055675253e+02 3.676035253248520007e+02 3.661150193505236530e+02 3.634735972549185590e+02 3.597653295102281845e+02 3.552226676382884989e+02 3.500565155828325601e+02
2.426915663046223415e+02 2.434744523929444711e+02 2.443226606216020116e+02 2.452910139272175911e+02 2.469788028835440912e+02 2.504265480585752641e+02 2.545943877150544097e+02 2.588955580762024624e+02 2.632756810272000507e+02 2.676984416374264129e+02 2.721618050195434648e+02 2.767032999080824425e+02 2.813482498508149092e+02 2.861028807029495624e+02 2.910014729131901845e+02 2.960808157456627328e+02 3.013164817387365133e+02 3.066541519597327010e+02 3.120800199878304966e+02 3.176014001578134867e+02 3.232137604025639348e+02 3.289155437400175401e+02 3.346865328448125751e+02 3.404423274060573021e+02 3.460260915282691485e+02 3.512423764110607749e+02 3.558720954857364518e+02 3.596619500829759204e+02 3.623307939021394191e+02 3.636822083878923308e+02 3.638871382975069082e+02 3.631776740789565565e+02 3.614888270923977984e+02 3.587036863715722461e+02 3.548882666105630506e+02 3.502290244681876743e+02 3.449440249785763513e+02
2.367255359592608670e+02 2.374184844051362688e+02 2.381572966854740230e+02 2.391558055198442503e+02 2.413020193874818631e+02 2.450157823158575070e+02 2.491944013037107766e+02 2.534467925434433937e+02 2.577447518000730611e+02 2.620898871955816389e+02 2.665127964288319617e+02 2.710369562323015771e+02 2.756704908414259876e+02 2.804487089521098824e+02 2.854104078554067314e+02 2.905388257729863426e+02 2.957903144696525715e+02 3.011600380622299440e+02 3.066646312523482720e+02 3.123115001556753327e+02 3.181127455181265873e+02 3.240644079308800656e+02 3.301020031771638514e+02 3.360907427692657734e+02 3.418566306741277003e+02 3.472008238510069873e+02 3.518916023516542282e+02 3.556702304791490974e+02 3.582643411656921444e+02 3.595048698221139603e+02 3.596195687517214310e+02 3.587879674564141510e+02 3.568401104585500434e+02 3.538509068283973420e+02 3.499432889711644066e+02 3.452208097094839445e+02 3.398578069590357131e+02
2.309968979199572914e+02 2.315971083365137986e+02 2.322354166989904627e+02 2.333724410440237591e+02 2.361517027238004118e+02 2.400306430196997667e+02 2.441254108281876540e+02 2.482739922691484651e+02 2.524801023256515862e+02 2.567653225459913529e+02 2.611487881719434085e+02 2.656384076496979674e+02 2.702691933011063270e+02 2.750807097078215406e+02 2.800623406449540198e+02 2.851795550938616657e+02 2.904349845312957541e+02 2.958531062880420563e+02 3.014520914405493386e+02 3.072569912203716740e+02 3.132799698606431207e+02 3.194770723521625655e+02 3.257369765578946499e+02 3.319090165131747199e+02 3.378163025240045272e+02 3.432479937535223371e+02 3.479666742669639916e+02 3.517191995621249134e+02 3.542367310027835288e+02 3.553669726304728442e+02 3.553929093199397471e+02 3.544645611648330714e+02 3.522923423567143004e+02 3.490392870305632869e+02 3.449608854670808569e+02 3.401818961734919071e+02 3.347923931831531377e+02
2.255017776089848667e+02 2.260511918149192923e+02 2.266826254015199993e+02 2.280747237195868422e+02 2.313234820771108389e+02 2.352783475624888183e+02 2.392938334730009444e+02 2.433555311518133806e+02 2.474924152237825297e+02 2.517230299104342919e+02 2.560546000842265926e+02 2.605206873206770410e+02 2.651604157481454536e+02 2.699678084996522216e+02 2.749157663625865666e+02 2.800126121498830116e+02 2.852886724634105917e+02 2.907708771776216281e+02 2.964956055337907515e+02 3.024904185698840138e+02 3.087323098057830748e+02 3.151347861248921163e+02 3.215722830603065745e+02 3.278915633586834133e+02 3.339038854267794250e+02 3.393919132053576959e+02 3.441219512858008329e+02 3.478406070628165025e+02 3.502785689891435368e+02 3.512980453510620009e+02 3.512172105328252769e+02 3.501889893670143010e+02 3.478689447534484884e+02 3.443848875760415353e+02 3.400603697584397764e+02 3.351405508632101373e+02 3.297273233330166704e+02
2.202175535441382124e+02 2.206993446412924413e+02 2.214297243859713262e+02 2.233236613800004022e+02 2.268305552115184298e+02 2.307635577553425321e+02 2.347086622077904110e+02 2.387001676145906401e+02 2.427742568495840771e+02 2.469411532985242843e+02 2.512334945099436538e+02 2.556892409509454751e+02 2.603057241699220299e+02 2.650616736477057316e+02 2.699693562104906164e+02 2.750627679782041923e+02 2.803749164115429267e+02 2.859506781596709857e+02 2.918308005676071275e+02 2.980130057020068648e+02 3.044373086247175024e+02 3.110055509295248726e+02 3.175902489881062820e+02 3.240264294694991349e+02 3.301178411730892890e+02 3.356486716433625475e+02 3.403823336467758622e+02 3.440612313378422300e+02 3.464167332387864917e+02 3.473215241585556896e+02 3.471195470633649052e+02 3.459623285685128167e+02 3.435150912757414403e+02 3.398814754830834772e+02 3.353454730388893950e+02 3.302090982064955256e+02 3.246865288151987556e+02
2.151143764855277709e+02 2.155146482362155496e+02 2.165208816754945076e+02 2.190836555084259487e+02 2.227184161669457581e+02 2.265259596532506805e+02 2.303757093589480860e+02 2.342970523898731585e+02 2.382996747810170746e+02 2.424161240388037584e+02 2.466833558904955055e+02 2.511011840138610296e+02 2.556528679187418334e+02 2.603531811822936106e+02 2.652378685093058834e+02 2.703432808032172829e+02 2.757191089185393480e+02 2.814151041369837003e+02 2.874463004287220542e+02 2.937807719748986415e+02 3.003517282062881577e+02 3.070609513039020726e+02 3.137695174109506979e+02 3.203039398853655371e+02 3.264672336745209122e+02 3.320377663459876203e+02 3.367712443860626195e+02 3.404070557454211325e+02 3.426772551760412853e+02 3.434606976645260374e+02 3.431193869117583404e+02 3.417903465642061747e+02 3.392026389374767632e+02 3.354533318279276273e+02 3.307943183081793563e+02 3.254790772771872867e+02 3.197738031211563339e+02
2.101965292625652069e+02 2.106125082479908315e+02 2.121172643869350907e+02 2.151567751682011647e+02 2.187850921058367248e+02 2.224961312592199931e+02 2.262710449437016393e+02 2.301159918359537642e+02 2.340604610251979807e+02 2.381407749205191635e+02 2.423591327576310164e+02 2.467025677897037212e+02 2.511874040530729246e+02 2.558498086308669883e+02 2.607273312588052931e+02 2.658712558989097943e+02 2.713350085377901451e+02 2.771446941836388760e+02 2.832891792177514958e+02 2.897397277069832171e+02 2.964366962247990500e+02 3.032707869989656047e+02 3.100930410828138406e+02 3.167269339174429206e+02 3.229671368689480460e+02 3.285802005743550467e+02 3.333133692892649265e+02 3.369035558170848503e+02 3.390858765054397281e+02 3.397515874016706903e+02 3.392464383041107681e+02 3.376602953580730286e+02 3.349048561949183522e+02 3.310576200512820151e+02 3.263209370100519209e+02 3.209190882044247815e+02 3.150704542168792273e+02
2.054601720283671682e+02 2.060451801215735088e+02 2.082204042444168692e+02 2.115068916382170698e+02 2.150481624860506997e+02 2.186720890596967593e+02 2.223666337128922521e+02 2.261470335340231941e+02 2.300465634232130299e+02 2.340696337032154872e+02 2.382068023272865105e+02 2.424755021577856553e+02 2.469115684741187238e+02 2.515525801794735230e+02 2.564491177856295963e+02 2.616552487149930357e+02 2.672000918883288705e+02 2.730855876769542760e+02 2.792912914784411669e+02 2.858365035547519710e+02 2.926503741927655255e+02 2.996095174956862479e+02 3.065566930961957155e+02 3.133054237531599142e+02 3.196366101445432832e+02 3.253023077584114731e+02 3.300350485859975720e+02 3.335736475755974197e+02 3.356678341342966974e+02 3.362220215140189339e+02 3.355379345838678091e+02 3.336167466048041206e+02 3.306074483320408035e+02 3.266617406067239244e+02 3.218809315664930750e+02 3.164409813310010691e+02 3.105402496125280436e+02
2.010354822779963229e+02 2.019086557518601239e+02 2.045951095277247020e+02 2.079921534010015023e+02 2.114786118454342159e+02 2.150276059618416298e+02 2.186514397309161382e+02 2.223781534348977118e+02 2.262129645215483436e+02 2.301495923560281085e+02 2.342063625286314448e+02 2.384185167004624475e+02 2.428227882766332755e+02 2.474688182398768959e+02 2.524083737768744697e+02 2.576744629134057050e+02 2.632586188254373383e+02 2.691747159686407258e+02 2.754030984194491225e+02 2.820339855294741938e+02 2.889813906539311006e+02 2.960867576065637650e+02 3.031807327736577236e+02 3.100651520829161996e+02 3.165082682354806138e+02 3.222391613394250953e+02 3.269657615396998835e+02 3.304354820525696823e+02 3.324163842999539042e+02 3.328392899832857665e+02 3.319784534874028168e+02 3.297700426077056477e+02 3.264360187431208260e+02 3.222836322968592526e+02 3.174477040284773466e+02 3.120021700097836401e+02 3.060959783472457048e+02
