FastScape_2p5Ma_halfmmyr_mp5_n1_k5Minus5_5kyrTimeStep_30mRes_20kmBy30Km.txt
nrows 100
cellsize 30.0
xllcorner 0.0
ncols 200
yllcorner 0.0
[rows 51 to 67 of 100, columns 0 to 36 of 200]
0.000000000000000000e+00 1.970591807617487063e+02 1.973578380348028816e+02 1.979704958396680752e+02 1.989171039069367168e+02 2.002058860455830143e+02 2.018191176928751531e+02 2.037074003752645410e+02 2.057943952947873356e+02 2.079890111169714828e+02 2.101993166855782817e+02 2.123431341415385418e+02 2.143532790385411886e+02 2.161784805233393172e+02 2.177824087454578716e+02 2.191427424307894967e+02 2.202508090592833128e+02 2.211112005093548589e+02 2.217404944448837512e+02 2.221646626351257510e+02 2.224154288252783545e+02 2.225263170360782965e+02 2.225292257687484607e+02 2.224521195952856942e+02 2.223180131852038812e+02 2.221450297899586701e+02 2.219470960206148220e+02 2.217348319595855344e+02 2.215163443182228491e+02 2.212978134288380829e+02 2.210838923490802870e+02 2.208779835828887315e+02 2.206824510652993183e+02 2.204987992315808185e+02 2.203278304663940332e+02 2.201697826587628128e+02 2.200244462358327553e+02
0.000000000000000000e+00 1.923984396434252631e+02 1.927383332917044640e+02 1.934378206725884297e+02 1.945228619101950756e+02 1.960053979161965572e+02 1.978659743475181472e+02 2.000470876365658626e+02 2.024593218044426521e+02 2.049962057501302013e+02 2.075506480787965984e+02 2.100270119350613527e+02 2.123467794670552848e+02 2.144494241105112167e+02 2.162915255501658578e+02 2.178462569104143256e+02 2.191035228863972861e+02 2.200697312487330919e+02 2.207660788520394703e+02 2.212250082467723757e+02 2.214854093698399424e+02 2.215876498855409409e+02 2.215694806861065160e+02 2.214634463581082855e+02 2.212958933070788135e+02 2.210872304605736929e+02 2.208528874407029434e+02 2.206044484070494036e+02 2.203506298311390310e+02 2.200979874657578534e+02 2.198513850223395707e+02 2.196143096640441001e+02 2.193891075914300757e+02 2.191771803050231995e+02 2.189791561282242753e+02 2.187950390926984028e+02 2.186243338206899693e+02
0.000000000000000000e+00 1.871726243741047995e+02 1.875542592746616606e+02 1.883409406360644311e+02 1.895634222301882801e+02 1.912357912530852104e+02 1.933353204011511366e+02 1.957953108206420154e+02 1.985128905852882895e+02 2.013664939649769394e+02 2.042345168197012981e+02 2.070085292384265188e+02 2.095991982009361720e+02 2.119372053675726022e+02 2.139727066036194003e+02 2.156754644592989507e+02 2.170355140093889474e+02 2.180628839261863732e+02 2.187850979817502548e+02 2.192423465584853943e+02 2.194813456786772008e+02 2.195493535989449754e+02 2.194895581615358253e+02 2.193384145171363855e+02 2.191248629986463925e+02 2.188709128097875123e+02 2.185929169870395015e+02 2.183029564231989070e+02 2.180099862883701292e+02 2.177206421033008041e+02 2.174397604623701739e+02 2.171707208687230661e+02 2.169156965007219071e+02 2.166758617369615934e+02 2.164515732838977158e+02 2.162425269206625273e+02 2.160478876777856385e+02
0.000000000000000000e+00 1.815588963846479658e+02 1.819846039079121738e+02 1.828618310631223949e+02 1.842238240191446437e+02 1.860841253969948070e+02 1.884143874467509079e+02 1.911373117700892124e+02 1.941363198079629626e+02 1.972754083682147268e+02 2.004195145216453113e+02 2.034484168827508768e+02 2.062627760503386298e+02 2.087852851002779744e+02 2.109607959993426789e+02 2.127572976697042293e+02 2.141670298627692830e+02 2.152058147667373476e+02 2.159093382248734088e+02 2.163266986184563336e+02 2.165128053672179931e+02 2.165214873206115840e+02 2.164006037940843612e+02 2.161895736833238288e+02 2.159190054077438106e+02 2.156117132174064182e+02 2.152843390600810949e+02 2.149489701864150106e+02 2.146144216515332630e+02 2.142871114025765564e+02 2.139716117549100431e+02 2.136710042995781293e+02 2.133871376367392543e+02 2.131208405267703654e+02 2.128721082507224764e+02 2.126402636803427129e+02 2.124240901038275524e+02
0.000000000000000000e+00 1.757155467865829337e+02 1.761893583843736337e+02 1.771632925735474942e+02 1.786698509848984884e+02 1.807184227987161478e+02 1.832720898172679256e+02 1.862413673495159401e+02 1.894958621423958220e+02 1.928860691485826635e+02 1.962647875950931393e+02 1.995012339702785482e+02 2.024871304404844921e+02 2.051383554864507346e+02 2.073960640405267952e+02 2.092286167432446291e+02 2.106329161380146786e+02 2.116328929323355226e+02 2.122741026281047425e+02 2.126153797119990259e+02 2.127197757337176824e+02 2.126469792311404774e+02 2.124484635566716122e+02 2.121654908138563087e+02 2.118293376593830999e+02 2.114628194871046105e+02 2.110822566145141934e+02 2.106992862717106902e+02 2.103222369259986806e+02 2.099570384356411807e+02 2.096077832250348365e+02 2.092770825879565564e+02 2.089663247048293613e+02 2.086758888033548942e+02 2.084053329230924021e+02 2.081535560122486572e+02 2.079189308197540242e+02
0.000000000000000000e+00 1.697777547662768427e+02 1.703048531860613082e+02 1.713835267610451467e+02 1.730416445057571480e+02 1.752802534884618808e+02 1.780506064516290792e+02 1.812494256819556426e+02 1.847325382026790805e+02 1.883380344246684786e+02 1.919080237008707854e+02 1.953025394124395575e+02 1.984057020874247428e+02 2.011281737879265847e+02 2.034095219362238254e+02 2.052210443413372332e+02 2.065669436204370584e+02 2.074814418905124853e+02 2.080212781079979436e+02 2.082553313320333928e+02 2.082542504352506398e+02 2.080825112570474573e+02 2.077939491567728112e+02 2.074304973470764537e+02 2.070231407579629490e+02 2.065939725346598266e+02 2.061584670030050290e+02 2.057274297640649650e+02 2.053084152467520767e+02 2.049066399716861042e+02 2.045255361019591476e+02 2.041671007111184508e+02 2.038321495799193031e+02 2.035205290289951279e+02 2.032313019674937493e+02 2.029629081016206271e+02 2.027132944849490457e+02
0.000000000000000000e+00 1.638569654704870402e+02 1.644428866798913589e+02 1.656348209199038024e+02 1.674518292704087230e+02 1.698822499194635327e+02 1.728622558121354587e+02 1.762732985556612277e+02 1.799575828324311999e+02 1.837419380685151680e+02 1.874592517268152676e+02 1.909618717653499971e+02 1.941279618510529588e+02 1.968650315727608131e+02 1.991136368707562951e+02 2.008508443298422037e+02 2.020907249588273089e+02 2.028795723663205308e+02 2.032860154537686412e+02 2.033886605159903240e+02 2.032647213528991301e+02 2.029821135507280587e+02 2.025957086065091062e+02 2.021470032886799686e+02 2.016658605504603088e+02 2.011730674022379901e+02 2.006828481031051865e+02 2.002048881800014328e+02 1.997457499925102695e+02 1.993097637963805369e+02 1.988995620899575556e+02 1.985164171418084607e+02 1.981604881357791612e+02 1.978310284421906715e+02 1.975265674634999016e+02 1.972450664396722857e+02 1.969840444715218268e+02
0.000000000000000000e+00 1.580420077334582345e+02 1.586918000712107926e+02 1.600045527372499805e+02 1.619864307785250617e+02 1.646089053678280436e+02 1.677901024148235649e+02 1.713949608409646999e+02 1.752523095821459833e+02 1.791788224056795684e+02 1.829996035149950160e+02 1.865609471585146935e+02 1.897370531975823553e+02 1.924347989077677141e+02 1.945986570946362235e+02 1.962143453690484591e+02 1.973080458854207677e+02 1.979392855329757026e+02 1.981885689176867800e+02 1.981432895449690363e+02 1.978857968699706475e+02 1.974859522201852826e+02 1.969983853227397788e+02 1.964632028404349171e+02 1.959084970868752293e+02 1.953533270231014853e+02 1.948103882472552755e+02 1.942880489879854622e+02 1.937917278192535377e+02 1.933247461999331449e+02 1.928888379878775368e+02 1.924844736525904239e+02 1.921110997698680762e+02 1.917673401826467625e+02 1.914511715930312619e+02 1.911600727952520344e+02 1.908911442264595451e+02
0.000000000000000000e+00 1.524006935688742601e+02 1.531182186691837046e+02 1.545571885366018705e+02 1.567071888243046374e+02 1.595191787544649742e+02 1.628907456087792696e+02 1.666693659154998670e+02 1.706708020519488116e+02 1.747026093608031090e+02 1.785835327049197474e+02 1.821556215914102665e+02 1.852914621538135407e+02 1.879001893214543770e+02 1.899332801290199768e+02 1.913877857444001336e+02 1.923036937255333783e+02 1.927541853325948296e+02 1.928309105932727334e+02 1.926285938899191592e+02 1.922330465291320252e+02 1.917145781575543424e+02 1.911264471476791869e+02 1.905066210357727812e+02 1.898809666874584252e+02 1.892665459672915915e+02 1.886743565443621264e+02 1.881113283952768427e+02 1.875816400854816379e+02 1.870875252902487773e+02 1.866297565522753530e+02 1.862079565170629962e+02 1.858208293944154832e+02 1.854663547075651593e+02 1.851419548229911243e+02 1.848446357209995483e+02 1.845710983697918834e+02
0.000000000000000000e+00 1.469814170271208980e+02 1.477689152524233691e+02 1.493366139329208409e+02 1.516544496499262777e+02 1.546499182521874332e+02 1.581981461499088084e+02 1.621285079672061045e+02 1.662440711128990358e+02 1.703442738032473756e+02 1.742429744535665463e+02 1.777800056778050646e+02 1.808290001665959892e+02 1.833044467981044363e+02 1.851678288860668431e+02 1.864297729540234059e+02 1.871450674260484845e+02 1.874002146978828875e+02 1.872966736286898026e+02 1.869347026902126174e+02 1.864018314200401392e+02 1.857674434283967457e+02 1.850825077904391378e+02 1.843823196533061832e+02 1.836902404610193003e+02 1.830211898774466590e+02 1.823843812037093528e+02 1.817852419496545053e+02 1.812266571237837240e+02 1.807097290595048662e+02 1.802342372360273828e+02 1.797989374914614302e+02 1.794017850074997682e+02 1.790401192939153816e+02 1.787108219695337823e+02 1.784104474142439472e+02 1.781353245004245025e+02
0.000000000000000000e+00 1.418148693278650683e+02 1.426728275537339528e+02 1.443686756894409768e+02 1.468503234740412040e+02 1.500195935992822740e+02 1.537278060606304280e+02 1.577859043451617254e+02 1.619847313893413343e+02 1.661166550319771886e+02 1.699922509704656761e+02 1.734513924898230073e+02 1.763716207690344788e+02 1.786758661109224988e+02 1.803382865474448238e+02 1.813846995689058588e+02 1.818849368159973778e+02 1.819378200722242411e+02 1.816528528278216470e+02 1.811338892864523586e+02 1.804685212480878533e+02 1.797240423821894240e+02 1.789484479851624599e+02 1.781740229420975936e+02 1.774214812138799573e+02 1.767035433063948062e+02 1.760276074981051977e+02 1.753975735695998992e+02 1.748150110083754498e+02 1.742798754732433792e+02 1.737909473299538377e+02 1.733461194449501761e+02 1.729426108108508799e+02 1.725771412464209789e+02 1.722460778279656779e+02 1.719455539804534965e+02 1.716715603332062869e+02
0.000000000000000000e+00 1.369162306949585854e+02 1.378435018017806328e+02 1.396640535903632383e+02 1.423020462083257769e+02 1.456321050567870827e+02 1.494809281135568426e+02 1.536410109166292273e+02 1.578916087881726185e+02 1.620192122295628678e+02 1.658329129567777613e+02 1.691750740033060652e+02 1.719300519394352875e+02 1.740320714840102596e+02 1.754700963439504449e+02 1.762860260558819050e+02 1.765642665147724415e+02 1.764144440377408500e+02 1.759521172008649899e+02 1.752828351948774639e+02 1.744927968104360900e+02 1.736462924120454829e+02 1.727878791316734350e+02 1.719466503745211412e+02 1.711406269418331192e+02 1.703803286661640470e+02 1.696713423515263059e+02 1.690160407365965796e+02 1.684146794319851494e+02 1.678660747305270888e+02 1.673680229717726604e+02 1.669175766786665633e+02 1.665112474218674095e+02 1.661451685765443926e+02 1.658152289088572786e+02 1.655171788730970377e+02 1.652467095832010671e+02
0.000000000000000000e+00 1.322880455103935162e+02 1.332821021165968602e+02 1.352214923848010528e+02 1.380054574048552922e+02 1.414804820830992753e+02 1.454482961359049398e+02 1.496832566374615396e+02 1.539539108150614766e+02 1.580422934025692996e+02 1.617580230307449085e+02 1.649485042587770636e+02 1.675076844374923439e+02 1.693835077555291093e+02 1.705812115860721576e+02 1.711589405516709803e+02 1.712146109075223706e+02 1.708668107730753718e+02 1.702351239902351381e+02 1.694250633333355722e+02 1.685202391056583906e+02 1.675812737691775283e+02 1.666490063337830918e+02 1.657492703319943530e+02 1.648974076482288638e+02 1.641017670250955121e+02 1.633661474120688979e+02 1.626914132011914944e+02 1.620765262661526833e+02 1.615191893304989605e+02 1.610162470613468031e+02 1.605639494067624469e+02 1.601581418945377209e+02 1.597944147478564787e+02 1.594682222758956698e+02 1.591749753521952186e+02 1.589101077075335411e+02
0.000000000000000000e+00 1.279235617409485855e+02 1.289807478411709951e+02 1.310311316269682607e+02 1.339483191311779819e+02 1.375502014287035308e+02 1.416136217685493079e+02 1.458954550464873705e+02 1.501547157744223853e+02 1.541706622732361325e+02 1.577556193036019465e+02 1.607645627163451536e+02 1.631035118136435358e+02 1.647359980599784990e+02 1.656843021977522881e+02 1.660223254544333997e+02 1.658599927546977710e+02 1.653228611188042407e+02 1.645326108609906726e+02 1.635932312775165371e+02 1.625848194723617723e+02 1.615638841720137862e+02 1.605674067365883957e+02 1.596179661790324644e+02 1.587282730102758137e+02 1.579045506148675031e+02 1.571488462787436333e+02 1.564605486469798734e+02 1.558373613256383976e+02 1.552759145652719894e+02 1.547721476732884014e+02 1.543215577052283720e+02 1.539193751890885267e+02 1.535606979715744274e+02 1.532405952405599407e+02 1.529541853652992813e+02 1.526966889185842717e+02
0.000000000000000000e+00 1.238099026960710489e+02 1.249255884462120605e+02 1.270774208237403258e+02 1.301130645004433859e+02 1.338218185551152715e+02 1.379561396587596391e+02 1.422564329236303990e+02 1.464736520208475099e+02 1.503861740977174009e+02 1.538112787260885170e+02 1.566138861809448883e+02 1.587141548887241811e+02 1.600924631669367386e+02 1.607882519001819048e+02 1.608901668120298893e+02 1.605183655992283320e+02 1.598033755597528796e+02 1.588672338352162967e+02 1.578111878106425650e+02 1.567111449002451309e+02 1.556192301038198593e+02 1.545685265435117799e+02 1.535784085040151297e+02 1.526590197622641654e+02 1.518145130272606025e+02 1.510452297599582607e+02 1.503491275316311828e+02 1.497227003644377703e+02 1.491615598222153665e+02 1.486607972750589113e+02 1.482152156921646338e+02 1.478194887713054868e+02 1.474682780426564364e+02 1.471563205509248462e+02 1.468784914383741977e+02 1.466298432960943217e+02
0.000000000000000000e+00 1.199303560016768984e+02 1.210989866056228976e+02 1.233411376596862823e+02 1.264786625648605707e+02 1.302727493327242314e+02 1.344523932699103739e+02 1.387428747724871982e+02 1.428887902878754801e+02 1.466696409920621704e+02 1.499098508285999287e+02 1.524863861529175324e+02 1.543351382042707201e+02 1.554540062633729178e+02 1.558991570357678711e+02 1.557725922362413655e+02 1.552027963594359790e+02 1.543233629490675298e+02 1.532551752575294586e+02 1.520957771677097128e+02 1.509164184918329283e+02 1.497647027430542437e+02 1.486698401207209201e+02 1.476480756212563392e+02 1.467070602036910998e+02 1.458489374341941414e+02 1.450723979867667879e+02 1.443740242920987384e+02 1.437491610343171260e+02 1.431924653236093832e+02 1.426982466801883049e+02 1.422606795560275827e+02 1.418739439851395332e+02 1.415323246820246368e+02 1.412302816217106169e+02 1.409624969418652825e+02 1.407239004067647841e+02
0.000000000000000000e+00 1.162654508665191599e+02 1.174805654124347569e+02 1.198004031233606383e+02 1.230216359895393339e+02 1.268783438853202199e+02 1.310774033629317614e+02 1.353305793452877595e+02 1.393779295505563027e+02 1.430020574126814665e+02 1.460365407715880792e+02 1.483721518468547060e+02 1.499616374412884170e+02 1.508205830538587691e+02 1.510210234667231646e+02 1.506766906494492559e+02 1.499224704557452412e+02 1.488932711436679028e+02 1.477075446948731781e+02 1.464583953675666521e+02 1.452121126864604719e+02 1.440117360808145577e+02 1.428826709647372581e+02 1.418381239370610274e+02 1.408833339355054761e+02 1.400185042568666063e+02 1.392407394860495344e+02 1.385453135467655841e+02 1.379264921140267006e+02 1.373780505602418316e+02 1.368935892356864485e+02 1.364667244448841075e+02 1.360912089648795700e+02 1.357610121156563423e+02 1.354703726911728836e+02 1.352138299487328936e+02 1.349862351471077773e+02
