FastScape_5Ma_1mmyr_mp5_n1_k5Minus5_10kyrTimeStep_30mRes_6kmBy6Km_noRainfallThresh.txt
nrows 200
cellsize 30.0
xllcorner 0.0
ncols 200
yllcorner 0.0
[rows 17 to 33 of 200, columns 37 to 73 of 200]
9.427025766324980793e+01 9.427384925553195671e+01 9.427724899008761383e+01 9.428037225023338408e+01 9.428308113219983966e+01 9.428550603873956959e+01 9.428794643686697441e+01 9.428992258463929943e+01 9.429169075317132354e+01 9.429324032761351759e+01 9.429445470658525608e+01 9.429538467104808319e+01 9.429640202123182746e+01 9.429721122050416682e+01 9.429765036939849665e+01 9.429779307094656815e+01 9.429756679967860578e+01 9.429725845523363148e+01 9.429669947904805838e+01 9.429588763589022449e+01 9.429484807320423556e+01 9.429357925697814835e+01 9.429201543038855959e+01 9.429004283516752594e+01 9.428787486847849664e+01 9.428562082958941915e+01 9.428284194539627094e+01 9.427982121455092113e+01 9.427670475632470470e+01 9.427358936489456198e+01 9.427023196892626800e+01 9.426703462939251210e+01 9.426421550981405062e+01 9.426159311859582601e+01 9.425949267109911034e+01 9.425788200972250763e+01 9.425660705368611048e+01
9.542692862465914061e+01 9.543006566705615512e+01 9.543304572935612384e+01 9.543579715923432616e+01 9.543820347585229058e+01 9.544037208919368709e+01 9.544255155810385816e+01 9.544433972219835027e+01 9.544594940905199110e+01 9.544737056535640818e+01 9.544850490398988541e+01 9.544939394211053241e+01 9.545034744456216913e+01 9.545111805194366639e+01 9.545157009807489601e+01 9.545176455510105029e+01 9.545164030901059959e+01 9.545143641452982308e+01 9.545101172593648187e+01 9.545036402965978084e+01 9.544951400294935695e+01 9.544846018672515697e+01 9.544714767838347313e+01 9.544548158979092989e+01 9.544364022577036621e+01 9.544171531397581987e+01 9.543934116502893517e+01 9.543675477570528187e+01 9.543407892931372771e+01 9.543139555757278458e+01 9.542850281326127515e+01 9.542573747558047614e+01 9.542328303077890439e+01 9.542098929416306419e+01 9.541912928934405613e+01 9.541767768836760411e+01 9.541650756520871823e+01
9.637551794685847995e+01 9.637822146009725088e+01 9.638079768393050983e+01 9.638318648408366585e+01 9.638529030305983269e+01 9.638719705689753425e+01 9.638911164138630738e+01 9.639069945705175257e+01 9.639213603046157175e+01 9.639341207928259792e+01 9.639444538673778595e+01 9.639526963958969930e+01 9.639614104150990670e+01 9.639685405614682168e+01 9.639729582296364185e+01 9.639751647662865253e+01 9.639746489262128648e+01 9.639733881044806196e+01 9.639702090297512882e+01 9.639650905135979997e+01 9.639582012842056713e+01 9.639495277131534579e+01 9.639386146080451567e+01 9.639246759733883607e+01 9.639091903092777613e+01 9.638929212065463048e+01 9.638728423188231886e+01 9.638509229011106072e+01 9.638281859461710610e+01 9.638053185542848667e+01 9.637806554867712805e+01 9.637569957113245778e+01 9.637358698132241841e+01 9.637160429526804251e+01 9.636997894138833942e+01 9.636869110236487757e+01 9.636763694188616114e+01
9.714758368144885026e+01 9.714988387674945614e+01 9.715208171217184940e+01 9.715412716846459773e+01 9.715593922864738374e+01 9.715758940327920357e+01 9.715924543846786321e+01 9.716063105531898714e+01 9.716189001798645108e+01 9.716301394943802450e+01 9.716393461572238266e+01 9.716467915294765589e+01 9.716545792256331993e+01 9.716610139603858443e+01 9.716651637794338114e+01 9.716674379054666133e+01 9.716674118392161574e+01 9.716667092788205196e+01 9.716643621629357597e+01 9.716603507829073294e+01 9.716548118002393153e+01 9.716477327244221840e+01 9.716387388583241602e+01 9.716271837226193497e+01 9.716142839467146075e+01 9.716006700849524691e+01 9.715838554421097228e+01 9.715654635603011968e+01 9.715463395998216356e+01 9.715270545557717696e+01 9.715062437014343288e+01 9.714862150753057790e+01 9.714682350143239375e+01 9.714512947743124016e+01 9.714372740339979373e+01 9.714260186760975557e+01 9.714166850354534688e+01
9.777118577041002823e+01 9.777311884749329352e+01 9.777497024075431398e+01 9.777669871306108007e+01 9.777823755441855269e+01 9.777964456797535320e+01 9.778105614106179644e+01 9.778224589552688428e+01 9.778333076783728472e+01 9.778430335289469610e+01 9.778510747586842911e+01 9.778576484499457422e+01 9.778644692274053796e+01 9.778701492285317443e+01 9.778739246659837647e+01 9.778761271580870584e+01 9.778764069127824143e+01 9.778760874213136844e+01 9.778743759234808408e+01 9.778712545423231006e+01 9.778668331648339063e+01 9.778611005619292484e+01 9.778537505493554249e+01 9.778442552127661713e+01 9.778336080575250833e+01 9.778223256308196198e+01 9.778083793674906588e+01 9.777930973608238219e+01 9.777771720302770575e+01 9.777610736603259056e+01 9.777436913343284175e+01 9.777269133694024106e+01 9.777117789301235007e+01 9.776974693543476747e+01 9.776855259817887145e+01 9.776758296135848525e+01 9.776676994236476048e+01
9.827100015794420074e+01 9.827260552474047017e+01 9.827414616835793026e+01 9.827558839160222703e+01 9.827687773137630245e+01 9.827806061799262238e+01 9.827924717486335737e+01 9.828025334235206856e+01 9.828117357728000059e+01 9.828200145664423815e+01 9.828269111071072928e+01 9.828325978997652612e+01 9.828384622954600047e+01 9.828433766814026740e+01 9.828467198666206173e+01 9.828487586679092658e+01 9.828492070884000498e+01 9.828491359804888816e+01 9.828479010589784082e+01 9.828454864721440742e+01 9.828419799544543878e+01 9.828373716034248275e+01 9.828314130834789353e+01 9.828236764413404103e+01 9.828149667847009141e+01 9.828057039174072429e+01 9.827942450414586517e+01 9.827816681069256788e+01 9.827685357033313096e+01 9.827552317768378032e+01 9.827408582048569485e+01 9.827269477982649448e+01 9.827143463592804551e+01 9.827023938824301297e+01 9.826923442964883293e+01 9.826841058586589384e+01 9.826771328531732763e+01
9.866849327149489568e+01 9.866981125198428515e+01 9.867107828564181204e+01 9.867226707801853536e+01 9.867333354189028682e+01 9.867431473682535170e+01 9.867529896012641188e+01 9.867613772180443732e+01 9.867690679016700983e+01 9.867760069073575835e+01 9.867818227764263384e+01 9.867866517063019671e+01 9.867916080125881706e+01 9.867957825180334908e+01 9.867986739101922922e+01 9.868004953544800628e+01 9.868010148593769770e+01 9.868010924673583872e+01 9.868002085687102465e+01 9.867983493979370735e+01 9.867955845214846988e+01 9.867919053713872302e+01 9.867871120583774314e+01 9.867808602275823660e+01 9.867737973294485698e+01 9.867662618596072832e+01 9.867569332028632800e+01 9.867466794702266952e+01 9.867359540106279781e+01 9.867250675809562210e+01 9.867132991381957652e+01 9.867018831499835585e+01 9.866915024410079127e+01 9.866816284760085409e+01 9.866732732847982845e+01 9.866663665570487751e+01 9.866604738070819280e+01
9.898214158186544864e+01 9.898321162743285129e+01 9.898424181743406791e+01 9.898521023625843895e+01 9.898608149814256763e+01 9.898688499443504440e+01 9.898769102467730363e+01 9.898838073003433635e+01 9.898901446298022222e+01 9.898958763286640306e+01 9.899007040898317200e+01 9.899047347683458042e+01 9.899088567935653771e+01 9.899123427511693762e+01 9.899147912344936628e+01 9.899163713560686517e+01 9.899168964382624836e+01 9.899170520967602727e+01 9.899164225093447556e+01 9.899149959528894271e+01 9.899128272187058997e+01 9.899099090307399251e+01 9.899060817346284580e+01 9.899010703195094152e+01 9.898953914687163547e+01 9.898893159822117127e+01 9.898817901151159049e+01 9.898735075479679324e+01 9.898648306205089398e+01 9.898560087147917841e+01 9.898464670357904538e+01 9.898371919641445515e+01 9.898287302791995046e+01 9.898206615957050758e+01 9.898137962175358950e+01 9.898080804569828217e+01 9.898031706988571443e+01
9.922768181040453328e+01 9.922854119183442378e+01 9.922936957631867472e+01 9.923014951946360895e+01 9.923085285955897916e+01 9.923150275585044255e+01 9.923215478184646088e+01 9.923271454323612772e+01 9.923322977475247342e+01 9.923369668516068032e+01 9.923409151893825708e+01 9.923442260766675815e+01 9.923476026135168127e+01 9.923504673240812224e+01 9.923525013326450050e+01 9.923538378715194597e+01 9.923543279427346420e+01 9.923545140473218851e+01 9.923540660124579915e+01 9.923529740362384644e+01 9.923512809906732457e+01 9.923489808087445851e+01 9.923459469686328305e+01 9.923419615045857256e+01 9.923374335864299667e+01 9.923325781696266290e+01 9.923265607393405219e+01 9.923199312817199313e+01 9.923129770485503798e+01 9.923058964896681289e+01 9.922982346711616231e+01 9.922907735439895305e+01 9.922839474021954231e+01 9.922774241746331825e+01 9.922718474771664887e+01 9.922671764419129659e+01 9.922631411327476769e+01
9.941837869973350905e+01 9.941906163099254456e+01 9.941972058981653504e+01 9.942034181026600947e+01 9.942090306869395988e+01 9.942142249417260302e+01 9.942194370462900110e+01 9.942239232499220236e+01 9.942280584235946606e+01 9.942318117037216041e+01 9.942349955040531029e+01 9.942376743890429225e+01 9.942404006603167943e+01 9.942427194529682311e+01 9.942443794668774615e+01 9.942454849409551798e+01 9.942459179237607714e+01 9.942461044719019014e+01 9.942457844775000808e+01 9.942449498870868752e+01 9.942436340312167431e+01 9.942418319405376792e+01 9.942394441426768026e+01 9.942362992075224781e+01 9.942327186780069326e+01 9.942288718571582251e+01 9.942241028313118534e+01 9.942188442651668367e+01 9.942133220454734044e+01 9.942076927818278875e+01 9.942015990145117144e+01 9.941956557520650506e+01 9.941902051554610864e+01 9.941849867363747251e+01 9.941805076272470387e+01 9.941767368000900262e+01 9.941734636154376403e+01
9.956529895670445285e+01 9.956583608654592865e+01 9.956635477746723950e+01 9.956684425917018189e+01 9.956728714124135138e+01 9.956769752079854641e+01 9.956810938501537578e+01 9.956846459513791103e+01 9.956879237997439702e+01 9.956909026094920989e+01 9.956934354991474834e+01 9.956955721967770501e+01 9.956977433132095712e+01 9.956995933733234949e+01 9.957009259158159864e+01 9.957018219325068742e+01 9.957021888181252223e+01 9.957023586722996811e+01 9.957021282017497299e+01 9.957014908994202074e+01 9.957004725143056589e+01 9.956990690465084981e+01 9.956972029146211867e+01 9.956947403307955824e+01 9.956919320355822833e+01 9.956889103429666932e+01 9.956851636296381969e+01 9.956810296158583640e+01 9.956766845051741655e+01 9.956722508728613263e+01 9.956674499062374650e+01 9.956627614998760123e+01 9.956584530511710796e+01 9.956543216597481205e+01 9.956507637175657521e+01 9.956477557196102168e+01 9.956451343977410318e+01
9.967758186842721102e+01 9.967800006966565718e+01 9.967840416442712126e+01 9.967878579774247783e+01 9.967913147514174454e+01 9.967945208452684369e+01 9.967977391578922663e+01 9.968005188182418408e+01 9.968030860798498338e+01 9.968054212939327385e+01 9.968074104191775575e+01 9.968090915221134196e+01 9.968107978195358498e+01 9.968122536989012872e+01 9.968133068048668122e+01 9.968140196318209689e+01 9.968143200757364752e+01 9.968144650524182282e+01 9.968142969343675475e+01 9.968138105480558409e+01 9.968130256611085827e+01 9.968119391084060510e+01 9.968104908689605281e+01 9.968085773446679809e+01 9.968063925586403684e+01 9.968040391177444803e+01 9.968011209953748164e+01 9.967978997484154036e+01 9.967945117239149511e+01 9.967910520771951610e+01 9.967873049488198944e+01 9.967836418481871874e+01 9.967802700605581379e+01 9.967770326652795632e+01 9.967742370109091610e+01 9.967718653259892392e+01 9.967697919109313887e+01
9.976269905255581705e+01 9.976302143948214507e+01 9.976333309252957804e+01 9.976362758512576079e+01 9.976389453322973111e+01 9.976414228849144195e+01 9.976439103725387270e+01 9.976460609141450675e+01 9.976480483727424087e+01 9.976498573632952116e+01 9.976514000866667686e+01 9.976527055026490132e+01 9.976540295203466258e+01 9.976551601379958356e+01 9.976559801571002595e+01 9.976565374650168394e+01 9.976567763864203187e+01 9.976568941732494977e+01 9.976567695800014235e+01 9.976563985569990223e+01 9.976557961854875600e+01 9.976549600024121389e+01 9.976538439484775722e+01 9.976523684312468276e+01 9.976506824272244955e+01 9.976488648911549717e+01 9.976466116291304331e+01 9.976441236314146010e+01 9.976415055607718330e+01 9.976388306881855783e+01 9.976359331418454701e+01 9.976330982527814228e+01 9.976304854134576772e+01 9.976279741350342078e+01 9.976258008110053765e+01 9.976239520290505425e+01 9.976223316677855735e+01
9.982669771868654607e+01 9.982694382846639769e+01 9.982718181527795309e+01 9.982740677735979773e+01 9.982761079052428954e+01 9.982780021643007728e+01 9.982799043995285615e+01 9.982815498553912903e+01 9.982830711550582237e+01 9.982844563940076910e+01 9.982856385439671953e+01 9.982866394988130310e+01 9.982876543081935949e+01 9.982885211935160896e+01 9.982891507293641098e+01 9.982895793547649532e+01 9.982897644374001800e+01 9.982898562728769321e+01 9.982897623461900594e+01 9.982894795349956496e+01 9.982890192734768675e+01 9.982883796761122142e+01 9.982875256851379220e+01 9.982863966324948990e+01 9.982851060215850225e+01 9.982837141374469070e+01 9.982819891270466428e+01 9.982800842328970248e+01 9.982780791551540744e+01 9.982760298589282399e+01 9.982738098442014518e+01 9.982716365207913611e+01 9.982696314675104077e+01 9.982677028401749908e+01 9.982660309961191558e+01 9.982646058310609760e+01 9.982633543423131073e+01
9.987442359894781418e+01 9.987460968113265380e+01 9.987478965063066028e+01 9.987495979993117601e+01 9.987511413203873190e+01 9.987525745862419058e+01 9.987540141750601208e+01 9.987552596203077826e+01 9.987564113386073927e+01 9.987574602230415621e+01 9.987583555307638505e+01 9.987591137085183846e+01 9.987598822893181705e+01 9.987605388012765673e+01 9.987610155631254827e+01 9.987613401083058307e+01 9.987614800635699908e+01 9.987615490744546776e+01 9.987614771144519921e+01 9.987612618114538066e+01 9.987609117801768832e+01 9.987604256003493219e+01 9.987597768056666325e+01 9.987589195181766399e+01 9.987579395438513075e+01 9.987568825563695896e+01 9.987555732091024652e+01 9.987541274261413093e+01 9.987526054147751609e+01 9.987510495785176090e+01 9.987493641755013130e+01 9.987477135504465764e+01 9.987461896933351113e+01 9.987447231072742682e+01 9.987434502891504451e+01 9.987423636414615657e+01 9.987414081004517641e+01
9.990972128787632300e+01 9.990986065584621656e+01 9.990999545053196584e+01 9.991012289101784916e+01 9.991023847623542053e+01 9.991034581952555982e+01 9.991045365795946509e+01 9.991054693350558580e+01 9.991063319257868613e+01 9.991071174613027495e+01 9.991077878480376739e+01 9.991083553608139312e+01 9.991089307391247587e+01 9.991094220057414077e+01 9.991097783515898811e+01 9.991100204342991731e+01 9.991101238753766722e+01 9.991101739507290347e+01 9.991101180816542637e+01 9.991099544918296260e+01 9.991096896305855068e+01 9.991093224450402488e+01 9.991088331181538251e+01 9.991081872312264522e+01 9.991074491469285590e+01 9.991066532005652334e+01 9.991056678112431655e+01 9.991045799856414078e+01 9.991034348430163448e+01 9.991022642542284871e+01 9.991009963097117463e+01 9.990997542558552880e+01 9.990986071351868247e+01 9.990975027488444482e+01 9.990965435675327910e+01 9.990957238910614535e+01 9.990950024742006974e+01
9.993561107427714774e+01 9.993571448236355081e+01 9.993581448944037504e+01 9.993590902686921140e+01 9.993599474413046835e+01 9.993607433506913651e+01 9.993615430928586818e+01 9.993622344602245278e+01 9.993628737388820582e+01 9.993634557706052135e+01 9.993639521957602767e+01 9.993643721149884129e+01 9.993647980124808328e+01 9.993651613631733710e+01 9.993654243334046328e+01 9.993656023119106635e+01 9.993656770930462585e+01 9.993657121741301808e+01 9.993656683945084751e+01 9.993655444427055556e+01 9.993653451158905909e+01 9.993650696457889637e+01 9.993647033154046255e+01 9.993642205078961638e+01 9.993636691247198200e+01 9.993630747768283129e+01 9.993623394950364514e+01 9.993615280696275249e+01 9.993606740431279434e+01 9.993598011783447532e+01 9.993588558797864607e+01 9.993579298391210841e+01 9.993570744591396249e+01 9.993562508251140741e+01 9.993555352437631711e+01 9.993549234492445521e+01 9.993543847631119093e+01
